1 0.06180064782096587 0.18105859835100122 0.07836425206124856 0.18437131919905778 0.09014281507656069 0.19210100117785636 0.10228945818610133 0.21013692579505303 0.10744257950530038 0.22964517078916377 0.10118521790341581 0.23811101295641937 0.09087897526501769 0.24031949352179038 0.07173881036513548 0.22964517078916377 0.05811984687868084 0.2134496466431096 0.055543286219081306 0.1891563604240283
1 0.16375883392226154 0.12400618374558306 0.17296083627797412 0.12474234393404007 0.18437131919905778 0.1346805064782097 0.18989252061248532 0.14204210836277978 0.18878828032979983 0.17369699646643114 0.18473939929328625 0.1869478798586573 0.17627355712603068 0.19283716136631338 0.16596731448763255 0.19614988221436988 0.15455683156654892 0.1979902826855124 0.14351442873969378 0.18510747938751476 0.1346805064782097 0.17112043580683162 0.13063162544169613 0.14977179034157836 0.13504858657243818 0.13541666666666669 0.14388250883392228 0.1269508244994111 0.1530845111896349 0.12400618374558306
1 0.26866166077738524 0.17259275618374562 0.2848571849234394 0.16523115429917554 0.2988442285041225 0.17222467608951714 0.3073100706713781 0.18326707891637226 0.3073100706713781 0.20167108362779743 0.30583775029446414 0.22265164899882217 0.2995803886925795 0.23111749116607777 0.2797040636042403 0.23884717314487636 0.26387661955241465 0.23884717314487636 0.253938457008245 0.22706861012956422 0.24694493521790348 0.21271348645465257 0.2498895759717315 0.19210100117785636 0.2576192579505301 0.1784820376914017
1 0.3916004122497056 0.09860865724381628 0.40816401648998824 0.08572585394581864 0.43466578327444055 0.08094081272084809 0.45491018845700826 0.08462161366313312 0.46116755005889287 0.09676825677267376 0.4563825088339223 0.11296378091872795 0.4486528268551237 0.12400618374558306 0.43650618374558303 0.1361528268551237 0.4206787396937574 0.14167402826855127 0.3930727326266196 0.13504858657243818 0.386815371024735 0.1265827444051826 0.3835026501766785 0.11259570082449945
1 0.5068094817432274 0.04523704358068319 0.5230050058892816 0.036403121319199094 0.5406728504122497 0.03014575971731452 0.5539237338044758 0.036403121319199094 0.5565002944640753 0.05223056537102477 0.5524514134275618 0.06437720848056541 0.5399366902237926 0.07615577149587753 0.5233730859835101 0.08020465253239108 0.5123306831566549 0.07910041224970557 0.5034967608951708 0.0732111307420495 0.5023925206124853 0.0636410482921084 0.5049690812720848 0.04891784452296823
1 0.519692285041225 0.11149146054181393 0.5288942873969377 0.1092829799764429 0.5417770906949352 0.11590842167255597 0.5506110129564193 0.12437426383981157 0.5546598939929328 0.13799322732626623 0.5531875736160188 0.15087603062426388 0.5495067726737338 0.1615503533568905 0.5380962897526501 0.1700161955241461 0.5152753239104829 0.15639723203769143 0.5112264428739695 0.13725706713780922 0.5108583627797408 0.12253386336866905
1 0.6879048881036512 0.22154740871613668 0.7110939340400471 0.21381772673733807 0.7202959363957596 0.21713044758539463 0.7258171378091872 0.22228356890459366 0.7265532979976442 0.23369405182567732 0.7225044169611308 0.24215989399293292 0.7140385747938751 0.2528342167255595 0.7048365724381626 0.25541077738515905 0.6912176089517079 0.2579873380447586 0.6801752061248527 0.25614693757361606 0.6742859246171966 0.2513618963486455 0.6731816843345111 0.2432641342756184 0.6757582449941106 0.23406213191990582 0.6845921672555948 0.22338780918727918
1 0.752686984687868 0.1781139575971732 0.7615209069493521 0.17296083627797412 0.7721952296819787 0.1700161955241461 0.792071554770318 0.16633539458186106 0.7998012367491166 0.1707523557126031 0.8067947585394581 0.1781139575971732 0.8097393992932862 0.1869478798586573 0.8097393992932862 0.1994626030624264 0.800169316843345 0.20645612485276799 0.7791887514723204 0.21087308598351004 0.7593124263839812 0.2075603651354535 0.748270023557126 0.20056684334511193 0.7456934628975265 0.19320524146054183 0.746797703180212 0.18473939929328625
1 0.7806610718492344 0.24804917550058897 0.7983289163722026 0.2428960541813899 0.8163648409893992 0.24841725559481748 0.8318242049469965 0.2605638987043581 0.8329284452296819 0.27307862190812726 0.8281434040047114 0.28448910482921086 0.8196775618374558 0.29258686690223795 0.8086351590106007 0.29369110718492347 0.791335394581861 0.2859614252061249 0.7799249116607773 0.2793359835100118 0.7751398704358068 0.26866166077738524 0.7744037102473498 0.2590915783274441
1 0.9047040636042403 0.2406875736160189 0.9139060659599528 0.2406875736160189 0.9245803886925794 0.24620877502944646 0.930101590106007 0.25577885747938756 0.9359908716136631 0.26424469964664316 0.9356227915194346 0.2797040636042403 0.9297335100117786 0.28964222614840995 0.9179549469964664 0.296267667844523 0.9098571849234393 0.29773998822143705 0.8977105418138986 0.2892741460541814 0.8925574204946997 0.2793359835100118 0.8877723792697291 0.2682935806831567 0.8877723792697291 0.2587234982332156 0.890717020023557 0.24694493521790348 0.8977105418138986 0.24031949352179038
1 0.8012735571260307 0.33381183745583043 0.8141563604240283 0.33086719670200243 0.8318242049469965 0.33086719670200243 0.8443389281507656 0.3323395170789164 0.8572217314487632 0.34264575971731454 0.8612706124852767 0.3533200824499411 0.8572217314487632 0.3647305653710248 0.84323468786808 0.38018992932862195 0.8318242049469965 0.3835026501766785 0.8204137220259128 0.386079210836278 0.8027458775029446 0.38791961130742053 0.7894949941107184 0.38460689045936397 0.7810291519434628 0.37945376914016493 0.7777164310954063 0.36767520612485277 0.7806610718492344 0.35258392226148416 0.7902311542991755 0.3411734393404005
1 0.6507287985865724 0.2995803886925795 0.661403121319199 0.29369110718492347 0.6772305653710247 0.2900103062426384 0.697106890459364 0.2907464664310954 0.7180874558303887 0.30105270906949355 0.7276575382803298 0.3109908716136632 0.7276575382803298 0.32718639575971736 0.7133024146054182 0.33454799764428744 0.6761263250883391 0.3327075971731449 0.6602988810365136 0.3279225559481744 0.651096878680801 0.3231375147232038 0.6441033568904594 0.31283127208480566 0.648152237926973 0.30399734982332155
1 0.9551310365135454 0.37687720848056544 0.977583922261484 0.37577296819787986 0.9919390459363958 0.38018992932862195 0.9989583333333333 0.38299764428739697 0.9974602473498232 0.41773409893992935 0.9845774440518257 0.4206787396937574 0.9735350412249705 0.4188383392226149 0.9566033568904594 0.41221289752650175 0.9470332744405182 0.4044832155477032 0.9415120730270907 0.3923365724381626 0.9429843934040048 0.385343050647821
0 0.8119478798586572 0.36546672555948173 0.8255668433451119 0.3595774440518257 0.836609246171967 0.3533200824499411 0.8362411660777386 0.3577370435806832 0.8303518845700825 0.3614178445229682 0.8237264428739693 0.36436248527679627 0.8185733215547704 0.3658348056537103 0.8137882803297997 0.3691475265017668
1 0.8929255005889282 0.4482847467608952 0.9128018256772673 0.43797850412249706 0.9304696702002355 0.4361381036513546 0.9470332744405182 0.4442358657243817 0.9554991166077738 0.4530697879858658 0.9551310365135454 0.4626398704358069 0.9440886336866902 0.47368227326266193 0.9172187868080094 0.48030771495877506 0.9013913427561836 0.47883539458186103 0.8929255005889282 0.470001472320377 0.8885085394581861 0.4633760306242639 0.8896127797408716 0.4538059481743228
1 0.8218860424028268 0.4924543580683157 0.8310880447585394 0.481780035335689 0.84323468786808 0.47662691401649 0.8586940518256773 0.4814119552414606 0.8719449352179034 0.49061395759717313 0.8708406949352179 0.5090179623085984 0.8664237338044758 0.521900765606596 0.8498601295641932 0.5322070082449941 0.83587308598351 0.5325750883392226 0.8251987632508834 0.5292623674911661 0.8207818021201413 0.5259496466431096 0.8159967608951708 0.5193242049469965 0.8171010011778563 0.5005521201413428
0 0.8417623674911661 0.5060733215547704 0.8453237410071942 0.5000999200639489 0.8485711430855315 0.49760191846522783 0.8493205435651479 0.5013489208633094 0.8483213429256595 0.5065947242206235 0.8458233413269384 0.5115907274180655 0.839828137490008 0.5168365307753797 0.837579936051159 0.5143385291766587 0.8405775379696243 0.5098421262989609
1 0.6936950439648282 0.4216626698641087 0.7021882494004796 0.4166666666666667 0.7149280575539568 0.41316946442845726 0.7296662669864109 0.41316946442845726 0.7426558752997603 0.4184152677857714 0.7548960831334932 0.42515987210231815 0.7618904876099121 0.4366506794564348 0.7623900879296563 0.44789168665067947 0.7538968824940048 0.45513589128697046 0.7479016786570744 0.458882893685052 0.739658273381295 0.45913269384492406 0.7281674660271783 0.45938249400479614 0.7046862509992007 0.456634692246203 0.6959432454036771 0.44914068745004 0.6911970423661071 0.4378996802557954 0.6896982414068745 0.4306554756195044
1 0.715177857713829 0.5048461231015188 0.7254196642685852 0.500599520383693 0.7404076738609113 0.502847721822542 0.7558952837729815 0.5120903277378097 0.7646382893685052 0.527328137490008 0.7643884892086331 0.5368205435651479 0.7581434852118305 0.546812549960032 0.7496502797761792 0.5498101518784971 0.737410071942446 0.5475619504396483 0.7271682653876899 0.5375699440447642 0.720173860911271 0.5268285371702638 0.7134292565947242 0.5180855315747402 0.7126798561151079 0.5095923261390888
1 0.6444844124700241 0.5145883293365308 0.6572242206235012 0.5088429256594724 0.6657174260591527 0.5098421262989609 0.678707034372502 0.5138389288569145 0.6842026378896883 0.5233313349320544 0.6874500399680256 0.5328237410071942 0.6784572342126299 0.5435651478816947 0.6669664268585133 0.5515587529976019 0.6462330135891287 0.5525579536370903 0.634742206235012 0.5483113509192646 0.6314948041566747 0.5388189448441246 0.6357414068745003 0.5290767386091128 0.641736610711431 0.517585931254996
1 0.5443145483613109 0.4578836930455636 0.5545563549160673 0.44939048760991207 0.563798960831335 0.4538868904876099 0.5720423661071143 0.45763389288569145 0.5782873701039168 0.46512789768185453 0.5797861710631496 0.47437050359712235 0.5812849720223822 0.485861310951239 0.5762889688249401 0.5008493205435651 0.573790967226219 0.5065947242206235 0.5635491606714628 0.512589928057554 0.5520583533173461 0.5118405275779376 0.5453137490007993 0.505095923261391 0.5398181454836131 0.4843625099920064 0.5410671462829736 0.4683752997601919 0.5435651478816947 0.4608812949640288
1 0.4428956834532374 0.3627098321342926 0.4496402877697842 0.353966826538769 0.4636290967226219 0.34072741806554757 0.4756195043964828 0.3339828137490008 0.48636091127098324 0.33198441247002397 0.4986011191047162 0.33423261390887293 0.5078437250199841 0.33648081534772184 0.5128397282174261 0.3444744204636291 0.5098421262989609 0.3589628297362111 0.5030975219824141 0.37195243804956035 0.4918565147881695 0.3844424460431655 0.48261390887290173 0.38968824940047964 0.4626298960831335 0.3959332533972822 0.4461430855315748 0.3961830535571543 0.4413968824940048 0.39018784972022386 0.44014788169464425 0.37844724220623505 0.4408972821742606 0.36895483613109514
1 0.2028377298161471 0.28302358113509196 0.21208033573141488 0.2805255795363709 0.22282174260591525 0.2820243804956035 0.23131494804156674 0.290517585931255 0.2375599520383693 0.29951039168665067 0.239308553157474 0.3154976019184652 0.2378097521982414 0.3277378097521983 0.23481215027977617 0.3389788169464429 0.22756794564348523 0.3449740207833733 0.21257993605115907 0.3367306155075939 0.2038369304556355 0.3287370103916867 0.19834132693844925 0.3097521982414069 0.19759192645883292 0.295513589128697
1 0.1181554756195044 0.3199940047961631 0.12390087929656275 0.3147482014388489 0.13264388489208634 0.31499800159872104 0.14238609112709832 0.3184952038369305 0.14913069544364507 0.3337330135891287 0.15362709832134291 0.34747202238209435 0.1511290967226219 0.3657074340527578 0.148880895283773 0.3754496402877698 0.13614108713029577 0.38319344524380494 0.12589928057553956 0.3849420463629097 0.1184052757793765 0.37919664268585135 0.11315947242206235 0.3692046362909672 0.1091626698641087 0.3552158273381295 0.10866306954436451 0.3419764188649081 0.11116107114308553 0.32598920863309355
1 0.03147482014388489 0.3469724220623501 0.03971822541966427 0.3462230215827338 0.05195843325339729 0.34822142286171065 0.06145083932853717 0.3582134292565947 0.06744604316546762 0.373451239008793 0.06869504396482815 0.3891886490807354 0.06619704236610711 0.39468425259792167 0.058203437250199844 0.3996802557953637 0.04996003197442046 0.40192845723421267 0.03747002398081535 0.3994304556354916 0.030975219824140688 0.39043764988009594 0.02672861710631495 0.37894684252597927 0.025979216626698644 0.366207034372502 0.02772781774580336 0.3534672262190248
1 0.14763189448441247 0.4421462829736211 0.15662470023980815 0.43914868105515587 0.17086330935251798 0.43914868105515587 0.1828537170263789 0.4438948840927258 0.19109712230215828 0.45613509192645885 0.19409472422062352 0.46512789768185453 0.18909872102318145 0.47886690647482016 0.1833533173461231 0.48136490807354115 0.17685851318944845 0.4838629096722622 0.16486810551558753 0.4831135091926459 0.15562549960031977 0.48111510791366907 0.14563349320543567 0.4738709032773781 0.14013788968824942 0.46612709832134297 0.139138689048761 0.45638489208633093 0.14163669064748202 0.44714228617106316
0 0.15587529976019185 0.4558852917665867 0.16012190247801758 0.4548860911270983 0.16936450839328537 0.4611310951239009 0.17436051159072743 0.4653776978417266 0.16811550759392488 0.46587729816147083 0.16087130295763388 0.4601318944844125
0 0.4598859844271413 0.5092463848720801 0.46150815721171673 0.5026418242491657 0.46301446051167966 0.4989340007415647 0.46452076381164253 0.49661661104931404 0.46498424175009273 0.4992816091954023 0.46452076381164253 0.5047274749721914 0.4634779384501298 0.5112161661104931 0.46173989618094174 0.5202539859102706 0.4598859844271413 0.526858546533185 0.45756859473489064 0.5265109380793473 0.45849555061179087 0.5201381164256581 0.45953837597330366 0.5128383388950686
0 0.3827169076751947 0.48526140155728587 0.38572951427512053 0.4808583611420096 0.3878151649981461 0.48201705598813493 0.3874675565443085 0.4856090100111235 0.38596125324434555 0.48989618094178716 0.3836438635520949 0.49615313311086395 0.3808629959213941 0.4989340007415647 0.3793566926214312 0.4965007415647015 0.37912495365220616 0.49198183166481274 0.3802836484983315 0.4878105302187616
1 0.34378476084538373 0.5559417871709306 0.3505051909529106 0.5508435298479792 0.36093344456803855 0.5487578791249537 0.36939191694475343 0.5509593993325917 0.376923433444568 0.5545513533555803 0.3817899517982944 0.5599972191323693 0.38526603633667034 0.5681080830552465 0.38515016685205783 0.5789998146088245 0.3842232109751576 0.6049545791620319 0.3828327771598072 0.6104004449388208 0.3771551724137931 0.6202493511308861 0.37240452354467923 0.6232619577308119 0.36348257322951427 0.6261586948461253 0.35270671116054875 0.6240730441230997 0.34818780126065996 0.6214080459770115 0.34054041527623286 0.6129495736002966 0.3371802002224694 0.603448275862069 0.33509454949944384 0.5939469781238412 0.3342834631071561 0.5781887282165369 0.33787541713014463 0.5675287356321839
1 0.4566416388579903 0.5907026325546904 0.46243511308861696 0.5854885057471264 0.47541249536522057 0.5828235076010382 0.4842185761957731 0.5854885057471264 0.48873748609566187 0.5923248053392658 0.4905913978494623 0.5997404523544679 0.48989618094178716 0.6098210975157582 0.4860724879495736 0.6216397849462365 0.4808583611420096 0.6297506488691138 0.4761077122728958 0.6333426028921024 0.46973489061920654 0.6355441230997404 0.46150815721171673 0.6378615127919911 0.4573368557656655 0.637398034853541 0.4527020763811642 0.6353123841305154 0.4499212087504635 0.6297506488691138 0.4474879495736003 0.6185113088616983 0.44841490545050056 0.6117908787541713 0.451775120504264 0.59800241008528
0 0.46625880608083053 0.6085465331850204 0.4686920652576937 0.6011308861698182 0.4714729328883945 0.5974230626622173 0.47263162773451983 0.5990452354467928 0.4721681497960697 0.6044911012235817 0.47043010752688175 0.6120226177233963 0.4685761957730812 0.6171208750463478 0.4667222840192807 0.6181637004078606 0.4655635891731553 0.6165415276232852 0.4655635891731553 0.613876529477197
1 0.5704254727474971 0.5628939562476826 0.573438079347423 0.5599972191323693 0.5789998146088245 0.5560576566555432 0.5834028550241008 0.5530450500556173 0.5911661104931406 0.5524657026325547 0.599972191323693 0.5554783092324805 0.6068084909158323 0.5625463477938449 0.6119067482387839 0.5733222098628106 0.6124860956618465 0.5851408972932889 0.6122543566926215 0.5968437152391546 0.6101687059695958 0.6043752317389691 0.6053021876158695 0.6130654430849092 0.5989293659621802 0.617816091954023 0.5911661104931406 0.6223350018539118 0.58015850945495 0.625 0.5711206896551724 0.6226826103077493 0.5663700407860586 0.6156145717463848 0.5627780867630701 0.6057656655543195 0.5602289581015943 0.6006674082313682 0.5608083055246571 0.5888487208008899 0.5632415647015202 0.5806219873934001 0.5648637374860956 0.5736698183166482 0.567760474601409 0.5676446051167965
1 0.7229097144975899 0.6195541342232109 0.7309047089358547 0.613876529477197 0.742955135335558 0.6104004449388208 0.752108824619948 0.6115591397849462 0.760799035965888 0.6130654430849092 0.7642751205042639 0.6177002224694105 0.7665925101965146 0.6296347793845013 0.7645068594734891 0.6414534668149796 0.7574388209121246 0.6516499814608825 0.7503707823507602 0.6562847608453838 0.7415647015202076 0.6581386725991842 0.7303253615127919 0.6609195402298851 0.7212875417130145 0.6569799777530589 0.7158416759362254 0.6472469410456062 0.7151464590285502 0.6342695587690026 0.7171162402669632 0.6255793474230626
1 0.7959074898034852 0.6026371894697813 0.8020485724879496 0.5941787170930664 0.8095800889877641 0.5897756766777902 0.8188496477567668 0.587342417500927 0.8312476826103077 0.5868789395624768 0.8400537634408601 0.5909343715239154 0.843066370040786 0.6006674082313682 0.842602892102336 0.609357619577308 0.8398220244716351 0.6164256581386726 0.8302048572487949 0.6218715239154615 0.8218622543566927 0.6259269558769003 0.8127085650723025 0.6280126065999259 0.8037866147571375 0.6256952169076752 0.7971820541342233 0.6219873934000741 0.7941694475342974 0.6174684835001855 0.7938218390804598 0.6075037078235076
1 0.6451612903225806 0.651765850945495 0.655473674453096 0.6464358546533185 0.6637004078605858 0.6424962921764924 0.6737810530218762 0.6426121616611049 0.6900027808676307 0.6513023730070449 0.7022849462365591 0.6637004078605858 0.7088895068594734 0.6687986651835373 0.716189284390063 0.6787634408602151 0.7154940674823878 0.6860632183908046 0.7091212458286986 0.6939423433444568 0.6939423433444568 0.697881905821283 0.6811967000370782 0.6988088616981831 0.668103448275862 0.6962597330367075 0.6538515016685206 0.6917408231368186 0.6458565072302559 0.6851362625139042 0.641337597330367 0.6808490915832406 0.6372821653689285 0.6743604004449388 0.637398034853541 0.6667130144605117 0.6397154245457916 0.6580228031145717
1 0.5245411568409344 0.6524610678531703 0.5309139784946236 0.6514182424916574 0.5402994067482388 0.6528086763070078 0.5520022246941045 0.6610354097144976 0.5619670003707823 0.6727382276603634 0.566022432332221 0.6890758249907304 0.5641685205784204 0.6955645161290323 0.5594178717093067 0.6992723396366334 0.5507276603633666 0.6992723396366334 0.5365915832406377 0.6927836484983314 0.5279013718946978 0.6829347423062662 0.5212968112717834 0.6729699666295884 0.5180524657026325 0.665901928068224 0.5180524657026325 0.6575593251761216
0 0.5355487578791249 0.665901928068224 0.5402994067482388 0.6679875787912495 0.5440072302558399 0.6720430107526881 0.5501483129403041 0.6799221357063403 0.5523498331479421 0.6864108268446423 0.5478309232480534 0.6835140897293288 0.5431961438635521 0.6788793103448275 0.5364757137560251 0.6692621431219874
1 0.29674175009269554 0.8471218020022246 0.30415739710789763 0.8456154987022618 0.3153967371153133 0.8449202817945866 0.33127085650723026 0.8470059325176121 0.344711716722284 0.8504820170559881 0.3517797552836485 0.8532628846866889 0.35699388209121247 0.8574341861327401 0.35560344827586204 0.8642704857248795 0.3505051909529106 0.8692528735632183 0.34447997775305894 0.8718020022246941 0.3245504263997034 0.8741193919169448 0.3064747868001483 0.8711067853170189 0.29836392287727104 0.8670513533555803 0.29268631813125695 0.8631117908787541 0.2906006674082314 0.8574341861327401 0.2916434927697441 0.8523359288097886
1 0.9810669262143122 0.9005376344086021 0.983847793845013 0.8954393770856507 0.9906840934371524 0.8938172043010753 0.9962458286985539 0.8942806822395254 0.9987949573600297 0.8964822024471635 0.998679087875417 0.9471171672228402 0.9928856136447906 0.9580088987764183 0.9861651835372636 0.9602104189840563 0.9821097515758249 0.9556915090841677 0.9775908416759361 0.949666295884316 0.9741147571375602 0.942714126807564 0.9729560622914348 0.9332128290693363 0.9733036707452725 0.9241750092695588 0.9750417130144605 0.914441972562106 0.9770114942528736 0.9051724137931034
1 0.35606692621431224 0.9977521319985169 0.3500417130144605 0.9902206154987022 0.35189562476826103 0.9804875787912495 0.3587319243604004 0.9713338895068594 0.368001483129403 0.9649610678531703 0.37483778272154245 0.9614849833147942 0.3909436410826845 0.9590517241379309 0.4064701520207638 0.9590517241379309 0.4195634037819799 0.9624119391916944 0.42663144234334444 0.9686688913607712 0.4297599184278828 0.9793288839451242 0.42813774564330737 0.9861651835372636 0.42164905450500556 0.9919586577678903 0.4128429736744531 0.998215609936967 0.4083866332962551 0.9989583333333333
1 0.22038375973303673 0.8971774193548386 0.23208657767890248 0.894396551724138 0.24830830552465702 0.8945124212087504 0.2632554690396737 0.899842417500927 0.27229328883945125 0.9081850203930293 0.2775074156470152 0.9175704486466444 0.2801724137931034 0.9246384872080089 0.2783185020393029 0.9304319614386355 0.2700917686318131 0.9304319614386355 0.25120504263997034 0.9279987022617724 0.22640897293288836 0.9191926214312198 0.21771876158694844 0.9121245828698554 0.21690767519466073 0.9045930663700408 0.21795050055617352 0.900074156470152
0 0.23834352984797924 0.9116611049314052 0.24089265850945496 0.9113134964775677 0.2474972191323693 0.9130515387467556 0.257230255839822 0.9169911012235817 0.26487764182424917 0.9191926214312198 0.2638348164627364 0.9226687059695958 0.25734612532443457 0.9211624026696329 0.2507415647015202 0.9188450129773822 0.24402113459399333 0.9166434927697441 0.24031331108639228 0.9137467556544309
1 0.11679644048943269 0.8795652576937338 0.12247404523544679 0.8705274378939563 0.1304690396737115 0.8636911383018169 0.1457638116425658 0.8585928809788653 0.16163793103448273 0.8554644048943271 0.1742677048572488 0.8550009269558768 0.18121987393400074 0.8596357063403782 0.1850435669262143 0.864386355209492 0.18770856507230255 0.8728448275862069 0.18515943641082683 0.8826937337782721 0.17820726733407488 0.89265850945495 0.17403596588802372 0.8952076381164257 0.1567714126807564 0.8999582869855395 0.14263533555802743 0.9020439377085651 0.13012143121987393 0.9011169818316648 0.12096774193548386 0.896598071931776 0.1171440489432703 0.8918474230626622 0.1161012235817575 0.8855904708935854
1 0.12548665183537264 0.9414395624768261 0.13058490915832408 0.9369206525769374 0.13776881720430106 0.9364571746384872 0.14587968112717836 0.9395856507230255 0.1522525027808676 0.946421950315165 0.15526510938079346 0.9590517241379309 0.15839358546533186 0.9781701890989988 0.15584445680385614 0.9880190952910641 0.15202076381164256 0.9954347423062662 0.14657489803485352 0.9977521319985169 0.1393909899888765 0.9975203930292919 0.13348164627363737 0.9933490915832406 0.12791991101223582 0.9883667037449017 0.1221264367816092 0.9736512791991101 0.12050426399703373 0.9614849833147942 0.1217788283277716 0.9502456433073785
0 0.1349879495736003 0.9599786800148313 0.13348164627363737 0.9561549870226177 0.1339451242120875 0.9512884686688914 0.1360307749351131 0.9511725991842788 0.1393909899888765 0.9569660734149055 0.14205598813496476 0.9660038932146829 0.14309881349647754 0.9723767148683723 0.14228772710418983 0.9790971449758992 0.1400862068965517 0.9814145346681499 0.13765294771968856 0.978401928068224 0.13649425287356323 0.9727243233222098 0.13568316648127549 0.9628754171301446
1 0.36545270612038444 0.48179059180576633 0.3714592817400101 0.4677225594334851 0.38568538189175516 0.4564997470915529 0.39200809307030854 0.4566578148710167 0.39959534648457257 0.46155791603439555 0.4027567020738493 0.47562594840667677 0.3983308042488619 0.4983877086494689 0.3891628730399595 0.5134041476985332 0.38315629742033386 0.522097875569044 0.371617349519474 0.523046282245827 0.36213328275164386 0.5089782498735458 0.3608687405159332 0.4942779463834092
1 0.443063985837127 0.5053426909458776 0.4530222559433485 0.4873229640870005 0.46377086494688924 0.48147445624683866 0.4707258472432979 0.4825809307030855 0.47783889731917045 0.4933295397066262 0.4824228629236217 0.5029716742539201 0.48194865958523014 0.5189365199797673 0.4732549317147193 0.541066009104704 0.4623482549317147 0.5483371269600404 0.45128351036924635 0.5477048558421852 0.44401239251391 0.5390111279716743 0.44053490136570567 0.52399468892261 0.4416413758219525 0.5132460799190693
