1 0.03125 0.10010947916666665 0.03386072916666667 0.11501020833333334 0.028756979166666665 0.13605072916666666 0.023813541666666667 0.14811635416666666 0.0199025 0.15625 0.0151128125 0.16032072916666668 0.008861979166666667 0.16198739583333335 0.005107395833333334 0.1616759375 0.0 0.16010802083333334 0.0 0.11608718750000001 0.00010552083333333333 0.1158909375 0.00584125 0.10396760416666666 0.0115934375 0.09959583333333333 0.014184375 0.09626156250000001 0.02196625 0.094773125 0.026039479166666667 0.0962625
1 0.5971066666666667 0.43847916666666664 0.594029375 0.4431230208333333 0.5931 0.44744489583333336 0.5931016666666667 0.4526861458333334 0.5953164583333332 0.4582335416666667 0.6001937500000001 0.46225541666666664 0.6085240625 0.46472135416666666 0.6238563541666667 0.4616683333333333 0.6331341666666667 0.4561505208333333 0.6403169791666666 0.4505209375 0.6433340624999999 0.44500072916666666 0.6444889583333333 0.4398017708333333 0.6430973958333334 0.4329336458333334 0.6391698958333334 0.42896520833333335 0.637295625 0.42719270833333334 0.6358396875000001 0.42592625 0.6320862500000001 0.4240277083333333 0.6299683333333334 0.4231534375 0.6245914583333333 0.42377177083333334 0.62046625 0.424650625 0.6148409375 0.4271490625 0.6089623958333333 0.4296939583333333 0.6017152083333334 0.4342728125
1 0.217291875 0.8461529166666666 0.21479322916666668 0.8425536458333334 0.21357270833333333 0.8400894791666667 0.21017291666666665 0.8360829166666667 0.20615854166666667 0.835455625 0.19998083333333333 0.8354482291666667 0.191650625 0.8370055208333333 0.18702145833333333 0.8400907291666667 0.17991958333333333 0.8456452083333333 0.174985 0.8515038541666667 0.1681959375 0.8598363541666667 0.16664833333333334 0.8616977083333333 0.16448635416666668 0.8666270833333333 0.1626380208333333 0.8728073958333333 0.16201395833333335 0.8768163541666667 0.16109489583333333 0.8802083333333334 0.16110260416666666 0.8851501041666666 0.162019375 0.8907091666666667 0.16604760416666667 0.8935498958333333 0.17564197916666666 0.8945584375000001 0.18314510416666666 0.8923085416666667 0.18876489583333333 0.8910611458333333 0.19626447916666667 0.8883059375 0.2027653125 0.8839314583333333 0.2093871875 0.8781771875000001 0.21463791666666668 0.8714278125 0.21989583333333332 0.8634339583333334 0.22226531249999998 0.8556852083333334 0.2208864583333333 0.8495567708333333
1 0.1075015625 0.07365052083333333 0.11115145833333333 0.0803909375 0.11633874999999999 0.08687260416666667 0.12454562500000001 0.09312864583333333 0.136773125 0.09948395833333333 0.143239375 0.10083468749999999 0.1470071875 0.10005104166666667 0.15068541666666666 0.09832197916666667 0.15326645833333333 0.09421270833333333 0.15531260416666667 0.08656739583333332 0.155834375 0.07896479166666667 0.15375885416666665 0.07115520833333333 0.15031833333333333 0.065838125 0.14160791666666667 0.05641020833333333 0.13555375 0.051879375 0.12875135416666666 0.04823197916666667 0.1224034375 0.046250625 0.11157958333333333 0.045826562499999994 0.10747885416666667 0.049933541666666664 0.10596197916666666 0.054256354166666666 0.10509979166666666 0.0605203125 0.105540625 0.06765197916666667
1 0.46867760416666665 0.3572334375 0.4650348958333333 0.3630302083333333 0.4631340625 0.36770833333333336 0.45698791666666666 0.37073708333333333 0.45146749999999997 0.37135552083333334 0.44583333333333336 0.3714646875 0.44146291666666665 0.36865052083333333 0.43760916666666666 0.36573520833333334 0.4352496875 0.36237854166666666 0.4319641666666667 0.35690052083333335 0.430246875 0.3474626041666667 0.43173958333333334 0.3388871875 0.43560625000000003 0.32988822916666666 0.44331291666666667 0.31937968749999995 0.45510645833333335 0.3140221875 0.4583258333333333 0.31487770833333334 0.46626010416666663 0.31682052083333334 0.4714010416666667 0.3236690625 0.47354885416666664 0.3307440625 0.47311614583333333 0.34403541666666665
1 0.9001075000000001 0.5084423958333333 0.9221129166666666 0.5077392708333334 0.9290597916666666 0.5100458333333333 0.9316276041666666 0.5121073958333333 0.9336772916666667 0.51622375 0.935485625 0.5200790625 0.9372872916666667 0.5252251041666667 0.9380598958333334 0.5293429166666667 0.9375488541666667 0.5331882291666666 0.9357405208333333 0.5375719791666668 0.9315695833333333 0.5416666666666666 0.9210432291666667 0.5427083333333333 0.9110503125 0.54374 0.9059105208333332 0.5437437500000001 0.9011495833333334 0.5420845833333333 0.8947916666666667 0.538234375 0.8907346875000001 0.5331289583333334 0.8897034375 0.5293436458333333 0.888158125 0.5267651041666667 0.888158125 0.5241941666666666 0.8904754166666666 0.518025625
1 0.6232303125 0.09146364583333333 0.625 0.09791666666666667 0.6217808333333333 0.10896499999999999 0.6186464583333334 0.11365395833333333 0.6110515625 0.12146572916666667 0.6038570833333333 0.12521666666666667 0.5961461458333334 0.1234384375 0.5893754166666666 0.11938114583333334 0.58677625 0.11073875000000001 0.5865654166666666 0.1022759375 0.5876457291666667 0.09557895833333332 0.593045 0.08909802083333333 0.59616625 0.08540927083333334 0.604795 0.08136145833333333 0.6126130208333334 0.0821940625 0.618795 0.08360885416666666
1 0.0 0.8952966666666666 0.007985416666666667 0.8971009375 0.013918854166666666 0.8967308333333333 0.019682604166666666 0.8949282291666666 0.025627395833333334 0.8902552083333333 0.03229083333333333 0.8843194791666666 0.03678760416666667 0.8778337500000001 0.04002854166666667 0.8704270833333333 0.04038541666666667 0.8635964583333333 0.0382190625 0.8598377083333334 0.03729291666666667 0.8557346875 0.035161250000000005 0.8530451041666667 0.03454364583333334 0.8505740625 0.03176166666666667 0.8478088541666666 0.027756145833333336 0.8459565625 0.023020833333333334 0.8430253125 0.015840833333333335 0.8433366666666667 0.006452916666666667 0.846875 0.0008963541666666667 0.8499642708333333 0.0 0.8508314583333333
1 0.9876982291666666 0.8097071875 0.9833313541666667 0.8184497916666668 0.9763824999999999 0.8261751041666667 0.9671217708333334 0.8361988541666666 0.9620305208333334 0.8434062499999999 0.95607875 0.848096875 0.9515820833333334 0.8480964583333334 0.9476185416666667 0.847383125 0.9402457291666667 0.8457573958333333 0.9353762499999999 0.8416221875000001 0.9330342708333333 0.8390816666666667 0.9319632291666667 0.8360276041666667 0.9312455208333333 0.8325984375 0.9321400000000001 0.8275815625 0.9332263541666667 0.8232425 0.9364583333333333 0.8169671875 0.9452752083333333 0.807054375 0.951581875 0.8018159375 0.9578778124999999 0.7971623958333333 0.9618368749999999 0.79518 0.9685028125 0.7926629166666667 0.9753412499999999 0.7933846875 0.9794821875 0.794984375 0.9839841666666668 0.7973163541666667 0.9857770833333334 0.8003792708333334
1 0.6277138541666667 0.18990583333333333 0.6292717708333334 0.1985446875 0.6239583333333333 0.21615364583333332 0.6190629166666667 0.222709375 0.6103169791666667 0.231985 0.6046880208333333 0.2384440625 0.5951074999999999 0.24178020833333333 0.5892739583333333 0.2401075 0.5819833333333333 0.23719 0.5776091666666667 0.234375 0.5735518749999999 0.2300078125 0.5714622916666666 0.2222940625 0.5699029166666667 0.21396458333333335 0.5719663541666667 0.20707250000000002 0.5765877083333333 0.1988410416666667 0.57967625 0.19421645833333334 0.595884375 0.18237604166666666 0.6036020833333333 0.17826239583333334 0.6110622916666667 0.17697218750000002 0.6144051041666666 0.1767125 0.6182563541666667 0.1787740625 0.6232364583333333 0.18385437500000001
1 0.4605375 0.24085385416666666 0.4800392708333333 0.24385125 0.48368385416666665 0.24620677083333334 0.4871097916666667 0.25027760416666667 0.48947749999999995 0.2541380208333333 0.49011010416666667 0.2586421875 0.49010635416666665 0.26229145833333334 0.48818291666666663 0.2659242708333333 0.48432458333333334 0.2699977083333333 0.4778221875 0.27562552083333336 0.46975072916666666 0.2785727083333333 0.4626748958333333 0.2802914583333333 0.458603125 0.28050885416666665 0.4530271875 0.28125 0.4457316666666667 0.28125 0.4397429166666667 0.2794373958333333 0.43695447916666663 0.27835979166666663 0.4339528125 0.27643354166666667 0.43160104166666663 0.274066875 0.429458125 0.27129114583333336 0.4275292708333333 0.26399979166666665 0.4316669791666667 0.2556319791666667 0.4361029166666667 0.2504975 0.44381312500000003 0.246424375
1 0.52627875 0.3704875 0.5351036458333333 0.3703092708333333 0.5403133333333333 0.37246395833333334 0.5459022916666666 0.37516822916666664 0.550215 0.37913 0.5563348958333333 0.38452333333333333 0.5608426041666666 0.3881305208333333 0.5635322916666666 0.39334677083333336 0.5649769791666667 0.3992834375 0.5651572916666667 0.4045022916666667 0.5642553125 0.4084623958333333 0.5619235416666667 0.412066875 0.5602985416666667 0.4131561458333334 0.5566891666666667 0.416199375 0.5509298958333333 0.41782604166666665 0.5453579166666667 0.41872208333333333 0.5401416666666666 0.41872614583333334 0.5336635416666666 0.41837395833333335 0.5259196875 0.4154857291666667 0.5202133333333333 0.41333760416666665 0.5133351041666666 0.4077167708333333 0.5095354166666667 0.4036121875 0.5052083333333334 0.3978225 0.5033394791666667 0.39375 0.5030217708333333 0.3892773958333333 0.5034239583333333 0.37984625 0.5044766666666667 0.37674822916666667 0.5131383333333334 0.37282885416666667 0.519623125 0.37031125000000004
1 0.22511208333333332 0.6452158333333333 0.2200090625 0.6452177083333334 0.21433260416666666 0.6473554166666666 0.20786895833333335 0.6517048958333334 0.20427708333333333 0.6550054166666667 0.20066822916666668 0.6592075000000001 0.19661791666666667 0.6649159375 0.19511843750000002 0.6697014583333334 0.194521875 0.6739154166666667 0.19572499999999998 0.67930875 0.19633041666666667 0.6827586458333333 0.19962447916666667 0.6862044791666667 0.20427697916666665 0.6893616666666667 0.2062196875 0.6904126041666667 0.20997239583333333 0.6908607291666667 0.21283114583333335 0.6907029166666666 0.21642614583333333 0.6899576041666666 0.2230309375 0.6859154166666667 0.22808020833333334 0.6805006250000001 0.23424958333333334 0.6718664583333334 0.23609760416666664 0.6656892708333333 0.23719072916666667 0.6597979166666667 0.2363642708333333 0.6550094791666666 0.2330203125 0.6493383333333332
1 0.8375 0.17562552083333335 0.8474640625000001 0.180573125 0.8561792708333333 0.1862315625 0.8621033333333333 0.19214697916666665 0.8664790625 0.19857677083333333 0.8690663541666667 0.203981875 0.8711061458333333 0.20990270833333333 0.8713935416666666 0.2142759375 0.8705917708333334 0.218643125 0.8667504166666667 0.22224010416666667 0.8628183333333334 0.224488125 0.8564624999999999 0.22573833333333332 0.8486470833333333 0.224278125 0.8401058333333334 0.22240166666666666 0.8340650000000001 0.21885802083333333 0.8295888541666667 0.214385 0.8249006249999999 0.2086528125 0.821875 0.20406895833333336 0.8196847916666666 0.200131875 0.8173659375 0.19472479166666667 0.8165741666666667 0.18984281249999999 0.8165797916666667 0.18366145833333333 0.8209704166666667 0.17826250000000002 0.8253477083333334 0.17491718750000002
1 0.5346966666666667 0.08489447916666666 0.5442792708333334 0.1 0.5491719791666667 0.112396875 0.5509432291666666 0.12240125 0.5495773958333333 0.12784604166666666 0.5457468750000001 0.13196270833333335 0.5428875000000001 0.13504677083333333 0.5366696875 0.14010625000000002 0.52875625 0.13895854166666669 0.5212501041666667 0.1328184375 0.5152088541666667 0.12572989583333333 0.5090645833333334 0.11032177083333333 0.5080258333333333 0.10271864583333333 0.507188125 0.09270833333333334 0.5088632291666666 0.08593885416666666 0.5112890625 0.08104135416666666 0.5158881249999999 0.07639885416666667 0.5189709375 0.07459458333333333 0.5274839583333333 0.07615552083333334
1 0.10436364583333332 0.9253972916666666 0.11515729166666668 0.9377444791666666 0.1191828125 0.9479298958333333 0.12349010416666667 0.9547230208333333 0.12441885416666666 0.9618229166666666 0.12380489583333333 0.9673764583333334 0.12010114583333334 0.9698522916666668 0.1154709375 0.9726251041666667 0.1071628125 0.9733996875 0.09798854166666666 0.9699734375 0.09277010416666666 0.9636878125 0.08988364583333334 0.9599122916666667 0.08682635416666667 0.9528827083333333 0.08484427083333333 0.9473161458333333 0.08322791666666667 0.9415573958333333 0.083399375 0.9343585416666667 0.08448802083333334 0.9296747916666667 0.08461010416666667 0.9247880208333333 0.08677052083333334 0.9213920833333333 0.08923583333333333 0.9204583333333333
1 0.09832614583333334 0.14090770833333333 0.096826875 0.14332177083333333 0.09264 0.14436354166666668 0.08632770833333334 0.14376104166666667 0.08137854166666666 0.14211322916666666 0.07867979166666667 0.13970979166666667 0.06593239583333334 0.12170875 0.0648771875 0.11391177083333333 0.06399614583333334 0.10461000000000001 0.06500208333333334 0.09708760416666666 0.06979166666666667 0.09250312499999999 0.07402979166666666 0.09051229166666667 0.07599364583333333 0.08976177083333334 0.07883989583333334 0.0917178125 0.0869321875 0.09935510416666667 0.09503114583333333 0.11060666666666667 0.10222114583333333 0.12306614583333333 0.1017778125 0.13115979166666666
1 0.8814597916666667 0.6814641666666666 0.8728205208333333 0.682405625 0.8638585416666668 0.6833333333333333 0.856670625 0.6863595833333334 0.8508621875000001 0.6926691666666667 0.8485455208333333 0.7001293749999999 0.8482861458333333 0.7060473958333334 0.8523997916666667 0.7117035416666667 0.8580720833333333 0.7158172916666667 0.8873982291666667 0.7180219791666667 0.8995888541666667 0.7150013541666667 0.9085498958333333 0.7109477083333334 0.91311125 0.7078513541666667 0.9151080208333333 0.7040723958333334 0.9159427083333332 0.7007361458333333 0.915105625 0.69657125 0.9109385416666667 0.6901097916666666 0.9043789583333334 0.6856257291666666 0.89561875 0.6831473958333334
1 0.18563031249999998 0.5751136458333334 0.17573104166666667 0.577919375 0.16677635416666667 0.5830263541666666 0.161715625 0.5903828125 0.158928125 0.5940905208333334 0.1573858333333333 0.5999525 0.1586173958333333 0.6058193749999999 0.16201354166666665 0.6101295833333332 0.1664615625 0.6158346874999999 0.17291666666666666 0.6173959375 0.17864729166666665 0.6192713541666667 0.18833375 0.6181297916666666 0.19854416666666666 0.6130211458333333 0.203695625 0.6082815625 0.20924208333333333 0.6036501041666666 0.21387979166666668 0.6002578125 0.215424375 0.5977839583333334 0.21696614583333332 0.5931665625 0.21542541666666667 0.5860527083333333 0.2126096875 0.5811467708333333 0.2030272916666667 0.5751135416666667 0.19354302083333333 0.5736473958333334
1 0.7712557291666666 0.20729166666666668 0.7769860416666667 0.2109440625 0.7808370833333333 0.21666666666666667 0.7834470833333333 0.22281989583333334 0.7851102083333333 0.22979333333333332 0.7857389583333333 0.23781645833333334 0.78125 0.24406895833333334 0.7783380208333334 0.24698760416666668 0.7708333333333334 0.24761104166666667 0.7638689583333333 0.24540552083333333 0.7605295833333333 0.24365562500000001 0.7560517708333333 0.24052833333333332 0.7519879166666666 0.23666749999999998 0.7481857291666666 0.22945374999999998 0.746875 0.2261540625 0.747150625 0.22146989583333332 0.7491856250000001 0.21529989583333334 0.7527851041666668 0.20913145833333333 0.7604166666666666 0.20605135416666667
1 0.22875791666666664 0.7365716666666666 0.2430228125 0.7362536458333333 0.2606335416666667 0.7381307291666667 0.27052989583333337 0.7421965625 0.27458958333333333 0.745629375 0.27698802083333335 0.7513594791666667 0.2789770833333333 0.7586010416666666 0.275136875 0.7659046875000001 0.2671253125 0.7700691666666667 0.2620034375 0.7713472916666666 0.24552489583333334 0.7724060416666667 0.23382104166666667 0.7681358333333334 0.223135 0.7607388541666666 0.2212896875 0.7573738541666667 0.21912125000000002 0.7515079166666666 0.21878239583333334 0.7465628125 0.2200203125 0.7422405208333333
1 0.30447260416666666 0.6184065625 0.3103297916666667 0.6184166666666666 0.3205239583333333 0.6207336458333333 0.32532802083333334 0.6245534374999999 0.3296766666666667 0.6271123958333333 0.3354889583333333 0.6335895833333333 0.3398991666666667 0.6393807291666668 0.3417811458333333 0.6469872916666667 0.3410461458333333 0.654893125 0.3395033333333333 0.65859875 0.33517979166666667 0.6613678125 0.32375458333333335 0.6632242708333334 0.31851364583333336 0.6638389583333333 0.31234052083333336 0.6629158333333333 0.3046222916666667 0.661365 0.2999898958333333 0.6589051041666667 0.2953607291666666 0.65489 0.29227562500000004 0.6502642708333333 0.28949354166666663 0.6459387499999999 0.28672468749999996 0.6323580208333334 0.28803093750000003 0.626779375 0.29021291666666665 0.6231284375 0.29407229166666665 0.6204202083333333
1 0.8574919791666668 0.0007819791666666667 0.8516313541666667 0.004833333333333333 0.8487803125000001 0.008584895833333333 0.8465210416666668 0.013074479166666668 0.8450210416666667 0.018327083333333334 0.845475 0.023128541666666665 0.8478823958333332 0.027789583333333333 0.8510270833333333 0.030935 0.85627875 0.033483437500000005 0.8619702083333334 0.03512520833333333 0.8664766666666667 0.03543427083333333 0.8717257291666667 0.03557479166666667 0.8802729166666666 0.03557885416666667 0.8855467708333333 0.03407614583333333 0.8924328125 0.03198635416666667 0.8976965625 0.028682916666666666 0.9012805208333333 0.021927083333333333 0.9018827083333334 0.018786979166666665 0.9017198958333333 0.0129365625 0.9014271875 0.009789062500000001 0.8991778125 0.005432395833333333 0.8973833333333334 0.002587604166666667 0.8949852083333333 0.0 0.8590630208333334 0.0
1 0.229066875 0.926359375 0.24358208333333334 0.9239354166666666 0.25069375 0.9239329166666667 0.2560225 0.9257154166666666 0.25868791666666663 0.9328130208333333 0.26090822916666667 0.9439361458333334 0.25913041666666664 0.9541496875 0.25291166666666665 0.961716875 0.24846833333333332 0.9652677083333334 0.24134416666666667 0.9688196875 0.23645833333333333 0.9705959375000001 0.2298015625 0.9728185416666667 0.22046437500000002 0.9737116666666666 0.21867875 0.9732638541666667 0.215578125 0.9688138541666667 0.21113385416666666 0.9643832291666666 0.20891479166666665 0.9585980208333333 0.2066734375 0.9538586458333334 0.20573020833333333 0.94989625 0.2065203125 0.9464258333333333 0.2071447916666667 0.9426729166666666 0.20914416666666666 0.9391520833333333 0.21364010416666668 0.9344251041666667 0.2191453125 0.9290444791666667 0.22514177083333334 0.9268976041666667
1 0.8770833333333333 0.62886375 0.8869885416666666 0.6364583333333333 0.8926090625 0.64157 0.8954182291666667 0.6456268749999999 0.8951125 0.6521885416666666 0.8947916666666667 0.6550027083333333 0.8943783333333334 0.6588577083333333 0.8922076041666667 0.6607903125 0.8880539583333333 0.6631254166666667 0.880684375 0.6638444791666667 0.8754646875 0.6638525000000001 0.8668159375 0.6624160416666667 0.8635738541666667 0.66043 0.8587258333333333 0.6571921875 0.8536848958333334 0.65269 0.849005 0.6476503124999999 0.8457094791666666 0.64251125 0.8454602083333334 0.63788375 0.8456257291666667 0.63125 0.8498269791666666 0.6265664583333332 0.8521504166666667 0.6239963541666668 0.8603848958333333 0.6229592708333332
1 0.31563989583333335 0.7903760416666666 0.31939208333333335 0.7916342708333333 0.3235165625 0.7943786458333334 0.32776677083333333 0.7975051041666668 0.33163947916666664 0.8011258333333333 0.33463583333333335 0.8060058333333333 0.33689250000000004 0.8108809375 0.3392629166666667 0.818879375 0.3416666666666667 0.83125 0.3382645833333333 0.8428687499999999 0.3336411458333333 0.8490380208333334 0.32802031249999997 0.8502506249999999 0.32026510416666665 0.8483827083333334 0.3125134375 0.84375 0.3077619791666667 0.8382554166666666 0.30314156249999996 0.831381875 0.29939 0.8223789583333333 0.29664520833333335 0.8132514583333333 0.2956391666666667 0.8071304166666666 0.29564552083333334 0.803125 0.29701510416666665 0.7988771875 0.2983938541666667 0.7947507291666667 0.30301395833333333 0.7908826041666667 0.30913552083333334 0.7888829166666667
1 0.6450091666666666 0.30302718749999996 0.6386486458333334 0.3090644791666667 0.637061875 0.3187052083333333 0.6375775 0.32692916666666666 0.6411833333333333 0.337729375 0.6452925 0.3462247916666667 0.6501844791666667 0.35240083333333333 0.6548093749999999 0.354978125 0.6591827083333333 0.3572852083333334 0.6694722916666667 0.35831999999999997 0.6758990625 0.35754416666666666 0.6792396875000001 0.35471854166666666 0.6818213541666667 0.3498253125 0.6836194791666668 0.3436465625 0.683616875 0.33927854166666666 0.6841329166666666 0.3279666666666667 0.6838762500000001 0.3243608333333333 0.6831029166666667 0.3197340625 0.6792398958333333 0.31408270833333335 0.6759057291666667 0.3099489583333333 0.6581495833333334 0.30121593750000003 0.6530045833333333 0.29992489583333337
1 0.7653722916666666 0.6776203125 0.7635689583333334 0.6835601041666667 0.7590691666666667 0.6898639583333334 0.7556466666666667 0.694533125 0.7516876041666667 0.6992229166666667 0.7479101041666667 0.7030041666666667 0.7425163541666666 0.7064171874999999 0.7390859375000001 0.70696375 0.7329754166666667 0.7071386458333334 0.7293824999999999 0.706568125 0.7271371875 0.7060516666666667 0.7243113541666666 0.7024425 0.7230214583333333 0.6957540625 0.7230214583333333 0.6876114583333333 0.7257346874999999 0.6811561458333333 0.7275070833333334 0.6771954166666667 0.733055625 0.668238125 0.7400103125 0.6612984375 0.744889375 0.6576905208333332 0.750040625 0.6553796875 0.7569753124999999 0.6517736458333334 0.76123 0.6518755208333334 0.7655459375 0.6565520833333333 0.7669907291666667 0.6632217708333333 0.7668101041666666 0.6724004166666667
1 0.355683125 0.0 0.3619890625 0.0030266666666666667 0.3671963541666667 0.007500104166666666 0.37187052083333333 0.015951979166666668 0.37444052083333335 0.021621041666666667 0.3765104166666667 0.0311271875 0.37701489583333336 0.03679916666666667 0.37701447916666664 0.04193635416666666 0.3752169791666667 0.0452715625 0.3714223958333333 0.0488759375 0.36521656249999995 0.051258854166666666 0.3591684375 0.050834583333333336 0.35167624999999997 0.047501562500000004 0.3477107291666667 0.04417 0.34261104166666667 0.038857395833333336 0.33792645833333335 0.033857291666666664 0.3346969791666667 0.028232708333333335 0.3325001041666667 0.024168333333333333 0.3309015625 0.013426666666666667 0.3307379166666667 0.007291666666666667 0.3327583333333333 0.0
1 0.12282083333333334 0.6277260416666667 0.12189177083333333 0.6323632291666667 0.1169040625 0.6370848958333333 0.11438114583333332 0.6397829166666666 0.10682958333333333 0.6419613541666667 0.1016028125 0.6413979166666667 0.09620010416666666 0.6399616666666667 0.09188531250000001 0.6369040625 0.08522270833333333 0.6334880208333333 0.08000364583333333 0.62898 0.07819958333333334 0.6235865625 0.0764003125 0.6161991666666666 0.074973125 0.6119792708333333 0.0740690625 0.6078196874999999 0.07963854166666667 0.6026829166666666 0.084124375 0.6001807291666666 0.09172 0.597783125 0.09557531250000001 0.5974719791666666 0.10005802083333333 0.5977913541666666 0.1021384375 0.5985123958333334 0.10567906249999999 0.6008071875 0.10943572916666668 0.6037213541666666 0.11390864583333334 0.6072697916666667 0.11651895833333333 0.6101807291666667 0.11985124999999999 0.613310625 0.1226646875 0.6162190625 0.12380854166666667 0.6194580208333333 0.12422510416666667 0.6252882291666667
1 0.7025073958333333 0.2816707291666667 0.7178248958333333 0.28629208333333334 0.7279210416666667 0.2913614583333333 0.7316696875 0.29375 0.7346894791666667 0.2982302083333333 0.7378134375 0.3039646875 0.7363530208333333 0.31098781249999996 0.7330083333333334 0.3153616666666667 0.7245201041666667 0.316394375 0.7175634375000001 0.3156234375 0.7085705208333334 0.3130479166666667 0.6993039583333334 0.30893354166666664 0.6939075 0.3050661458333333 0.68953625 0.3012092708333334 0.686196875 0.29632947916666663 0.6851609375 0.29221687500000004 0.6864388541666667 0.285776875
1 0.5655286458333334 0.47802677083333334 0.5722920833333334 0.4808358333333333 0.5791980208333333 0.4866438541666666 0.5860470833333333 0.4931271875 0.591358125 0.49948135416666667 0.5949489583333333 0.5079301041666667 0.5949544791666667 0.5131820833333334 0.593099375 0.5199692708333333 0.5900110416666667 0.5236807291666666 0.5841486458333333 0.5242997916666667 0.577665 0.5215205208333333 0.56871375 0.5159626041666666 0.5606909375 0.51194875 0.5545141666666668 0.5048475 0.5480345833333333 0.4968235416666667 0.5449428125 0.49096447916666663 0.5440144791666667 0.4854057291666667 0.5443321875 0.4820094791666667 0.5492682291666667 0.47799427083333335 0.5556312499999999 0.477509375
1 0.9215888541666666 0.583564375 0.9278935416666666 0.5833890625 0.9316711458333333 0.5842854166666667 0.933478125 0.58501875 0.9408503125000001 0.588433125 0.9462553125 0.5925726041666667 0.953125 0.600315 0.9587580208333333 0.60593875 0.9600080208333334 0.6141753125 0.95959 0.6213572916666668 0.9592796875 0.6254182291666667 0.9561561458333333 0.6306320833333333 0.9536492708333333 0.6319847916666668 0.9478166666666666 0.6342800000000001 0.9379180208333333 0.6310438541666666 0.9266715624999999 0.6259396875000001 0.9129203125 0.6142763541666666 0.9080303125 0.607190625 0.906043125 0.6 0.9063567708333333 0.5938569791666667 0.9083333333333333 0.5898989583333333 0.9113118750000001 0.5854096875
1 0.49068708333333333 0.13478749999999998 0.4960833333333333 0.14148645833333334 0.5007158333333334 0.14996218749999998 0.5038009375 0.1594834375 0.5061063541666667 0.16282375 0.5053655208333333 0.1705501041666667 0.5032894791666667 0.1756878125 0.5012554166666666 0.17697072916666665 0.49660010416666667 0.1780004166666667 0.4932734375 0.17671708333333333 0.486590625 0.1756946875 0.48347416666666665 0.17337041666666667 0.4788745833333333 0.16900385416666666 0.47498697916666666 0.16463052083333332 0.47189770833333333 0.15897114583333333 0.46936375 0.14971385416666666 0.46830072916666665 0.14379291666666666 0.46859333333333336 0.13839479166666668 0.4708734375 0.1345375 0.47244781249999995 0.13299864583333335
1 0.7401803124999999 0.175175625 0.7332675 0.18495541666666665 0.7237475 0.1944658333333333 0.7130651041666667 0.20280260416666665 0.7075259375 0.20580395833333334 0.7027282291666667 0.20715260416666667 0.6980793750000001 0.20671614583333334 0.6944752083333333 0.20534833333333333 0.6902760416666667 0.20189833333333332 0.6881734374999999 0.19800114583333334 0.6875754166666667 0.19230875 0.6883252083333333 0.1878034375 0.6890813541666667 0.1836246875 0.6913295833333333 0.18120010416666668 0.6961160416666666 0.17609812500000002 0.7075135416666666 0.16900052083333333 0.7193652083333333 0.16359749999999998 0.7283690625 0.16180177083333333 0.7342860416666667 0.16257166666666667 0.7383769791666667 0.16412083333333335
1 0.9998893750000001 0.3059985416666667 1.0 0.3511228125 1.0 0.3546007291666667 0.9930800000000001 0.35179822916666664 0.9885330208333334 0.3489583333333333 0.9833563541666667 0.34336979166666665 0.9811898958333334 0.3388202083333333 0.9803384375 0.3351641666666667 0.9805434375 0.32479208333333337 0.9872439583333333 0.3157017708333333 0.9891944791666667 0.31378114583333333 0.9943652083333333 0.30838166666666667 0.9995614583333333 0.3042711458333333
1 0.9872998958333333 0.04239864583333333 0.9891711458333333 0.056673749999999995 0.9851046875 0.06739947916666668 0.9795917708333334 0.07563395833333333 0.9728146875 0.0811490625 0.9630266666666666 0.08531947916666667 0.9559385416666667 0.08354989583333333 0.9497954166666667 0.07896010416666667 0.9466686458333334 0.07323541666666666 0.946566875 0.06406291666666666 0.9496927083333334 0.05260989583333333 0.9539617708333333 0.04312885416666667 0.9594839583333333 0.035627187500000004 0.9639871875 0.03266864583333333 0.9699009375000001 0.03165458333333333 0.9771083333333334 0.03165375 0.98250375 0.034223333333333335
1 0.9697916666666667 0.20021000000000003 0.9751092708333334 0.209064375 0.9759394791666666 0.21959364583333332 0.9752095833333333 0.23218927083333335 0.9717726041666667 0.23938333333333334 0.9664637500000001 0.24969541666666667 0.960315625 0.2528126041666667 0.9528147916666666 0.25459041666666665 0.9402151041666666 0.2486509375 0.9358333333333333 0.24083895833333333 0.9341719791666667 0.22427229166666668 0.937605625 0.21135697916666668 0.9420879166666667 0.2043828125 0.9452102083333334 0.1994890625 0.9521504166666667 0.19523000000000001 0.9599028125 0.19438520833333334
1 0.2592134375 0.1486866666666667 0.25560947916666665 0.15177010416666667 0.25149041666666666 0.15253229166666668 0.24661385416666667 0.15176635416666664 0.24032062499999998 0.14906729166666668 0.23625374999999998 0.1417778125 0.2347965625 0.13417645833333333 0.23406520833333333 0.12375739583333334 0.23477677083333334 0.11498958333333334 0.2368290625 0.101609375 0.243003125 0.0951778125 0.24864739583333334 0.09114822916666668 0.25414270833333336 0.09054374999999999 0.2608420833333333 0.09421770833333333 0.26623197916666663 0.09940427083333334 0.26818572916666666 0.10437145833333333 0.27013541666666663 0.11063395833333334 0.2703335416666667 0.11819510416666666 0.26946947916666664 0.1270471875 0.2679680208333333 0.1380715625 0.2647275 0.1432484375
1 0.3268523958333333 0.9015132291666668 0.3308609375 0.9021317708333334 0.33703322916666667 0.9045947916666666 0.3422722916666666 0.9086130208333334 0.34444572916666666 0.9129320833333333 0.34351645833333333 0.9197230208333332 0.33950302083333334 0.9262034375 0.33240302083333334 0.9317652083333333 0.3268535416666667 0.9370039583333334 0.32159583333333336 0.9407111458333334 0.31727354166666666 0.9434936458333334 0.3126497916666667 0.9453388541666666 0.30339374999999996 0.9444086458333333 0.2999953125 0.9413245833333334 0.29814375000000004 0.9363871874999999 0.2943807291666667 0.9272988541666667 0.29354604166666665 0.9211504166666666 0.29719229166666666 0.9150438541666667 0.2982353125 0.9142165625 0.3017796875 0.91129875 0.307716875 0.9076460416666666 0.31052447916666664 0.9057758333333333 0.31657104166666666 0.9035873958333334 0.3204198958333333 0.9022308333333334
1 0.16469427083333335 0.146875 0.17604166666666668 0.15229354166666667 0.181789375 0.16051968749999998 0.1856390625 0.16616885416666666 0.18767375 0.17183093749999998 0.190505625 0.17877625 0.1935871875 0.197040625 0.19179864583333334 0.20191979166666665 0.1895178125 0.20536156249999998 0.18501572916666667 0.20986166666666667 0.18087614583333333 0.21093489583333333 0.1749278125 0.21093625 0.170801875 0.21020958333333334 0.16881604166666667 0.20932197916666664 0.16305322916666667 0.20679614583333333 0.15981718749999999 0.20318802083333332 0.15747270833333332 0.19959958333333333 0.15513197916666668 0.19563322916666664 0.15136385416666667 0.18682062500000002 0.14865166666666668 0.18195791666666666 0.14703479166666666 0.17475072916666667 0.1464959375 0.16611802083333332 0.14793562500000002 0.15999427083333334 0.15154125000000002 0.1536978125 0.15520833333333334 0.14979291666666666
1 0.8063636458333333 0.7526110416666667 0.8361986458333334 0.7520833333333333 0.8439270833333333 0.7546630208333334 0.8482813541666666 0.7572363541666667 0.8495745833333334 0.7585188541666666 0.8529246875 0.7657264583333333 0.8534309375 0.7698437499999999 0.8518904166666666 0.7739495833333333 0.8472616666666667 0.7788383333333333 0.8432354166666667 0.7824360416666667 0.83805375 0.7856684375 0.8315790625 0.7858903125 0.82077875 0.78524 0.8144893750000001 0.7856273958333334 0.8084448958333332 0.7850047916666667 0.8037135416666668 0.7822139583333333 0.7984436458333334 0.7789660416666667 0.7947916666666667 0.7754183333333333 0.7931328125 0.7709836458333333 0.7904142708333333 0.7677812500000001 0.7891290625 0.7631461458333334
1 0.5706331250000001 0.27729729166666667 0.5695894791666666 0.28229166666666666 0.5676214583333333 0.28755447916666665 0.5653203125 0.2909438541666667 0.5611426041666667 0.2952970833333334 0.5555661458333333 0.2992652083333333 0.5515982291666667 0.30142260416666666 0.5431394791666667 0.3055584375 0.5373804166666667 0.3060948958333333 0.5318095833333333 0.3050248958333333 0.5278415625 0.30376624999999996 0.5244179166666666 0.3001564583333333 0.5219009375 0.29746552083333333 0.5197448958333334 0.29403229166666667 0.5210036458333334 0.29134333333333334 0.5244134375 0.2822161458333333 0.5264040624999999 0.2778371875 0.5332399999999999 0.270465625 0.5427838541666666 0.26433927083333336 0.5488969791666667 0.261645625 0.5543111458333333 0.2603827083333333 0.5618588541666667 0.261274375 0.5660103125 0.26344072916666667 0.5687082291666666 0.2679459375 0.57073 0.2730298958333333
1 0.16693427083333334 0.732060625 0.17371510416666666 0.7354483333333334 0.17731145833333334 0.7386675 0.18234760416666665 0.7408414583333334 0.18416927083333334 0.7465629166666666 0.18329010416666666 0.750578125 0.18269885416666665 0.7558277083333333 0.17896072916666667 0.7641729166666666 0.17427781250000002 0.7674039583333333 0.16541260416666667 0.7666308333333334 0.149065625 0.7641758333333333 0.13698729166666668 0.7590693749999999 0.12775864583333335 0.7518103125 0.12495687500000001 0.7481042708333334 0.12310364583333334 0.7422484375 0.12374114583333333 0.7360726041666666 0.126371875 0.7320191666666667 0.1319540625 0.7276890625 0.13951249999999998 0.7259016666666667 0.14311114583333331 0.7246376041666667 0.1479734375 0.7253605208333334 0.15570864583333333 0.726431875
1 0.8773963541666667 0.07646177083333333 0.8947619791666667 0.07871739583333334 0.9001710416666667 0.08154520833333333 0.9048014583333334 0.08489145833333334 0.9096869791666666 0.09029427083333334 0.9124996875 0.09656052083333333 0.9148170833333332 0.10191052083333334 0.9144561458333332 0.1097803125 0.9103492708333333 0.12244072916666666 0.9037423958333334 0.1260121875 0.8989263541666667 0.12817614583333334 0.88551375 0.1281753125 0.8721234375000001 0.12227322916666666 0.8652946875 0.1178778125 0.8608146875 0.11318500000000001 0.8561834375 0.10701822916666666 0.8551640625 0.10315604166666666 0.8553200000000001 0.09672531250000001 0.8608914583333332 0.08664114583333334 0.8694626041666667 0.08000072916666667
0 0.44861963190184045 0.35579626789366053 0.45133563394683024 0.3465299079754601 0.4538918711656441 0.3371037832310838 0.4554895194274028 0.32911554192229037 0.45644810838445804 0.3248018916155419 0.45852505112474434 0.3262397750511247 0.4590043456032719 0.3284764826175869 0.45884458077709606 0.33183154396728015 0.4566078732106339 0.346689672801636 0.4508563394683026 0.36010991820040894 0.4497379856850715 0.36090874233128833 0.447980572597137 0.36026968302658485 0.447980572597137 0.35819274028629855
0 0.13759853603603603 0.0830518018018018 0.12862471846846846 0.07390202702702703 0.122290259009009 0.06492820945945946 0.12281813063063063 0.0635205518018018 0.12422578828828829 0.06316863738738739 0.12739301801801803 0.06492820945945946 0.13355152027027026 0.07355011261261261 0.13707066441441443 0.07759712837837837 0.14287725225225226 0.08375563063063063 0.14270129504504506 0.08516328828828829 0.1414695945945946 0.08586711711711711 0.13953406531531531 0.08498733108108109
0 0.17507530120481926 0.5989583333333334 0.18417419678714858 0.5964482931726907 0.1979794176706827 0.5951932730923695 0.20237198795180722 0.5942520080321285 0.20519578313253012 0.5926832329317269 0.20582329317269074 0.590800702811245 0.20394076305220882 0.5901731927710843 0.19390060240963852 0.5914282128514056 0.1744477911646586 0.5958207831325301 0.17036897590361447 0.596762048192771 0.16785893574297187 0.598644578313253 0.16754518072289154 0.6011546184738955 0.17068273092369476 0.6014683734939759
0 0.610727675528289 0.4509628493524199 0.6186094069529653 0.44755453306066806 0.6264911383776415 0.4432941376959782 0.627982276755283 0.44158997955010226 0.625852079072938 0.4403118609406953 0.623721881390593 0.4411639400136333 0.6194614860259032 0.4430811179277437 0.6085974778459441 0.44798057259713703 0.6073193592365372 0.44861963190184057 0.6058282208588958 0.4498977505112475 0.6049761417859578 0.4516019086571234 0.6079584185412407 0.4516019086571234
1 0.32257049345417926 0.10275050352467271 0.3186367069486405 0.0912638469284995 0.3195808157099698 0.08150805639476334 0.32556017119838876 0.07065080563947633 0.331067472306143 0.06781847935548842 0.34334088620342396 0.06703172205438065 0.34947759315206445 0.0758434038267875 0.3526246223564955 0.08811681772406849 0.3526246223564955 0.09661379657603222 0.3431835347432024 0.10196374622356495 0.32996601208459214 0.10479607250755288
1 0.0009827044025157233 0.5223775831087152 0.013477088948787063 0.5247641509433962 0.019654088050314468 0.5275718778077269 0.026954177897574125 0.5337488769092542 0.021619496855345914 0.5519991015274034 0.008002021563342319 0.5633703953279424 0.0 0.5665992812219227
