1 0.7705757291666667 0.0 0.7751901041666667 0.0035637499999999996 0.7773355208333333 0.009995520833333334 0.7790529166666667 0.01639791666666667 0.7797010416666666 0.021357708333333333 0.7797033333333334 0.026491458333333332 0.7790569791666666 0.030356041666666667 0.7775521875 0.03463854166666667 0.7764841666666666 0.037008020833333335 0.7726205208333333 0.04536375 0.7683346875 0.04922520833333333 0.7636232291666667 0.05176854166666667 0.7589008333333334 0.0535065625 0.7552667708333334 0.0535040625 0.749471875 0.052220833333333334 0.7445466666666667 0.05050854166666666 0.7396232291666667 0.048364166666666666 0.7370473958333333 0.046408333333333336 0.7314611458333334 0.03854166666666667 0.7280359375 0.0310096875 0.7280358333333333 0.021994895833333337 0.7276066666666666 0.015998541666666664 0.7284583333333334 0.005923854166666667 0.7296495833333334 0.0
1 0.29281958333333336 0.07531864583333332 0.3095971875 0.07594614583333333 0.3171936458333333 0.07687729166666667 0.32246562500000003 0.08032052083333333 0.32552291666666666 0.08333333333333333 0.32771802083333335 0.08614739583333333 0.329485625 0.08990135416666667 0.33104989583333333 0.09698843750000001 0.33043625 0.10680302083333333 0.32785760416666665 0.10964479166666667 0.31906708333333333 0.1131290625 0.3055247916666667 0.11583541666666666 0.28876135416666665 0.1163234375 0.28104333333333337 0.11529760416666666 0.27291666666666664 0.10927739583333333 0.26989718749999997 0.10282010416666668 0.2692775 0.097716875 0.26938093750000003 0.093126875 0.2712583333333333 0.08760479166666667 0.2757296875 0.082090625 0.28187812500000003 0.07875260416666667
1 1.0 0.4708911458333333 0.9933338541666666 0.475315625 0.9876130208333334 0.48020833333333335 0.9837511458333333 0.48615281250000003 0.9821979166666667 0.4931319791666667 0.9816687500000001 0.4967709375 0.9816745833333334 0.4990676041666667 0.98275125 0.5024905208333333 0.9845576041666667 0.5059170833333334 0.9869013541666667 0.5086182291666667 0.9908558333333333 0.5122279166666667 0.9950063541666666 0.5147983333333334 1.0 0.5159419791666667
1 0.3412336458333333 0.46678739583333334 0.334755 0.4721814583333333 0.33097583333333336 0.478125 0.32899958333333335 0.4822653125 0.3279265625 0.488929375 0.32755791666666667 0.4948682291666667 0.3282790625 0.49972875 0.33041906249999997 0.5029240625 0.3329505208333333 0.5072819791666666 0.33439718749999997 0.5099843749999999 0.339434375 0.5128747916666667 0.3448417708333333 0.5143094791666667 0.34807958333333333 0.514305 0.3533385416666667 0.5145833333333333 0.35979541666666665 0.5134463541666666 0.36625322916666664 0.5119586458333333 0.3726103125 0.5094892708333333 0.37868718749999997 0.5056676041666667 0.3817378125 0.5029598958333333 0.38604958333333333 0.4998965625 0.38927249999999997 0.4959405208333333 0.3916445833333333 0.4916261458333333 0.3945858333333333 0.48708958333333335 0.394584375 0.4825008333333333 0.3939610416666667 0.477504375 0.3934315625 0.4705729166666667 0.3930734375 0.46732697916666666 0.38786375 0.46372312499999996 0.3840735416666667 0.4622894791666667 0.3765129166666667 0.4592245833333333 0.37052697916666666 0.4583333333333333 0.3584459375 0.4586496875 0.34968791666666665 0.4606271875
1 0.16734072916666667 0.16461916666666668 0.17975822916666667 0.1626453125 0.1885771875 0.16516187499999999 0.19307749999999999 0.167503125 0.2008209375 0.17236239583333332 0.2047798958333333 0.18027645833333333 0.2063978125 0.18567770833333333 0.20783802083333333 0.19503770833333334 0.2081170833333333 0.20552875 0.20775572916666668 0.21071822916666666 0.20442708333333334 0.21922989583333333 0.1998965625 0.2301134375 0.18636447916666665 0.2372990625 0.16927802083333335 0.2372959375 0.16041666666666668 0.23229166666666667 0.15405145833333334 0.22293 0.14948416666666667 0.21125322916666667 0.14700312499999998 0.1933071875 0.14922697916666666 0.18405104166666666 0.1538603125 0.17438166666666666
1 0.3625332291666667 0.32554875 0.3728125 0.32683104166666666 0.3805396875 0.3322366666666667 0.3833651041666667 0.3371172916666667 0.3861911458333333 0.3445828125 0.38663729166666666 0.3504028125 0.38649833333333333 0.3556464583333333 0.38349520833333334 0.36194114583333337 0.3804940625 0.36615125 0.3729978125 0.3705060416666666 0.3643019791666667 0.3734834375 0.3576948958333333 0.3744034375 0.353941875 0.3736525 0.347793125 0.3708035416666667 0.34209020833333337 0.36600520833333333 0.3367396875 0.36186697916666666 0.33312270833333335 0.35625 0.3311221875 0.35238145833333334 0.33011489583333337 0.3496267708333333 0.3297403125 0.34750239583333337 0.3298669791666667 0.3448741666666667 0.33087218749999997 0.342378125 0.3317467708333333 0.34038395833333335 0.3334983333333333 0.33700354166666663 0.3371226041666667 0.33275864583333337 0.34299229166666667 0.32875760416666666 0.34724645833333334 0.3270021875
1 0.44605625 0.8909596875 0.4551128125 0.8986478125 0.4605229166666666 0.907606875 0.46406270833333335 0.91375375 0.4662517708333333 0.9244835416666667 0.46573447916666666 0.9338570833333333 0.46045729166666666 0.9398026041666667 0.455569375 0.9424029166666668 0.44091645833333337 0.9426630208333333 0.4339588541666667 0.9359404166666666 0.4275038541666667 0.9291666666666667 0.42094052083333333 0.9208333333333333 0.416988125 0.9114583333333334 0.4154269791666667 0.9018791666666667 0.41782260416666667 0.8955257291666666 0.42444760416666666 0.8863023958333333 0.4398797916666667 0.8821970833333334
1 0.8955277083333333 0.3721966666666667 0.8983365625 0.384375 0.8958333333333334 0.39438239583333334 0.8918841666666667 0.40208333333333335 0.8870885416666667 0.40843979166666666 0.8837516666666667 0.41167635416666665 0.8801110416666666 0.415213125 0.8727107291666666 0.41750052083333333 0.86505875 0.4169065625 0.8578595833333333 0.41511062499999996 0.8524489583333333 0.4109984375 0.8498994791666666 0.40636093749999996 0.8486495833333334 0.40073906249999997 0.8491742708333334 0.39656375 0.8503140625000001 0.38948677083333333 0.8549009375 0.37875593750000003 0.8567708333333334 0.3747935416666667 0.860209375 0.37062666666666666 0.8677083333333333 0.3657298958333334 0.8756085416666667 0.36340781250000004 0.88385875 0.363646875 0.8868809375000001 0.3654176041666667
1 0.5253233333333334 0.9025436458333334 0.5253279166666667 0.9057986458333332 0.5283470833333334 0.90990125 0.532675625 0.9129223958333333 0.5378636458333333 0.9140041666666666 0.5471432291666667 0.9120622916666666 0.5547058333333333 0.9077334374999999 0.5583802083333332 0.9044978125 0.565080625 0.8975933333333334 0.5687483333333333 0.89478 0.5728445833333333 0.8893788541666667 0.5739339583333333 0.8839703125 0.5741420833333333 0.877498125 0.5741403125000001 0.8699323958333333 0.5726311458333334 0.86517875 0.5676572916666667 0.8625904166666667 0.5639940625000001 0.8612947916666667 0.5579378125000001 0.8613005208333333 0.55145875 0.8633402083333334 0.5445584375 0.8679997916666667 0.5366748958333333 0.8728194791666667 0.5287579166666666 0.8783436458333332 0.5238608333333333 0.8854166666666666 0.522711875 0.8964598958333333
1 0.33869343749999997 0.5596083333333334 0.3484273958333333 0.5618229166666667 0.35527604166666665 0.5641768749999999 0.35851625 0.5674092708333334 0.36049875 0.57045875 0.36229249999999996 0.5751467708333333 0.36511375 0.5810446875 0.36583625000000003 0.5862516666666667 0.3659425 0.5909438541666667 0.36552708333333334 0.5938603125 0.3630201041666667 0.6001680208333333 0.3613967708333333 0.6044802083333334 0.3596027083333333 0.6082641666666666 0.35491822916666665 0.6100660416666667 0.3511486458333334 0.6117795833333334 0.3458333333333333 0.6117804166666667 0.34145864583333335 0.609375 0.336560625 0.6055629166666667 0.3300091666666667 0.6002180208333333 0.32454187500000004 0.5894547916666667 0.32234364583333336 0.5834289583333334 0.32125739583333335 0.5792830208333334 0.32143739583333336 0.5733444791666666 0.3268435416666666 0.5657863541666667 0.33205333333333337 0.5609341666666666
1 0.7689910416666667 0.7278470833333334 0.7813052083333333 0.7297938541666666 0.7903749999999999 0.7332570833333333 0.796864375 0.7388682291666666 0.8022623958333334 0.7475055208333334 0.8022639583333333 0.7598214583333333 0.8001013541666667 0.7667297916666667 0.7955228125 0.7722981250000001 0.78906875 0.77666875 0.7829246875 0.778125 0.7744815625 0.7796907291666667 0.7670865625 0.7810456250000001 0.7585439583333333 0.779693125 0.7519804166666667 0.7776087500000001 0.741650625 0.7709355208333334 0.7371933333333334 0.7606342708333333 0.7369311458333333 0.7527180208333333 0.7391764583333333 0.7442755208333334 0.7447916666666666 0.7370855208333332 0.7489486458333333 0.7339502083333334 0.7523970833333333 0.7314091666666667 0.7630971875 0.72845625
1 0.0 0.309375 0.009041458333333334 0.3047284375 0.01750583333333333 0.30323395833333333 0.026819895833333333 0.30360895833333335 0.0358346875 0.30458822916666667 0.043648958333333335 0.3086553125 0.05011125 0.3134460416666667 0.05458864583333333 0.32175750000000003 0.058674374999999994 0.32879875 0.059416562500000006 0.336200625 0.057194062500000004 0.34375 0.05010729166666667 0.3489583333333333 0.04313395833333333 0.352291875 0.03427947916666666 0.35520833333333335 0.023649895833333334 0.3554265625 0.010891145833333334 0.3532486458333333 0.0008938541666666666 0.3491741666666667 0.0 0.34883906249999996
1 0.32078489583333336 0.9994858333333333 0.313758125 0.9830289583333334 0.3066673958333333 0.971565 0.30042687500000004 0.9644877083333333 0.29323364583333333 0.9589673958333333 0.288755625 0.9565664583333333 0.2858427083333333 0.9547975 0.2803192708333333 0.9542745833333334 0.275 0.9553204166666667 0.2713566666666667 0.9592747916666667 0.2679270833333333 0.9650104166666666 0.26676364583333334 0.9711897916666667 0.26754770833333336 0.9804742708333334 0.26960333333333336 0.9873885416666667 0.27474145833333335 0.996910625 0.2775621875 1.0 0.31913135416666666 1.0
1 0.8520160416666667 0.1269903125 0.8646153125 0.13137458333333335 0.8728533333333334 0.13677385416666665 0.877609375 0.14198447916666668 0.8845926041666666 0.15010593749999998 0.8876050000000001 0.15854395833333335 0.8889660416666667 0.16864875000000001 0.8887558333333333 0.1753203125 0.8870094791666666 0.18075020833333333 0.8831389583333333 0.18564125 0.8763763541666666 0.19125197916666667 0.8732277083333333 0.19575291666666667 0.8669360416666667 0.19739604166666666 0.8614583333333333 0.19812979166666667 0.8555219791666667 0.19739947916666667 0.8480241666666667 0.19292083333333335 0.8439755208333334 0.18945197916666665 0.8405302083333334 0.18494468749999998 0.8387286458333333 0.18165166666666668 0.834375 0.17532072916666666 0.82969375 0.16729229166666665 0.82751 0.16021281250000002 0.8293783333333333 0.14551104166666665 0.8342288541666666 0.13485479166666667 0.8372195833333334 0.13095760416666666 0.843975 0.12885135416666665 0.8490803125 0.1272059375
1 0.4067779166666667 0.3117765625 0.41770833333333335 0.31709041666666665 0.4260714583333333 0.32451802083333336 0.43146697916666665 0.3306921875 0.43552864583333334 0.3367790625 0.4373825 0.34406614583333334 0.43802552083333335 0.34823541666666663 0.43709166666666666 0.35458833333333334 0.43292135416666666 0.3602108333333333 0.4276054166666666 0.36376010416666665 0.41875 0.362815625 0.4070848958333333 0.3584465625 0.39314468750000003 0.34509375000000003 0.3887670833333334 0.33711697916666666 0.3869719791666667 0.3296584375 0.38593927083333335 0.32246874999999997 0.3867146875 0.3157698958333333 0.39708489583333334 0.3106309375
1 0.6609140625 0.9065029166666666 0.6624586458333332 0.9168703125000001 0.6624660416666667 0.9220598958333334 0.6609069791666666 0.9285401041666667 0.656995625 0.9361027083333333 0.65314375 0.9412445833333333 0.650045 0.9451110416666667 0.643338125 0.9505271875 0.63125 0.9561523958333333 0.6240682291666667 0.9585466666666667 0.6140657291666667 0.9592714583333334 0.6065744791666667 0.957455625 0.6001486458333333 0.9543683333333333 0.5958516666666667 0.9500505208333333 0.5935173958333333 0.9495222916666666 0.5898936458333334 0.9409705208333333 0.5904095833333333 0.9337288541666666 0.5958476041666666 0.9202452083333333 0.6077713541666667 0.9093610416666666 0.6209986458333333 0.9023590625 0.6287723958333333 0.8989834375 0.6417315625000001 0.8971720833333333 0.6520945833333334 0.9015785416666666
1 0.4331007291666667 0.8470402083333333 0.4408707291666667 0.8403509375 0.44433291666666663 0.8347229166666666 0.44583333333333336 0.8301938541666666 0.44649104166666664 0.8226316666666666 0.4464940625 0.8161527083333334 0.44583333333333336 0.808806875 0.44390572916666665 0.8034096875 0.4410851041666667 0.7988672916666667 0.4382890625 0.7952061458333334 0.43461395833333333 0.7932585416666667 0.42661927083333334 0.7904507291666667 0.42316333333333334 0.7926063541666667 0.4181896875 0.7977973958333333 0.41176718749999996 0.8026870833333334 0.4082501041666667 0.8064374999999999 0.40609749999999994 0.8079463541666667 0.40005010416666664 0.8180982291666666 0.3978934375 0.8256478125 0.3981078125 0.8327872916666668 0.40026635416666667 0.8401303124999999 0.4021883333333333 0.8429184375 0.4050811458333333 0.847694375 0.4076533333333333 0.8507872916666667 0.4117659375 0.8512961458333332 0.41819489583333336 0.85078125
1 0.47604166666666664 0.4757355208333333 0.48296031250000004 0.47513343750000003 0.49686145833333334 0.47420625 0.5073485416666667 0.47081 0.5178446875 0.46555416666666666 0.5309438541666667 0.45562697916666667 0.5365675 0.44521364583333334 0.5389669791666667 0.4352185416666667 0.5377171875 0.42666833333333337 0.5314680208333333 0.41687541666666666 0.52438125 0.4140703125 0.5201045833333333 0.4126108333333333 0.5119561458333333 0.4117044791666667 0.5037009375 0.41260729166666665 0.49729874999999996 0.41376010416666664 0.48855864583333336 0.4176984375 0.4810564583333334 0.42100739583333335 0.47655593749999997 0.42310635416666664 0.470398125 0.42775104166666666 0.46456177083333333 0.4333021875 0.4610986458333333 0.43825375 0.4573508333333333 0.4448607291666667 0.45659645833333334 0.44875895833333335 0.45585291666666666 0.4544563541666667 0.45556208333333337 0.459250625 0.45555833333333334 0.463915625 0.45810052083333336 0.4672005208333333 0.4612596875 0.4699135416666667 0.46620020833333337 0.4736601041666667
1 0.9412691666666666 0.9887401041666667 0.9289220833333334 0.9785526041666667 0.9153382291666666 0.9739214583333333 0.90206875 0.9717632291666667 0.8940480208333333 0.9736180208333334 0.88880125 0.9779371875 0.8857116666666667 0.9819544791666667 0.8875564583333334 0.9921328125 0.8927083333333333 1.0 0.94514375 1.0
1 0.9239583333333333 0.25094354166666666 0.9438544791666666 0.25437729166666667 0.9542725 0.26073083333333336 0.9597920833333333 0.26427541666666665 0.9634397916666667 0.2685503125 0.9659076041666667 0.27288947916666667 0.9675233333333334 0.2786554166666667 0.9682440625000001 0.2858495833333333 0.9682445833333334 0.29304708333333335 0.9664536458333333 0.2995265625 0.9581716666666666 0.3088944791666667 0.9514860416666667 0.310930625 0.9443838541666667 0.31334354166666667 0.9319880208333333 0.3142785416666667 0.9113588541666666 0.3109323958333333 0.9028195833333333 0.3070920833333333 0.894639375 0.2996178125 0.890134375 0.29412895833333336 0.8879790624999999 0.2899966666666666 0.8872492708333334 0.28225093749999997 0.8868954166666666 0.27684916666666665 0.8877842708333333 0.27252885416666667 0.8904803124999999 0.266406875 0.895888125 0.26010916666666667 0.9100788541666667 0.25408635416666664
1 0.27201187499999996 0.1298690625 0.27962052083333333 0.13029156249999999 0.29011375 0.13105187499999998 0.2946909375 0.1323984375 0.29854916666666664 0.13490239583333336 0.30261385416666664 0.13802708333333333 0.3068109375 0.142055625 0.3124341666666667 0.14809760416666667 0.31962447916666664 0.1565409375 0.32232791666666666 0.16111833333333334 0.325039375 0.1660184375 0.3256658333333334 0.17060385416666665 0.3241717708333333 0.17385979166666665 0.32243072916666665 0.17607229166666669 0.3162558333333333 0.17853385416666667 0.3066960416666667 0.18130510416666665 0.29589 0.18193625000000002 0.28662604166666666 0.18039447916666665 0.2688553125 0.16698125 0.2630557291666667 0.16038604166666665 0.2610764583333333 0.15612270833333333 0.26013916666666664 0.15174666666666664 0.25889104166666665 0.1473690625 0.25961729166666664 0.14164208333333334 0.2609741666666667 0.13830937499999998 0.26316260416666665 0.13591197916666667 0.2662582291666667 0.13377229166666668
1 0.3160544791666667 0.0 0.24423239583333334 0.0 0.24280125 0.0061003125 0.242075625 0.0107784375 0.2438753125 0.017077500000000002 0.245128125 0.0204971875 0.24873552083333333 0.025533854166666665 0.25305364583333334 0.028412916666666666 0.2589944791666667 0.0318425 0.26151583333333334 0.033274270833333335 0.27212760416666665 0.03382260416666667 0.2791533333333333 0.0334521875 0.2865316666666667 0.0334575 0.29662499999999997 0.03057864583333333 0.30327447916666667 0.0278771875 0.3086715625 0.02517520833333333 0.31316770833333335 0.0213953125 0.31732208333333334 0.015101458333333335 0.3185753125 0.008431354166666665 0.3194765625 0.0
1 0.04875239583333334 0.07167416666666666 0.0590653125 0.07427781250000001 0.06458333333333334 0.0807371875 0.06844395833333333 0.08625979166666667 0.07083333333333333 0.09302114583333333 0.07177750000000001 0.10104166666666667 0.07104614583333334 0.108854375 0.06875 0.11375270833333334 0.06427104166666667 0.11854583333333334 0.055939583333333334 0.11947916666666666 0.049587187500000005 0.11979166666666667 0.04500864583333333 0.11656864583333333 0.0403496875 0.1116509375 0.03571177083333333 0.1060896875 0.03232270833333333 0.10115166666666667 0.03139572916666667 0.0977603125 0.029547083333333335 0.09128083333333332 0.029548124999999998 0.0866440625 0.031390312499999996 0.08047729166666667 0.03854166666666667 0.07323333333333333
1 0.3140753125 0.23421343749999998 0.31345333333333336 0.23483635416666668 0.31082635416666665 0.23971020833333334 0.30957708333333334 0.24559333333333333 0.3092022916666667 0.25271208333333334 0.31107416666666665 0.2598342708333333 0.31345729166666664 0.2647109375 0.31783208333333335 0.26908364583333333 0.32232510416666665 0.27171843749999997 0.3290729166666667 0.27346312500000003 0.3372025 0.27308593750000004 0.34332291666666664 0.2714638541666667 0.34883333333333333 0.2690870833333333 0.3584495833333333 0.2628391666666667 0.36169947916666667 0.25958354166666664 0.3657 0.25633822916666665 0.3678239583333333 0.2522139583333333 0.36994791666666665 0.24895833333333334 0.3721917708333333 0.24365614583333334 0.37257666666666667 0.23859322916666667 0.37270833333333336 0.23371833333333333 0.3720801041666667 0.22921197916666666 0.36969822916666667 0.22395833333333334 0.366450625 0.2202148958333333 0.3634497916666667 0.2172178125 0.35994833333333337 0.213839375 0.35607583333333337 0.2133385416666667 0.3485453125 0.21313458333333332 0.34119927083333335 0.21371416666666668 0.33583114583333334 0.21484333333333333 0.332458125 0.21721510416666667 0.32045697916666666 0.2260867708333333
1 0.6591419791666666 0.33609083333333334 0.6665021875 0.33155989583333334 0.6736120833333333 0.327011875 0.6805494791666666 0.3272328125 0.6868072916666667 0.3270184375 0.692616875 0.32810385416666665 0.6984709375 0.33069583333333336 0.7077694791666667 0.334153125 0.7125105208333333 0.33846562500000005 0.7177045833333333 0.34473916666666665 0.7189919791666667 0.35056875 0.7198432291666667 0.3566125 0.7179152083333334 0.36589791666666666 0.7140220833333333 0.3723754166666666 0.7096840624999999 0.37843375 0.7045090625 0.3836113541666667 0.6984747916666667 0.3879326041666667 0.6941348958333333 0.3907426041666667 0.6800905208333333 0.39635833333333337 0.6721035416666666 0.3967880208333333 0.6656242708333333 0.39591781249999997 0.6595791666666667 0.3948440625 0.6520387499999999 0.3918190625 0.6476948958333334 0.3881554166666667 0.6429452083333334 0.38209583333333336 0.6390535416666666 0.3767080208333333 0.6379986458333333 0.37324708333333334 0.6379952083333333 0.3663297916666667 0.6405928125 0.35833333333333334 0.6427263541666667 0.3546684375 0.6451025 0.34926656250000004 0.6530883333333333 0.34084791666666664
1 0.7065144791666668 0.07830541666666666 0.7112598958333333 0.08594218749999999 0.7143248958333334 0.09942385416666667 0.7143278125 0.1047928125 0.7140793750000001 0.11129760416666666 0.712208125 0.11729437499999999 0.7080809375 0.12304333333333334 0.705075625 0.12616833333333333 0.6996992708333334 0.128919375 0.6955813541666667 0.12979239583333332 0.6925823958333334 0.1299240625 0.6867033333333333 0.12817864583333333 0.6830827083333334 0.12692625 0.6791989583333333 0.12416989583333334 0.6780796875 0.12267270833333334 0.6756289583333334 0.11917427083333335 0.6738453124999999 0.11278083333333333 0.671875 0.10583395833333334 0.6710435416666667 0.0986546875 0.6722970833333334 0.09198135416666667 0.6738604166666666 0.08698114583333334 0.67641625 0.08062083333333334 0.6787345833333334 0.07599791666666667 0.6823232291666667 0.07215677083333333 0.6895361458333333 0.06956125 0.6951888541666666 0.06904479166666667
1 0.8662658333333333 0.8344402083333333 0.8773989583333334 0.8411494791666667 0.8827178124999999 0.847611875 0.8888564583333333 0.8619794791666667 0.8906458333333334 0.8751773958333333 0.890954375 0.8829015625000001 0.8891015625 0.88938375 0.8863249999999999 0.8955595833333334 0.8796076041666667 0.9027613541666667 0.8762470833333332 0.905095625 0.8669065625000001 0.9076916666666667 0.8575755208333333 0.9069158333333333 0.8443377083333333 0.8982382291666667 0.8352194791666666 0.8889884375 0.8302519791666667 0.8778207291666666 0.8278789583333332 0.8620459375 0.8322073958333333 0.8512540625 0.8357059375 0.84184625 0.8384821875 0.8375244791666667 0.8452792708333334 0.8319727083333334
1 0.7225903124999999 0.8200979166666666 0.7064630208333333 0.8303176041666667 0.6958333333333333 0.8422291666666666 0.694298125 0.8468486458333333 0.6922336458333334 0.8525104166666666 0.6904335416666666 0.8586807291666666 0.6912 0.8622864583333333 0.6935290625 0.8664059375 0.6963504166666666 0.8697497916666667 0.6984104166666667 0.8710226041666667 0.7012330208333334 0.8725625 0.7076688541666667 0.8730891666666667 0.7200146875000001 0.8710211458333333 0.7238729166666666 0.8684522916666667 0.7328215625 0.8622971875 0.7381351041666666 0.8570922916666667 0.7413583333333332 0.8509598958333334 0.7452192708333333 0.8460826041666666 0.7465055208333333 0.8422284375 0.7461468750000001 0.8362527083333333 0.7421363541666667 0.827816875 0.7387984375 0.823699375 0.7362201041666666 0.8216355208333332
1 0.5989583333333334 0.7698960416666666 0.5867597916666667 0.7803568750000001 0.5831552083333332 0.7852480208333333 0.5805814583333333 0.792966875 0.5800029166666667 0.7989583333333333 0.5815680208333334 0.8042784375 0.5844371875000001 0.8089164583333334 0.5864905208333333 0.8130269791666667 0.5893186458333334 0.8161068749999999 0.5931791666666667 0.8181754166666667 0.5972922916666668 0.8192052083333333 0.6035496874999999 0.8205226041666667 0.6095864583333334 0.81864625 0.6186439583333333 0.8122539583333332 0.6256282291666667 0.8070859375 0.6317789583333333 0.7992769791666666 0.6340769791666666 0.7919316666666667 0.6351128125 0.7880746875 0.6363864583333334 0.7813933333333334 0.63485375 0.7736688541666666 0.6304710416666667 0.7682629166666667 0.6230146875 0.7651864583333333 0.6125 0.7638557291666667
1 0.8149538541666667 1.0 0.8181060416666667 0.9912147916666666 0.8196473958333333 0.9801013541666667 0.8174927083333333 0.9729966666666667 0.8125558333333333 0.9677516666666667 0.8063802083333333 0.9646637499999999 0.7992907291666668 0.9637308333333333 0.7931063541666667 0.9625 0.7770566666666666 0.9655895833333333 0.76803 0.9697916666666667 0.7625583333333333 0.9748448958333333 0.7569921875 0.9797826041666667 0.7511302083333333 0.9908970833333334 0.7491583333333334 1.0
1 0.5283452083333333 0.773595 0.5300746875 0.7766183333333333 0.5331041666666666 0.7809454166666666 0.5328894791666666 0.7861317708333334 0.5322410416666666 0.7928290625 0.530730625 0.8010376041666666 0.5281390625 0.8090253125 0.5248996875 0.8187477083333333 0.5192815625 0.8252269791666667 0.5134582291666666 0.8312759375 0.5052489583333333 0.8342925 0.49616958333333333 0.8342937500000001 0.49305031250000003 0.8332960416666667 0.48866729166666667 0.8312314583333333 0.48198135416666665 0.8260835416666666 0.47786791666666667 0.819920625 0.47504052083333337 0.8142572916666667 0.475035625 0.8062900000000001 0.4768348958333333 0.7949603125 0.47941229166666666 0.7846829166666667 0.48506770833333335 0.7754180208333333 0.4915029166666667 0.7692496875 0.49458572916666665 0.7677067708333334 0.5017859375 0.7664187499999999 0.508225 0.7659 0.5138795833333334 0.7664268750000001
1 0.050522500000000005 0.4425016666666667 0.057925 0.43954229166666664 0.06818052083333333 0.43754291666666667 0.07462864583333334 0.43732114583333337 0.0806346875 0.43905260416666664 0.08508 0.44198541666666663 0.08851708333333333 0.4440661458333333 0.0911203125 0.44636375 0.09310260416666667 0.4488590625 0.09455916666666667 0.4515703125 0.09476479166666667 0.4544875 0.09392822916666667 0.45771822916666666 0.09310375 0.460628125 0.09153197916666667 0.46501031249999997 0.08935156250000001 0.4685445833333333 0.08663625 0.4709466666666666 0.0835121875 0.473341875 0.08039458333333332 0.4762560416666667 0.07768552083333334 0.47771572916666666 0.07330708333333333 0.47948822916666667 0.07049020833333333 0.4806297916666667 0.06622291666666666 0.4817739583333333 0.06257416666666667 0.4825065625 0.05924354166666667 0.4832327083333333 0.05458552083333333 0.48407041666666667 0.05143020833333333 0.48271770833333333 0.047789791666666664 0.48125 0.0455240625 0.48020833333333335 0.041666666666666664 0.478125 0.03791947916666667 0.4731259375 0.03496822916666666 0.4690695833333333 0.03477729166666667 0.4652167708333333 0.034780520833333335 0.46113885416666667 0.03876010416666666 0.45084260416666666
1 0.5857780208333333 0.15658729166666668 0.5811960416666667 0.15804427083333333 0.5754619791666666 0.1623209375 0.5697384375 0.1678421875 0.5683815625 0.17273364583333334 0.5651554166666667 0.1800284375 0.5644211458333334 0.18814770833333333 0.5641143750000001 0.19679322916666667 0.5654634375 0.205231875 0.5682720833333333 0.21440416666666667 0.5703545833333333 0.2202371875 0.5763969791666667 0.2264865625 0.5822338541666666 0.22888260416666667 0.586291875 0.22898229166666667 0.5901555208333333 0.22825260416666668 0.5957770833333333 0.2259659375 0.6017125 0.22388354166666666 0.6063997916666667 0.21992520833333332 0.610671875 0.2155503125 0.6136901041666667 0.20960447916666666 0.6166092708333333 0.20398208333333334 0.6180626041666667 0.19690614583333332 0.6182809375 0.18939864583333332 0.61817 0.18221041666666665 0.6161908333333332 0.17481458333333333 0.6136954166666667 0.16961104166666668 0.6089016666666667 0.16387875 0.6042151041666667 0.16075874999999998 0.5974472916666667 0.15721020833333332 0.5921353125 0.15596645833333334
1 0.39292343750000003 0.0502115625 0.4021929166666667 0.05302166666666666 0.4112590625 0.0599028125 0.4193794791666667 0.0713625 0.4221020833333334 0.08059427083333334 0.42209604166666664 0.088006875 0.41844562500000004 0.09532072916666667 0.41197968749999997 0.10407260416666667 0.40208333333333335 0.10885645833333334 0.3946890625 0.10652291666666666 0.3865373958333333 0.1013359375 0.3802407291666666 0.09244666666666666 0.37765604166666666 0.086895 0.3757971875 0.07948052083333333 0.37357833333333335 0.07169989583333333 0.37283385416666665 0.0631815625 0.3743154166666667 0.05651927083333333 0.3776491666666667 0.05170822916666666 0.38024541666666667 0.050223854166666665
1 0.7873401041666667 0.18683114583333332 0.791876875 0.18854166666666666 0.8017749999999999 0.19542427083333333 0.8123966666666667 0.2086478125 0.8164653125 0.21437791666666667 0.8201057291666667 0.22167666666666666 0.815625 0.23813145833333332 0.8090634375000001 0.24104552083333333 0.7966712499999999 0.24282125 0.7891740625 0.24166666666666667 0.7845922916666667 0.23792687499999998 0.77959125 0.23344697916666668 0.7746975 0.22708333333333333 0.7725032291666667 0.22104270833333334 0.7713642708333333 0.21646239583333332 0.7707303125 0.21240416666666664 0.770421875 0.20479624999999999 0.77363875 0.19644802083333335 0.7762372916666667 0.19274416666666666
1 0.5626651041666667 0.5092847916666667 0.5452544791666667 0.5207731250000001 0.5356192708333333 0.5311365625 0.5315504166666667 0.5389225 0.5315423958333334 0.5455836458333334 0.5353307291666667 0.55388375 0.5439697916666667 0.5579809375 0.5485022916666666 0.5595014583333333 0.5526113541666666 0.5599359375 0.5575811458333334 0.5590662500000001 0.5636302083333333 0.5573348958333334 0.5683817708333333 0.5554018749999999 0.575719375 0.5497811458333334 0.5800517708333334 0.5445997916666666 0.5847992708333333 0.5394152083333333 0.589760625 0.5325047916666666 0.5914965624999999 0.5279633333333333 0.5919213541666667 0.5193332291666667 0.5914933333333334 0.5134972916666667 0.588335 0.5104166666666666 0.5850101041666667 0.506355 0.5780274999999999 0.5040626041666667
1 0.4431202083333333 0.5416138541666666 0.4572671875 0.5398021875 0.4626735416666667 0.5400698958333333 0.4667907291666667 0.5416086458333333 0.4711607291666667 0.5426363541666667 0.476555 0.5449505208333334 0.48015791666666663 0.5470014583333334 0.4817045833333333 0.5511310416666666 0.48276916666666664 0.5570753125 0.484581875 0.5614893750000001 0.48328791666666665 0.5679676041666667 0.48000510416666664 0.575 0.47604166666666664 0.5790659374999999 0.4635416666666667 0.5841745833333333 0.45314739583333336 0.5863634375 0.4425072916666667 0.58791875 0.432823125 0.5853388541666666 0.4268767708333333 0.5831335416666668 0.42151802083333334 0.5786530208333333 0.4197164583333333 0.5753098958333334 0.41894729166666667 0.5665579166666667 0.4222873958333333 0.5585875 0.4285482291666666 0.548750625
1 0.9746084375 0.43835822916666667 0.9704462500000001 0.4384617708333333 0.9657513541666667 0.43752802083333336 0.961379375 0.43669312499999996 0.9569028125 0.43387625 0.9546119791666666 0.43107270833333333 0.9516952083333333 0.4279478125 0.9498228125 0.42492562500000003 0.9477391666666667 0.42127218749999995 0.9466882291666666 0.41648010416666664 0.9459587500000001 0.4120070833333333 0.9469001041666666 0.4060653125 0.9488778124999999 0.40190614583333334 0.9510651041666667 0.3967920833333333 0.9548140625 0.3913804166666666 0.9581552083333332 0.3877334375 0.9612753125 0.38512927083333337 0.9660664583333334 0.3816923958333333 0.9694058333333333 0.3800266666666667 0.9772152083333334 0.3764842708333333 0.9862733333333333 0.3742959375 0.9935698958333333 0.37471281250000005 0.9992941666666667 0.3767947916666667 1.0 0.377940625 1.0 0.4276329166666667 0.99731875 0.4316957291666667 0.9914804166666666 0.43471645833333333 0.9858615625 0.4364836458333333 0.9785659375000001 0.43804583333333336
1 0.5288480208333334 0.286435625 0.5325851041666667 0.28843135416666665 0.5363383333333334 0.29068666666666665 0.5398414583333333 0.2933107291666667 0.5417155208333334 0.29568531249999996 0.5439658333333333 0.29855708333333336 0.5464630208333333 0.30205229166666664 0.5478416666666667 0.3049314583333333 0.5485761458333334 0.3094297916666667 0.5490872916666666 0.3141809375 0.549091875 0.3183098958333333 0.5483335416666667 0.321311875 0.54408625 0.3251777083333333 0.5385901041666667 0.32917812500000004 0.5334675 0.33242999999999995 0.5274645833333333 0.3340611458333333 0.5210840625000001 0.33480614583333335 0.518218125 0.33368229166666663 0.5058063541666666 0.3328379166666667 0.49808739583333334 0.3294370833333333 0.4914645833333333 0.3240544791666667 0.4863378125 0.3174282291666667 0.4844665625 0.31267791666666667 0.4832120833333333 0.30868072916666667 0.48173864583333337 0.300739375 0.48574531249999997 0.29273812499999996 0.49284666666666666 0.2865391666666667 0.4952107291666667 0.2845594791666667 0.501090625 0.28293 0.5079565625 0.2820522916666667 0.5138359375 0.28168479166666666 0.5220866666666667 0.28418364583333333
1 0.6890676041666667 0.20969072916666667 0.6919810416666666 0.2196878125 0.6939680208333333 0.23407010416666668 0.6901051041666667 0.24739729166666666 0.6807342708333334 0.2631294791666667 0.6719811458333333 0.26823729166666666 0.6661548958333333 0.2705290625 0.6583333333333333 0.2706294791666667 0.6507357291666668 0.26666666666666666 0.6465802083333333 0.2588989583333333 0.6447797916666667 0.25375760416666665 0.64375 0.2420871875 0.6454195833333334 0.23094572916666667 0.6486428125 0.22289416666666667 0.6554253125 0.213135 0.6599010416666666 0.20875541666666667 0.6663797916666667 0.20487645833333332 0.6713581249999999 0.20261343750000002 0.6761429166666667 0.20182708333333332 0.680336875 0.2021325 0.6837979166666667 0.20332291666666666
1 0.5558092708333333 0.689995625 0.5640014583333334 0.6917847916666666 0.5704817708333334 0.697373125 0.5742690625000001 0.7045703125 0.5746271875000001 0.7160872916666666 0.5706254166666667 0.7225101041666666 0.5632659375000001 0.7275740625 0.5588931250000001 0.7288557291666666 0.5555514583333333 0.7293844791666667 0.55015 0.729874375 0.5455208333333333 0.7314671875 0.5395833333333333 0.7296932291666667 0.5364583333333334 0.724691875 0.5350083333333333 0.719690625 0.534271875 0.716041875 0.5327157291666667 0.7111517708333334 0.5345911458333333 0.7047957291666667 0.5381279166666667 0.6996958333333333 0.5451123958333334 0.6931254166666666
1 0.9714389583333334 0.8936994791666667 0.9501046875 0.8923696875 0.9452279166666667 0.8923696875 0.936773125 0.8968226041666667 0.9349992708333333 0.8981491666666667 0.9332219791666667 0.9012696874999999 0.9329929166666666 0.91236125 0.9410310416666667 0.9214290625 0.9485504166666666 0.9255769791666667 0.9612480208333333 0.9302427083333333 0.9755066666666666 0.9318011458333333 0.9832789583333333 0.9307673958333333 0.9931347916666666 0.9232432291666667 0.99545875 0.9136648958333333 0.9941589583333333 0.9095156249999999 0.9918889583333333 0.9052609375
0 0.49728598014888337 0.8053918527708851 0.5029724979321754 0.7942772952853598 0.5073666253101737 0.7849720843672456 0.5089174937965261 0.783679693961952 0.5104683622828784 0.7834212158808934 0.5109853184449958 0.7862644747725392 0.511760752688172 0.7888492555831266 0.5104683622828784 0.79220947063689 0.5086590157154673 0.7986714226633581 0.5027140198511166 0.809269023986766 0.4996122828784119 0.8123707609594707 0.4965105459057072 0.8144385856079405 0.49315033085194376 0.8136631513647643 0.49392576509511993 0.8108198924731183 0.4954766335814723 0.8077181555004136
0 0.7503360215053764 0.026338916459884225 0.7474927626137303 0.0162582712985939 0.7464588502894955 0.00876240694789084 0.7477512406947892 0.005402191894127401 0.7493021091811414 0.004885235732009949 0.7508529776674938 0.005919148056244853 0.7518868899917287 0.009279363110008293 0.7542131927212573 0.013156534325889186 0.7570564516129032 0.02375413564929696 0.7570564516129032 0.030991521918941292 0.7562810173697271 0.03280086848635238 0.7547301488833748 0.034868693134822194 0.75162841191067 0.03331782464846983 0.7508529776674938 0.030733043837882567
0 0.9908769063180828 0.4053649237472766 0.9752178649237473 0.4142156862745098 0.96875 0.4165985838779956 0.9670479302832243 0.41693899782135074 0.9653458605664489 0.4152369281045751 0.9684095860566448 0.4111519607843137 0.9741966230936819 0.40638616557734203 0.9850898692810458 0.3992374727668845 0.9949618736383442 0.39481209150326796 0.9949618736383442 0.3982162309368192 0.9939406318082789 0.4009395424836601
0 0.8648278560250391 0.8856122848200313 0.8587147887323944 0.8721635367762128 0.854557902973396 0.8618935837245696 0.8508900625978091 0.856758607198748 0.8499119718309859 0.8518681533646323 0.8499119718309859 0.8484448356807512 0.8526017214397495 0.8472222222222222 0.8548024256651018 0.8484448356807512 0.8552914710485133 0.8533352895148669 0.8557805164319249 0.8550469483568075 0.8606709702660407 0.8675176056338028 0.8665395148669796 0.8792546948356808 0.8716744913928012 0.8924589201877935 0.8692292644757433 0.8936815336463224 0.8680066510172144 0.892947965571205 0.8662949921752738 0.8914808294209703
0 0.9473653667595172 0.28957753017641596 0.9351787372330549 0.2863857938718663 0.916608635097493 0.28174326833797586 0.9125464252553389 0.28116295264623953 0.9119661095636026 0.2788416898792943 0.9113857938718664 0.27681058495821725 0.922121634168988 0.2779712163416899 0.9314066852367688 0.2802924791086351 0.941272051996286 0.2831940575673166 0.945044103992572 0.2840645311049211 0.9505571030640669 0.2852251624883937 0.952588207985144 0.2860956360259982 0.9531685236768802 0.2875464252553389 0.9531685236768802 0.2898676880222842
0 0.7874883936861653 0.9937906220984216 0.7999651810584959 0.9882776230269267 0.8034470752089137 0.9865366759517177 0.8060584958217271 0.9833449396471681 0.8075092850510679 0.981023676880223 0.8066388115134634 0.9789925719591459 0.80402739090065 0.9789925719591459 0.8005454967502321 0.9804433611884865 0.7953226555246055 0.9842154131847726 0.7816852367688022 0.9929201485608171 0.7799442896935934 0.9937906220984216 0.7793639740018571 0.9961118848653668 0.7825557103064067 0.9958217270194987 0.7842966573816156 0.9955315691736305
0 0.6064298978644383 0.939240947075209 0.6290622098421541 0.9285051067780874 0.640088207985144 0.9224117920148561 0.6432799442896936 0.9200905292479109 0.6456012070566389 0.918349582172702 0.6456012070566389 0.9168987929433612 0.6432799442896936 0.9168987929433612 0.6409586815227484 0.9171889507892295 0.6339948932219127 0.9215413184772516 0.624709842154132 0.9267641597028784 0.6136838440111421 0.931696843082637 0.6049791086350975 0.9357590529247911 0.6009168987929434 0.9375 0.6006267409470751 0.9398212627669452 0.6014972144846796 0.941272051996286 0.6032381615598886 0.941272051996286
0 0.01273148148148148 0.3324074074074074 0.01875 0.33078703703703705 0.021527777777777778 0.33078703703703705 0.023611111111111114 0.331712962962963 0.02546296296296296 0.3319444444444445 0.028009259259259258 0.3324074074074074 0.031018518518518518 0.33310185185185187 0.03287037037037037 0.3335648148148148 0.0349537037037037 0.3335648148148148 0.03796296296296296 0.3337962962962963 0.040740740740740744 0.3337962962962963 0.040740740740740744 0.3324074074074074 0.03819444444444444 0.3298611111111111 0.036342592592592586 0.32916666666666666 0.033101851851851855 0.3282407407407407 0.030555555555555555 0.3277777777777778 0.025925925925925925 0.32685185185185184 0.02337962962962963 0.3263888888888889 0.021064814814814814 0.32662037037037034 0.019212962962962963 0.32662037037037034 0.017129629629629627 0.3263888888888889 0.015509259259259259 0.32592592592592595 0.012962962962962963 0.32546296296296295 0.009722222222222222 0.3252314814814815 0.006712962962962963 0.3261574074074074 0.005324074074074074 0.3284722222222222 0.008564814814814813 0.3310185185185185
0 0.33407331511839716 0.25295992714025506 0.34403460837887073 0.24072176684881608 0.3483037340619308 0.23673724954462663 0.3508652094717669 0.2350295992714026 0.3522882513661203 0.23332194899817854 0.3531420765027323 0.23076047358834248 0.352572859744991 0.22990664845173045 0.3511498178506376 0.22990664845173045 0.34915755919854286 0.23189890710382519 0.34631147540983614 0.23417577413479057 0.34375000000000006 0.23588342440801463 0.341188524590164 0.23816029143898002 0.33834244080145726 0.24072176684881608 0.3346425318761385 0.24442167577413484 0.3315118397085611 0.24726775956284155 0.3295195810564664 0.250398451730419 0.32838114754098363 0.25409836065573776 0.3300887978142077 0.25466757741347906
0 0.27373721227621484 0.00959079283887468 0.2692082267689685 0.006127450980392157 0.2696078431372549 0.004129369138959932 0.2865249360613811 0.00479539641943734 0.2986466325660699 0.0043957800511508945 0.29678175618073316 0.006660272804774083 0.2883898124467178 0.009191176470588234 0.2761349104859335 0.009723998294970162
0 0.8674405694879834 0.17500979623824453 0.8610730146290492 0.17549960815047025 0.8574810606060607 0.17060148902821318 0.8494807993730408 0.1523151776384535 0.8538891065830722 0.14921303552769072 0.8600933908045978 0.15525404911180773 0.8656445924764891 0.16766261755485895
