1 0.23003875 0.18085395833333334 0.22754145833333334 0.17185 0.22753666666666666 0.16359739583333335 0.22828177083333331 0.15497177083333333 0.23191385416666668 0.14860281250000001 0.23453229166666667 0.14535052083333333 0.2399153125 0.14296906250000002 0.24703677083333334 0.14122312499999998 0.25378239583333334 0.14235104166666668 0.261281875 0.14872197916666666 0.2705313541666667 0.16285354166666668 0.27665718749999996 0.1805990625 0.27779114583333336 0.19334468749999997 0.2759090625 0.20121885416666666 0.2699108333333333 0.206719375 0.26379010416666665 0.20822156249999998 0.25440697916666666 0.20785072916666666 0.2461610416666667 0.20409614583333333 0.24241229166666667 0.20047760416666666 0.23690666666666665 0.1958509375
1 0.6930545833333334 0.6638147916666667 0.7036733333333333 0.6553192708333333 0.7123526041666667 0.6537210416666667 0.7309366666666667 0.6547897916666667 0.7378257291666667 0.6570908333333333 0.7436681249999999 0.6611610416666667 0.7477401041666667 0.6666442708333334 0.7484539583333334 0.672305625 0.7482802083333334 0.6772658333333333 0.7456248958333334 0.6808088541666667 0.7397803125000001 0.6850584375000001 0.7265015625 0.6873490624999999 0.7118228125 0.6850595833333333 0.7059773958333333 0.6836361458333333 0.701194375 0.68151125 0.6967654166666667 0.6770833333333334 0.6946439583333334 0.6728355208333333
1 0.5400509375 0.0 0.5364002083333334 0.0045928125 0.5339036458333334 0.012592291666666667 0.5330275 0.024217083333333334 0.5361470833333333 0.038090937500000005 0.5443984374999999 0.053712083333333334 0.5533975000000001 0.06133989583333333 0.5641279166666667 0.06358489583333334 0.5708760416666667 0.06159270833333333 0.5776470833333334 0.056715625000000006 0.5832713541666668 0.048209375 0.5855304166666666 0.0365834375 0.5852780208333334 0.027083333333333334 0.5818983333333333 0.015458333333333333 0.5780087500000001 0.005343645833333333 0.5745928125 0.0
1 0.0743415625 0.7187240625 0.06951104166666666 0.7063923958333334 0.06800010416666667 0.6935256249999999 0.07063468749999999 0.6760014583333334 0.07826739583333334 0.6683925 0.08489010416666667 0.6655144791666667 0.09500937500000001 0.6666555208333332 0.10589166666666668 0.6717513541666666 0.11287562500000001 0.682405625 0.120006875 0.7030086458333333 0.12238385416666667 0.7202686458333333 0.12088697916666667 0.7375153124999999 0.11813531249999999 0.744269375 0.10850229166666667 0.7470190624999999 0.09975208333333334 0.7465175 0.09151458333333333 0.7432746874999999 0.08751958333333333 0.7391315625 0.08362947916666667 0.7337604166666666
1 0.6876747916666667 0.7866913541666667 0.6834244791666666 0.7904389583333333 0.6730439583333333 0.7923064583333334 0.6526732291666666 0.7905675 0.6404239583333333 0.7849328124999999 0.6287921875 0.7750637499999999 0.6204269791666667 0.7624461458333334 0.6177917708333334 0.7518201041666667 0.6212919791666667 0.7431839583333333 0.6305514583333333 0.7391829166666667 0.638425 0.7373177083333334 0.6462978125000001 0.7373215625 0.6542995833333334 0.7391796875 0.6689170833333333 0.7454348958333333 0.6845490625 0.7571972916666667 0.6899170833333332 0.7643131249999999 0.6921762499999999 0.7701878125 0.6925438541666666 0.7755609375
1 0.4113883333333333 0.7390119791666667 0.40208333333333335 0.7525189583333333 0.39878677083333336 0.7610717708333333 0.39712697916666667 0.7696236458333333 0.3975873958333333 0.7786213541666667 0.40163 0.7861220833333333 0.4047822916666667 0.789875 0.4128822916666667 0.7942141666666667 0.4196271875 0.7957177083333333 0.429535625 0.7946628125 0.44108906249999996 0.7894132291666666 0.452789375 0.7798126041666666 0.4592348958333333 0.7676638541666667 0.4622366666666667 0.7564145833333333 0.46223135416666666 0.7469661458333333 0.4565355208333333 0.7376576041666667 0.4470851041666667 0.731213125 0.43568552083333334 0.7303200000000001 0.42487791666666663 0.73121375
1 0.20208333333333334 0.6382341666666667 0.1939664583333333 0.642925 0.17709999999999998 0.6456471874999999 0.16258333333333336 0.6405569791666667 0.15644843749999998 0.6321377083333334 0.15491697916666666 0.6199156250000001 0.156458125 0.610729375 0.16333583333333335 0.6074236458333334 0.17710010416666666 0.6066657291666666 0.19545375 0.6061531250000001 0.20666302083333335 0.6092020833333333 0.2130325 0.6150637499999999 0.21583989583333332 0.6229621875 0.20969458333333335 0.6311477083333333
1 0.3621297916666667 0.09059166666666667 0.35588125000000004 0.07458645833333333 0.3542710416666666 0.0530834375 0.3581347916666667 0.041968125 0.3632502083333333 0.03583635416666667 0.3703842708333333 0.032084479166666666 0.3810232291666667 0.029211458333333332 0.38988072916666666 0.033209062500000004 0.3958803125 0.03846364583333333 0.4020284375 0.050841770833333334 0.406525 0.06958812499999999 0.40452625 0.09171614583333333 0.39700291666666665 0.10296822916666667 0.388148125 0.10558843750000001 0.3802515625 0.10571270833333334 0.3761497916666666 0.10595875 0.3711260416666667 0.10258666666666666
1 0.9817073958333334 0.7900426041666667 0.9642071875 0.7958671875000001 0.9490763541666667 0.8101260416666667 0.9415306250000001 0.8241741666666667 0.9395748958333333 0.8334511458333334 0.9382873958333333 0.8405936458333334 0.9421700000000001 0.8520314583333334 0.9497377083333334 0.8580830208333333 0.95945625 0.859375 0.9737059375 0.8554808333333334 0.9823503124999999 0.8494470833333333 0.9892565624999999 0.8416609375 0.9944416666666667 0.8312971875 0.9970388541666666 0.8166122916666667 0.9972507291666666 0.8016995833333334 0.9946644791666667 0.7958688541666666
1 0.8922976041666666 0.6509465624999999 0.8914268750000001 0.6611976041666666 0.8884166666666666 0.6686946875 0.8842916666666666 0.6730666666666667 0.8709179166666666 0.674943125 0.8630517708333334 0.67269125 0.8565428125000001 0.6690632291666667 0.8484179166666667 0.6584466666666666 0.8438014583333333 0.6476926041666666 0.8435483333333333 0.6304478125 0.8483014583333334 0.618319375 0.8546697916666666 0.6123125 0.8599253124999999 0.6105698958333333 0.8675501041666667 0.6108132291666667 0.8731715624999999 0.6138209375 0.8787942708333334 0.6188134375 0.8854166666666666 0.6296937499999999 0.8892948958333334 0.6389411458333334
1 0.1029 0.23502218749999998 0.10213552083333334 0.228575 0.10709916666666668 0.22063249999999998 0.11684979166666666 0.2161309375 0.13260229166666665 0.21552145833333333 0.15343833333333334 0.21688156249999999 0.17444510416666667 0.22273104166666666 0.19019708333333335 0.2312715625 0.19843854166666666 0.24118041666666665 0.20159552083333335 0.24942770833333333 0.19830125 0.26007625 0.1883921875 0.26652177083333334 0.17324270833333333 0.26862791666666663 0.1611040625 0.26908333333333334 0.13994125000000002 0.2651777083333334 0.12193854166666668 0.25873843750000003 0.10889291666666666 0.25018125 0.10469052083333333 0.24177697916666666
1 0.87625375 0.41312593750000004 0.8631638541666666 0.418994375 0.8489166666666667 0.42911531249999996 0.83953625 0.44411989583333333 0.8372891666666666 0.4587473958333333 0.8369108333333333 0.4676203125 0.84240875 0.47737364583333336 0.8514091666666667 0.48187416666666666 0.8649117708333333 0.48261593750000004 0.8770357291666666 0.47774052083333335 0.8905353125000001 0.46811562500000004 0.9044070833333334 0.45261979166666666 0.9081616666666666 0.44187156250000004 0.9076635416666666 0.4313696875 0.9039142708333333 0.42299770833333333 0.8999158333333334 0.41812218749999996 0.8934098958333333 0.4148663541666667 0.8851603125 0.4121154166666667
1 0.44016875 0.9360217708333334 0.43642 0.9393987500000001 0.4279252083333333 0.9427721874999999 0.4180417708333334 0.9451522916666666 0.4071770833333333 0.9457797916666667 0.39791666666666664 0.9450229166666666 0.39079427083333335 0.9421551041666666 0.386294375 0.9387782291666666 0.3847959375 0.9316554166666666 0.3866707291666666 0.9234027083333333 0.39041937499999996 0.9157779166666666 0.40129177083333334 0.9039027083333333 0.41167177083333334 0.8997798958333333 0.42217000000000005 0.8986545833333334 0.42817375 0.9000303125 0.43655145833333336 0.9037751041666666 0.44166666666666665 0.9068961458333333 0.44542427083333336 0.9116469791666667 0.448043125 0.9172760416666667 0.4485514583333333 0.9251553124999999 0.44579895833333333 0.9305272916666667
1 0.2810898958333333 0.9178017708333334 0.2765889583333333 0.926265 0.27028864583333334 0.9322034375 0.26056552083333334 0.9334623958333333 0.25354229166666664 0.9311221875 0.24815500000000001 0.9251857291666667 0.24310666666666667 0.9154627083333333 0.24094718750000002 0.9043017708333333 0.24004802083333335 0.89511875 0.24274666666666667 0.8825299999999999 0.2492271875 0.8727937499999999 0.257873125 0.8697419791666667 0.26740708333333335 0.8708170833333334 0.27550260416666666 0.8783815625 0.28000572916666666 0.8884585416666667 0.2821690625 0.9003348958333334
1 0.5340509375 0.8635641666666667 0.5333011458333333 0.8728207291666668 0.530673125 0.8778144791666667 0.5250444791666667 0.8815663541666667 0.5181704166666666 0.8844475 0.5115517708333334 0.8848176041666667 0.5059217708333333 0.8833182291666667 0.5020520833333334 0.8806872916666666 0.4982995833333333 0.8769430208333334 0.49129729166666664 0.8684417708333334 0.48641999999999996 0.8555722916666666 0.4845435416666667 0.8440705208333333 0.48529239583333333 0.8356957291666667 0.48780072916666667 0.8293203125 0.4924180208333333 0.8251913541666667 0.5012970833333333 0.8219435416666666 0.508543125 0.821565 0.5145451041666667 0.8229465625 0.5204238541666667 0.8270645833333333 0.5269186458333334 0.8354440625 0.5305435416666666 0.8444375 0.532545 0.8506951041666666
1 0.22666770833333333 0.6751122916666666 0.23600677083333332 0.6655221875 0.24825010416666665 0.6576539583333333 0.25588364583333334 0.6557770833333334 0.2652583333333333 0.6581559375 0.27200875 0.6630258333333334 0.2802570833333334 0.6700250000000001 0.28250666666666663 0.6790227083333333 0.27712927083333333 0.6917751041666667 0.26738260416666665 0.7049001041666667 0.255130625 0.70978 0.24650541666666664 0.7135305208333332 0.23638302083333332 0.7116472916666667 0.23100833333333334 0.7080285416666666 0.22587885416666667 0.70352625 0.22425302083333334 0.7008990625 0.22237510416666667 0.6952788541666667 0.222131875 0.68702875
1 0.3246815625 0.6098619791666666 0.3254325 0.6170634375 0.32453322916666666 0.6229165625 0.32198499999999997 0.6290673958333334 0.31613291666666665 0.6340135416666667 0.3062376041666666 0.6382132291666667 0.2900373958333333 0.6391205208333334 0.2799872916666667 0.636406875 0.26978375 0.6340138541666666 0.2633421875 0.6287615624999999 0.2588435416666667 0.6187155208333334 0.2579313541666667 0.6121247916666667 0.2576328125 0.60626375 0.26078125 0.6007146875 0.26559166666666667 0.5972703125 0.2714271875 0.5948696874999999 0.28448729166666664 0.5935169791666667 0.295733125 0.59351375 0.30083802083333333 0.5939607291666668 0.31103593749999997 0.5975693750000001 0.3168821875 0.6011611458333334
1 0.9395266666666667 0.051016770833333336 0.9225278125 0.04728 0.9083978125000001 0.038022708333333335 0.9011472916666666 0.027150729166666665 0.8982734375 0.021401562500000002 0.898151875 0.015026770833333335 0.8993990625 0.010649479166666666 0.9039017708333333 0.00615375 0.9093997916666667 0.003523125 0.9191551041666667 0.0033967708333333332 0.9350229166666666 0.005771979166666667 0.9502779166666666 0.012147708333333333 0.9620282291666666 0.0204025 0.9671513541666666 0.02890416666666667 0.96902375 0.03540208333333333 0.9672772916666666 0.04202947916666667 0.9597801041666667 0.0480265625 0.9500213541666667 0.0510275
1 0.96116625 0.4465030208333333 0.9485414583333333 0.46238385416666666 0.9424063541666666 0.4817576041666667 0.9425314583333333 0.4946257291666667 0.9489118750000001 0.5040066666666667 0.9585379166666667 0.5076341666666667 0.9669127083333334 0.5083675 0.9759107291666667 0.5042566666666667 0.9834078125 0.49837750000000003 0.9939076041666667 0.4862505208333333 0.9991592708333333 0.47199739583333333 0.9982864583333334 0.4641286458333333 0.9930364583333334 0.4555035416666666 0.9885413541666667 0.448751875 0.9826616666666667 0.44362656250000004 0.9744159375 0.4417595833333333 0.9694160416666667 0.4420084375
1 0.7918940625 0.16315208333333334 0.7881503124999999 0.16777604166666665 0.7806514583333333 0.16927989583333333 0.7732802083333333 0.1681490625 0.7639025 0.16202270833333332 0.7558982291666666 0.15090229166666666 0.7525273958333333 0.1403984375 0.7526517708333333 0.13402239583333334 0.7559051041666667 0.12677083333333333 0.759398125 0.12264854166666667 0.7661541666666667 0.11964812500000001 0.7751547916666667 0.11865583333333334 0.780275625 0.1188959375 0.7875254166666666 0.12190145833333334 0.7919059374999999 0.12640333333333334 0.7954003125 0.132905625 0.797646875 0.14040375 0.797900625 0.14815520833333334 0.7983981250000001 0.15564885416666666
1 0.920780625 0.1281553125 0.9118975 0.13002729166666666 0.8983959375 0.12802416666666666 0.883025625 0.1210228125 0.8740295833333334 0.11502135416666667 0.8699005208333334 0.10815135416666667 0.8695226041666667 0.09815270833333334 0.870276875 0.08939854166666666 0.8731488541666667 0.08464916666666666 0.8792763541666667 0.08152583333333333 0.8867788541666666 0.0807728125 0.8995245833333333 0.08302833333333333 0.9152809375000001 0.09065572916666667 0.9230248958333332 0.097274375 0.9275247916666667 0.10302354166666668 0.9295273958333333 0.10827302083333333 0.9302736458333333 0.11427541666666667 0.930149375 0.120648125
1 0.7342669791666666 0.227530625 0.7282728125 0.23315010416666665 0.7215244791666666 0.2361475 0.7141490625 0.23790531250000002 0.7035296875 0.23715364583333332 0.6931507291666666 0.23415083333333334 0.6844035416666666 0.22965302083333333 0.6731484375 0.22115510416666667 0.6664026041666666 0.21127291666666667 0.664375625 0.20188291666666666 0.6637516666666666 0.1941703125 0.6657394791666668 0.18917239583333334 0.6699001041666667 0.18427989583333335 0.6777735416666667 0.18028020833333333 0.6840278125 0.17827177083333332 0.6909005208333333 0.17865270833333333 0.7006498958333334 0.1812725 0.7137724999999999 0.18777249999999998 0.7235265625 0.1952759375 0.7329051041666667 0.20640124999999998 0.7350271875 0.21140010416666666 0.7365221875 0.21577770833333335
1 0.2971652083333333 0.8295304166666667 0.2866578125 0.8266544791666667 0.27916208333333337 0.8195221875 0.2735398958333333 0.8119035416666667 0.2709063541666667 0.80402375 0.2701575 0.798155625 0.27128541666666667 0.792405625 0.27553875 0.7872713541666666 0.2829096875 0.781648125 0.2942865625 0.7767741666666667 0.31365635416666665 0.7747736458333333 0.3260353125 0.775900625 0.3392879166666667 0.7805292708333333 0.3451636458333333 0.7867803124999999 0.3485402083333333 0.7932809375000001 0.34941083333333334 0.7980258333333333 0.34979010416666667 0.8034003125000001 0.34891218749999997 0.8097738541666666 0.3477863541666667 0.8150266666666667 0.33315791666666666 0.82353 0.3204147916666667 0.8251511458333333
1 0.8058711458333333 0.8902661458333333 0.7905383333333333 0.8917708333333334 0.7644010416666667 0.8863851041666667 0.7456053125000001 0.877306875 0.7410817708333333 0.8697419791666667 0.7404244791666666 0.8600269791666667 0.7406378124999999 0.8509541666666667 0.7462557291666666 0.846200625 0.7568367708333333 0.8438298958333333 0.770229375 0.8442585416666667 0.7976634375 0.8520315625 0.809761875 0.8585146874999999 0.8155941666666667 0.8656413541666667 0.8190463541666666 0.8742858333333333 0.8201320833333334 0.8814085416666667
1 0.9253159375000001 0.7032090624999999 0.9097696875000001 0.7023505208333333 0.8855814583333333 0.70709375 0.881896875 0.7116349999999999 0.8797492708333333 0.7187669791666667 0.8793159374999999 0.7276155208333334 0.8832017708333333 0.7362504166666667 0.8940066666666666 0.7444610416666666 0.9050163541666667 0.7457630208333333 0.9199192708333332 0.7420878125 0.9311503125 0.7375586458333333 0.9393584374999999 0.7308590625 0.941948125 0.7232964583333333 0.9415211458333334 0.7159538541666667 0.9369891666666667 0.7083934375
1 0.8096477083333333 0.0523921875 0.8076542708333334 0.0589009375 0.8040234374999999 0.06289697916666667 0.7990292708333333 0.06527114583333334 0.7894013541666667 0.06565395833333333 0.777776875 0.061896458333333335 0.7499058333333333 0.04202885416666667 0.74052125 0.032273125 0.7341487499999999 0.022404479166666665 0.7305276041666667 0.014531458333333334 0.7297738541666666 0.002653541666666667 0.7319734375 0.0 0.7723208333333333 0.0 0.7723994791666667 2.1979166666666668e-05 0.7860227083333334 0.009021666666666667 0.7983981250000001 0.020530312499999998 0.8044011458333333 0.03216541666666666 0.8081504166666666 0.039776875
1 0.4946789583333333 0.22503781250000002 0.477574375 0.22894510416666666 0.4589810416666667 0.23088604166666665 0.4477339583333333 0.23089229166666667 0.434686875 0.22549760416666667 0.42927125 0.2176878125 0.4270275 0.20974375 0.427631875 0.20163822916666665 0.43468208333333336 0.19128177083333334 0.4459370833333333 0.18124864583333336 0.4585213541666667 0.17734166666666665 0.4783282291666667 0.17733989583333332 0.4960280208333333 0.18138552083333334 0.5005238541666667 0.18499875000000002 0.5050263541666667 0.1906909375 0.5077292708333333 0.19713604166666665 0.5086328125 0.20689416666666668 0.5086251041666666 0.21289427083333334
1 0.31849614583333336 0.34967645833333333 0.31921802083333334 0.3601128125 0.3130883333333333 0.368740625 0.30247583333333333 0.3736059375 0.29311427083333336 0.37522322916666667 0.27871729166666664 0.36658333333333337 0.26287041666666666 0.3431959375 0.25368999999999997 0.32536906250000003 0.2533316666666667 0.31313270833333334 0.258188125 0.3034134375 0.26575802083333333 0.2996265625 0.2779928125 0.29944447916666667 0.2900423958333333 0.304488125 0.30553291666666665 0.32213427083333335 0.31363041666666663 0.3363509375
1 0.3912835416666667 0.6517144791666667 0.3818373958333333 0.6643144791666666 0.3764372916666667 0.6754140625 0.37417968749999997 0.6899632291666666 0.37673395833333334 0.6976176041666666 0.38003166666666666 0.7025690625000001 0.38662979166666667 0.7051207291666667 0.3962322916666666 0.7060126041666667 0.40703229166666666 0.7028718749999999 0.4185861458333333 0.696710625 0.42368385416666665 0.6911657291666666 0.42728937499999997 0.68396125 0.43134364583333334 0.6749679166666667 0.4322375 0.6647685416666668 0.42862520833333334 0.6521641666666667 0.425336875 0.6476639583333333 0.4185860416666667 0.6439165625 0.40748385416666666 0.6436178125 0.40073604166666665 0.6463173958333334
1 0.0 0.0191359375 0.010035625 0.020975104166666664 0.028412916666666666 0.0252225 0.040285208333333336 0.03147260416666667 0.04516260416666666 0.037848229166666664 0.04941458333333334 0.047227291666666664 0.050541145833333335 0.056220625 0.04890697916666666 0.0618515625 0.04378510416666667 0.06909625000000001 0.03615947916666666 0.07359572916666667 0.02565885416666667 0.07572322916666667 0.0189090625 0.07621968750000001 0.003164583333333333 0.07385239583333333 0.0 0.07322260416666666
1 0.6295228125 0.098276875 0.6397744791666666 0.08841104166666666 0.6547784375 0.08290458333333332 0.6660210416666666 0.08127375 0.673150625 0.08277489583333333 0.67865 0.0861475 0.6850296875 0.09589874999999999 0.6870254166666666 0.102405625 0.6874011458333332 0.11052604166666667 0.6805223958333334 0.11966635416666667 0.6666508333333333 0.12677791666666666 0.6542805208333333 0.13077708333333335 0.6381533333333334 0.12977927083333332 0.6336461458333333 0.1281484375 0.62877375 0.12490416666666666 0.6257746875 0.12002364583333333 0.6228991666666667 0.1139025 0.6229022916666668 0.10578010416666667 0.6231559375 0.10227520833333334
1 0.7489760416666668 0.28603260416666665 0.7431040625 0.2927828125 0.7318448958333333 0.29840833333333333 0.7234726041666666 0.2981627083333333 0.7153466666666667 0.2932875 0.7095957291666667 0.28690635416666666 0.7081039583333334 0.2826575 0.7077234375 0.27853635416666667 0.7063522916666667 0.27365854166666664 0.7208477083333332 0.25904104166666664 0.7296003125 0.25616510416666666 0.7403475 0.2565354166666667 0.7467271875 0.26016083333333334 0.75060125 0.26616645833333336 0.7523468750000001 0.270788125 0.7536004166666667 0.27441489583333334
1 0.0 0.24357187500000002 0.0026899999999999997 0.2461275 0.012145833333333333 0.25603010416666666 0.025493645833333335 0.260079375 0.03868833333333333 0.257985625 0.04769385416666667 0.2539295833333333 0.052637395833333336 0.24582625 0.05174385416666667 0.23577489583333333 0.0486034375 0.22423072916666667 0.04485145833333334 0.21552510416666668 0.04049875 0.209375 0.035095208333333336 0.20337927083333335 0.026103958333333333 0.19977906250000002 0.022346875 0.19887802083333334 0.01424375 0.199325 0.0071875 0.20218531250000002 0.0020979166666666663 0.2056278125 0.0 0.20711468749999998
1 0.07653604166666667 0.8257247916666667 0.07053124999999999 0.8324732291666667 0.05816208333333333 0.8379725 0.04316177083333333 0.8384762499999999 0.030157395833333333 0.835094375 0.020035625 0.8291038541666667 0.015535729166666668 0.8167241666666667 0.014033437499999999 0.8057247916666667 0.0150359375 0.79985 0.020783645833333333 0.7942196875 0.033533541666666666 0.788978125 0.04766479166666667 0.7863506250000001 0.057783958333333336 0.7869711458333334 0.06578656249999999 0.7897190625 0.07404104166666667 0.7938539583333333 0.07815895833333333 0.7987245833333334 0.08216 0.8077269791666667 0.08266468749999999 0.8162254166666667
1 0.0735459375 0.36354166666666665 0.07354677083333333 0.37573239583333334 0.0702759375 0.38602895833333334 0.06432645833333334 0.3944870833333333 0.054256770833333336 0.40042875 0.04560927083333333 0.40043354166666667 0.03895708333333334 0.39934447916666665 0.031570625 0.39466822916666666 0.024548541666666666 0.3885416666666667 0.016458125 0.37504645833333333 0.013570833333333334 0.35902260416666665 0.013759166666666666 0.34426906249999994 0.023301458333333334 0.33148 0.028146249999999998 0.32662875 0.0380421875 0.32537322916666667 0.047232604166666664 0.32608770833333334 0.05785385416666667 0.3318448958333333 0.06451541666666667 0.3377891666666667 0.06721416666666666 0.34156562500000004 0.06973614583333335 0.346606875 0.07189270833333333 0.3530890625
1 0.09190854166666668 0.09759604166666666 0.100665 0.08935197916666666 0.12241239583333334 0.07884916666666666 0.13891197916666667 0.074844375 0.14703895833333333 0.07597406250000001 0.15428218749999997 0.07922072916666667 0.16066302083333334 0.08835270833333334 0.16328250000000002 0.09546875 0.162790625 0.1044775 0.15528791666666666 0.11421958333333333 0.13690770833333332 0.12734864583333333 0.11678354166666667 0.1294690625 0.10628447916666667 0.12797354166666666 0.101786875 0.127725 0.09578989583333333 0.12347604166666667 0.09153854166666667 0.1172234375 0.08941270833333334 0.11184854166666666 0.08866625 0.10634770833333333
1 0.7172947916666667 0.6002113541666667 0.7061675 0.6039398958333333 0.6919178125 0.6065695833333333 0.6716766666666667 0.605195 0.6567930208333334 0.5999448958333333 0.6507984375 0.5943088541666667 0.6474216666666667 0.5886979166666666 0.6476748958333334 0.5795680208333334 0.6514251041666667 0.570321875 0.6592947916666667 0.563939375 0.6686734375000001 0.5594452083333333 0.6799198958333333 0.5578153125 0.6952976041666666 0.5589414583333333 0.7137934375 0.565058125 0.7220465625 0.5724342708333333 0.7246680208333333 0.5776890625 0.7261742708333333 0.5829345833333334 0.7269211458333333 0.5893146875 0.7254216666666667 0.5945638541666667
1 0.21084447916666665 0.38513375 0.20743354166666667 0.39772447916666664 0.20004739583333334 0.4052886458333333 0.19356916666666668 0.40798114583333334 0.18421739583333335 0.40852093749999996 0.1703509375 0.40474197916666665 0.15684531249999997 0.3950284375 0.14370916666666667 0.3826041666666667 0.13795354166666665 0.36587479166666664 0.1420909375 0.3545241666666667 0.14587479166666667 0.34695916666666665 0.15775083333333334 0.34462625 0.17682447916666666 0.3478730208333333 0.1939290625 0.35722895833333335 0.20490812500000002 0.36802874999999996
1 0.37323218750000003 0.29948625 0.36703416666666666 0.3014426041666667 0.36104125000000004 0.30332239583333337 0.3516615625 0.3045704166666667 0.3456666666666666 0.30481354166666663 0.33228281249999997 0.2981946875 0.3187834375 0.28431833333333334 0.3111642708333333 0.2703226041666667 0.30891520833333336 0.2609430208333333 0.3097886458333334 0.2509394791666667 0.31529104166666666 0.24444635416666666 0.32290822916666667 0.24043770833333333 0.3321621875 0.23956458333333333 0.34116541666666667 0.2410728125 0.35328916666666665 0.2478178125 0.3637815625 0.25869114583333336 0.37190979166666666 0.270694375 0.37491125000000003 0.2779391666666667 0.37528656250000003 0.28494697916666667 0.37541593749999996 0.2935628125
1 0.5714596875000001 0.5652372916666667 0.577823125 0.5512495833333334 0.589515625 0.5370872916666667 0.5948176041666666 0.5339025 0.60526625 0.5369140625 0.6132189583333333 0.5427530208333333 0.61659 0.5535423958333333 0.6160546875 0.5661108333333333 0.6100471875 0.57938875 0.6036688541666667 0.587878125 0.5969415625 0.5905319791666667 0.5898677083333334 0.5912467708333333 0.5826085416666668 0.5917788541666666 0.5755273958333333 0.5878782291666667 0.5709351041666667 0.5811645833333333 0.5691664583333333 0.5767333333333333 0.5686302083333333 0.5714264583333333
1 0.3525483333333333 0.9281511458333332 0.34805135416666666 0.9228996875 0.34392197916666667 0.91652375 0.3401715625 0.9105288541666667 0.3370502083333333 0.9020239583333333 0.33630062499999996 0.8945302083333334 0.3374226041666667 0.89078 0.343046875 0.8835304166666667 0.3501763541666667 0.8765251041666667 0.35767364583333333 0.8750273958333333 0.36267166666666667 0.8761477083333333 0.37017 0.8795229166666666 0.3753007291666667 0.8835270833333334 0.3797948958333333 0.8892746875 0.38205041666666667 0.8947797916666667 0.3836723958333333 0.9033988541666667 0.383675625 0.9162779166666667 0.3780478125 0.9277709375000001 0.3705458333333333 0.9297744791666667 0.36342104166666667 0.9305272916666667 0.35805052083333333 0.9305222916666666
1 0.18226229166666666 0.9291359375 0.17398447916666668 0.9323825 0.15905052083333335 0.932748125 0.14698072916666666 0.928964375 0.14159104166666667 0.9224807291666667 0.13852520833333332 0.9165494791666667 0.13637249999999998 0.9048395833333333 0.13528197916666668 0.8884592708333333 0.13672781250000002 0.8740578125 0.14231114583333332 0.863623125 0.150406875 0.8583967708333333 0.16066927083333335 0.85714 0.17129 0.8589412500000001 0.1804659375 0.866321875 0.18496625 0.8744244791666667 0.18820125000000001 0.8870235416666666 0.1903746875 0.9048369791666667 0.19072229166666668 0.91869875 0.19072833333333333 0.9246357291666667
1 0.7934188541666667 0.5478203125000001 0.7819170833333333 0.5576940625 0.7787992708333333 0.5733159375 0.7785416666666667 0.5826910416666667 0.7811735416666666 0.5905651041666666 0.7871759375 0.5980654166666667 0.7967966666666667 0.6000720833333334 0.8054219791666667 0.5976967708333334 0.814918125 0.5918194791666667 0.8215479166666667 0.5834476041666666 0.8257946875 0.5744281250000001 0.8267919791666666 0.5636921874999999 0.8245419791666666 0.5550695833333333 0.8200462500000001 0.5493175 0.8162945833333333 0.5466948958333333 0.810294375 0.5449383333333333 0.7995451041666667 0.54457
1 0.9742966666666667 0.6126900000000001 0.9649257291666667 0.6145641666666666 0.9462964583333334 0.6060692708333334 0.9264196874999999 0.5913140625000001 0.9187927083333334 0.5849328125 0.9150460416666667 0.576686875 0.9144170833333334 0.569189375 0.9159179166666667 0.5635651041666667 0.920424375 0.5609425 0.9289225 0.5590719791666667 0.9410425 0.5590673958333333 0.9502983333333332 0.560695 0.969051875 0.56956375 0.9791666666666666 0.579803125 0.9838008333333333 0.5875728124999999 0.9851745833333333 0.6015689583333333 0.9830518749999999 0.6079321875
1 0.7109433333333333 0.9261490625000001 0.705519375 0.9219785416666666 0.697869375 0.9164191666666667 0.6917283333333334 0.9132688541666667 0.6825691666666667 0.9129747916666666 0.6776176041666666 0.9152279166666666 0.6735716666666666 0.9161153125 0.6686229166666667 0.9204733333333334 0.6665182291666666 0.92722125 0.6669780208333334 0.9368192708333333 0.6755116666666667 0.9501683333333334 0.6897614583333334 0.9620200000000001 0.6996734375 0.9660701041666666 0.7086722916666666 0.9659176041666666 0.7176708333333334 0.96112 0.7214228125000001 0.9551185416666667 0.7226184375 0.9494248958333333 0.7223225000000001 0.9422209375 0.7173653125 0.9341194791666666
1 0.7825482291666667 0.7821964583333333 0.7695507291666667 0.7729432291666666 0.7637990625000001 0.7635692708333334 0.758670625 0.7525567708333334 0.7575476041666668 0.7466890625 0.7586686458333334 0.7403196875 0.7652936458333334 0.733194375 0.7765490625000001 0.727195 0.7870505208333333 0.7278191666666667 0.8005483333333333 0.7346966666666667 0.8136695833333333 0.7443112500000001 0.8241705208333333 0.756319375 0.8290470833333334 0.7656952083333334 0.8320446874999999 0.7785690625 0.8317932291666666 0.7881884375 0.8272979166666666 0.7954342708333333 0.8234239583333333 0.7975653125 0.8151686458333334 0.7988225 0.8035476041666667 0.7950708333333334 0.7937966666666667 0.7915640625000001
1 0.46002822916666664 0.09845875 0.4611503125 0.08821458333333335 0.4682723958333333 0.07358364583333334 0.47415083333333335 0.06584104166666667 0.47952302083333337 0.0613396875 0.48912833333333333 0.06084208333333333 0.49450781250000003 0.06171864583333333 0.5037730208333333 0.06759229166666667 0.5090023958333333 0.07558427083333334 0.5117554166666667 0.08445979166666667 0.5105283333333334 0.10471208333333333 0.5061310416666667 0.1213378125 0.49788125 0.1355875 0.4902596875 0.13971052083333332 0.48440541666666664 0.13971166666666665 0.4784042708333333 0.13933885416666666 0.4741511458333333 0.13658947916666667 0.47038114583333335 0.13395927083333334 0.46565072916666667 0.12983885416666668 0.46288010416666664 0.12658947916666666 0.4606319791666667 0.12358791666666667 0.4592564583333333 0.11971760416666667
1 0.5838454166666666 0.8656036458333334 0.5767241666666667 0.8723515625 0.5706008333333333 0.8834736458333333 0.5684786458333334 0.8918492708333333 0.5673477083333334 0.9042212500000001 0.5684698958333333 0.91097875 0.5717255208333333 0.9192254166666667 0.5754783333333333 0.9240977083333333 0.5863453125 0.9267278124999999 0.5945986458333333 0.9258531249999999 0.6056035416666667 0.918470625 0.6142239583333333 0.9063503125000001 0.6194690625 0.8951035416666666 0.6197270833333334 0.8858491666666667 0.6182201041666667 0.8760961458333333 0.6148475 0.8688504166666667 0.6118528125 0.8640975 0.6099745833333333 0.8621002083333333 0.6009789583333334 0.8607188541666667 0.5904229166666667 0.8612504166666667
1 0.9806691666666667 0.1516446875 0.9700508333333333 0.150743125 0.9597832291666666 0.15074166666666666 0.9473666666666667 0.15470489583333333 0.941790625 0.15722302083333334 0.9387297916666667 0.16155125 0.9378229166666666 0.16694291666666666 0.9383724999999999 0.1727078125 0.9426876041666666 0.1790009375 0.9495226041666667 0.18422614583333333 0.9624952083333334 0.187286875 0.9759989583333333 0.18728666666666666 0.9889484374999999 0.18350416666666666 0.999393125 0.17737520833333334 1.0 0.17221197916666667 1.0 0.1690910416666667 0.9981290625 0.16424875 0.9943533333333333 0.15811843750000001
1 0.5751054166666666 0.32418885416666665 0.5587376041666666 0.3283270833333333 0.5407309375 0.32797479166666665 0.5275859375 0.32203895833333335 0.5230928125000001 0.31141583333333334 0.5247146874999999 0.30042749999999996 0.5344328125000001 0.29089166666666666 0.5483011458333333 0.2842321875 0.5661071875 0.27937291666666664 0.5770833333333333 0.27936875 0.5884352083333333 0.28513468750000004 0.5940175 0.29106479166666666 0.5961741666666666 0.29899447916666666 0.5941975 0.31051208333333336 0.58680875 0.3177083333333333
1 0.6242252083333334 0.20291427083333333 0.6234692708333333 0.21516239583333335 0.620100625 0.2235375 0.6140954166666667 0.22828927083333334 0.6050988541666666 0.2309065625 0.5961004166666667 0.22803322916666666 0.5885980208333332 0.22003552083333336 0.5836006250000001 0.20591458333333332 0.5799759375 0.1855372916666667 0.5799789583333333 0.17553739583333333 0.5832256250000001 0.16579114583333335 0.5878476041666667 0.1597840625 0.5933506249999999 0.15716354166666668 0.6000964583333332 0.15641260416666666 0.6079789583333334 0.15790802083333333 0.6140941666666666 0.16191385416666665 0.6177217708333332 0.16753572916666667 0.6204693750000001 0.1751571875
0 0.380464480874317 0.081056466302368 0.3776183970856103 0.06426457194899822 0.37505692167577415 0.046903460837887115 0.37278005464480884 0.037795992714025554 0.3753415300546449 0.03751138433515488 0.3770491803278689 0.0383652094717669 0.37847222222222227 0.04633424408014577 0.3816029143897997 0.061703096539162165 0.3850182149362478 0.08191029143898002 0.3850182149362478 0.08447176684881609 0.38217213114754106 0.08561020036429877 0.3801798724954463 0.08504098360655742
0 0.2563752276867031 0.1903460837887068 0.24641393442622955 0.17070810564663028 0.24214480874316943 0.1561930783242259 0.24186020036429878 0.15277777777777782 0.24356785063752281 0.15192395264116582 0.2458447176684882 0.15277777777777782 0.24669854280510023 0.15704690346083794 0.25068306010928965 0.1684312386156649 0.25495218579234974 0.17725409836065578 0.25950591985428056 0.18522313296903464 0.26292122040072863 0.19176912568306015 0.26377504553734066 0.19546903460837892 0.2623520036429873 0.19689207650273227 0.2600751366120219 0.19603825136612024 0.2577982695810565 0.19404599271402556
0 0.35143442622950827 0.28426684881602926 0.3446038251366121 0.27857468123861573 0.3352117486338798 0.2706056466302369 0.32895036429872504 0.2646288706739527 0.3255350637522769 0.26149817850637525 0.3241120218579236 0.25865209471766853 0.32525045537340624 0.2563752276867031 0.32866575591985436 0.25751366120218583 0.3309426229508198 0.25865209471766853 0.33834244080145726 0.2677595628415301 0.34688069216757744 0.2762978142076503 0.3545651183970857 0.28056693989071047 0.3574112021857924 0.2822745901639345 0.3588342440801458 0.2856898907103826 0.35684198542805107 0.28597449908925326
0 0.28522663288288286 0.34258868243243246 0.2766047297297297 0.33079954954954954 0.27220579954954954 0.32640061936936937 0.26903856981981983 0.3216497747747748 0.2660472972972973 0.31707488738738737 0.26745495495495497 0.3154912725225225 0.27009431306306303 0.3151393581081081 0.272557713963964 0.31760275900900903 0.2797719594594595 0.32798423423423423 0.28874577702702703 0.34047719594594594 0.29877533783783783 0.35314611486486486 0.30159065315315314 0.3578969594594595 0.3024704391891892 0.3614161036036036 0.3000070382882883 0.3612401463963964 0.29754363738738737 0.3598324887387388 0.29402449324324326 0.35666525900900903 0.2901534346846847 0.35226632882882886 0.2866342905405405 0.3483952702702703
0 0.4193060247747748 0.7845931869369369 0.42915962837837834 0.7708685247747747 0.4388372747747748 0.7564400337837838 0.44130067567567566 0.7527449324324323 0.44411599099099097 0.7469383445945946 0.44341216216216217 0.7457066441441442 0.44147663288288286 0.7451787725225226 0.4393651463963964 0.7451787725225226 0.4379574887387388 0.7474662162162162 0.43408643018018017 0.7545045045045046 0.42124155405405406 0.7747395833333334 0.41578688063063063 0.7816019144144144 0.41525900900900903 0.7860008445945946 0.4168426238738739 0.7865287162162162
0 0.24299690315315317 0.696262668918919 0.24757179054054054 0.6897522522522522 0.25566582207207206 0.6821860923423423 0.2628800675675676 0.6763795045045046 0.2660472972972973 0.6742680180180181 0.26745495495495497 0.6723324887387387 0.2665751689189189 0.6712767454954955 0.26463963963963966 0.6707488738738739 0.26270411036036034 0.6711007882882883 0.2535543355855856 0.6779631193693694 0.24616413288288289 0.6851773648648649 0.24194115990990991 0.6897522522522522 0.23982967342342343 0.6930954391891893 0.23789414414414414 0.6959107545045046 0.23754222972972974 0.6994298986486487 0.23982967342342343 0.6999577702702703 0.24176520270270271 0.6985501126126127
0 0.8697183098591549 0.6574726134585289 0.8662949921752738 0.6430457746478874 0.8633607198748044 0.6313086854460094 0.8609154929577465 0.627151799687011 0.8606709702660407 0.6242175273865415 0.8633607198748044 0.6232394366197183 0.8660504694835681 0.6244620500782472 0.8667840375586855 0.625929186228482 0.8694737871674492 0.6361991392801252 0.8716744913928012 0.6476917057902973 0.8746087636932708 0.6579616588419406 0.8750978090766822 0.6623630672926448 0.8728971048513302 0.6643192488262911 0.8706964006259781 0.6643192488262911
0 0.7970950704225352 0.5833822378716745 0.8036971830985916 0.5731122848200313 0.8083431142410016 0.5616197183098592 0.8093212050078247 0.5589299687010955 0.8098102503912362 0.555995696400626 0.8095657276995305 0.5540395148669796 0.8063869327073552 0.553550469483568 0.8049197965571205 0.5540395148669796 0.804186228482003 0.5574628325508607 0.804186228482003 0.5603971048513301 0.80320813771518 0.5643094679186228 0.8007629107981221 0.5718896713615024 0.7946498435054773 0.5797143974960876 0.7919600938967136 0.5821596244131455 0.7917155712050079 0.5860719874804381 0.7929381846635368 0.5870500782472613 0.7948943661971831 0.586316510172144
0 0.5405907668231612 0.30951682316118934 0.5515942879499217 0.30633802816901406 0.5657766040688575 0.3024256651017214 0.5716451486697965 0.3007140062597809 0.5755575117370892 0.2994913928012519 0.577024647887324 0.2977797339593114 0.5740903755868544 0.2965571205007825 0.5709115805946792 0.2960680751173709 0.5677327856025038 0.29582355242566505 0.5572183098591549 0.3007140062597809 0.5464593114241001 0.3043818466353677 0.5405907668231612 0.3056044600938967 0.536189358372457 0.3070715962441314 0.5347222222222222 0.3085387323943662 0.5334996087636932 0.3102503912363067 0.5352112676056338 0.3104949139280125
0 0.7066216744913928 0.217820813771518 0.695862676056338 0.20975156494522693 0.6868153364632238 0.2029049295774648 0.6836365414710486 0.20119327073552426 0.6804577464788732 0.19923708920187794 0.6782570422535211 0.19679186228482004 0.6792351330203442 0.1948356807511737 0.6824139280125195 0.1950802034428795 0.6882824726134585 0.19825899843505476 0.7024647887323944 0.20901799687010952 0.7156690140845071 0.21879890453834117 0.7193368544600939 0.2205105633802817 0.7222711267605634 0.22344483568075116 0.7171361502347418 0.22320031298904539 0.7137128325508607 0.22222222222222224 0.711023082942097 0.22124413145539906
0 0.556973787167449 0.03760758998435054 0.5564847417840376 0.027337636932707347 0.5542840375586855 0.014622456964006249 0.5550176056338028 0.011199139280125186 0.5586854460093896 0.011199139280125186 0.5591744913928012 0.012910798122065718 0.5589299687010955 0.015111502347417831 0.560641627543036 0.02391431924882628 0.5628423317683882 0.040052816901408446 0.5616197183098592 0.044209702660406885 0.5599080594679187 0.04518779342723004 0.5579518779342723 0.04323161189358372
0 0.018779342723004685 0.0513008607198748 0.006064162754303588 0.04983372456964006 0.0011737089201877824 0.04861111111111111 0.0016627543035993631 0.04518779342723004 0.013399843505477297 0.045432316118935834 0.018045774647887314 0.04592136150234741 0.02171361502347417 0.04665492957746478 0.026115023474178392 0.04934467918622847 0.02366979655712049 0.05227895148669796 0.021469092331768375 0.05227895148669796
0 0.04469874804381846 0.3772496087636933 0.03980829420970265 0.3540199530516432 0.039563771517996865 0.3486404538341158 0.03980829420970265 0.3439945226917058 0.04103090766823161 0.3439945226917058 0.0437206572769953 0.34668427230046944 0.045432316118935834 0.3520637715179969 0.04738849765258215 0.3586658841940532 0.04861111111111111 0.363556338028169 0.05056729264475743 0.3762715179968701 0.04934467918622847 0.3792057902973396 0.047633020344287944 0.37993935837245696
0 0.09722222222222222 0.7185185185185186 0.09212962962962963 0.6981481481481481 0.09027777777777778 0.6930555555555556 0.08888888888888888 0.6861111111111111 0.08888888888888888 0.6837962962962963 0.09444444444444446 0.6833333333333333 0.09675925925925925 0.6847222222222222 0.0962962962962963 0.6912037037037037 0.0962962962962963 0.6981481481481481 0.1 0.7087962962962963 0.10509259259259258 0.7203703703703703 0.10416666666666667 0.724537037037037 0.1 0.725925925925926
0 0.03510845383759733 0.24946700037078234 0.027924545791620316 0.24239896180941786 0.01946607341490545 0.22304875787912495 0.012861512791991101 0.21273637374860954 0.013324990730441232 0.21157767890248422 0.014947163515016685 0.21192528735632182 0.022478680014831293 0.2174870226177234 0.03313867259918428 0.23880700778642935 0.03545606229143493 0.24703374119391916
1 0.4341487363387978 0.0009392076502732435 0.48996755464480873 0.0008324795081967408 0.4761996243169399 0.014493681693989091 0.46179132513661203 0.0226050204918033 0.4556010928961749 0.023779030054644826 0.4483435792349727 0.022391564207650295 0.43884477459016397 0.016308060109289636 0.4331881830601093 0.008730362021857943 0.4331881830601093 0.0037141393442623144
0 0.7790940450254176 0.7409676833696442 0.7824981844589688 0.7464143064633261 0.7927106027596225 0.7577614379084968 0.8031499636891795 0.7706971677559913 0.8135893246187363 0.7781862745098039 0.8190359477124183 0.783179012345679 0.8192628903413218 0.78590232389252 0.8117737835875091 0.7813634713144517 0.8020152505446624 0.7736474219317357 0.791348946986202 0.7613925199709514 0.7849945533769064 0.7552650689905592 0.7775054466230937 0.7439179375453886 0.7756899055918663 0.7389251997095134
