1 0.54375 0.37444812499999997 0.5366346875 0.3825847916666667 0.5298817708333333 0.3927083333333333 0.5267582291666667 0.40333375 0.526004375 0.41371802083333337 0.5291344791666667 0.42659291666666665 0.5346259375 0.43333333333333335 0.54375 0.4370936458333333 0.5485008333333333 0.43708687500000004 0.5552563541666667 0.4348339583333333 0.5638783333333334 0.4280894791666666 0.5711333333333334 0.4152184375 0.574750625 0.40671447916666664 0.57625125 0.39696552083333336 0.57625125 0.38709010416666667 0.5726307291666667 0.37921197916666666 0.5688753125 0.37395833333333334 0.5625 0.3718398958333333 0.5583825 0.371091875 0.5478784375 0.37283791666666666
1 0.8578185416666667 0.5459257291666667 0.8501650000000001 0.5405144791666667 0.8410159375 0.5363215625 0.8270683333333333 0.5345019791666666 0.8180634375 0.5345032291666667 0.8101190625 0.5396225 0.8086222916666667 0.5507252083333333 0.8132630208333332 0.5610575 0.8243673958333333 0.573649375 0.8374065625 0.5796740625000001 0.8501622916666667 0.5810150000000001 0.8591594791666667 0.5808609375 0.867269375 0.5769494791666666 0.8698216666666667 0.5700644791666666 0.8698133333333333 0.5562695833333334
1 0.7525143750000001 0.6561723958333334 0.7489067708333333 0.6537623958333333 0.7358672916666666 0.649419375 0.7309132291666667 0.6498746875 0.7241584375 0.6524233333333334 0.7201159374999999 0.65420125 0.7163717708333334 0.6596232291666666 0.7150105208333334 0.6636686458333333 0.7147094791666666 0.6690613541666667 0.716966875 0.6768576041666667 0.7280625000000001 0.6893161458333333 0.7439603125 0.697120625 0.7597184375 0.6974172916666667 0.7696191666666666 0.69426625 0.7753195833333333 0.6888623958333333 0.7744069791666667 0.6786769791666667 0.7699116666666667 0.6683135416666667
1 0.9118208333333333 0.6578178124999999 0.9001247916666667 0.6578176041666667 0.8927672916666667 0.6601983333333333 0.8852642708333334 0.6650182291666666 0.8807622916666666 0.6737204166666667 0.8824065625 0.6848210416666666 0.8911223958333333 0.6956045833333333 0.9026592708333333 0.700270625 0.9179642708333334 0.7011686458333333 0.9289130208333333 0.6992219791666667 0.9374584375 0.6935123958333332 0.9418172916666666 0.6840691666666667 0.9413748958333333 0.6741717708333332 0.9361239583333333 0.6677272916666667 0.9323734375 0.6638216666666668
1 0.5511353124999999 0.6768396875 0.5395815625 0.6844978125 0.5349222916666666 0.6951444791666667 0.5337245833333333 0.7065354166666666 0.5349201041666666 0.7185410416666667 0.5382227083333333 0.7272428125 0.5404757291666668 0.7320409375000001 0.5454191666666667 0.7366954166666667 0.553526875 0.7371421875 0.5668784375 0.7311358333333333 0.5755735416666667 0.7222848958333333 0.5794765625 0.7074465624999999 0.5782713541666666 0.6915361458333333 0.5722751041666666 0.6795342708333333 0.5650784375 0.674445625 0.5584715625 0.6739898958333334
1 0.68125 0.5385722916666666 0.6727141666666667 0.54351125 0.6614576041666667 0.5588063541666667 0.6559007291666668 0.5732257291666667 0.6523226041666667 0.5882247916666666 0.6527688541666666 0.5988697916666667 0.6581460416666667 0.6080197916666666 0.66639875 0.6132640625000001 0.6785473958333333 0.6143191666666666 0.6893729166666667 0.6114741666666668 0.7004560416666668 0.6020170833333334 0.7116996875 0.5769552083333332 0.7117067708333333 0.5637569791666667 0.7112635416666666 0.5531246875 0.7082503125 0.5462214583333334 0.7060046875 0.5427537499999999 0.69866375 0.5396175 0.689814375 0.5378039583333333
1 0.25642125 0.31804479166666666 0.24767562499999998 0.31654666666666664 0.240296875 0.3180516666666667 0.23079510416666665 0.32304916666666667 0.22891875 0.3245516666666666 0.22654770833333335 0.32817385416666667 0.22517239583333334 0.3327971875 0.22429677083333335 0.3390507291666667 0.22517135416666667 0.3439221875 0.23079427083333334 0.3571695833333333 0.23942375 0.364543125 0.24966791666666666 0.3702921875 0.25729166666666664 0.3717919791666667 0.26429375 0.37141989583333335 0.27117020833333333 0.36792020833333333 0.2800425 0.3615452083333333 0.2828016666666667 0.35180020833333336 0.27942302083333337 0.33792510416666666 0.270666875 0.32717541666666666 0.26604947916666666 0.32404489583333335
1 0.9038479166666666 0.4607407291666667 0.896955625 0.4635751041666667 0.890041875 0.4651710416666667 0.8836760416666666 0.4649978125 0.87412 0.4602235416666666 0.8666835416666667 0.4545564583333333 0.8636728125 0.4506636458333333 0.8636706249999999 0.4460605208333333 0.8682773958333333 0.4432196875 0.8783554166666666 0.4358017708333334 0.8880969791666666 0.43331354166666664 0.8953557291666667 0.4347361458333333 0.9024316666666666 0.438454375 0.9061488541666667 0.44234135416666664 0.9070409375 0.448535625 0.9075725 0.4566784375
1 0.17594479166666668 0.6643817708333334 0.16617697916666666 0.6703427083333333 0.15447239583333333 0.6836632291666667 0.15051302083333334 0.6984201041666667 0.14961791666666666 0.7090392708333333 0.15321208333333333 0.7225608333333333 0.1586178125 0.7286751041666667 0.16581989583333331 0.7313796875 0.17642729166666668 0.7308126041666667 0.18741312499999999 0.7257786458333333 0.20072958333333332 0.7124485416666667 0.20829833333333334 0.6939205208333333 0.209910625 0.6838633333333333 0.206320625 0.6739523958333333 0.1998384375 0.666038125 0.1906509375 0.660991875 0.18399427083333333 0.6609959375
1 0.8482646875000001 0.9651838541666666 0.8419675000000001 0.9705788541666667 0.8376516666666666 0.9802952083333333 0.834940625 0.993079375 0.8347717708333333 1.0 0.8667140624999999 1.0 0.8720215625000001 0.9840771875000001 0.8714832291666668 0.9763408333333333 0.8689594791666667 0.9694961458333334 0.8651968750000001 0.9639243749999999 0.8558271875 0.9635579166666666
1 0.9643173958333333 0.5660057291666667 0.9481186458333333 0.5729166666666666 0.936408125 0.5850703125 0.9329605208333334 0.5936147916666666 0.9311613541666667 0.6028996875 0.9320661458333334 0.6114716666666666 0.93745875 0.620005625 0.9526166666666666 0.6240647916666667 0.9617703125 0.6206089583333333 0.9769088541666666 0.6146248958333334 0.984565 0.6060657291666666 0.9878660416666667 0.5934491666666666 0.985910625 0.5805701041666667 0.9805148958333334 0.5709555208333333 0.9779640625 0.5678212499999999
1 0.6897696875 0.08746447916666668 0.6753687500000001 0.09841229166666668 0.6720715625 0.1038040625 0.6689204166666667 0.11461166666666665 0.6686176041666666 0.12585645833333334 0.6707232291666667 0.132466875 0.6743160416666666 0.13621239583333333 0.6807661458333333 0.13695958333333333 0.6911220833333334 0.133960625 0.70402 0.12615864583333333 0.7116675 0.119408125 0.7170626041666667 0.11055479166666667 0.7170719791666667 0.09555322916666667 0.7131671875 0.0892590625 0.7091221875 0.08625666666666666 0.7017702083333333 0.083560625
1 0.9677645833333333 0.8073727083333334 0.9532148958333334 0.809019375 0.9443661458333333 0.8117237500000001 0.9403195833333334 0.8180054166666667 0.9325189583333333 0.8342213541666667 0.9304109374999999 0.8424715625 0.9325142708333334 0.8550710416666667 0.9407656249999999 0.8739695833333333 0.9497633333333333 0.8864001041666667 0.9628166666666667 0.8973568749999999 0.9770698958333334 0.9035008333333334 0.9893655208333333 0.9048725 1.0 0.9025085416666666 1.0 0.8214729166666667 0.9910190624999999 0.8163559374999999
1 0.06392916666666666 0.5128625 0.056375729166666666 0.5065371875 0.0480959375 0.502031875 0.04179395833333333 0.4995354166666666 0.03352052083333333 0.4993430208333333 0.027216458333333336 0.5009767708333334 0.021813020833333332 0.5052994791666666 0.020016875 0.5140992708333333 0.020191145833333334 0.5216658333333333 0.022891979166666666 0.5290411458333334 0.027209687500000003 0.5356885416666667 0.03405427083333334 0.5410996874999999 0.045575000000000004 0.5443635416666667 0.056906354166666666 0.5447171875 0.06538322916666667 0.5384015625 0.06988333333333333 0.5349695833333333 0.07204041666666666 0.5286921875
1 0.6792659375 0.9242280208333333 0.6702619791666666 0.9314205208333333 0.6657688541666666 0.9390672916666667 0.6630683333333334 0.9534755208333333 0.6620190625000001 0.9617196875 0.6635138541666666 0.9689207291666667 0.6666666666666666 0.9734223958333333 0.6738730208333333 0.9761214583333333 0.6840648958333334 0.97551125 0.6944172916666667 0.97192 0.7007266666666666 0.9671233333333333 0.7119745833333333 0.9575122916666667 0.7188727083333333 0.9432669791666667 0.7205177083333333 0.9327688541666667 0.7182633333333333 0.9242260416666667 0.7151198958333332 0.9188140625 0.7074782291666666 0.9161178125 0.69772625 0.9161189583333333 0.6926247916666667 0.9165661458333333
1 0.4087195833333333 0.493525625 0.39648625 0.5001771875 0.3914388541666666 0.5064840625 0.38839208333333336 0.5131439583333334 0.387309375 0.5201642708333334 0.38820770833333335 0.5275426041666667 0.390899375 0.5372608333333333 0.39863760416666666 0.555615625 0.4060242708333333 0.5671358333333333 0.41465979166666667 0.5736216666666666 0.42240333333333335 0.5752494791666667 0.43266489583333334 0.5736245833333334 0.44184854166666665 0.5671401041666667 0.4492204166666667 0.5579683333333333 0.449405625 0.545005 0.4432907291666667 0.5255627083333334 0.4373458333333333 0.5131379166666666 0.42978677083333333 0.5037892708333334 0.4234821875 0.4985680208333333
1 0.4510251041666667 0.0 0.45276135416666663 0.007959166666666666 0.4563715625 0.015907708333333333 0.46536697916666664 0.024464375 0.4698648958333333 0.025807708333333335 0.4824705208333333 0.021459375 0.49476458333333334 0.0127503125 0.49747041666666664 0.006156979166666667 0.49949385416666664 0.0
1 0.5933244791666666 0.0 0.5867188541666667 0.006606770833333333 0.5835725 0.016060729166666666 0.5816201041666668 0.02686125 0.5820715624999999 0.04021552083333334 0.585820625 0.05386177083333333 0.5924215625 0.0636059375 0.6027651041666666 0.0685559375 0.6083184374999999 0.06961416666666667 0.6131235416666667 0.07050375 0.6225669791666667 0.06946374999999999 0.6299169791666667 0.06646437499999999 0.6365127083333333 0.06136322916666667 0.6416201041666666 0.049359895833333334 0.6428147916666667 0.032713020833333335 0.6393717708333334 0.01965875 0.6347279166666666 0.010509583333333333 0.6306701041666667 0.0033025 0.627640625 0.0
1 0.5593267708333334 0.8224052083333333 0.5480735416666668 0.8177083333333334 0.5372413541666667 0.8164648958333333 0.5283954166666667 0.8189632291666666 0.523076875 0.8227152083333333 0.5202659375 0.8305261458333334 0.5197423958333334 0.8368804166666667 0.5228704166666667 0.84375 0.5293320833333334 0.8512583333333333 0.5474579166666668 0.859375 0.5613110416666667 0.8589608333333333 0.5683909375 0.8565726041666667 0.572556875 0.8523991666666666 0.5756845833333333 0.8436494791666667 0.5756813541666667 0.83469375 0.5724510416666667 0.8302083333333333
1 0.28479229166666664 0.40936416666666664 0.27759531249999997 0.40340645833333333 0.26535791666666664 0.39817989583333335 0.2511366666666667 0.3976525 0.243034375 0.3974566666666667 0.23565541666666664 0.40015854166666665 0.2327803125 0.412218125 0.2365575 0.4223194791666666 0.244648125 0.4289566666666667 0.25437791666666665 0.4322135416666667 0.26409458333333335 0.4354426041666667 0.27273416666666667 0.4357959375 0.28138260416666666 0.4341902083333334 0.2873153125 0.4320161458333333 0.2901928125 0.42736145833333333 0.2901890625 0.4213996875
1 0.11323260416666667 0.24943500000000002 0.105355 0.26405854166666665 0.10410572916666667 0.28093375 0.10610750000000001 0.2933052083333333 0.11085739583333334 0.3030545833333333 0.116111875 0.3071846875 0.12561322916666667 0.30917885416666663 0.1363578125 0.308303125 0.14423020833333336 0.3001771875 0.14998364583333332 0.2866813541666666 0.151485 0.2719358333333333 0.14886145833333334 0.2578020833333333 0.14398375 0.24843125 0.13972958333333332 0.24467833333333333 0.13085802083333334 0.24230364583333333 0.12098364583333333 0.24231197916666666
1 0.9104665625 0.22305739583333334 0.9005725000000001 0.22321135416666668 0.8929080208333333 0.23025041666666668 0.8902133333333333 0.23925760416666667 0.8894592708333333 0.24975458333333334 0.8890158333333333 0.26040708333333334 0.8926229166666667 0.2722504166666667 0.8960662500000001 0.27765697916666665 0.9046246875 0.2811134375 0.9133224999999999 0.2794678125 0.9203646875 0.27585822916666664 0.9271244791666666 0.2604103125 0.9272688541666666 0.2500565625 0.9281577083333333 0.23700791666666668 0.9248648958333334 0.22996760416666667 0.9199127083333334 0.22530697916666667
1 0.6872586458333333 0.2667148958333333 0.6771277083333334 0.27283697916666666 0.6730071875 0.28295875 0.6727573958333333 0.28921302083333333 0.6767557291666667 0.29609083333333336 0.6865086458333334 0.3030889583333333 0.6981348958333334 0.3069598958333334 0.7056297916666666 0.3075910416666667 0.7147542708333333 0.3060907291666667 0.7213754166666667 0.3023390625 0.7263835416666667 0.29533437500000004 0.7286344791666667 0.28995916666666666 0.728504375 0.2822125 0.72525375 0.2750884375 0.7213780208333334 0.2697090625 0.7165067708333334 0.26684114583333335 0.7095072916666666 0.2655921875 0.698500625 0.265588125
1 0.23044687500000002 0.5208877083333333 0.236181875 0.5143071874999999 0.24722604166666665 0.512609375 0.2542379166666667 0.5145205208333333 0.25719864583333335 0.5200378125 0.257834375 0.5302336458333333 0.25869291666666666 0.5438298958333333 0.25720447916666667 0.5527413541666667 0.25104166666666666 0.5595503125000001 0.24403395833333336 0.5627301041666667 0.23554906250000002 0.562943125 0.23065885416666668 0.558908125 0.22853895833333335 0.5482876041666667 0.22853562500000002 0.5387302083333334 0.2285392708333333 0.5253460416666667
1 0.22198197916666668 0.19756020833333335 0.211988125 0.20118489583333332 0.20523364583333334 0.20655395833333332 0.2013551041666667 0.21405395833333335 0.19848062500000002 0.22305239583333333 0.19836166666666666 0.23505885416666666 0.20210822916666665 0.24543229166666666 0.20698156250000002 0.25480989583333336 0.21536427083333332 0.26118572916666666 0.22385968750000002 0.26193 0.23260604166666665 0.25905875 0.24535822916666666 0.2425603125 0.24860854166666665 0.23092895833333332 0.2486065625 0.22256104166666668 0.2459878125 0.21405406249999998 0.2431140625 0.20918677083333334 0.23698885416666665 0.20168677083333333 0.2337341666666667 0.19942875000000002
1 0.7542554166666666 0.328211875 0.7462577083333334 0.3323417708333333 0.7410034375 0.33946020833333335 0.7361279166666667 0.34646666666666665 0.7325084374999999 0.3548429166666667 0.73125 0.36046239583333334 0.73125 0.3663432291666667 0.7321338541666667 0.37121427083333336 0.7342565625 0.376834375 0.7376259375 0.3820855208333333 0.7407571875 0.38621197916666666 0.7497533333333333 0.39046427083333335 0.7557594791666666 0.3918363541666666 0.7665040624999999 0.39121510416666666 0.771875 0.38733354166666667 0.7808761458333334 0.37983666666666666 0.7882564583333332 0.36945875 0.790625 0.35783864583333336 0.790505 0.3430916666666667 0.78463 0.33233864583333333 0.777009375 0.32708333333333334 0.7661311458333333 0.32583604166666663
1 0.9322355208333334 0.4770173958333333 0.92014 0.4815484375 0.9143120833333334 0.48500489583333334 0.9110660416666666 0.49343489583333333 0.9136596874999999 0.5018516666666667 0.9175502083333333 0.5076776041666666 0.9253178125 0.5102752083333333 0.9376279166666667 0.5102791666666666 0.9477895833333334 0.5061766666666666 0.9555603125 0.5031461458333334 0.9607402083333334 0.497753125 0.9616046874999999 0.49126197916666664 0.9594581249999999 0.4828471875 0.9564269791666666 0.47571145833333334 0.94735125 0.4746357291666667
1 0.024800104166666666 0.13142208333333333 0.015542395833333333 0.13366895833333334 0.006922291666666667 0.13804614583333336 0.0 0.14450552083333335 0.0 0.18488520833333333 0.0012922916666666666 0.18617666666666668 0.007176875 0.1886728125 0.012542500000000002 0.18904572916666668 0.021922291666666666 0.18729635416666665 0.030796041666666666 0.18316989583333332 0.03941666666666667 0.17667239583333333 0.04354677083333334 0.16991958333333335 0.04729208333333333 0.16217260416666665 0.048796874999999997 0.15204385416666666 0.046920416666666666 0.14567572916666668 0.0444221875 0.14142083333333336 0.04017020833333333 0.1359234375 0.034292916666666666 0.1320434375
1 0.32915354166666666 0.6224219791666666 0.31430395833333336 0.6338211458333334 0.30739614583333336 0.6494264583333333 0.3062033333333333 0.6599248958333334 0.3093638541666667 0.6702696874999999 0.3125 0.6743217708333333 0.320005625 0.6761233333333333 0.3332073958333333 0.6729786458333333 0.340255625 0.6684691666666667 0.34760749999999996 0.6626227083333334 0.3519525 0.6570641666666667 0.3548060416666667 0.6459697916666667 0.3539055208333333 0.6363746875 0.34925218750000003 0.6278127083333334 0.3452047916666666 0.6234773958333334 0.33950041666666664 0.6210639583333334
1 0.514464375 0.15242489583333332 0.49632187499999997 0.15962802083333333 0.48340895833333336 0.17357541666666665 0.47802020833333336 0.18572656250000003 0.47846322916666667 0.19921906250000002 0.48551697916666664 0.2077740625 0.4990173958333333 0.20882760416666668 0.5111582291666666 0.20507843750000002 0.5210626041666667 0.199225 0.5300648958333334 0.18977354166666668 0.5347139583333332 0.18047489583333334 0.5359144791666667 0.17088177083333334 0.5356234375 0.16247614583333334 0.530511875 0.15737541666666666 0.5234583333333334 0.15391739583333336
1 0.8126642708333333 0.6200100000000001 0.8041206249999999 0.6242259375 0.7979653125 0.6303716666666667 0.7961601041666667 0.6408709375 0.7991579166666667 0.6503042708333333 0.8054585416666666 0.6582659375 0.81236875 0.6611160416666666 0.8194094791666667 0.6633654166666666 0.827661875 0.6623134375 0.8365129166666667 0.6582657291666667 0.8407176041666666 0.6525548958333334 0.8432705208333334 0.6431077083333334 0.8432629166666668 0.6335177083333333 0.84026375 0.626761875 0.8362184374999999 0.6213736458333333 0.8275198958333333 0.6182235416666667 0.8222686458333333 0.6177530208333334
1 0.3058978125 0.7127258333333334 0.29645499999999997 0.7242679166666667 0.29195260416666663 0.7359729166666666 0.2907576041666667 0.7454222916666667 0.29210875 0.7535113541666667 0.2979521875 0.7616244791666666 0.3029033333333333 0.76566875 0.31310416666666663 0.7661204166666666 0.31955416666666664 0.7643138541666666 0.3258594791666667 0.7595169791666667 0.33111145833333333 0.7535207291666667 0.33425958333333333 0.7467697916666667 0.33575677083333333 0.7377651041666666 0.3356046875 0.7292254166666667 0.3320051041666667 0.721125 0.3275065625 0.7154257291666667 0.3231505208333333 0.7121154166666667
1 0.7352707291666667 0.16201791666666668 0.7166577083333333 0.16275770833333333 0.7046604166666667 0.16725427083333333 0.6986572916666667 0.17235760416666668 0.6943126041666667 0.17941604166666666 0.6932680208333333 0.18855947916666665 0.6937160416666667 0.19561083333333332 0.6979070833333334 0.20415697916666667 0.71351625 0.21360447916666667 0.7361617708333333 0.21871447916666667 0.7447086458333333 0.21781177083333333 0.7553709375000001 0.2133115625 0.7654160416666667 0.20790989583333333 0.7699089583333334 0.20296 0.7708186458333334 0.19440822916666667 0.7666231250000001 0.18091614583333332 0.7621219791666667 0.17236197916666668 0.7576147916666667 0.1678615625 0.7528165625 0.16560781249999998
1 0.8588193749999999 0.05776614583333333 0.8459264583333332 0.052359375 0.8340659375 0.04696375 0.8196668749999999 0.046961145833333336 0.8070641666666667 0.04875354166666667 0.7998685416666667 0.0546071875 0.7962610416666667 0.061053125 0.7932679166666666 0.07141114583333333 0.7944690624999999 0.07800854166666667 0.8034717708333333 0.08535635416666666 0.8214709375000001 0.09480791666666667 0.8364697916666667 0.10275177083333334 0.8457685416666667 0.10381125 0.8556721875 0.10410885416666667 0.8624260416666666 0.10321333333333334 0.8691752083333333 0.099614375 0.8723191666666666 0.0925578125 0.872016875 0.08580229166666667 0.8696205208333333 0.07620947916666668 0.8664767708333333 0.06690927083333334
1 0.46505416666666666 1.0 0.4660711458333333 0.9948651041666667 0.46294229166666667 0.9865404166666667 0.4588844791666667 0.98028375 0.4499232291666667 0.9749809375 0.43898156250000003 0.9734266666666667 0.42669375 0.9751809375 0.42179468750000004 0.97748125 0.41762645833333334 0.9815392708333334 0.4160652083333333 0.9877889583333332 0.41773666666666665 0.9959139583333333 0.421088125 1.0
1 0.06807583333333334 0.737659375 0.05925333333333334 0.7508195833333333 0.05403760416666667 0.7599775 0.05223802083333333 0.768636875 0.051697708333333335 0.7765534375 0.054041041666666664 0.7848194791666666 0.062141562500000004 0.7940160416666667 0.07401583333333334 0.80049375 0.08264718750000001 0.8024690625 0.09381291666666666 0.7981546875000001 0.104081875 0.7848188541666666 0.1085825 0.7716880208333333 0.11018875 0.7560321875 0.10623395833333334 0.7462933333333334 0.10245666666666667 0.7400140625 0.09597125000000001 0.7349479166666666 0.08914447916666667 0.7340754166666666 0.08031895833333333 0.7338775
1 0.7133733333333333 0.7502070833333333 0.6917682291666666 0.7479519791666667 0.6826232291666667 0.7496042708333334 0.67541375 0.7577206249999999 0.672268125 0.7716505208333333 0.6731647916666667 0.78022125 0.6776576041666666 0.7880133333333333 0.6989583333333333 0.7946145833333333 0.7181579166666666 0.7947529166666667 0.73406875 0.790263125 0.7379645833333334 0.7857670833333333 0.7411170833333334 0.7763160416666667 0.7411246874999999 0.7649251041666666 0.7372126041666667 0.7581669791666666 0.7294097916666666 0.7533708333333333
1 0.10586760416666667 0.56882 0.09795291666666667 0.5711618749999999 0.09075145833333333 0.5774579166666667 0.08588604166666666 0.5817775 0.08481864583333333 0.5895105208333333 0.08768989583333334 0.5992292708333333 0.09416760416666665 0.6040972916666667 0.10316906249999999 0.6104056250000001 0.11577604166666666 0.6114766666666667 0.12549802083333333 0.6087744791666666 0.1431448958333333 0.6013969791666667 0.15141218750000002 0.5941886458333333 0.1539328125 0.5846652083333334 0.150693125 0.5743962499999999 0.14439479166666666 0.5695395833333333 0.13665541666666667 0.5671934375000001 0.11991333333333333 0.566665
1 0.05625 0.023028645833333337 0.03116802083333333 0.018293958333333336 0.0202984375 0.01904322916666667 0.0064266666666666665 0.0222928125 0.0 0.027048020833333335 0.0 0.03900895833333333 0.00342375 0.04591875 0.016051875 0.05717520833333333 0.028920625 0.06279791666666666 0.037550729166666665 0.0643003125 0.04579822916666666 0.06466822916666666 0.054418125 0.06329749999999999 0.06329479166666667 0.060175624999999996 0.06904916666666666 0.054924895833333334 0.07229697916666668 0.047547812499999995 0.0677934375 0.0351740625 0.06366895833333333 0.027168958333333333
1 0.030563645833333333 0.9092504166666667 0.018896354166666667 0.9150888541666667 0.0109128125 0.9256744791666667 0.007882083333333333 0.9332196875 0.009187083333333334 0.9448907291666667 0.01565625 0.949645625 0.023865416666666663 0.9513680208333334 0.038982916666666666 0.948125625 0.04718854166666667 0.9442409375 0.05302854166666667 0.9399197916666666 0.058863541666666665 0.9338770833333334 0.060372812500000005 0.925450625 0.060369374999999996 0.9163839583333334 0.05843677083333333 0.9094589583333333 0.05453427083333333 0.9062247916666667 0.0471878125 0.9049332291666666
1 0.3698414583333333 0.8150086458333334 0.3544644791666667 0.8126297916666666 0.3453415625 0.8133823958333333 0.33759364583333334 0.81825375 0.3348389583333333 0.822880625 0.3338347916666667 0.8303754166666667 0.3374657291666667 0.8388835416666667 0.34321583333333333 0.8448814583333333 0.36071270833333335 0.853503125 0.3730892708333334 0.8573835416666667 0.38296500000000006 0.8572579166666666 0.38921510416666666 0.8546267708333333 0.39496458333333334 0.8497586458333333 0.39596145833333335 0.8465061458333333 0.39609302083333336 0.8403842708333333 0.39071593750000005 0.8322538541666666 0.38658343749999996 0.82588125
1 0.5530892708333333 0.5563512500000001 0.5410209375 0.5601189583333334 0.5286097916666667 0.5680461458333333 0.5239223958333333 0.5811847916666667 0.5242875 0.591445625 0.5287866666666666 0.5982866666666666 0.5368951041666666 0.5998987499999999 0.5512853124999999 0.6009871875 0.5708986458333333 0.5955898958333333 0.5811652083333333 0.5903583333333333 0.58692125 0.584248125 0.5874630208333333 0.5761394791666666 0.5847667708333333 0.5675048958333334 0.5795470833333333 0.5610288541666667 0.5698295833333333 0.5585046874999999
1 0.4054673958333333 0.2715341666666667 0.3933096875 0.27378572916666666 0.3873054166666667 0.278444375 0.3814666666666667 0.29088625 0.37921 0.3129384375 0.38146281249999997 0.3247834375 0.384605625 0.33363895833333335 0.3918097916666667 0.3394940625 0.4023029166666667 0.34219166666666667 0.41386052083333336 0.342641875 0.4242108333333333 0.33589010416666665 0.42796083333333335 0.3277870833333333 0.43140947916666667 0.31174854166666666 0.43020833333333336 0.3003425 0.42660489583333333 0.2883423958333333 0.42150208333333333 0.2791925
1 0.18217333333333335 0.062175312499999996 0.17632208333333335 0.0656165625 0.16641739583333334 0.07972781250000001 0.164619375 0.09592104166666666 0.1682346875 0.11616947916666667 0.17512395833333333 0.13447875 0.180841875 0.1434771875 0.18908520833333334 0.14811625 0.19702 0.15022072916666668 0.20661604166666667 0.1494740625 0.21456895833333334 0.14662458333333334 0.22267052083333333 0.14076333333333332 0.22823302083333333 0.12741947916666665 0.2327296875 0.10926812500000001 0.22761572916666667 0.08451979166666666 0.221478125 0.07147854166666666 0.21456739583333334 0.06217114583333334 0.20556364583333334 0.059014166666666666 0.1985359375 0.05842166666666667 0.19073770833333334 0.059769062500000004
1 0.4999722916666667 0.7378866666666667 0.4911353125 0.7230319791666666 0.4830265625 0.7165905208333334 0.4725266666666667 0.7144943749999999 0.4618825 0.718090625 0.4540815625 0.7323348958333333 0.455130625 0.7486888541666666 0.45647000000000004 0.7561920833333333 0.46172406250000003 0.7711877083333333 0.468176875 0.7831961458333333 0.4740255208333333 0.7914388541666667 0.48241843749999996 0.7935389583333333 0.49187572916666666 0.7912867708333333 0.4996686458333333 0.7858952083333333 0.5046298958333334 0.77869125 0.505525 0.7702813541666667 0.5055302083333334 0.758589375
1 0.8422573958333334 0.30671270833333336 0.8365029166666668 0.31170927083333333 0.8306328125 0.3177083333333333 0.8265045833333333 0.32884281249999997 0.8261290625 0.3400866666666667 0.8295054166666667 0.3494686458333333 0.8332586458333334 0.3550920833333333 0.8391293750000001 0.3593359375 0.8496349999999999 0.36083781249999997 0.8586294791666667 0.3595875 0.8672598958333333 0.349835625 0.87513375 0.33496270833333336 0.876758125 0.32395833333333335 0.87526 0.3145833333333333 0.8730058333333334 0.30796510416666667 0.8696311458333333 0.3042152083333333 0.86387875 0.30108666666666667 0.8533780208333333 0.3012186458333333
1 0.6047666666666667 0.180328125 0.5935169791666667 0.18541666666666667 0.5864583333333333 0.19262854166666665 0.5792680208333334 0.20282552083333333 0.5725207291666667 0.2196253125 0.5719148958333334 0.22667270833333333 0.5741589583333333 0.23432677083333334 0.5797159375 0.24257510416666667 0.5846582291666667 0.247829375 0.5950120833333333 0.2500735416666667 0.6043136458333334 0.2505266666666667 0.6179638541666667 0.24527135416666665 0.6272610416666667 0.23162531249999999 0.63236625 0.2212784375 0.6340107291666667 0.20477385416666666 0.6305625 0.19427208333333335 0.6272705208333333 0.18858333333333333 0.6229117708333334 0.1848240625 0.6143690625 0.18002552083333334
1 0.9556083333333334 0.24301385416666665 0.9502084375000001 0.2500615625 0.946459375 0.25680333333333333 0.9428684374999999 0.27270927083333335 0.9443705208333333 0.2869645833333333 0.950511875 0.2986563541666667 0.9556146875 0.30315864583333335 0.9614583333333333 0.3033025 0.9698654166666666 0.30241656250000004 0.9821617708333333 0.2959676041666667 0.9848653125 0.28575395833333334 0.9835117708333333 0.2668598958333333 0.97796375 0.24796374999999998 0.9743725 0.24166385416666666 0.9682101041666668 0.23850072916666668
1 0.6791333333333333 0.3780935416666667 0.6742539583333333 0.37471374999999996 0.666631875 0.37170875 0.65925375 0.37208895833333333 0.6521257291666667 0.37508895833333333 0.6475002083333333 0.3780898958333333 0.6450042708333333 0.3818392708333333 0.6430052083333333 0.38645833333333335 0.6431333333333333 0.39658520833333333 0.6463836458333333 0.4063410416666667 0.6487583333333333 0.4123435416666667 0.6525019791666666 0.4189676041666667 0.6576288541666667 0.42496135416666664 0.6660103125 0.43071572916666667 0.6716311458333333 0.43184093749999997 0.67675 0.4317091666666667 0.6840091666666667 0.4290848958333333 0.6947586458333334 0.4230916666666667 0.6967531250000001 0.4183390625 0.6975022916666667 0.40933447916666665 0.6966320833333334 0.3994592708333334 0.6907554166666666 0.3898423958333333
1 0.6263082291666666 0.8474034375 0.6140184375000001 0.8570929166666666 0.6050571875 0.871875 0.6058935416666666 0.884375 0.6088078125 0.8912507291666666 0.6118264583333333 0.8949040625 0.62318125 0.8946881250000001 0.6375562499999999 0.8886546875000001 0.6499542708333333 0.8761532291666666 0.6563025 0.8628192708333333 0.658706875 0.8509442708333333 0.6538039583333333 0.8445915625 0.6405779166666666 0.8440627083333333
1 0.8641096875 0.7353727083333333 0.8513669791666667 0.7352001041666667 0.8438660416666667 0.7385013541666667 0.836215625 0.7491761458333334 0.8369638541666667 0.7622016666666667 0.8414598958333334 0.7709207291666667 0.85107 0.7776536458333333 0.8771565625 0.7866754166666666 0.8879588541666668 0.7865040625 0.8978740625 0.7844232291666666 0.9050644791666667 0.7797608333333332 0.9077633333333334 0.772700625 0.9080633333333333 0.7626726041666667 0.901468125 0.7532205208333332 0.8956176041666667 0.7466232291666667
1 0.8140191666666666 0.20430395833333334 0.8014154166666666 0.21046250000000002 0.7946573958333333 0.21541166666666667 0.7901638541666667 0.22260937500000003 0.7883716666666667 0.23175052083333333 0.7874639583333334 0.23971333333333333 0.7877672916666667 0.24465927083333333 0.7978190625 0.2542511458333333 0.8035105208333333 0.2533564583333333 0.81670875 0.24780239583333333 0.8270713541666667 0.24241166666666666 0.8338194791666667 0.23160479166666667 0.8347096875 0.21946520833333333 0.831410625 0.21105875 0.8251242708333333 0.2041659375
1 0.12208291666666667 0.4901569791666667 0.11253239583333333 0.4898 0.10695125 0.4907138541666667 0.09939541666666667 0.4955554166666667 0.09614822916666667 0.5063796875000001 0.09885791666666667 0.5135819791666667 0.10209708333333332 0.5198595833333334 0.11307916666666666 0.5279764583333333 0.12765208333333333 0.5303175 0.14008104166666666 0.527973125 0.14638260416666665 0.5247182291666667 0.15358322916666667 0.5171598958333333 0.1535815625 0.5076209375 0.1479959375 0.4995316666666667 0.14223197916666666 0.4935736458333333 0.13575437499999998 0.49088437500000004
1 0.3879521875 0.6720657291666666 0.37894822916666665 0.681071875 0.3728065625 0.6972690625 0.372360625 0.707171875 0.37369854166666666 0.7160207291666667 0.3771475 0.7214190625000001 0.38165604166666667 0.7274209375 0.3867521875 0.7295152083333334 0.40205968750000004 0.7250186458333334 0.4092527083333334 0.7182675 0.4160086458333333 0.7092680208333333 0.41990197916666666 0.6990682291666667 0.42036375 0.6851153125 0.41675395833333334 0.676873125 0.41061270833333335 0.6698147916666667 0.401008125 0.6660687500000001 0.39800114583333335 0.6669710416666667
1 0.4343147916666667 0.07021541666666667 0.42456927083333335 0.07606072916666666 0.41736541666666666 0.08266270833333333 0.41061895833333334 0.09946062500000001 0.41137427083333333 0.118658125 0.41272770833333333 0.12510520833333333 0.41826854166666666 0.13230635416666667 0.42501541666666665 0.13665697916666666 0.4329746875 0.13816260416666667 0.4403211458333333 0.1386109375 0.4461686458333334 0.1368039583333333 0.45066791666666667 0.1348621875 0.4556186458333333 0.13141 0.4632617708333333 0.12496739583333333 0.4680713541666667 0.11235791666666667 0.46987343750000005 0.10380968750000001 0.46731364583333335 0.09166656249999999 0.46417625 0.08040697916666667 0.4613129166666667 0.076056875 0.457723125 0.07321625 0.45066947916666666 0.07096385416666666
1 0.8416158333333333 0.8207022916666666 0.8218140625 0.8217523958333334 0.8110177083333333 0.8217530208333332 0.8011165625000001 0.8258135416666667 0.7967691666666668 0.8325633333333333 0.7948223958333334 0.8402272916666667 0.7985646875000001 0.8490652083333334 0.8029098958333333 0.8550659374999999 0.8156652083333333 0.8585154166666666 0.8254153125 0.8586745833333332 0.8498699999999999 0.8558140625 0.8641248958333333 0.8508728125 0.8713129166666668 0.8465179166666666 0.8728227083333333 0.8384002083333333 0.8705696875 0.8319741666666667 0.8623216666666667 0.8238695833333334 0.85436625 0.820874375
1 0.8505903125 0.47312927083333334 0.833093125 0.4759336458333333 0.8253184375 0.481123125 0.8222863541666666 0.49343354166666664 0.825315 0.5005540625 0.8300626041666667 0.507474375 0.8462641666666666 0.5113603125 0.8661363541666667 0.5120045833333333 0.8741288541666666 0.5096308333333334 0.8780107291666667 0.5081178125 0.880605 0.5035735416666667 0.8810452083333333 0.49536687500000004 0.8758595833333334 0.4854376041666667 0.8719692708333333 0.48025249999999997 0.8624681249999999 0.4765784375
1 0.3297903125 0.09712114583333334 0.3221191666666667 0.09322427083333333 0.3128146875 0.09172020833333333 0.3056225 0.09397177083333334 0.30113447916666664 0.10926697916666667 0.30141687500000003 0.12381927083333334 0.3047283333333333 0.1395670833333333 0.30951416666666665 0.14676906250000002 0.31731270833333336 0.15171895833333335 0.3266190625 0.15576333333333334 0.3362253125 0.15606802083333332 0.34147260416666664 0.15217427083333332 0.3450723958333333 0.1454196875 0.34568375 0.13597864583333333 0.34567739583333335 0.12591802083333334 0.34506374999999995 0.11737416666666665 0.34073666666666663 0.1076146875 0.3383146875 0.10206302083333334
1 0.5560119791666666 0.4850178125 0.5474648958333332 0.48697447916666664 0.5420648958333333 0.4928182291666667 0.5398208333333333 0.5036065625 0.5423695833333333 0.5138168750000001 0.5513702083333333 0.5214698958333334 0.5645692708333333 0.5261195833333333 0.5756571875 0.5264240625 0.5869135416666666 0.5237220833333333 0.5927632291666666 0.5196558333333333 0.5959096875000001 0.5139776041666667 0.5959141666666666 0.5049772916666667 0.5933716666666666 0.4967255208333333 0.5870665625 0.49100364583333334 0.5767144791666666 0.4877041666666667 0.5695158333333333 0.4850165625
1 0.7595073958333334 0.4245913541666667 0.752005625 0.43371125 0.7485078125 0.4418344791666666 0.746384375 0.4512103125 0.7466267708333334 0.457589375 0.75 0.4647117708333333 0.753509375 0.4688390625 0.7580023958333334 0.4708333333333333 0.7636282291666666 0.47146791666666665 0.7673836458333334 0.4712145833333333 0.7741330208333334 0.466218125 0.7831253125 0.45883833333333335 0.7883828125 0.45083333333333336 0.7890030208333333 0.441216875 0.7861278125 0.4322177083333333 0.7823837499999999 0.42533333333333334 0.778125 0.42046677083333334 0.7726345833333333 0.4197113541666667
1 0.0 0.23908083333333333 0.010671770833333333 0.23937083333333334 0.0222203125 0.24295947916666666 0.02853 0.2507619791666667 0.03091875 0.259315625 0.0312225 0.2695155208333333 0.027778958333333333 0.27686489583333335 0.019675833333333333 0.28137416666666665 0.007831979166666666 0.2827089583333333 0.0 0.2827135416666666
1 0.6469134375 0.6762545833333333 0.6386640625 0.68406375 0.6347639583333333 0.6947252083333333 0.6341641666666666 0.7079232291666667 0.6364138541666667 0.7164517708333332 0.6413748958333334 0.7221706250000001 0.6487094791666668 0.7245672916666667 0.6584613541666666 0.7248719791666667 0.6701583333333333 0.7133219791666666 0.6730152083333334 0.7037191666666666 0.6730173958333334 0.6926208333333334 0.6683661458333333 0.6845065625 0.6617645833333333 0.6780703124999999 0.6557692708333334 0.6750728125
0 0.8443147590361445 0.08283132530120481 0.8333333333333333 0.07781124497991967 0.8207831325301205 0.06996736947791164 0.8179593373493975 0.06588855421686747 0.8195281124497991 0.0621234939759036 0.8242344377510039 0.06306475903614457 0.8323920682730923 0.06871234939759036 0.8421184738955823 0.07592871485943774 0.8471385542168673 0.08032128514056223 0.8490210843373494 0.08157630522088354 0.8505898594377509 0.08440010040160642 0.8490210843373494 0.08596887550200803
0 0.6876278118609407 0.2897068847989094 0.7021131561008862 0.2882157464212679 0.7102079072937969 0.286937627811861 0.7136162235855488 0.28565950920245403 0.7142552828902523 0.28331629175187456 0.7125511247443763 0.28289025221540565 0.709355828220859 0.28267723244717113 0.6999829584185413 0.2845944103612815 0.6842194955691888 0.28629856850715746 0.6842194955691888 0.28906782549420584
0 0.6126448534423995 0.04686434901158828 0.6079584185412407 0.01874573960463531 0.6075323790047716 0.010864008179959101 0.6075323790047716 0.006177573278800272 0.6090235173824131 0.004260395364689844 0.6103016359918201 0.005112474437627812 0.6117927743694616 0.011503067484662576 0.612431833674165 0.025988411724608043 0.6152010906612133 0.041751874573960464 0.6162661895023859 0.05155078391274711 0.6147750511247445 0.05368098159509203 0.613709952283572 0.05261588275391957
0 0.8465405589638719 0.5645023858214042 0.8384458077709612 0.558324812542604 0.8320552147239264 0.5532123381049762 0.8286468984321745 0.5521472392638037 0.8258776414451262 0.5504430811179278 0.8231083844580778 0.5468217450579415 0.8222563053851398 0.544904567143831 0.826729720518064 0.544904567143831 0.8286468984321745 0.545756646216769 0.8373807089297888 0.5532123381049762 0.8482447171097479 0.561307089297887 0.8548483299250171 0.5670586230402181 0.8554873892297206 0.5694018404907976 0.8522920927062032 0.5687627811860941
0 0.5534253578732107 0.7176635991820041 0.5570466939331971 0.7027522154055897 0.5615201090661214 0.692101226993865 0.5627982276755283 0.6891189502385822 0.561307089297887 0.6882668711656442 0.559176891615542 0.6882668711656442 0.5572597137014316 0.6895449897750512 0.5568336741649625 0.6918882072256306 0.5519342194955692 0.707651670074983 0.5480998636673483 0.7180896387184731 0.5489519427402864 0.7195807770961146 0.5515081799591003 0.7195807770961146
0 0.48163769597818684 0.7694274028629857 0.48206373551465576 0.7623977505112475 0.47801635991820046 0.74876448534424 0.4743950238582141 0.7387525562372189 0.4722648261758691 0.73406612133606 0.4714127471029312 0.7298057259713703 0.47183878663940015 0.7257583503749149 0.47482106339468305 0.7257583503749149 0.4782293796864349 0.7281015678254942 0.4799335378323109 0.734492160872529 0.48057259713701433 0.7404567143830948 0.48163769597818684 0.7468473074301296 0.4856850715746422 0.75920245398773 0.48888036809815955 0.7711315610088616 0.489945466939332 0.776883094751193 0.48888036809815955 0.7785872528970689 0.4844069529652352 0.7770961145194274 0.48291581458759375 0.7749659168370825
0 0.7251192910702113 0.776457055214724 0.6880538513974097 0.7713445807770962 0.6827283571915473 0.7707055214723927 0.6801721199727335 0.7698534423994547 0.6797460804362646 0.7672972051806408 0.6816632583503749 0.7660190865712339 0.6897580095432857 0.7664451261077029 0.7172375596455353 0.7707055214723927 0.7330010224948875 0.7741138377641446 0.7323619631901841 0.7762440354464896 0.7285276073619632 0.7760310156782549
0 0.6209526244035447 0.8814758009543286 0.6358640081799591 0.8663513974096797 0.6424676209952284 0.8601738241308794 0.6439587593728698 0.858256646216769 0.6445978186775733 0.855700408997955 0.6433197000681664 0.8548483299250171 0.640550443081118 0.8548483299250171 0.6384202453987731 0.8571915473755964 0.6339468302658487 0.8627300613496932 0.6188224267211998 0.8774284253578732 0.6162661895023859 0.8799846625766872 0.6156271301976823 0.8821148602590321 0.6173312883435583 0.8825408997955011
0 0.6850715746421269 0.9626363326516701 0.6935923653715065 0.9432515337423314 0.6993438991138379 0.9330265848670757 0.6999829584185413 0.9306833674164963 0.7001959781867757 0.9291922290388548 0.6989178595773688 0.9270620313565099 0.6970006816632583 0.926635991820041 0.6957225630538514 0.9274880708929789 0.6938053851397411 0.9308963871847308 0.6918882072256306 0.9355828220858896 0.6876278118609407 0.9462338104976143 0.6788940013633266 0.9611451942740287 0.6780419222903886 0.9641274710293115 0.6780419222903886 0.9654055896387186 0.6797460804362646 0.9654055896387186 0.6823023176550784 0.965192569870484
0 0.9852164280845263 0.8763633265167008 0.9671097477845945 0.8508009543285617 0.9521983640081799 0.8324812542603954 0.9511332651670076 0.829711997273347 0.952624403544649 0.82843387866394 0.9556066802999319 0.8303510565780505 0.9756305385139741 0.8571915473755964 0.9879856850715747 0.8742331288343558 0.9930981595092024 0.8831799591002045 0.9920330606680301 0.8857361963190186 0.9905419222903886 0.8848841172460805
0 0.9217365371506477 0.6818762781186095 0.898091342876619 0.680385139740968 0.8946830265848671 0.6797460804362646 0.8923398091342878 0.6788940013633266 0.8910616905248807 0.6776158827539196 0.8934049079754602 0.6752726653033403 0.8972392638036811 0.6756987048398091 0.9040558963871848 0.6763377641445127 0.9198193592365372 0.6769768234492162 0.923653715064758 0.6774028629856851 0.926635991820041 0.6791070211315611 0.9274880708929789 0.6818762781186095 0.9245057941376961 0.6825153374233129
0 0.2689950980392157 0.4215686274509804 0.25796568627450983 0.4172794117647059 0.2552083333333333 0.41605392156862747 0.2512254901960784 0.4140625 0.25107230392156865 0.4128370098039216 0.2526041666666667 0.41099877450980393 0.25888480392156865 0.41253063725490197 0.27405024509803927 0.4194240196078432 0.27619485294117646 0.4215686274509804 0.2768075980392157 0.4232536764705882 0.2743566176470588 0.42356004901960786
0 0.540913654618474 0.5835843373493976 0.5622489959839357 0.5779367469879517 0.5669553212851405 0.5766817269076304 0.5697791164658634 0.5754267068273092 0.5722891566265059 0.5729166666666666 0.5694653614457831 0.5716616465863453 0.5663278112449799 0.5722891566265059 0.5522088353413654 0.5769954819277108 0.5387173694779116 0.580133032128514 0.535266064257028 0.5807605421686746 0.5346385542168675 0.5826430722891566 0.5358935742971888 0.5845256024096385
0 0.5758397108843538 0.508875425170068 0.5670705782312926 0.5064838435374149 0.5612244897959184 0.5070153061224489 0.5580357142857143 0.507281037414966 0.5556441326530612 0.507281037414966 0.5527210884353742 0.5064838435374149 0.5511267006802721 0.5054209183673469 0.5513924319727892 0.5027636054421769 0.5551126700680272 0.5017006802721089 0.5590986394557824 0.5006377551020409 0.5628188775510204 0.49984056122448983 0.5668048469387755 0.5006377551020409 0.5710565476190477 0.5019664115646258 0.5763711734693878 0.504092261904762 0.5798256802721088 0.50515518707483 0.584077380952381 0.506749574829932 0.5835459183673469 0.5096726190476191 0.5816857993197279 0.5096726190476191
0 0.36936649659863946 0.8383822278911565 0.3613945578231293 0.8338647959183674 0.35714285714285715 0.8328018707482994 0.3544855442176871 0.8317389455782312 0.3515625 0.8301445578231292 0.349968112244898 0.8288159013605442 0.350233843537415 0.8274872448979592 0.353422619047619 0.8261585884353742 0.35687712585034015 0.8256271258503401 0.3598001700680272 0.8258928571428572 0.3627232142857143 0.8274872448979592 0.3675063775510204 0.8304102891156463 0.37202380952380953 0.8322704081632654 0.3776041666666667 0.8365221088435374 0.3784013605442177 0.8386479591836734 0.3770727040816327 0.8405080782312926 0.3730867346938776 0.8397108843537414
0 0.3235261524822695 0.6554188829787234 0.3340536347517731 0.6393506205673759 0.33654698581560283 0.6360261524822695 0.3371010638297873 0.6340868794326241 0.33488475177304966 0.6329787234042553 0.3329454787234043 0.6332557624113476 0.3304521276595745 0.6346409574468086 0.3274046985815603 0.6387965425531914 0.32546542553191493 0.6432291666666666 0.32241799645390073 0.6476617907801419 0.3204787234042553 0.6509862588652483 0.31826241134751776 0.653479609929078 0.3179853723404255 0.6559729609929078 0.3202016843971631 0.6573581560283688
0 0.19566993464052287 0.12510212418300654 0.1926062091503268 0.1005923202614379 0.19005310457516342 0.07914624183006537 0.19107434640522877 0.0755718954248366 0.19311683006535948 0.07455065359477124 0.1951593137254902 0.07506127450980392 0.1972017973856209 0.08169934640522876 0.1982230392156863 0.0959967320261438 0.1982230392156863 0.11284722222222222 0.20077614379084968 0.12408088235294117 0.2028186274509804 0.1332720588235294 0.2028186274509804 0.13633578431372548 0.19873366013071894 0.13531454248366012
0 0.43719362745098045 0.11999591503267973 0.4417892156862745 0.09752859477124183 0.44383169934640526 0.08884803921568628 0.4448529411764706 0.08476307189542484 0.44383169934640526 0.0806781045751634 0.44127859477124187 0.07965686274509803 0.43974673202614384 0.08220996732026144 0.4392361111111111 0.08833741830065359 0.43617238562091504 0.10723039215686274 0.4320874183006536 0.12459150326797386 0.43361928104575165 0.1261233660130719 0.4351511437908497 0.12663398692810457
0 0.39998615725359915 0.32246677740863794 0.4027547065337763 0.29616555924695465 0.4024086378737542 0.2895902547065338 0.4027547065337763 0.2868217054263566 0.4044850498338871 0.28578349944629017 0.4069075304540421 0.2864756367663345 0.4075996677740864 0.2972037652270211 0.40483111849390924 0.32281284606866006 0.4034468438538206 0.32834994462901446 0.4024086378737542 0.3307724252491695 0.40033222591362133 0.329734219269103
0 0.4228266888150609 0.556063122923588 0.41209856035437437 0.5269933554817275 0.40552325581395354 0.5148809523809524 0.4034468438538206 0.5107281284606866 0.4027547065337763 0.5072674418604651 0.4034468438538206 0.5055370985603544 0.40586932447397567 0.5055370985603544 0.408983942414175 0.5100359911406424 0.4176356589147287 0.5297619047619048 0.42628737541528244 0.5508720930232557 0.4297480620155039 0.5619462901439646 0.4294019933554818 0.5640227021040974 0.42663344407530457 0.5636766334440753
0 0.4031007751937985 0.6899916943521593 0.3961794019933555 0.7069490586932446 0.3916805094130676 0.7131782945736433 0.38995016611295685 0.7138704318936876 0.3913344407530454 0.7079872646733112 0.40067829457364346 0.6848006644518273 0.40206256921373207 0.6813399778516057 0.404138981173865 0.6809939091915835 0.4044850498338871 0.6837624584717609
1 0.31322916666666667 0.025625000000000002 0.3204166666666667 0.018020833333333333 0.33677083333333335 0.013333333333333334 0.3546875 0.011979166666666667 0.36291666666666667 0.0203125 0.3638541666666667 0.03135416666666667 0.35874999999999996 0.04010416666666667 0.3489583333333333 0.04583333333333333 0.33708333333333335 0.04958333333333333 0.32489583333333333 0.050312499999999996 0.31593750000000004 0.04614583333333333 0.31177083333333333 0.0340625
0 0.3154166666666667 0.10677083333333333 0.31666666666666665 0.103125 0.32458333333333333 0.11020833333333332 0.3296875 0.12104166666666667 0.3305208333333333 0.1315625 0.32947916666666666 0.14104166666666668 0.3264583333333333 0.13770833333333332 0.3203125 0.12427083333333333 0.3158333333333333 0.11083333333333334
1 0.9149999999999999 0.9988541666666666 0.9170833333333334 0.9905208333333333 0.9239583333333333 0.979375 0.9315625 0.975 0.9392708333333334 0.9756250000000001 0.9483333333333334 0.9835416666666668 0.9521875000000001 0.9934375000000001 0.9538541666666667 0.9989583333333333
0 0.6101865859808371 0.1914712556732224 0.6071923852748361 0.19793242561775087 0.602149520927887 0.21085476550680787 0.5925365607665153 0.2303958648512355 0.5879664649520927 0.2395360564800807 0.5885968229954613 0.24063918305597579 0.5933245083207261 0.23654185577407966 0.5958459404942007 0.22866238023197175 0.6041981845688351 0.21132753403933432 0.6075075642965204 0.20423600605143719 0.6109745335350478 0.20013867876954108 0.612077660110943 0.19273197175995965
0 0.6597222222222222 0.3838609307359307 0.6649080086580086 0.38870851370851367 0.6689664502164502 0.395021645021645 0.6734758297258296 0.4034767316017316 0.6773088023088023 0.4099025974025974 0.6805781024531025 0.41790674603174605 0.6789998196248196 0.41790674603174605 0.6761814574314574 0.41407377344877344 0.6735885642135642 0.4090007215007215 0.6660353535353535 0.395247113997114 0.6614132395382395 0.38837031024531027 0.6587076118326117 0.385777417027417
0 0.5571771978021978 0.38089514652014655 0.5546016483516483 0.38060897435897434 0.5556032509157508 0.3863324175824176 0.5543154761904762 0.39921016483516486 0.5513106684981685 0.406650641025641 0.5493074633699634 0.4142342032967033 0.5474473443223443 0.41752518315018317 0.548735119047619 0.4189560439560439 0.5527415293040293 0.4126602564102564 0.5537431318681318 0.40636446886446886 0.5556032509157508 0.4006410256410256 0.5564617673992674 0.3954899267399267 0.5573202838827839 0.38962339743589747 0.5577495421245421 0.3847584706959707
0 0.8478009259259259 0.7494212962962963 0.8578169515669516 0.7523148148148149 0.8658297720797722 0.7576566951566952 0.8736200142450143 0.7603276353276354 0.8831908831908832 0.7647792022792023 0.8927617521367522 0.7685630341880342 0.8943198005698005 0.7719017094017094 0.8914262820512822 0.7730146011396012 0.8854166666666666 0.7694533475783476 0.873397435897436 0.7636663105413106 0.8636039886039887 0.7592147435897437 0.8549234330484331 0.7552083333333334 0.8478009259259259 0.7518696581196581
0 0.719451640759931 0.18836355785837652 0.7249568221070812 0.18976683937823832 0.7291666666666666 0.19117012089810015 0.7327288428324698 0.19246545768566492 0.7357512953367876 0.19343696027633853 0.7420120898100173 0.1958117443868739 0.7443868739205526 0.1964594127806563 0.7480569948186528 0.19699913644214162 0.7512953367875647 0.1974309153713299 0.7545336787564767 0.197646804835924 0.7560449050086356 0.19699913644214162 0.7560449050086356 0.19559585492227977 0.7529145077720207 0.19516407599309152 0.7493523316062176 0.19354490500863558 0.7462219343696027 0.192573402417962 0.7419041450777202 0.19181778929188253 0.7386658031088082 0.19095423143350604 0.7348877374784111 0.18987478411053538 0.731433506044905 0.18879533678756477 0.7270077720207253 0.1875 0.7245250431778929 0.1865284974093264 0.7218264248704662 0.18609671848013815 0.7206390328151986 0.185880829015544 0.7191278065630397 0.185880829015544 0.7189119170984456 0.18674438687392053
0 0.02267230955259976 0.9414046755340589 0.02607315598548972 0.9378778718258768 0.028718258766626363 0.9351068117694479 0.030859532446594118 0.9332174526400646 0.03237101975010077 0.9320838371624345 0.03489016525594519 0.9304463925836356 0.03766122531237404 0.9288089480048368 0.03955058444175736 0.9267936316001613 0.04143994357114067 0.9246523579201935 0.04383313180169287 0.9223851269649335 0.04496674727932285 0.9212515114873036 0.047611850060459496 0.9192361950826281 0.04836759371221282 0.9181025796049981 0.048493550987505046 0.9168430068520759 0.04647823458282951 0.9167170495767836 0.042951430874647326 0.9188583232567513 0.03955058444175736 0.9225110842402258 0.03640165255945183 0.9252821442966546 0.03363059250302298 0.927801289802499 0.029851874244256348 0.930068520757759 0.027836557839580816 0.9314540507859734 0.02607315598548972 0.9325876662636035 0.0229242241031842 0.9349808544941556 0.02128677952438533 0.9367442563482468 0.020279121322047563 0.9382557436517533 0.020279121322047563 0.9400191455058445 0.020531035872632004 0.94090084643289
