1 0.054661716171617164 0.023102310231023104 0.06291254125412542 0.010932343234323433 0.07466996699669967 0.005775577557755776 0.0853960396039604 0.006600660066006601 0.0952970297029703 0.012995049504950496 0.09962871287128713 0.020833333333333332 0.10086633663366336 0.03052805280528053 0.0957095709570957 0.04537953795379538 0.08807755775577558 0.06023102310231023 0.07508250825082509 0.06827557755775578 0.05858085808580858 0.06868811881188118 0.051361386138613865 0.06311881188118812 0.04764851485148515 0.051773927392739276 0.05053630363036304 0.030734323432343235
0 0.06476897689768978 0.0556930693069307 0.07116336633663366 0.04331683168316832 0.07776402640264027 0.026196369636963698 0.07962046204620463 0.027433993399339936 0.07900165016501651 0.03362211221122113 0.07528877887788779 0.0429042904290429 0.06930693069306931 0.055486798679867985
1 0.17347359735973597 0.09632838283828384 0.1800742574257426 0.08601485148514851 0.1862623762376238 0.0787953795379538 0.1974009900990099 0.07157590759075909 0.21122112211221122 0.07054455445544554 0.21926567656765678 0.07941419141914192 0.22462871287128713 0.09034653465346534 0.22215346534653466 0.10622937293729375 0.21183993399339934 0.13056930693069307 0.20173267326732672 0.14315181518151818 0.18915016501650164 0.14562706270627063 0.18193069306930693 0.14521452145214522 0.17367986798679869 0.14212046204620463 0.1672854785478548 0.13737623762376236 0.16336633663366337 0.12933168316831684 0.16295379537953797 0.12025577557755776 0.16914191419141916 0.10499174917491749
1 0.34756600660066006 0.036922442244224425 0.3564356435643565 0.028465346534653466 0.3655115511551155 0.02433993399339934 0.3910891089108911 0.027433993399339936 0.40738448844884495 0.040429042904290426 0.40965346534653463 0.04537953795379538 0.41006600660066006 0.053424092409240925 0.40841584158415845 0.06084983498349835 0.40222772277227725 0.06971947194719472 0.3937706270627063 0.07590759075907591 0.3783003300330033 0.07817656765676567 0.36922442244224424 0.07632013201320133 0.35292904290429045 0.06786303630363036 0.3481848184818482 0.05858085808580858 0.3452970297029703 0.04661716171617162
0 0.35767326732673266 0.041254125412541254 0.3688118811881188 0.04455445544554456 0.3857260726072607 0.051361386138613865 0.3898514851485149 0.053424092409240925 0.38840759075907594 0.05528052805280528 0.3832508250825083 0.054661716171617164 0.3690181518151815 0.0492986798679868 0.36159240924092406 0.04455445544554456
1 0.49257425742574257 0.024752475247524754 0.5020627062706271 0.016295379537953795 0.5202145214521452 0.016914191419141914 0.5377475247524753 0.02145214521452145 0.5598184818481848 0.030734323432343235 0.5707508250825082 0.0393976897689769 0.5769389438943894 0.051773927392739276 0.5775577557755776 0.0653877887788779 0.5699257425742574 0.07611386138613861 0.5517739273927393 0.07900165016501651 0.5377475247524753 0.07673267326732675 0.525371287128713 0.07260726072607261 0.5107260726072608 0.06456270627062706 0.5006188118811881 0.055486798679867985 0.492986798679868 0.04702970297029704 0.49113036303630364 0.03424092409240924
0 0.5099009900990099 0.03424092409240924 0.5129950495049506 0.03362211221122113 0.5286716171617162 0.04146039603960396 0.5544554455445545 0.0558993399339934 0.551980198019802 0.05940594059405941 0.5439356435643564 0.05218646864686469 0.5247524752475248 0.04537953795379538 0.5115511551155116 0.038572607260726074
1 0.6227310231023103 0.09344059405940594 0.6324257425742574 0.08601485148514851 0.6487211221122113 0.08849009900990099 0.6613036303630363 0.0957095709570957 0.6749174917491749 0.10808580858085809 0.6811056105610561 0.12293729372937294 0.6798679867986799 0.13716996699669967 0.6730610561056106 0.14418316831683167 0.664397689768977 0.14851485148514854 0.6462458745874587 0.14521452145214522 0.6324257425742574 0.13242574257425743 0.6227310231023103 0.1186056105610561 0.6202557755775578 0.10973597359735975 0.6204620462046205 0.10004125412541254
0 0.6357260726072608 0.09921617161716173 0.6464521452145214 0.11303630363036303 0.659447194719472 0.1245874587458746 0.6625412541254126 0.1313943894389439 0.6524339933993399 0.12396864686468648 0.6408828382838283 0.11097359735973597 0.6373762376237624 0.10437293729372937
1 0.690387788778878 0.009075907590759076 0.6996699669966997 0.0006188118811881188 0.713490099009901 0.00041254125412541255 0.7277227722772277 0.003712871287128713 0.7427805280528053 0.01051980198019802 0.7518564356435643 0.020008250825082508 0.7553630363036304 0.03259075907590759 0.7555693069306931 0.04476072607260726 0.7477310231023103 0.053836633663366336 0.7355610561056106 0.056724422442244224 0.7190594059405941 0.05445544554455446 0.7035891089108912 0.04744224422442245 0.690387788778878 0.034653465346534656 0.6844059405940595 0.02227722772277228
0 0.6984323432343235 0.009694719471947196 0.7056518151815182 0.014645214521452146 0.7194719471947195 0.026815181518151817 0.7293729372937293 0.03320957095709571 0.7403052805280529 0.040429042904290426 0.7312293729372938 0.03919141914191419 0.7186468646864687 0.03052805280528053 0.7130775577557756 0.025783828382838284 0.7040016501650166 0.017533003300330034
1 0.9280115511551156 0.25 0.9352310231023103 0.23989273927392737 0.9432755775577558 0.23452970297029702 0.9558580858085809 0.23308580858085812 0.9639026402640264 0.23659240924092412 0.9680280528052806 0.24773102310231024 0.9682343234323433 0.2601072607260726 0.9688531353135315 0.27330858085808585 0.9645214521452146 0.28424092409240925 0.9589521452145214 0.29352310231023104 0.952970297029703 0.2988861386138614 0.9377062706270627 0.30321782178217827 0.9286303630363036 0.30218646864686466 0.9222359735973598 0.29228547854785475 0.9203795379537955 0.2786716171617162 0.9236798679867987 0.26443894389438943
0 0.9482260726072608 0.24504950495049505 0.9513201320132013 0.2502062706270627 0.9484323432343235 0.264026402640264 0.9414191419141915 0.2854785478547855 0.9370874587458746 0.28919141914191415 0.9344059405940595 0.28733498349834985 0.9375 0.27722772277227725 0.9428630363036304 0.26051980198019803 0.945957095709571 0.25123762376237624
1 0.66233498349835 0.21555280528052806 0.6738861386138614 0.20235148514851486 0.6850247524752475 0.19905115511551155 0.6943069306930693 0.1978135313531353 0.7025577557755776 0.20028877887788782 0.7079207920792079 0.21142739273927394 0.7050330033003301 0.23556105610561057 0.7004950495049506 0.2491749174917492 0.690387788778878 0.2638201320132013 0.6771864686468647 0.2636138613861386 0.6646039603960396 0.2553630363036304 0.6596534653465347 0.24195544554455448 0.6596534653465347 0.22586633663366337
1 0.4606023102310231 0.23803630363036304 0.4696782178217822 0.22462871287128713 0.48968646864686466 0.2200907590759076 0.5078382838283829 0.2235973597359736 0.5266089108910891 0.23556105610561057 0.5381600660066007 0.25 0.5422854785478548 0.2599009900990099 0.5420792079207921 0.2747524752475247 0.5375412541254126 0.28197194719471946 0.5292904290429044 0.2856848184818482 0.5183580858085809 0.28733498349834985 0.4983498349834984 0.2807343234323432 0.4822607260726073 0.27186468646864687 0.46596534653465344 0.2572194719471947 0.4614273927392739 0.24773102310231024
0 0.47545379537953797 0.23906765676567657 0.48205445544554454 0.23906765676567657 0.4971122112211221 0.24896864686468648 0.5134075907590759 0.25825082508250824 0.5226897689768977 0.26485148514851486 0.5261963696369637 0.2700082508250825 0.522483498349835 0.2677392739273927 0.5113448844884488 0.2623762376237624 0.4983498349834984 0.25391914191419146 0.48700495049504955 0.24773102310231024 0.4793729372937294 0.242986798679868
1 0.3193069306930693 0.20977722772277227 0.3271452145214521 0.20462046204620463 0.34220297029702973 0.20173267326732672 0.35932343234323433 0.20503300330033003 0.37665016501650167 0.21555280528052806 0.3822194719471947 0.2227722772277228 0.3830445544554456 0.23122937293729373 0.37603135313531355 0.24216171617161716 0.3620049504950495 0.2466996699669967 0.34014026402640263 0.24360561056105612 0.3281765676567657 0.24030528052805283 0.3207508250825083 0.23452970297029702 0.31600660066006603 0.2273102310231023 0.3147689768976898 0.21864686468646866
0 0.3292079207920792 0.22153465346534654 0.33353960396039606 0.2198844884488449 0.34447194719471946 0.21967821782178218 0.35994224422442245 0.22462871287128713 0.3640676567656766 0.22813531353135316 0.35767326732673266 0.22854785478547857 0.3481848184818482 0.2264851485148515 0.33395214521452143 0.2229785478547855
1 0.1901815181518152 0.24422442244224424 0.20132013201320131 0.23927392739273928 0.21967821782178218 0.23659240924092412 0.23762376237623764 0.2460808580858086 0.24216171617161716 0.2557755775577558 0.24422442244224424 0.2677392739273927 0.23844884488448848 0.2770214521452145 0.22586633663366337 0.28259075907590764 0.21122112211221122 0.28485973597359737 0.1932755775577558 0.2799092409240924 0.183993399339934 0.2687706270627063 0.18131188118811883 0.26216996699669964 0.18481848184818483 0.25082508250825086
0 0.19513201320132015 0.2563943894389439 0.2009075907590759 0.2568069306930693 0.22462871287128713 0.25804455445544555 0.2264851485148515 0.26031353135313534 0.22215346534653466 0.2607260726072607 0.20544554455445546 0.2594884488448845 0.19636963696369636 0.258457095709571
1 0.0228960396039604 0.3203382838283828 0.029084158415841586 0.3145627062706271 0.040016501650165015 0.3114686468646865 0.04950495049504951 0.3127062706270627 0.06023102310231023 0.3221947194719472 0.06146864686468647 0.33085808580858084 0.06002475247524753 0.35148514851485146 0.05486798679867987 0.36592409240924095 0.0459983498349835 0.376443894389439 0.03547854785478548 0.3758250825082508 0.025783828382838284 0.3704620462046205 0.017945544554455448 0.35932343234323433 0.017533003300330034 0.34014026402640263 0.019801980198019802 0.3271452145214521
1 0.12314356435643564 0.3935643564356436 0.132013201320132 0.37974422442244227 0.14562706270627063 0.3795379537953796 0.15325907590759075 0.3838696369636964 0.1606848184818482 0.3933580858085809 0.1639851485148515 0.41068481848184824 0.16150990099009901 0.42718646864686466 0.1534653465346535 0.4447194719471947 0.14315181518151818 0.44863861386138615 0.12561881188118812 0.44533828382838286 0.11984323432343234 0.43708745874587457 0.1150990099009901 0.423473597359736 0.11798679867986799 0.4077970297029703
1 0.2431930693069307 0.3888201320132013 0.2487623762376238 0.38242574257425743 0.2599009900990099 0.37933168316831684 0.26732673267326734 0.379950495049505 0.2757838283828383 0.3801567656765677 0.28444719471947194 0.3917079207920792 0.29063531353135313 0.4067656765676568 0.29352310231023104 0.41460396039603964 0.2939356435643565 0.4228547854785479 0.2916666666666667 0.43523102310231027 0.28217821782178215 0.4428630363036304 0.27330858085808585 0.4471947194719472 0.26196369636963696 0.4455445544554456 0.2557755775577558 0.4387376237623763 0.24587458745874588 0.42141089108910895 0.24154290429042904 0.39913366336633666
0 0.25825082508250824 0.3900577557755776 0.2615511551155116 0.3902640264026403 0.2685643564356436 0.41130363036303635 0.2731023102310231 0.42533003300330036 0.27145214521452143 0.4275990099009901 0.2671204620462046 0.42182343234323433 0.2623762376237624 0.40284653465346537 0.2594884488448845 0.39253300330033003
1 0.33065181518151815 0.33601485148514854 0.3356023102310231 0.32590759075907594 0.34488448844884495 0.320957095709571 0.35870462046204626 0.31683168316831684 0.36984323432343236 0.3277640264026403 0.37376237623762376 0.3413778877887789 0.3735561056105611 0.36303630363036304 0.3712871287128713 0.3712871287128713 0.3681930693069307 0.3803630363036304 0.35622937293729373 0.38758250825082513 0.34591584158415845 0.3842821782178218 0.33910891089108913 0.3776815181518152 0.3331270627062706 0.36468646864686466 0.3292079207920792 0.34983498349834985 0.3294141914191419 0.34075907590759075
1 0.46864686468646866 0.36674917491749176 0.47380363036303635 0.362417491749175 0.48721122112211224 0.35849834983498347 0.4958745874587459 0.36159240924092406 0.5096947194719472 0.3712871287128713 0.5171204620462047 0.3826320132013201 0.5187706270627063 0.3898514851485149 0.5171204620462047 0.40511551155115516 0.5142326732673267 0.4137788778877888 0.5010313531353136 0.4174917491749175 0.48556105610561057 0.4137788778877888 0.4814356435643565 0.40985973597359737 0.47566006600660066 0.4040841584158416 0.4702970297029703 0.3950082508250825 0.4663778877887789 0.38551980198019803 0.46617161716171623 0.3758250825082508
0 0.4834983498349835 0.37273102310231027 0.4890676567656766 0.3741749174917492 0.4962871287128713 0.3846947194719472 0.4985561056105611 0.39253300330033003 0.4989686468646865 0.39830858085808585 0.4958745874587459 0.3910891089108911 0.4921617161716172 0.3844884488448845 0.48556105610561057 0.376443894389439
1 0.5396039603960396 0.3762376237623763 0.5414603960396039 0.3642739273927393 0.5468234323432344 0.35602310231023104 0.5530115511551156 0.35354785478547857 0.5625 0.35519801980198024 0.571575907590759 0.35664191419141916 0.5847772277227723 0.3725247524752476 0.5889026402640264 0.38923267326732675 0.5909653465346535 0.400990099009901 0.5893151815181519 0.41501650165016507 0.5812706270627063 0.4205858085808581 0.5707508250825082 0.42306105610561057 0.5620874587458746 0.4203795379537954 0.5523927392739274 0.41398514851485146 0.5447607260726073 0.39995874587458746 0.539397689768977 0.3896452145214521
1 0.8719059405940595 0.37541254125412543 0.8762376237623762 0.3671617161716172 0.8853135313531354 0.3613861386138614 0.8966584158415841 0.35891089108910895 0.9080033003300331 0.3650990099009901 0.9156353135313532 0.375 0.9185231023102312 0.3896452145214521 0.9166666666666666 0.40264026402640263 0.9148102310231023 0.40944719471947194 0.9092409240924092 0.41542904290429045 0.8966584158415841 0.42017326732673266 0.88490099009901 0.41811056105610567 0.8783003300330033 0.4108910891089109 0.8723184818481848 0.39830858085808585 0.8706683168316832 0.3828382838283828
0 0.8894389438943894 0.37293729372937295 0.8929455445544555 0.3776815181518152 0.8972772277227723 0.39315181518151815 0.8972772277227723 0.4036716171617162 0.8968646864686468 0.40820957095709576 0.8943894389438944 0.4049092409240924 0.8931518151815182 0.3937706270627063 0.8910891089108912 0.3809818481848185
1 0.8516914191419143 0.5053630363036304 0.8570544554455446 0.4989686468646865 0.8741749174917491 0.4931930693069307 0.8871699669966997 0.49793729372937295 0.8976897689768978 0.5068069306930693 0.9042904290429042 0.5187706270627063 0.9055280528052806 0.5338283828382838 0.8995462046204621 0.553424092409241 0.8948019801980198 0.5600247524752475 0.8820132013201321 0.5639438943894389 0.8692244224422442 0.5658003300330033 0.8603547854785478 0.5622937293729373 0.8549917491749175 0.5558993399339934 0.846947194719472 0.5445544554455446 0.8455033003300331 0.5371287128712872 0.846947194719472 0.5181518151815182
0 0.8741749174917491 0.5132013201320133 0.8795379537953796 0.5167079207920792 0.877887788778878 0.5307343234323433 0.8756188118811881 0.543523102310231 0.8739686468646864 0.5449669966996701 0.8710808580858086 0.5383663366336634 0.8727310231023103 0.5276402640264026
1 0.4372937293729373 0.4622524752475247 0.4455445544554456 0.4527640264026403 0.4612211221122112 0.4471947194719472 0.4729785478547855 0.44492574257425743 0.4853547854785479 0.4504950495049505 0.4892739273927393 0.4575082508250825 0.48948019801980197 0.4692656765676568 0.48102310231023104 0.4832920792079208 0.46575907590759075 0.4936056105610561 0.45090759075907594 0.49566831683168316 0.4372937293729373 0.4898927392739274 0.4344059405940594 0.4793729372937294 0.4348184818481848 0.46988448844884495
0 0.44801980198019803 0.4828795379537954 0.4467821782178218 0.47772277227722776 0.45400165016501653 0.46802805280528054 0.4663778877887789 0.4628712871287129 0.4735973597359736 0.46183993399339934 0.47174092409240925 0.46534653465346537 0.45874587458745875 0.47215346534653463 0.452970297029703 0.47566006600660066
1 0.33993399339933994 0.4632838283828383 0.3485973597359736 0.456476897689769 0.3564356435643565 0.4513201320132013 0.3686056105610561 0.4542079207920792 0.37685643564356436 0.4595709570957096 0.3851072607260726 0.47009075907590764 0.3886138613861386 0.4814356435643565 0.3910891089108911 0.4933993399339934 0.3898514851485149 0.4997937293729373 0.382013201320132 0.5142326732673267 0.3719059405940594 0.5150577557755776 0.3578795379537954 0.5109323432343235 0.35066006600660066 0.5045379537953796 0.34405940594059403 0.4971122112211221 0.3395214521452145 0.48700495049504955 0.3378712871287129 0.4729785478547855
0 0.3601485148514852 0.46947194719471946 0.3642739273927393 0.47235973597359737 0.3688118811881188 0.4834983498349835 0.37293729372937295 0.4962871287128713 0.3743811881188119 0.5008250825082509 0.3719059405940594 0.5012376237623762 0.36674917491749176 0.4915429042904291 0.36303630363036304 0.48081683168316836 0.3601485148514852 0.4744224422442244
1 0.0 0.5771452145214522 0.00783828382838284 0.5726072607260727 0.024133663366336634 0.5730198019801981 0.040429042904290426 0.5750825082508251 0.05012376237623763 0.5816831683168318 0.05713696369636964 0.5901402640264026 0.05754950495049505 0.5957095709570958 0.056518151815181515 0.6029290429042905 0.04888613861386139 0.6101485148514851 0.037953795379537955 0.6140676567656767 0.023721122112211224 0.6202557755775578 0.00886963696369637 0.6216996699669968 0.0006188118811881188 0.6173679867986799
0 0.0018564356435643566 0.5932343234323433 0.020833333333333332 0.5922029702970296 0.03919141914191419 0.5924092409240924 0.03403465346534654 0.5979785478547854 0.018976897689768978 0.5965346534653465 0.006806930693069308 0.5967409240924092 0.0 0.5963283828382838
1 0.05796204620462046 0.6658415841584159 0.06992574257425743 0.6532590759075908 0.09137788778877888 0.641914191419142 0.10375412541254127 0.6421204620462047 0.11551155115511551 0.6468646864686468 0.11819306930693069 0.6582095709570958 0.11468646864686469 0.6679042904290429 0.10478547854785479 0.6771864686468647 0.09240924092409242 0.6866749174917491 0.07281353135313531 0.6938943894389439 0.06311881188118812 0.6934818481848185 0.05528052805280528 0.6899752475247526 0.05218646864686469 0.6839933993399341 0.05053630363036304 0.6765676567656767
0 0.06683168316831684 0.6778052805280529 0.07240099009900991 0.6726485148514851 0.08642739273927394 0.6641914191419143 0.0950907590759076 0.6588283828382838 0.09715346534653466 0.6606848184818481 0.09055280528052806 0.6658415841584159 0.08147689768976898 0.6712046204620462 0.07652640264026403 0.6757425742574258
1 0.18131188118811883 0.63490099009901 0.1934818481848185 0.6225247524752475 0.20523927392739275 0.6157178217821783 0.21823432343234325 0.6155115511551156 0.2273102310231023 0.6233498349834984 0.22875412541254125 0.6307755775577558 0.22091584158415845 0.6464521452145214 0.20895214521452146 0.6602722772277227 0.19471947194719472 0.6689356435643565 0.17945544554455448 0.6738861386138614 0.17326732673267328 0.6701732673267328 0.17285478547854788 0.6565594059405941 0.17491749174917492 0.6435643564356436
1 0.34694719471947194 0.627062706270627 0.3572607260726073 0.6171617161716172 0.3723184818481848 0.6150990099009902 0.3970709570957096 0.6198432343234324 0.42017326732673266 0.629950495049505 0.431930693069307 0.6425330033003301 0.43007425742574257 0.6637788778877888 0.42244224422442245 0.6730610561056106 0.40944719471947194 0.676980198019802 0.3813943894389439 0.6742986798679867 0.36571782178217827 0.6687293729372937 0.3512788778877888 0.6600660066006601 0.3415841584158416 0.6487211221122113 0.3395214521452145 0.6396452145214522 0.34261551155115516 0.6311881188118812
1 0.7570132013201321 0.6076732673267328 0.7665016501650166 0.6016914191419143 0.7761963696369637 0.5971534653465347 0.7929042904290429 0.6062293729372937 0.801361386138614 0.6177805280528053 0.8110561056105611 0.6344884488448845 0.8145627062706271 0.6487211221122113 0.8116749174917491 0.6596534653465347 0.8038366336633663 0.668523102310231 0.7908415841584159 0.6724422442244224 0.7799092409240925 0.6687293729372937 0.7650577557755776 0.6586221122112211 0.7570132013201321 0.6470709570957095 0.7518564356435643 0.6371699669966997 0.7508250825082509 0.6243811881188119
0 0.7702145214521452 0.6140676567656767 0.7751650165016503 0.6177805280528053 0.7807343234323433 0.6247937293729373 0.787953795379538 0.6429455445544555 0.7924917491749175 0.6499587458745875 0.7935231023102312 0.6553217821782179 0.7891914191419143 0.648927392739274 0.7850660066006601 0.6435643564356436 0.7782590759075908 0.6322194719471947 0.7710396039603961 0.6198432343234324
1 0.9261551155115513 0.7423679867986799 0.9356435643564357 0.7316419141914192 0.9527640264026402 0.7217409240924092 0.9812293729372938 0.7205033003300331 0.9958745874587459 0.7252475247524753 0.9985561056105611 0.7330858085808581 0.9919554455445545 0.7423679867986799 0.9826732673267328 0.7526815181518153 0.9694719471947195 0.7590759075907592 0.9465759075907592 0.7621699669966997 0.9315181518151815 0.7601072607260727 0.9245049504950494 0.7539191419141915 0.9251237623762376 0.7458745874587459
0 0.9372937293729373 0.7489686468646864 0.9577145214521452 0.7355610561056106 0.9760726072607261 0.7320544554455446 0.971947194719472 0.7357673267326733 0.9624587458745875 0.7398927392739274 0.9484323432343235 0.7462871287128714
1 0.7838283828382838 0.7883663366336634 0.7953795379537955 0.7761963696369637 0.8077557755775578 0.7685643564356436 0.8203382838283828 0.7648514851485149 0.8298267326732673 0.7660891089108912 0.8370462046204621 0.7685643564356436 0.8409653465346535 0.7803217821782179 0.8399339933993399 0.7902227722772277 0.8325082508250825 0.8065181518151815 0.8182755775577558 0.8168316831683169 0.8058993399339934 0.8226072607260727 0.789397689768977 0.824463696369637 0.7817656765676568 0.8158003300330033 0.7797029702970298 0.8050742574257426 0.7799092409240925 0.7941419141914192
0 0.7970297029702971 0.8069306930693069 0.7990924092409241 0.798473597359736 0.8106435643564357 0.7898102310231023 0.8199257425742574 0.7817656765676568 0.8203382838283828 0.7852722772277227 0.8164191419141915 0.7918729372937293 0.8079620462046205 0.8005363036303631
1 0.4067656765676568 0.7830033003300331 0.41130363036303635 0.775371287128713 0.4265676567656766 0.7665016501650166 0.4397689768976898 0.7731023102310232 0.4507013201320132 0.7856848184818481 0.4558580858085809 0.8048679867986799 0.4496699669966997 0.8226072607260727 0.4399752475247525 0.8347772277227723 0.42471122112211224 0.8374587458745875 0.41563531353135313 0.8343646864686468 0.40944719471947194 0.8283828382838284 0.40449669966996704 0.8180693069306931 0.40305280528052806 0.8067244224422442 0.40470297029702973 0.7918729372937293
0 0.423473597359736 0.7799092409240925 0.42636138613861385 0.7842409240924092 0.4275990099009901 0.8091996699669968 0.4275990099009901 0.8213696369636965 0.42615511551155116 0.8271452145214522 0.4228547854785479 0.8186881188118812 0.423473597359736 0.801980198019802 0.4228547854785479 0.7858910891089109
1 0.3096122112211221 0.7590759075907592 0.3193069306930693 0.7533003300330033 0.33663366336633666 0.753506600660066 0.3523102310231023 0.7642326732673267 0.36076732673267325 0.7706270627062707 0.3663366336633664 0.7794966996699669 0.3671617161716172 0.7931105610561056 0.3617986798679868 0.8001237623762376 0.35251650165016507 0.8075495049504952 0.3413778877887789 0.8065181518151815 0.32301980198019803 0.7988861386138614 0.3091996699669967 0.7842409240924092 0.3061056105610561 0.7757838283828383 0.3056930693069307 0.7673267326732673
0 0.3184818481848185 0.7683580858085809 0.3294141914191419 0.7708333333333334 0.3442656765676568 0.7842409240924092 0.3481848184818482 0.789397689768977 0.33704620462046203 0.7836221122112211 0.3273514851485148 0.778052805280528
1 0.12211221122112212 0.7450495049504952 0.13593234323432343 0.7341171617161717 0.1547029702970297 0.7233910891089109 0.17533003300330033 0.7186468646864687 0.18729372937293728 0.7233910891089109 0.19265676567656767 0.7367986798679867 0.19224422442244224 0.7475247524752475 0.18193069306930693 0.7586633663366337 0.16563531353135316 0.7683580858085809 0.14954620462046203 0.7714521452145214 0.1311881188118812 0.7733085808580858 0.12417491749174918 0.7712458745874587 0.11819306930693069 0.7627887788778878 0.11654290429042906 0.7563943894389439
0 0.1307755775577558 0.7586633663366337 0.1346947194719472 0.7559818481848185 0.14418316831683167 0.7506188118811881 0.16666666666666666 0.7442244224422442 0.17223597359735973 0.740924092409241 0.17306105610561057 0.7423679867986799 0.16955445544554457 0.7464933993399341 0.15594059405940594 0.7522689768976899 0.14521452145214522 0.7555693069306931 0.13634488448844886 0.7592821782178218
1 0.00020627062706270627 0.8048679867986799 0.009075907590759076 0.8032178217821783 0.018358085808580858 0.8050742574257426 0.02557755775577558 0.8112623762376238 0.030734323432343235 0.8292079207920793 0.029702970297029705 0.8533415841584159 0.02557755775577558 0.8686056105610561 0.01608910891089109 0.8836633663366338 0.004537953795379538 0.8898514851485149 0.0 0.8915016501650166
0 0.0010313531353135313 0.8252887788778878 0.005981848184818481 0.8221947194719472 0.007219471947194719 0.8254950495049506 0.002887788778877888 0.8430280528052806 0.0016501650165016502 0.8551980198019802
1 0.17141089108910892 0.8298267326732673 0.18193069306930693 0.8221947194719472 0.1938943894389439 0.8203382838283828 0.2068894389438944 0.8217821782178218 0.22174092409240925 0.8283828382838284 0.23391089108910892 0.8465346534653465 0.23741749174917492 0.863861386138614 0.2306105610561056 0.8809818481848185 0.21864686468646866 0.8851072607260727 0.20482673267326731 0.8822194719471947 0.1879125412541254 0.8708745874587459 0.17801155115511552 0.8634488448844885 0.1712046204620462 0.851897689768977 0.16893564356435645 0.8389026402640264
1 0.8964521452145214 0.9084158415841584 0.9092409240924092 0.8937706270627063 0.9236798679867987 0.8857260726072608 0.9366749174917491 0.8861386138613861 0.9513201320132013 0.8983085808580858 0.9540016501650166 0.9115099009900991 0.9461633663366338 0.9323432343234325 0.9280115511551156 0.9445132013201321 0.9113036303630363 0.9478135313531354 0.8983085808580858 0.9405940594059407 0.8929455445544555 0.9280115511551156 0.8935643564356436 0.9174917491749175
0 0.9100660066006601 0.9238861386138614 0.9174917491749175 0.91233498349835 0.929042904290429 0.9038778877887789 0.9302805280528053 0.9047029702970298 0.9311056105610561 0.9119224422442245 0.9251237623762376 0.9203795379537955 0.914397689768977 0.9292491749174918 0.9115099009900991 0.9296617161716172
1 0.7533003300330033 0.8739686468646864 0.7617574257425743 0.8632425742574258 0.7708333333333334 0.8661303630363036 0.7805280528052806 0.8752062706270627 0.7871287128712872 0.8931518151815182 0.7889851485148516 0.912953795379538 0.786509900990099 0.9329620462046205 0.7797029702970298 0.9416254125412542 0.7687706270627063 0.9453382838283828 0.7576320132013201 0.9428630363036304 0.7518564356435643 0.9331683168316832 0.7469059405940595 0.9113036303630363 0.7462871287128714 0.8902640264026402 0.7487623762376238 0.879950495049505
1 0.6908003300330033 0.9983498349834984 0.6844059405940595 0.9865924092409241 0.6815181518151815 0.9653465346534653 0.6850247524752475 0.951526402640264 0.6949257425742574 0.9438943894389439 0.7095709570957095 0.9469884488448845 0.7202970297029704 0.9519389438943894 0.7316419141914192 0.9694719471947195 0.7347359735973598 0.9822607260726073 0.7304042904290429 0.9958745874587459 0.7240440645627063 0.9989583333333333
1 0.46596534653465344 0.9418316831683169 0.47978547854785475 0.9350247524752475 0.4966996699669967 0.9356435643564357 0.5103135313531353 0.9465759075907592 0.5208333333333334 0.9678217821782179 0.5191831683168318 0.9801980198019802 0.5138201320132013 0.9882425742574258 0.5037128712871287 0.9900990099009902 0.4903052805280528 0.9903052805280529 0.47689768976897695 0.9830858085808581 0.4667904290429043 0.9663778877887789 0.46493399339933994 0.952970297029703
0 0.48721122112211224 0.9558580858085809 0.4973184818481849 0.963490099009901 0.5028877887788779 0.9758663366336634 0.49463696369636967 0.9688531353135315 0.48700495049504955 0.9641089108910891
1 0.3296204620462046 0.9125412541254126 0.3382838283828383 0.905940594059406 0.34900990099009904 0.9022277227722773 0.36448019801980197 0.9077970297029704 0.3752062706270627 0.9197607260726073 0.3842821782178218 0.9414191419141915 0.3871699669966997 0.9550330033003301 0.38366336633663367 0.9653465346534653 0.3731435643564357 0.9721534653465347 0.3578795379537954 0.9717409240924092 0.3411716171617162 0.9593646864686468 0.3296204620462046 0.9449257425742574 0.324463696369637 0.9321369636963698 0.3281765676567657 0.9160478547854786
1 0.08952145214521452 0.9257425742574258 0.10313531353135313 0.9224422442244224 0.11633663366336634 0.9203795379537955 0.13655115511551155 0.9242986798679867 0.15181518151815182 0.9339933993399341 0.1549092409240924 0.9418316831683169 0.1499587458745875 0.954414191419142 0.14170792079207922 0.9608085808580858 0.12520627062706272 0.9626650165016503 0.11386138613861387 0.9606023102310232 0.10313531353135313 0.9550330033003301 0.09282178217821782 0.9486386138613861 0.08869636963696369 0.9420379537953796 0.08642739273927394 0.9356435643564357
0 0.10602310231023102 0.9352310231023103 0.1183993399339934 0.9344059405940595 0.13366336633663367 0.9416254125412542 0.13964521452145215 0.9476072607260727 0.13304455445544555 0.949463696369637 0.1183993399339934 0.945957095709571 0.10746699669966997 0.9420379537953796
1 0.40501460017969454 0.12031109613656783 0.4110512129380054 0.11329177897574125 0.4179301437556155 0.10879941599281222 0.4307053009883199 0.11006289308176101 0.44390161725067384 0.12915543575920935 0.45358827493261455 0.14586141060197663 0.4552729110512129 0.15596922731356694 0.45092093441150044 0.16734052111410602 0.43954964061096136 0.17323674752920037 0.4273360287511231 0.17407906558849953 0.41821091644204855 0.17014824797843667 0.41399932614555257 0.16214622641509432 0.40866464510332434 0.15035377358490568 0.40304919137466305 0.13645552560646898 0.4031895777178796 0.12747079964061095
0 0.4172282120395328 0.12227650494159928 0.42382637017070984 0.12297843665768195 0.4322495507637017 0.14291329739442948 0.437865004492363 0.15793463611859837 0.4371630727762803 0.16523472596585803 0.433372641509434 0.1611635220125786 0.4308456873315364 0.15189802336028752 0.42705525606469 0.13968441150044925 0.4224225067385445 0.13055929919137468
0 0.7719444444444445 0.8761111111111112 0.7727777777777778 0.8844444444444445 0.7725000000000001 0.8983333333333333 0.7741666666666667 0.9180555555555556 0.7766666666666667 0.9316666666666666 0.7766666666666667 0.9358333333333333 0.7747222222222222 0.9361111111111111 0.7727777777777778 0.9288888888888889 0.7711111111111111 0.9222222222222223 0.7702777777777778 0.9075000000000001 0.77 0.8933333333333333 0.7694444444444444 0.8847222222222223 0.7688888888888888 0.8794444444444445
0 0.20212472406181015 0.08600073583517291 0.1982155997056659 0.09496872700515084 0.19269683590875644 0.10577630610743192 0.18786791758646063 0.11612398822663722 0.1851085356880059 0.12463208241353936 0.18073951434878585 0.13520971302428256 0.18257910228108903 0.1372792494481236 0.18625827814569534 0.12854120676968359 0.18970750551876378 0.11911331861662987 0.19568616629874908 0.1076158940397351 0.20143487858719647 0.09726821192052978 0.20580389992641648 0.09013980868285504 0.20695364238410593 0.08577078734363502
0 0.5709823475469967 0.40420105456212746 0.5721286107290234 0.4036279229711141 0.5694062356717102 0.40004585052728103 0.567973406694177 0.3978966070609812 0.5659674461256304 0.39288170563961483 0.5653943145346171 0.39101902796882165 0.5645346171480973 0.3878668042182485 0.5636749197615772 0.38399816597890873 0.5628152223750573 0.3807026593305823 0.5618122420907841 0.37898326455754244 0.5599495644199908 0.3766907381934892 0.5589465841357175 0.3756877579092159 0.5566540577716643 0.37454149472718934 0.5550779458963777 0.374828060522696 0.5550779458963777 0.37812356717102247 0.5560809261806511 0.37998624484181565 0.5573704722604309 0.38199220541036216 0.5586600183402108 0.3862906923429619 0.5593764328289775 0.3888697845025218 0.5610958276020174 0.39359812012838147 0.5629585052728105 0.3968936267767079 0.5641047684548373 0.39889958734525444 0.5652510316368637 0.4010488308115543 0.5668271435121504 0.4029115084823475 0.568833104080697 0.40434433745988074
