1 0.03647082334132694 0.03896882494004796 0.04371502797761791 0.031724620303756994 0.060451638689048764 0.030725419664268585 0.07793764988009592 0.04421462829736211 0.09167665867306155 0.06619704236610711 0.097671862509992 0.08917865707434053 0.09942046362909672 0.10191846522781775 0.09492406075139888 0.11415867306155075 0.08318345323741007 0.12040367705835332 0.06944444444444445 0.11665667466027178 0.05770383693045564 0.1071642685851319 0.042715827338129495 0.08942845723421262 0.03547162270183853 0.0744404476418865 0.03347322142286171 0.056704636290967225 0.0324740207833733 0.04696243005595524
0 0.053707034372502 0.05195843325339729 0.05895283772981615 0.0542066346922462 0.0639488409272582 0.06120103916866507 0.07893685051958434 0.08867905675459632 0.08243405275779377 0.10116906474820145 0.07618904876099121 0.09342525979216627 0.06769584332533972 0.08093525179856115 0.05895283772981615 0.06569744204636291
1 0.16636690647482014 0.07469024780175859 0.17685851318944845 0.06020183852917666 0.20108912869704237 0.05170863309352518 0.21782573940847322 0.04921063149480416 0.23106514788169463 0.05495603517186251 0.23805955235811352 0.06744604316546762 0.2375599520383693 0.07793764988009592 0.2278177458033573 0.09467426059152678 0.2143285371702638 0.10516586730615508 0.19634292565947245 0.10941247002398083 0.17560951239008793 0.10941247002398083 0.16686650679456436 0.10116906474820145 0.16411870503597123 0.08718025579536372
0 0.17885691446842525 0.09092725819344524 0.18110511590727418 0.08518185451638689 0.19684252597921664 0.075689448441247 0.21882494004796166 0.06794564348521184 0.22282174260591525 0.06669664268585132 0.21982414068745004 0.07169264588329337 0.21233013589128696 0.075689448441247 0.19784172661870505 0.07968625099920064 0.18909872102318145 0.0866806554756195
1 0.20933253397282175 0.1606215027977618 0.2143285371702638 0.14288569144684254 0.22931654676258992 0.1281474820143885 0.2460531574740208 0.1273980815347722 0.2557953637090328 0.1303956834532374 0.26179056754596325 0.13763988808952837 0.2652877697841727 0.1511290967226219 0.2600419664268585 0.16711630695443647 0.25079936051159074 0.17885691446842525 0.2463029576338929 0.18610111910471622 0.23281374900079937 0.19159672262190247 0.22032374100719426 0.192845723421263 0.21208033573141488 0.18859912070343726 0.20783373301358915 0.17910671462829736 0.20633493205435652 0.17061350919264587
1 0.2675359712230216 0.0017486011191047161 0.30925259792166265 0.0 0.3152478017585931 0.00849320543565148 0.3154976019184652 0.020233812949640287 0.3115007993605116 0.030225819344524382 0.3022581934452438 0.03971822541966427 0.290517585931255 0.042715827338129495 0.27602917665867305 0.040467625899280574 0.27003397282174263 0.03522182254196642 0.26428856914468424 0.027478017585931255 0.26278976818545163 0.01623701039168665 0.2665367705835332 0.00424660271782574
1 0.4943545163868905 0.0012490007993605117 0.5543065547561951 0.0 0.5465627498001598 0.019734212629896084 0.5325739408473221 0.03497202238209432 0.5220823341326939 0.04096722621902479 0.505095923261391 0.043465227817745804 0.4951039168665068 0.04096722621902479 0.49035771382893684 0.03522182254196642 0.4873601119104716 0.02273181454836131 0.48910871302957637 0.010991207034372502
1 0.6222521982414069 0.01723621103117506 0.627498001598721 0.006744604316546762 0.6362410071942447 0.0 0.6534772182254197 0.0 0.666466826538769 0.015487609912070344 0.6744604316546763 0.03372302158273381 0.6819544364508393 0.049460431654676264 0.6854516386890488 0.0644484412470024 0.6807054356514788 0.08243405275779377 0.6682154276578737 0.09242605915267785 0.6524780175859313 0.09317545963229416 0.6362410071942447 0.08418265387689848 0.625 0.06744604316546762 0.6190047961630696 0.051458832933653074 0.6180055955235811 0.03297362110311751
0 0.6414868105515588 0.025729416466826537 0.649230615507594 0.029976019184652276 0.656724620303757 0.0542066346922462 0.6617206235011991 0.06669664268585132 0.661470823341327 0.07044364508393285 0.6564748201438849 0.06719624300559553 0.6534772182254197 0.060451638689048764 0.6484812150279776 0.04471422861710631 0.6429856115107914 0.03397282174260592
1 0.9389988009592326 0.12165267785771383 0.9422462030375699 0.10341726618705036 0.959482414068745 0.09242605915267785 0.9729716227018385 0.097671862509992 0.9842126298960832 0.11565747402078337 0.9882094324540368 0.13364308553157475 0.9804656274980016 0.14538369304556353 0.9677258193445244 0.14938049560351718 0.9529876099120703 0.14313549160671463 0.9439948041566747 0.13689048760991207 0.9394984012789768 0.1276478816946443
1 0.8718025579536371 0.17436051159072743 0.8800459632294165 0.16886490807354118 0.8952837729816147 0.16261990407673863 0.9212629896083134 0.1613709032773781 0.9452438049560352 0.1718625099920064 0.9492406075139889 0.17935651478816947 0.9459932054356516 0.1905975219824141 0.9345023980815348 0.20033972821742604 0.9172661870503597 0.2053357314148681 0.9005295763389289 0.2028377298161471 0.8832933653077538 0.20033972821742604 0.8755495603517186 0.19309552358113508 0.871552757793765 0.18784972022382096
1 0.9557354116706634 0.23331334932054357 0.9567346123101519 0.2250699440447642 0.9642286171063149 0.20883293365307753 0.9784672262190247 0.20508593125499602 0.9922062350119903 0.21208033573141488 0.9989583333333333 0.22130820343725013 0.9987010391686652 0.2675359712230216 0.9849620303756995 0.27003397282174263 0.9712230215827339 0.26403876898481216 0.9637290167865707 0.2570443645083933 0.957234212629896 0.24505395683453238
1 0.5393185451638689 0.3277378097521983 0.546812549960032 0.3129996003197442 0.5680455635491607 0.29676258992805754 0.5890287769784173 0.29201638689048764 0.6170063948840928 0.29826139088729015 0.6377398081534772 0.31075139888089526 0.6439848121502797 0.3234912070343725 0.6439848121502797 0.3352318145483613 0.6364908073541167 0.34922062350119903 0.6232513988808953 0.35921262989608316 0.6020183852917665 0.366207034372502 0.5757893685051959 0.3649580335731415 0.5605515587529977 0.3574640287769784 0.5523081534772183 0.35296762589928055 0.5438149480415667 0.344224620303757 0.5390687450039968 0.33623101518784976
0 0.5608013589128696 0.3322342126298961 0.5672961630695443 0.32898681055155876 0.6000199840127898 0.32673860911270985 0.6217525979216627 0.3212430055955236 0.625 0.32499000799360517 0.6135091926458833 0.33048561151079137 0.5962729816147082 0.33023581135091923 0.5790367705835332 0.3324840127897682 0.5660471622701839 0.3339828137490008
1 0.4299060751398881 0.2975119904076739 0.44314548361310957 0.280775379696243 0.45738409272581937 0.27303157474020784 0.48511191047162266 0.27153277378097523 0.495603517186251 0.2725319744204636 0.5158373301358913 0.2780275779376499 0.520083932853717 0.2925159872102318 0.5183353317346123 0.30625499600319744 0.5030975219824141 0.3194944044764189 0.48511191047162266 0.3287370103916867 0.4631294964028777 0.33123501199040767 0.4416466826538769 0.3227418065547562 0.43465227817745805 0.3127498001598721 0.43215427657873706 0.30300759392486015
1 0.25154876099120704 0.29826139088729015 0.26803557154276575 0.2887689848121503 0.27902677857713826 0.2867705835331735 0.297761790567546 0.29301558752997603 0.31574740207833735 0.30475619504396484 0.3234912070343725 0.3134992006394884 0.33023581135091923 0.33423261390887293 0.3277378097521983 0.3457234212629896 0.3134992006394884 0.3577138289368505 0.29651278976818546 0.361460831334932 0.27977617905675456 0.36320943245403675 0.256294964028777 0.3574640287769784 0.24655275779376498 0.3432254196642686 0.24280575539568347 0.3274880095923261 0.24380495603517185 0.3127498001598721
0 0.26803557154276575 0.3102517985611511 0.2725319744204636 0.30825339728217427 0.2857713828936851 0.32698840927258194 0.30550559552358114 0.344224620303757 0.30550559552358114 0.34747202238209435 0.3000099920063949 0.3464728217426059 0.2925159872102318 0.3384792166266986 0.2795263788968825 0.3237410071942446 0.27153277378097523 0.3144984012789768
1 0.09392486011191048 0.17860711430855317 0.09992006394884093 0.163619104716227 0.11241007194244605 0.15912270183852917 0.12614908073541167 0.16386890487609915 0.13664068745003996 0.17785771382893684 0.14288569144684254 0.19559352517985612 0.14388489208633093 0.22032374100719426 0.1396382893685052 0.2360611510791367 0.13014588329336532 0.2460531574740208 0.11290967226219026 0.24655275779376498 0.10416666666666667 0.2398081534772182 0.0961730615507594 0.22407074340527577 0.09117705835331735 0.2038369304556355 0.09142685851318945 0.18510191846522783
0 0.11315947242206235 0.1838529176658673 0.1179056754596323 0.18660071942446044 0.12290167865707434 0.2133293365307754 0.12340127897681855 0.2253197442046363 0.12040367705835332 0.22182254196642687 0.11715627498001599 0.2145783373301359 0.11490807354116707 0.19709232613908872
1 0.0032474020783373305 0.19809152677857714 0.00424660271782574 0.18859912070343726 0.01748601119104716 0.17560951239008793 0.03821942446043166 0.17261191047162272 0.054706235011990414 0.1721123101518785 0.07194244604316546 0.17710831334932056 0.07344124700239808 0.1913469224620304 0.07069344524380497 0.2133293365307754 0.05770383693045564 0.2248201438848921 0.04021782573940847 0.2268185451638689 0.025979216626698644 0.22756794564348523 0.013988808952837729 0.2263189448441247 0.0024980015987210234 0.21407873701039168 0.0009992006394884093 0.2053357314148681
0 0.010491606714628296 0.19984012789768185 0.018984812150279775 0.19859112709832133 0.047212230215827336 0.195343725019984 0.06145083932853717 0.19359512390087932 0.06145083932853717 0.19909072741806558 0.05570543565147881 0.19809152677857714 0.03422262190247802 0.20008992805755396 0.020983213429256593 0.2028377298161471
1 0.019234612310151878 0.31699640287769787 0.026229016786570743 0.30475619504396484 0.045213828936850525 0.29876099120703437 0.06969424460431654 0.30525579536370906 0.09742206235011991 0.32099320543565146 0.10191846522781775 0.33198441247002397 0.10091926458832935 0.34597322142286174 0.09217625899280575 0.35796362909672264 0.07419064748201439 0.3624600319744205 0.0542066346922462 0.3619604316546763 0.03896882494004796 0.35196842525979216 0.024230615507593926 0.3359812150279776 0.01948441247002398 0.3264888089528377
1 0.07469024780175859 0.4416466826538769 0.08168465227817746 0.427158273381295 0.0969224620303757 0.4196642685851319 0.11715627498001599 0.4151678657074341 0.14613309352517986 0.4266586730615508 0.16311950439648282 0.43839928057553956 0.16786570743405274 0.4488908872901679 0.16536770583533175 0.4676258992805755 0.14938049560351718 0.4798661071143086 0.12390087929656275 0.48511191047162266 0.10216826538768985 0.4796163069544364 0.0866806554756195 0.4676258992805755 0.07618904876099121 0.4558852917665867
0 0.09242605915267785 0.44364508393285373 0.10166866506794565 0.44439448441247004 0.13464228617106316 0.45163868904876103 0.15237809752198242 0.4578836930455636 0.14638289368505195 0.4601318944844125 0.1276478816946443 0.45463629096722624 0.09492406075139888 0.44664268585131894
1 0.22432054356514788 0.5008493205435651 0.23156474820143885 0.48236410871302954 0.24530375699440446 0.4738709032773781 0.26104116706634695 0.4646282973621103 0.27902677857713826 0.463878896882494 0.29076738609112707 0.46962430055955234 0.29801159072741806 0.4828637090327738 0.29451438848920863 0.495603517186251 0.2867705835331735 0.5073441247002398 0.27677857713828935 0.5195843325339728 0.2580435651478817 0.5235811350919265 0.24255595523581133 0.5245803357314148 0.23206434852118304 0.5220823341326939 0.2265687450039968 0.5173361310951239 0.22432054356514788 0.5105915267785772
0 0.24180655475619506 0.5063449240607514 0.2475519584332534 0.4986011191047162 0.2740307753796962 0.48236410871302954 0.27977617905675456 0.48136490807354115 0.2747801758593126 0.4876099120703437 0.2657873701039169 0.49310551558752996 0.24955035971223022 0.5038469224620303
1 0.41766586730615507 0.40917266187050355 0.4231614708233413 0.3956834532374101 0.4411470823341327 0.38219424460431656 0.463878896882494 0.3841926458832934 0.4738709032773781 0.3976818545163869 0.4748701039168665 0.4129196642685852 0.47087330135891287 0.4299060751398881 0.4631294964028777 0.4453936850519584 0.4538868904876099 0.4533872901678657 0.4423960831334932 0.45538569144684254 0.4299060751398881 0.45638489208633093 0.4196642685851319 0.4501398880895284 0.4146682653876898 0.4406474820143885 0.4129196642685852 0.42540967226219023
1 0.7211730615507594 0.49685251798561153 0.7301658673061551 0.4906075139888089 0.7533972821742606 0.48910871302957637 0.7746302957633893 0.4951039168665068 0.7831235011990408 0.49910071942446044 0.7921163069544365 0.5063449240607514 0.7968625099920065 0.5163369304556356 0.7968625099920065 0.5255795363709033 0.7866207034372502 0.5373201438848921 0.7766286970423661 0.5408173461231016 0.7661370903277379 0.5405675459632294 0.7484012789768185 0.5368205435651479 0.7391586730615508 0.5315747402078338 0.7301658673061551 0.5243305355715427 0.7221722621902479 0.512589928057554 0.7214228617106315 0.5048461231015188
1 0.7723820943245403 0.6185051958433253 0.7851219024780176 0.603017585931255 0.7988609112709832 0.5892785771382894 0.8253397282174261 0.5822841726618705 0.8460731414868106 0.5847821742605915 0.8563149480415667 0.5952737809752198 0.8610611510791367 0.6065147881694645 0.8600619504396483 0.6192545963229417 0.8400779376498801 0.6312450039968026 0.8106015187849721 0.6389888089528378 0.7918665067945644 0.6392386091127098 0.7806254996003197 0.634742206235012 0.7756294964028777 0.6264988009592326
0 0.7916167066346922 0.6247501998401279 0.8033573141486811 0.6162569944044765 0.813099520383693 0.6037669864108713 0.8280875299760192 0.6000199840127898 0.8423261390887291 0.600769384492406 0.8350819344524381 0.6060151878497203 0.8160971223021584 0.6117605915267785 0.8076039168665068 0.6182553956834532 0.8033573141486811 0.6222521982414069
1 0.6577238209432453 0.6409872102318146 0.666466826538769 0.627248201438849 0.6747102318145484 0.6210031974420464 0.6864508393285372 0.6222521982414069 0.7021882494004796 0.6257494004796164 0.7124300559552359 0.6359912070343725 0.7191746602717826 0.6482314148681055 0.7236710631494804 0.6687150279776178 0.7191746602717826 0.6839528377298162 0.7131794564348521 0.6914468425259792 0.7021882494004796 0.6946942446043166 0.6914468425259792 0.6944444444444444 0.6834532374100719 0.6921962430055956 0.671213029576339 0.6837030375699441 0.6609712230215827 0.6647182254196643 0.6582234212629896 0.6517286171063149
1 0.908273381294964 0.6939448441247003 0.9172661870503597 0.6794564348521184 0.9320043964828137 0.6649680255795364 0.9479916067146283 0.6569744204636291 0.9567346123101519 0.6557254196642686 0.9659772182254197 0.661470823341327 0.9742206235011991 0.6707134292565947 0.9792166266986411 0.6814548361310951 0.9764688249400479 0.6961930455635491 0.9687250199840128 0.7146782573940847 0.9579836131095124 0.7236710631494804 0.9407474020783373 0.7316646682653878 0.925509592326139 0.7351618705035972 0.9145183852917665 0.7319144684252598 0.9060251798561152 0.7239208633093526 0.9027777777777778 0.7136790567545963 0.9052757793764988 0.6994404476418865
1 0.8180955235811351 0.7001898481215029 0.830085931254996 0.6961930455635491 0.84957034372502 0.6954436450839329 0.8683053557154277 0.7001898481215029 0.8822941646682654 0.710431654676259 0.8902877697841727 0.7191746602717826 0.8895383693045564 0.7341626698641087 0.8810451638689049 0.7431554756195045 0.869054756195044 0.746902478017586 0.8513189448441246 0.7479016786570744 0.8345823341326939 0.7426558752997603 0.8195943245403677 0.7344124700239809 0.8148481215027978 0.725169864108713 0.8128497202238208 0.7096822541966428
0 0.8278377298161471 0.7144284572342127 0.8343325339728217 0.7139288569144685 0.8468225419664269 0.7159272581934453 0.8673061550759392 0.7236710631494804 0.8700539568345323 0.7279176658673061 0.8640587529976019 0.7286670663469225 0.8490707434052758 0.7236710631494804 0.8385791366906475 0.7199240607513989
1 0.7169264588329336 0.7474020783373302 0.7219224620303757 0.7286670663469225 0.7259192645883293 0.7126798561151079 0.7436550759392486 0.7011890487609912 0.7546462829736211 0.7019384492406076 0.7641386890487609 0.7106814548361311 0.7676358912869704 0.7254196642685852 0.7651378896882494 0.737410071942446 0.7618904876099121 0.7496502797761792 0.7506494804156675 0.7608912869704236 0.7389088729016786 0.7641386890487609 0.7291666666666666 0.7646382893685052 0.7216726618705036 0.759392486011191
1 0.46937450039968026 0.6924460431654677 0.47761790567545964 0.6684652278177459 0.49160671462829736 0.6534772182254197 0.5038469224620303 0.6454836131095124 0.5163369304556356 0.6459832134292566 0.5265787370103917 0.6507294164668266 0.5313249400479616 0.6604716227018385 0.5315747402078338 0.678707034372502 0.5263289368505196 0.6964428457234213 0.5153377298161471 0.7131794564348521 0.5035971223021583 0.7246702637889688 0.48960831334932053 0.7309152677857714 0.47611910471622704 0.7256694644284571 0.46862509992006396 0.707933653077538
0 0.4846123101518785 0.7056854516386891 0.49310551558752996 0.6854516386890488 0.5023481215027978 0.6692146282973621 0.5075939248601119 0.6639688249400479 0.5020983213429256 0.6804556354916067 0.4936051159072742 0.6944444444444444
1 0.28602118305355717 0.5513089528377297 0.29651278976818546 0.5390687450039968 0.3152478017585931 0.5288269384492407 0.3307354116706635 0.5275779376498801 0.3532174260591527 0.5330735411670664 0.36695643485211826 0.5463129496402879 0.3729516386890488 0.5618005595523581 0.366207034372502 0.573790967226219 0.3537170263788969 0.5822841726618705 0.3389788169464429 0.5875299760191847 0.31724620303756995 0.5895283772981615 0.3005095923261391 0.5827837729816147 0.2922661870503597 0.5717925659472421 0.28776978417266186 0.5630495603517186
1 0.3816946442845724 0.6452338129496403 0.3771982414068745 0.6312450039968026 0.38369304556354916 0.6102617905675459 0.40142885691446845 0.5927757793764988 0.4129196642685852 0.5850319744204636 0.4231614708233413 0.5842825739408473 0.43465227817745805 0.5875299760191847 0.44514388489208634 0.5972721822541966 0.44439448441247004 0.6122601918465228 0.4378996802557954 0.6384892086330934 0.4216626698641087 0.6554756195043966 0.3989308553157474 0.661470823341327 0.3841926458832934 0.654476418864908
0 0.39793165467625896 0.6382394084732215 0.3996802557953637 0.6282474020783373 0.41391886490807356 0.6102617905675459 0.4196642685851319 0.6012689848121503 0.42216227018385294 0.5992705835331734 0.42016386890487606 0.6070143884892086 0.4151678657074341 0.6137589928057554 0.4079236610711431 0.6252498001598722 0.40192845723421267 0.6329936051159073
1 0.29676258992805754 0.6744604316546763 0.3110011990407674 0.6634692246203038 0.33198441247002397 0.6619704236610712 0.34897082334132695 0.6639688249400479 0.3619604316546763 0.671213029576339 0.36420863309352514 0.6839528377298162 0.36071143085531576 0.6916966426858513 0.34822142286171065 0.7034372501998402 0.32823741007194246 0.7034372501998402 0.3152478017585931 0.703187450039968 0.30625499600319744 0.6991906474820144 0.3005095923261391 0.6914468425259792 0.29801159072741806 0.6827038369304557
1 0.14188649080735413 0.6067645883293366 0.15387689848121502 0.5940247801758594 0.17660871302957634 0.5875299760191847 0.2053357314148681 0.5865307753796962 0.22581934452438052 0.5972721822541966 0.23056554756195044 0.6075139888089528 0.22931654676258992 0.6235011990407674 0.2230715427657874 0.6364908073541167 0.2053357314148681 0.6484812150279776 0.17860711430855317 0.6504796163069545 0.15637490007993604 0.6429856115107914 0.14613309352517986 0.6307454036770584 0.14238609112709832 0.6172561950439648
0 0.15687450039968026 0.6165067945643485 0.16486810551558753 0.6135091926458833 0.19984012789768185 0.6125099920063949 0.2133293365307754 0.6110111910471623 0.21732613908872903 0.6142585931254997 0.21183053557154277 0.6167565947242206 0.19109712230215828 0.6170063948840928 0.17685851318944845 0.6187549960031974 0.16861510791366907 0.6180055955235811
1 0.0002498001598721023 0.5875299760191847 0.006494804156674661 0.5852817745803358 0.03422262190247802 0.5852817745803358 0.04921063149480416 0.5902777777777778 0.050209832134292566 0.5990207833733013 0.04771183053557155 0.6155075939248601 0.036970423661071145 0.6254996003197442 0.024480415667466025 0.6317446043165468 0.007743804956035172 0.6354916067146283 0.0002498001598721023 0.6342426059152678
1 0.043715027977617914 0.7801258992805755 0.04496402877697843 0.7566446842525979 0.05120903277378098 0.7386590727418066 0.06744604316546762 0.7251698641087131 0.09067745803357315 0.715177857713829 0.11016187050359713 0.7164268585131895 0.12165267785771383 0.7266686650679457 0.12065347721822543 0.7446542765787371 0.11191047162270183 0.7671362909672262 0.09842126298960832 0.7806254996003197 0.08243405275779378 0.791117106314948 0.06869504396482815 0.7971123101518784 0.0532074340527578 0.7931155075939249 0.04496402877697843 0.7876199040767387
0 0.05770383693045564 0.7786270983213429 0.06294964028776978 0.7693844924060752 0.08168465227817746 0.7454036770583533 0.09492406075139888 0.7336630695443646 0.10441646682653877 0.7274180655475619 0.09967026378896883 0.737160271782574 0.0954236610711431 0.7429056754596323 0.08867905675459632 0.7456534772182254 0.07119304556354916 0.7671362909672262 0.0639488409272582 0.773880895283773
1 0.0009992006394884093 0.8111011191047163 0.011241007194244606 0.8088529176658673 0.02373101518784972 0.8125999200639489 0.03397282174260592 0.822591926458833 0.03597122302158273 0.8285871302957635 0.032723820943245406 0.84482414068745 0.024730215827338132 0.8580635491606715 0.013489208633093525 0.8718025579536371 0.0004996003197442046 0.8770483613109512
1 0.000749400479616307 0.9182653876898481 0.009992006394884094 0.9170163868904876 0.02348121502797762 0.9230115907274181 0.035721422861710636 0.9325039968025579 0.03796962430055955 0.9437450039968026 0.0322242206235012 0.9534872102318146 0.019734212629896084 0.9627298161470823 0.008243405275779377 0.9644784172661871 0.000749400479616307 0.9624800159872103
1 0.14488409272581934 0.8515687450039968 0.16636690647482014 0.815597521982414 0.18035571542765788 0.8103517186250999 0.19909072741806558 0.807853717026379 0.21108113509192647 0.8148481215027978 0.21857513988808952 0.8298361310951239 0.21033173461231017 0.8598121502797762 0.18884892086330934 0.8820443645083933 0.17610911270983212 0.8880395683453237 0.15962230215827336 0.8867905675459633 0.14938049560351718 0.8785471622701839 0.14138689048760994 0.8668065547561951 0.14463429256594726 0.85431654676259
1 0.19784172661870505 0.7059352517985611 0.20758393285371704 0.7011890487609912 0.22432054356514788 0.7069344524380496 0.24330535571542766 0.7209232613908872 0.25279776179056757 0.7336630695443646 0.25304756195043965 0.7491506794564349 0.25129896083133496 0.7641386890487609 0.24355515587529977 0.7716326938449242 0.22257194244604317 0.769134692246203 0.20508593125499602 0.763888888888889 0.18909872102318145 0.7459032773780976 0.18635091926458833 0.7314148681055156 0.1913469224620304 0.7114308553157473
1 0.28776978417266186 0.8573141486810552 0.2897681854516387 0.830085931254996 0.2970123900879297 0.8185951239008793 0.3152478017585931 0.8143485211830536 0.33298361310951236 0.8315847322142286 0.3397282174260592 0.8548161470823341 0.33623101518784976 0.8777977617905676 0.32923661071143084 0.8932853717026379 0.3152478017585931 0.89828137490008 0.3012589928057554 0.8940347721822541 0.2935151878497202 0.8820443645083933 0.2865207833733014 0.8633093525179856
1 0.3352318145483613 0.7611410871302958 0.34897082334132695 0.751898481215028 0.3744504396482814 0.747152278177458 0.3966826538768985 0.7553956834532374 0.41616706634692247 0.7748800959232615 0.41641686650679455 0.7891187050359713 0.4114208633093525 0.8003597122302158 0.3899380495603518 0.8096023181454836 0.36320943245403675 0.8058553157474021 0.35221822541966424 0.80085931254996 0.33648081534772184 0.7923661071143085 0.329486410871303 0.7816247002398081 0.3314848121502798 0.7673860911270983
0 0.34897082334132695 0.7763788968824941 0.36221023181454837 0.7733812949640287 0.3886890487609912 0.7766286970423661 0.4036770583533174 0.7798760991207035 0.40592525979216626 0.783623101518785 0.3974320543565148 0.7821243005595524 0.38294364508393286 0.7803756994404477 0.36096123101518784 0.7778776978417266
1 0.3697042366107114 0.915517585931255 0.3737010391686651 0.8985311750599521 0.39193645083932854 0.8795463629096723 0.4116706634692246 0.8723021582733813 0.4266586730615508 0.8695543565147882 0.44339528377298165 0.8767985611510791 0.44714228617106316 0.8905375699440448 0.4458932853717027 0.9060251798561152 0.4326538768984812 0.9197641886490807 0.4106714628297362 0.9285071942446044 0.39193645083932854 0.9297561950439648 0.3781974420463629 0.925509592326139 0.37120303756994405 0.9200139888089528
0 0.38719024780175865 0.9152677857713829 0.3989308553157474 0.9030275779376499 0.4216626698641087 0.8927857713828937 0.4276578737010392 0.8977817745803358 0.4209132693844924 0.9027777777777778 0.41017186250999205 0.913269384492406 0.3966826538768985 0.915517585931255
1 0.9459932054356516 0.8493205435651479 0.9514888089528378 0.8385791366906475 0.9642286171063149 0.830085931254996 0.9822142286171064 0.8280875299760192 0.9979516386890488 0.8330835331734613 0.998451239008793 0.8890387689848123 0.9894584332533972 0.8890387689848123 0.9754696243005596 0.8857913669064748 0.9589828137490009 0.8743005595523581 0.9492406075139889 0.8655575539568345
0 0.451101618705036 0.2969124700239808 0.463466726618705 0.2914793165467626 0.4788294364508393 0.28960581534772184 0.49475419664268583 0.29035521582733814 0.48651079136690645 0.29372751798561153 0.4792041366906475 0.2969124700239808 0.46571492805755393 0.29841127098321346
0 0.3151515151515152 0.5628787878787879 0.31742424242424244 0.5623106060606061 0.3196969696969697 0.5619318181818183 0.3221590909090909 0.5619318181818183 0.3242424242424242 0.5617424242424243 0.3276515151515152 0.5617424242424243 0.3314393939393939 0.5615530303030304 0.3340909090909091 0.5615530303030304 0.33579545454545456 0.5617424242424243 0.33958333333333335 0.5625 0.34147727272727274 0.5625 0.34412878787878787 0.5630681818181817 0.34867424242424244 0.5638257575757576 0.35378787878787876 0.5642045454545455 0.3541666666666667 0.5619318181818183 0.3530303030303031 0.5606060606060606 0.34867424242424244 0.5600378787878788 0.3456439393939394 0.559469696969697 0.3429924242424242 0.5590909090909091 0.34034090909090914 0.5583333333333333 0.3371212121212121 0.5579545454545455 0.3323863636363636 0.5573863636363636 0.32954545454545453 0.5570075757575758 0.3268939393939394 0.5568181818181818 0.32196969696969696 0.5560606060606061 0.3196969696969697 0.5556818181818183 0.31306818181818186 0.5568181818181818 0.3104166666666667 0.5587121212121212 0.31022727272727274 0.5600378787878788 0.31193181818181814 0.5628787878787879 0.31306818181818186 0.5628787878787879
0 0.6887437810945273 0.6606291459369816 0.6901689469320066 0.6630907960199005 0.6906871890547263 0.6655524461028192 0.6910758706467661 0.6673662935323382 0.6914645522388059 0.6690505804311774 0.6925010364842453 0.6707348673300165 0.6948331260364842 0.671771351575456 0.6958696102819236 0.6719009121061359 0.6972947761194029 0.671771351575456 0.6978130182421226 0.6709939883913764 0.6980721393034824 0.669827943615257 0.6980721393034824 0.6685323383084576 0.697035655058043 0.6664593698175787 0.6963878524046433 0.6652933250414592 0.695092247097844 0.6627021144278606 0.693148839137645 0.6594631011608623 0.6921123548922056 0.6567423300165837 0.691205431177446 0.653891998341625 0.6900393864013267 0.6515599087893863 0.6886142205638474 0.6498756218905473 0.6875777363184079 0.6476730928689883 0.6852456467661691 0.6421019900497511 0.6840796019900497 0.6393812189054725 0.6827839966832503 0.6370491293532338 0.681488391376451 0.6349761608623548 0.6798041044776119 0.6340692371475953 0.6782493781094526 0.6332918739635157 0.675658167495854 0.632644071310116 0.6744921227197346 0.6352352819237147 0.6763059701492538 0.636660447761194 0.6790267412935322 0.6411950663349917 0.6804519071310116 0.6448227611940298 0.6816179519071309 0.6475435323383084 0.6829135572139303 0.6505234245439468 0.6852456467661691 0.6550580431177445 0.687189054726368 0.6582970563847429
0 0.9767918825561313 0.23575129533678754 0.9776554404145077 0.2376943005181347 0.977979274611399 0.2407167530224525 0.9783031088082902 0.2434153713298791 0.9784110535405871 0.24600604490500863 0.9789507772020725 0.2476252158894646 0.979814335060449 0.24935233160621761 0.9813255613126078 0.2507556131260794 0.9840241796200345 0.25107944732297066 0.9856433506044905 0.2502158894645941 0.9861830742659757 0.2469775474956822 0.9863989637305699 0.24481865284974091 0.9865069084628669 0.24233592400690845 0.9865069084628669 0.23996113989637305 0.9865069084628669 0.23758635578583764 0.9859671848013817 0.23585924006908462 0.9847797927461139 0.23326856649395508 0.9840241796200345 0.23175734024179617 0.983268566493955 0.22981433506044904 0.9825129533678756 0.22851899827288427 0.9816493955094991 0.2270077720207254 0.9789507772020725 0.22528065630397234 0.9770077720207253 0.22387737478411054 0.9757124352331606 0.22376943005181346 0.9743091537132987 0.22452504317789293 0.9742012089810017 0.22787132987910189 0.9750647668393781 0.2293825561312608 0.9756044905008635 0.23121761658031087 0.976360103626943 0.23391623488773747 0.9765759930915371 0.23467184801381694
