1 0.5657492354740061 0.22394240570846075 0.5768985728848114 0.22872069317023447 0.5797655453618756 0.23031345565749237 0.5826325178389399 0.23190621814475026 0.5858180428134556 0.23349898063200814 0.5880479102956166 0.23477319062181448 0.5899592252803262 0.23636595310907238 0.5928261977573903 0.23859582059123344 0.5960117227319063 0.24114424057084607 0.6001529051987767 0.2440112130479103 0.6039755351681957 0.24624108053007135 0.6071610601427115 0.2484709480122324 0.6100280326197757 0.25101936799184504 0.6122579001019368 0.2535677879714577 0.6148063200815493 0.25739041794087664 0.6160805300713558 0.2612130479102956 0.6154434250764527 0.2656727828746177 0.6116207951070336 0.2682212028542304 0.6039755351681957 0.27108817533129465 0.5988786952089704 0.27172528032619775 0.5915519877675841 0.2726809378185525 0.5807212028542303 0.2736365953109072 0.5765800203873598 0.2739551478083588 0.5695718654434251 0.274592252803262 0.567341997961264 0.27491080530071355 0.5632008154943935 0.2736365953109072 0.5596967380224261 0.2720438328236493 0.5561926605504587 0.26981396534148827 0.5530071355759428 0.2675840978593272 0.5479102956167176 0.26376146788990823 0.5428134556574924 0.2596202854230377 0.5389908256880733 0.2561162079510703 0.5354867482161061 0.2519750254841998 0.5303899082568807 0.24496687054026503 0.5287971457696228 0.23891437308868502 0.5291156982670744 0.23286187563710498 0.5307084607543323 0.2277650356778797 0.5345310907237513 0.22234964322120285 0.5393093781855249 0.2182084607543323 0.5434505606523955 0.21725280326197757 0.5482288481141692 0.21788990825688073 0.5520514780835881 0.21916411824668708 0.5571483180428134 0.22107543323139653
1 0.5418577981651376 0.3688837920489297 0.5329383282364933 0.36283129459734964 0.5303899082568807 0.36060142711518856 0.527204383282365 0.35741590214067276 0.5230632008154944 0.35327471967380225 0.519559123343527 0.34785932721712537 0.5170107033639144 0.34021406727828746 0.5163735983690112 0.33033893985728846 0.5176478083588175 0.32078236493374107 0.5205147808358818 0.3137742099898063 0.5252930682976554 0.30740316004077467 0.5291156982670744 0.30453618756371054 0.5338939857288482 0.30358053007135577 0.5389908256880733 0.30358053007135577 0.5437691131498471 0.3048547400611621 0.5495030581039756 0.30740316004077467 0.5542813455657493 0.31090723751274213 0.5581039755351682 0.3144113149847095 0.561289500509684 0.31855249745158 0.5651121304791029 0.3236493374108053 0.5686162079510704 0.33033893985728846 0.5705275229357798 0.3360728848114169 0.571164627930683 0.34212538226299694 0.5708460754332314 0.3472222222222222 0.5695718654434251 0.35200050968399593 0.5676605504587156 0.3570973496432212 0.5660677879714576 0.36091997961264016 0.5638379204892966 0.3634683995922528 0.5600152905198778 0.3656982670744139 0.5555555555555556 0.36760958205912336 0.5510958205912335 0.36920234454638123 0.5466360856269113 0.370158002038736
1 0.44884046890927626 0.4032874617737003 0.44756625891946994 0.3908639143730887 0.44756625891946994 0.38735983690112136 0.44756625891946994 0.38290010193679913 0.4478848114169215 0.378440366972477 0.4485219164118247 0.37493628950050967 0.4501146788990826 0.3688837920489297 0.45202599388379205 0.3634683995922528 0.4545744138634047 0.35869011213047913 0.4577599388379205 0.3551860346585117 0.46062691131498473 0.3535932721712538 0.46381243628950053 0.35295616717635064 0.4689092762487258 0.3523190621814475 0.4733690112130479 0.35200050968399593 0.47910295616717635 0.35200050968399593 0.48356269113149847 0.3526376146788991 0.4870667686034658 0.354230377166157 0.48993374108053006 0.3570973496432212 0.49216360856269115 0.36091997961264016 0.4940749235474006 0.3656982670744139 0.4950305810397554 0.37175076452599387 0.49534913353720694 0.37748470948012236 0.49534913353720694 0.3825815494393476 0.49534913353720694 0.3886340468909276 0.4940749235474006 0.39436799184505605 0.4924821610601427 0.39978338430173294 0.48993374108053006 0.40551732925586137 0.4880224260958206 0.4093399592252803 0.4841997961264016 0.4125254841997961 0.4797400611620795 0.4144367991845056 0.4730504587155963 0.4163481141692151 0.46636085626911317 0.4166666666666667 0.4599898063200815 0.41698521916411824 0.4561671763506626 0.41475535168195715 0.4529816513761468 0.41156982670744136 0.4501146788990826 0.40647298674821614
1 0.5679791029561672 0.44374362895005093 0.5577854230377166 0.44438073394495414 0.5526885830784913 0.4424694189602446 0.5495030581039756 0.4405581039755352 0.5459989806320081 0.4373725790010194 0.5431320081549439 0.4332313965341488 0.541539245667686 0.4274974515800204 0.5418577981651376 0.41953363914373093 0.5437691131498471 0.4150739041794088 0.5463175331294596 0.41093272171253825 0.5495030581039756 0.40711009174311924 0.5517329255861366 0.40392456676860344 0.5555555555555556 0.39978338430173294 0.5596967380224261 0.3975535168195719 0.567341997961264 0.39309378185524974 0.5730759429153925 0.3905453618756371 0.579446992864424 0.3892711518858308 0.5848623853211009 0.3892711518858308 0.5890035677879715 0.3902268093781855 0.5944189602446482 0.39309378185524974 0.5982415902140673 0.39723496432212024 0.601427115188583 0.4023318042813456 0.6027013251783894 0.40711009174311924 0.6017456676860345 0.4125254841997961 0.6001529051987767 0.417940876656473 0.5976044852191642 0.42271916411824667 0.5937818552497451 0.4287716615698267 0.590914882772681 0.43259429153924567 0.5870922528032619 0.4367354740061162 0.5823139653414883 0.4402395514780836 0.5775356778797146 0.44215086646279306 0.5714831804281346 0.4431065239551478
1 0.7619775739041794 0.3137742099898063 0.7607033639143731 0.3093144750254842 0.7600662589194699 0.3038990825688073 0.7597477064220184 0.2981651376146789 0.7597477064220184 0.29083843017329253 0.7607033639143731 0.2822375127420999 0.762296126401631 0.27491080530071355 0.7642074413863404 0.26885830784913356 0.7664373088685016 0.2634429153924567 0.7715341488277268 0.25802752293577985 0.7756753312945973 0.25579765545361877 0.7807721712538226 0.25420489296636084 0.78427624872579 0.25452344546381245 0.788098878695209 0.25579765545361877 0.7919215086646278 0.2567533129459735 0.7973369011213048 0.25802752293577985 0.800203873598369 0.2596202854230377 0.8030708460754332 0.2615316004077472 0.8053007135575942 0.2643985728848114 0.8075305810397553 0.2675840978593272 0.8097604485219164 0.2720438328236493 0.8113532110091743 0.2758664627930683 0.8135830784913354 0.2812818552497452 0.8148572884811417 0.284467380224261 0.816131498470948 0.2889271151885831 0.8170871559633028 0.2937054026503568 0.8174057084607543 0.30007645259938837 0.8170871559633028 0.30676605504587157 0.8164500509683995 0.31281855249745155 0.8154943934760449 0.31855249745158 0.8139016309887869 0.3252420998980632 0.8116717635066258 0.3319317023445464 0.8078491335372069 0.3351172273190622 0.8046636085626911 0.33575433231396534 0.8017966360856269 0.3360728848114169 0.797974006116208 0.3367099898063201 0.7919215086646278 0.3373470948012232 0.7861875637104995 0.3379841997961264 0.7817278287461774 0.338302752293578 0.7772680937818552 0.3373470948012232 0.7689857288481142 0.32906472986748214 0.7670744138634047 0.32396788990825687 0.7651630988786952 0.31982670744138636
1 0.3739806320081549 0.3427624872579001 0.36824668705402647 0.3379841997961264 0.3666539245667686 0.334480122324159 0.36506116207951067 0.3297018348623853 0.36506116207951067 0.3242864424057085 0.36601681957186544 0.31823394495412843 0.36760958205912336 0.31345565749235477 0.36920234454638123 0.30835881753312944 0.37079510703363916 0.3048547400611621 0.37493628950050967 0.30103211009174313 0.38003312945973494 0.2988022426095821 0.3844928644240571 0.2972094801223241 0.38735983690112136 0.29689092762487257 0.392138124362895 0.29689092762487257 0.3962793068297656 0.29752803261977573 0.39978338430173294 0.2988022426095821 0.40392456676860344 0.30103211009174313 0.40742864424057085 0.30294342507645255 0.41029561671763504 0.3048547400611621 0.41348114169215083 0.3080402650356779 0.4157110091743119 0.3105886850152905 0.4166666666666667 0.3137742099898063 0.417940876656473 0.31823394495412843 0.41857798165137616 0.3233307849133537 0.41857798165137616 0.32715341488277266 0.41857798165137616 0.332250254841998 0.417940876656473 0.3363914373088685 0.41539245667686037 0.3408511722731907 0.41188837920489296 0.34339959225280325 0.40742864424057085 0.3453109072375128 0.402013251783894 0.34690366972477066 0.3985091743119266 0.3475407747196738 0.3924566768603466 0.3475407747196738 0.3864041794087666 0.34658511722731905 0.3797145769622834 0.3446738022426096
1 0.43259429153924567 0.2137487257900102 0.42686034658511723 0.2102446483180428 0.4249490316004077 0.20801478083588174 0.4224006116207951 0.20387359836901123 0.42017074413863403 0.20005096839959224 0.4198521916411825 0.1962283384301733 0.4204892966360856 0.191131498470948 0.4224006116207951 0.1863532110091743 0.4249490316004077 0.18221202854230378 0.42813455657492355 0.17743374108053006 0.4310015290519878 0.17488532110091745 0.4354612640163099 0.1720183486238532 0.4396024464831804 0.17010703363914373 0.4450178389398573 0.16946992864424057 0.4513888888888889 0.16946992864424057 0.4571228338430173 0.16946992864424057 0.4609454638124363 0.17106269113149847 0.46476809378185524 0.1723369011213048 0.47113914373088683 0.17392966360856268 0.4752803261977574 0.1755224260958206 0.47782874617737003 0.1771151885830785 0.4797400611620795 0.17966360856269112 0.48101427115188583 0.18348623853211007 0.48228848114169215 0.18699031600407745 0.48324413863404686 0.19145005096839957 0.48356269113149847 0.1975025484199796 0.48324413863404686 0.20196228338430172 0.4813328236493374 0.20514780835881752 0.47942150866462796 0.20833333333333334 0.47687308868501527 0.2121559633027523 0.47177624872579005 0.21502293577981652 0.46062691131498473 0.21757135575942915 0.455848623853211 0.21788990825688073 0.4517074413863405 0.21788990825688073 0.4472477064220184 0.21725280326197757 0.4415137614678899 0.21597859327217125 0.436098369011213 0.21438583078491336
1 0.5721202854230377 0.18253058103975534 0.5670234454638124 0.17392966360856268 0.5660677879714576 0.17010703363914373 0.5654306829765545 0.16469164118246687 0.5654306829765545 0.15895769622833844 0.5657492354740061 0.15354230377166156 0.5670234454638124 0.1468527013251784 0.5692533129459735 0.14207441386340466 0.5724388379204892 0.13793323139653416 0.5759429153924567 0.1357033639143731 0.5804026503567788 0.13442915392456678 0.5851809378185525 0.13442915392456678 0.5896406727828746 0.13442915392456678 0.5921890927624872 0.1353848114169215 0.5960117227319063 0.137296126401631 0.5995158002038735 0.14143730886850153 0.6033384301732926 0.14462283384301733 0.6068425076452599 0.1481269113149847 0.6093909276248726 0.1516309887869521 0.6113022426095821 0.15513506625891946 0.6135321100917431 0.15863914373088683 0.6154434250764527 0.1627803261977574 0.6167176350662589 0.16692150866462793 0.6183103975535168 0.1720183486238532 0.6189475025484199 0.17807084607543322 0.6192660550458715 0.18221202854230378 0.6192660550458715 0.18699031600407745 0.6183103975535168 0.19208715596330275 0.6160805300713558 0.19686544342507645 0.6135321100917431 0.19877675840978595 0.6087538226299695 0.20005096839959224 0.603019877675841 0.201006625891947 0.5985601427115188 0.201006625891947 0.5934633027522936 0.201006625891947 0.5899592252803262 0.201006625891947 0.5877293577981652 0.19973241590214066 0.5848623853211009 0.19686544342507645 0.5829510703363915 0.19399847094801223 0.581039755351682 0.19081294597349643 0.5791284403669724 0.18858307849133535 0.5762614678899083 0.1866717635066259
1 0.7575178389398574 0.10257390417940876 0.7530581039755352 0.09492864424057085 0.7521024464831804 0.09142456676860347 0.7511467889908257 0.08696483180428134 0.7511467889908257 0.08250509683995923 0.7508282364933742 0.07549694189602446 0.7508282364933742 0.06976299694189603 0.7511467889908257 0.06434760448521916 0.752420998980632 0.059887869520897044 0.7540137614678899 0.05542813455657492 0.7556065239551478 0.05096839959225281 0.7575178389398574 0.04714576962283384 0.7594291539245668 0.04427879714576963 0.7616590214067279 0.041093272171253824 0.7635703363914372 0.03727064220183486 0.76611875637105 0.034085117227319064 0.7689857288481142 0.03089959225280326 0.77217125382263 0.028032619775739044 0.7747196738022427 0.026121304791029563 0.7785423037716616 0.02516564729867482 0.783639143730887 0.024209989806320085 0.7874617737003058 0.0238914373088685 0.7922400611620795 0.024847094801223244 0.7966997961264016 0.026758409785932722 0.8014780835881754 0.02835117227319062 0.8056192660550459 0.0302624872579001 0.8094418960244648 0.031855249745158 0.8129459734964323 0.033766564729867485 0.8145387359836901 0.03599643221202854 0.8167686034658511 0.039181957186544346 0.8186799184505607 0.0430045871559633 0.819954128440367 0.047782874617737 0.819954128440367 0.051924057084607546 0.8196355759429154 0.05702089704383283 0.8180428134556574 0.06275484199796126 0.816131498470948 0.06817023445463813 0.8139016309887869 0.07549694189602446 0.8129459734964323 0.07900101936799184 0.8119903160040775 0.08250509683995923 0.8110346585117227 0.0863277268093782 0.8097604485219164 0.0891946992864424 0.8088047910295617 0.09174311926605504 0.8075305810397553 0.09365443425076453 0.8059378185524975 0.09652140672782875 0.8043450560652395 0.09843272171253822 0.8024337410805301 0.10002548419979612 0.8008409785932721 0.10098114169215086 0.798611111111111 0.10289245667686034 0.7966997961264016 0.10480377166156982 0.7938328236493374 0.10767074413863405 0.7909658511722732 0.11053771661569826 0.7874617737003058 0.1130861365953109 0.78427624872579 0.11372324159021406 0.778860856269113 0.11372324159021406 0.77217125382263 0.1130861365953109 0.7673929663608562 0.111493374108053 0.7654816513761468 0.11021916411824668 0.7626146788990825 0.10798929663608563 0.7600662589194699 0.10607798165137615
1 0.4405581039755352 0.08664627930682976 0.44215086646279306 0.07740825688073394 0.4424694189602446 0.07454128440366972 0.44278797145769627 0.07135575942915393 0.44374362895005093 0.0684887869520897 0.4450178389398573 0.06562181447502549 0.445973496432212 0.06243628950050969 0.4472477064220184 0.059250764525993885 0.4494775739041794 0.05638379204892966 0.4510703363914373 0.05479102956167177 0.4529816513761468 0.053835372069317024 0.4555300713557594 0.052879714576962285 0.4577599388379205 0.052242609582059125 0.46126401630988784 0.05128695208970438 0.46572375127420995 0.05064984709480123 0.47050203873598373 0.05064984709480123 0.47432466870540263 0.05064984709480123 0.4771916411824669 0.05096839959225281 0.4803771661569826 0.051924057084607546 0.4829255861365953 0.053516819571865444 0.4851554536187564 0.05510958205912334 0.4873853211009174 0.05765800203873598 0.4896151885830785 0.0605249745158002 0.4912079510703364 0.06434760448521916 0.49216360856269115 0.06785168195718655 0.49311926605504586 0.0716743119266055 0.4940749235474006 0.0748598369011213 0.4950305810397554 0.07931957186544342 0.4956676860346585 0.08346075433231397 0.49630479102956165 0.08823904179408766 0.4972604485219164 0.09365443425076453 0.497579001019368 0.09843272171253822 0.4978975535168196 0.10161824668705403 0.4978975535168196 0.10544087665647299 0.4978975535168196 0.11021916411824668 0.4972604485219164 0.11404179408766565 0.4959862385321101 0.11754587155963302 0.4943934760448522 0.12168705402650357 0.49216360856269115 0.12614678899082568 0.4908893985728848 0.12837665647298674 0.4892966360856269 0.13028797145769622 0.48770387359836903 0.1321992864424057 0.4851554536187564 0.13442915392456678 0.4826070336391437 0.1357033639143731 0.4784658511722732 0.137296126401631 0.47368756371049947 0.13761467889908255 0.4689092762487258 0.137296126401631 0.4634938837920489 0.13602191641182465 0.45871559633027525 0.1337920489296636 0.4545744138634047 0.13124362895005098 0.4510703363914373 0.12773955147808358 0.44884046890927626 0.12391692150866462 0.4469291539245667 0.11945718654434251 0.44565494393476046 0.11595310907237513 0.4446992864424057 0.11276758409785932 0.4434250764525994 0.10767074413863405 0.4424694189602446 0.10289245667686034 0.4418323139653415 0.09938837920489298 0.4418323139653415 0.09588430173292559 0.4415137614678899 0.09078746177370031
1 0.35391182466870535 0.24305555555555555 0.35614169215086644 0.23318042813455658 0.3583715596330275 0.22999490316004076 0.36123853211009177 0.2261722731906218 0.364105504587156 0.22139398572884814 0.36824668705402647 0.21757135575942915 0.3720693170234455 0.2137487257900102 0.3755733944954128 0.21120030581039756 0.37907747196738023 0.20960754332313963 0.3819444444444445 0.20833333333333334 0.3857670744138634 0.20737767584097858 0.388315494393476 0.20674057084607542 0.39277522935779813 0.20578491335372068 0.3969164118246687 0.20546636085626913 0.4013761467889908 0.20578491335372068 0.4048802242609582 0.20705912334352702 0.408065749235474 0.20865188583078492 0.41156982670744136 0.21088175331294598 0.41475535168195715 0.2137487257900102 0.41698521916411824 0.21725280326197757 0.41857798165137616 0.2220310907237513 0.41921508664627927 0.22680937818552496 0.41953363914373093 0.22999490316004076 0.41953363914373093 0.23318042813455658 0.417940876656473 0.23668450560652396 0.4150739041794088 0.2392329255861366 0.4131625891946993 0.24050713557594292 0.41093272171253825 0.2424184505606524 0.40742864424057085 0.24496687054026503 0.40424311926605505 0.24687818552497454 0.4001019367991845 0.248789500509684 0.3962793068297656 0.25101936799184504 0.3918195718654435 0.25261213047910297 0.38481141692150866 0.25452344546381245 0.38003312945973494 0.2551605504587156 0.3771661569826707 0.25579765545361877 0.37302497451580025 0.2564347604485219 0.36697247706422015 0.25739041794087664 0.36314984709480125 0.25770897043832824 0.360282874617737 0.25770897043832824 0.35646024464831805 0.25770897043832824 0.35391182466870535 0.25452344546381245 0.35327471967380225 0.25070081549439344
1 0.5303899082568807 0.0079638124362895 0.5252930682976554 0.01529051987767584 0.5230632008154944 0.01847604485219164 0.5205147808358818 0.02134301732925586 0.5173292558613659 0.02357288481141692 0.5131880733944955 0.024847094801223244 0.5068170234454638 0.026121304791029563 0.5029943934760449 0.026121304791029563 0.4988532110091743 0.024847094801223244 0.4940749235474006 0.02198012232415902 0.4908893985728848 0.019431702344546383 0.48674821610601426 0.015609072375127422 0.48356269113149847 0.01178644240570846 0.48228848114169215 0.00923802242609582 0.4806957186544343 0.006052497451580021 0.47878440366972475 0.0 0.533256880733945 0.00031855249745158
1 0.8976809378185525 0.12009429153924565 0.8906727828746177 0.11404179408766565 0.8887614678899083 0.11021916411824668 0.8865316004077471 0.10448521916411825 0.8855759429153925 0.09683995922528034 0.8862130479102956 0.09046890927624873 0.8887614678899083 0.08696483180428134 0.8929026503567788 0.0844164118246687 0.8983180428134556 0.08186799184505605 0.9027777777777778 0.07995667686034659 0.9066004077471967 0.07836391437308869 0.9101044852191642 0.07772680937818553 0.9148827726809379 0.07804536187563711 0.9187054026503567 0.07900101936799184 0.9228465851172273 0.08059378185524975 0.9285805300713558 0.08186799184505605 0.9330402650356778 0.08314220183486239 0.9375 0.08505351681957186 0.9416411824668706 0.0876019367991845 0.9461009174311926 0.09078746177370031 0.9499235474006117 0.09365443425076453 0.9531090723751274 0.09620285423037717 0.9562945973496432 0.0990698267074414 0.9588430173292559 0.10225535168195718 0.961072884811417 0.10480377166156982 0.9626656472986748 0.10671508664627931 0.9661697247706422 0.11021916411824668 0.9680810397553518 0.11213047910295618 0.9703109072375128 0.11531600407747196 0.9712665647298675 0.11977573904179409 0.9706294597349643 0.12391692150866462 0.9674439347604484 0.127420998980632 0.9639398572884812 0.1306065239551478 0.9597986748216106 0.13315494393476046 0.9575688073394495 0.13347349643221204 0.9537461773700305 0.13347349643221204 0.9483307849133538 0.13283639143730885 0.9435524974515801 0.1321992864424057 0.9384556574923547 0.13315494393476046 0.9355886850152905 0.1337920489296636 0.9317660550458715 0.13315494393476046 0.9298547400611621 0.13251783893985727 0.9266692150866462 0.13156218144750256 0.9238022426095821 0.1309250764525994 0.9206167176350663 0.12996941896024464 0.9174311926605505 0.12901376146788993 0.9142456676860345 0.12805810397553516 0.9113786952089704 0.12710244648318042 0.9085117227319063 0.1258282364933741 0.9053261977573903 0.1242354740061162
1 0.8371559633027523 0.2456039755351682 0.8285550458715597 0.24050713557594292 0.8269622833843017 0.23859582059123344 0.8250509683995922 0.23668450560652396 0.8225025484199796 0.23509174311926603 0.819954128440367 0.23286187563710498 0.818361365953109 0.23031345565749237 0.8177242609582059 0.22680937818552496 0.8177242609582059 0.2217125382262997 0.8193170234454639 0.2166156982670744 0.8231396534148827 0.20992609582059124 0.8272808358817533 0.20387359836901123 0.8326962283384302 0.1975025484199796 0.8387487257900101 0.19176860346585117 0.8438455657492355 0.18762742099898064 0.8489424057084608 0.18444189602446484 0.8521279306829765 0.18380479102956168 0.8569062181447503 0.18380479102956168 0.8610474006116208 0.18444189602446484 0.8655071355759428 0.1866717635066259 0.8686926605504587 0.18953873598369012 0.872196738022426 0.19240570846075433 0.8750637104994904 0.19590978593272174 0.8776121304791029 0.20005096839959224 0.8785677879714576 0.20482925586136597 0.8788863404689093 0.20865188583078492 0.8779306829765545 0.21311162079510704 0.8763379204892966 0.21693425076452597 0.873789500509684 0.22234964322120285 0.8715596330275229 0.2280835881753313 0.8690112130479103 0.23158766564729868 0.866144240570846 0.23381753312945974 0.8632772680937818 0.23636595310907238 0.859454638124363 0.2392329255861366 0.8559505606523955 0.24178134556574923 0.8521279306829765 0.2436926605504587 0.8483053007135576 0.24592252803261977 0.8454383282364933 0.24624108053007135
1 0.9225280326197757 0.2682212028542304 0.9206167176350663 0.2570718654434251 0.9206167176350663 0.2529306829765545 0.9209352701325177 0.24815239551478083 0.9225280326197757 0.24273700305810397 0.9247579001019368 0.23795871559633025 0.9269877675840978 0.23413608562691132 0.9304918450560653 0.23063200815494392 0.9333588175331294 0.22903924566768602 0.9378185524974516 0.22680937818552496 0.9416411824668706 0.22553516819571864 0.9464194699286442 0.22521661569826706 0.9527905198776758 0.22553516819571864 0.9559760448521916 0.22680937818552496 0.9607543323139652 0.22935779816513763 0.9645769622833843 0.23254332313965342 0.9680810397553518 0.2376401630988787 0.9696738022426096 0.24273700305810397 0.9703109072375128 0.2471967380224261 0.9703109072375128 0.25261213047910297 0.9699923547400612 0.25802752293577985 0.9683995922528033 0.26376146788990823 0.9661697247706422 0.2682212028542304 0.9639398572884812 0.2720438328236493 0.96170998980632 0.2752293577981651 0.9588430173292559 0.2777777777777778 0.9559760448521916 0.2800076452599389 0.9515163098878695 0.2819189602446483 0.9480122324159022 0.28287461773700306 0.9438710499490316 0.28287461773700306 0.9381371049949031 0.28287461773700306 0.9333588175331294 0.28160040774719675 0.9282619775739042 0.2790519877675841 0.9257135575942915 0.2758664627930683
1 0.8973623853211009 0.3679281345565749 0.8887614678899083 0.37589194699286443 0.8846202854230377 0.3787589194699287 0.8792048929663608 0.38130733944954126 0.8731523955147809 0.3838557594291539 0.8670998980632008 0.3857670744138634 0.8623216106014271 0.386085626911315 0.8588175331294596 0.386085626911315 0.8559505606523955 0.38512996941896027 0.8524464831804281 0.3832186544342508 0.8502166156982671 0.3809887869520897 0.8483053007135576 0.37684760448521915 0.8476681957186544 0.3727064220183486 0.8476681957186544 0.3688837920489297 0.8486238532110092 0.364105504587156 0.8502166156982671 0.3590086646279307 0.8521279306829765 0.35454892966360857 0.8537206931702345 0.3510448521916412 0.8556320081549439 0.34849643221202853 0.8575433231396534 0.3453109072375128 0.8600917431192661 0.34180682976554533 0.8629587155963302 0.3379841997961264 0.8670998980632008 0.33256880733944955 0.8706039755351682 0.3287461773700306 0.8744266055045872 0.32492354740061163 0.8785677879714576 0.32205657492354745 0.8817533129459735 0.32078236493374107 0.8852573904179408 0.3201452599388379 0.8890800203873598 0.3201452599388379 0.891946992864424 0.3201452599388379 0.895769622833843 0.32078236493374107 0.8992737003058104 0.32269367991845055 0.90118501529052 0.32460499490316 0.9024592252803262 0.3268348623853211 0.9040519877675841 0.32906472986748214 0.9059633027522936 0.3312945973496432 0.9075560652395515 0.334480122324159 0.9085117227319063 0.3379841997961264 0.9091488277268094 0.34180682976554533 0.9085117227319063 0.34658511722731905 0.9075560652395515 0.350407747196738 0.9053261977573903 0.35550458715596334 0.9030963302752293 0.35996432212028545
1 0.9655326197757391 0.340532619775739 0.9687181447502549 0.33702854230377166 0.9709480122324159 0.334480122324159 0.9741335372069316 0.33256880733944955 0.977000509683996 0.3316131498470948 0.9801860346585117 0.3312945973496432 0.9846457696228338 0.3309760448521917 0.989105504587156 0.3309760448521917 0.9926095820591233 0.3312945973496432 0.9961136595310907 0.332250254841998 0.9989583333333333 0.33310365698267075 0.9989583333333333 0.3739806320081549 0.9964322120285424 0.37429918450560656 0.9932466870540265 0.3746177370030581 0.9897426095820592 0.3746177370030581 0.983053007135576 0.3746177370030581 0.9782747196738022 0.3739806320081549 0.9731778797145769 0.3720693170234455 0.9680810397553518 0.36920234454638123 0.9655326197757391 0.36506116207951067 0.9642584097859327 0.36060142711518856 0.963302752293578 0.3558231396534149 0.963302752293578 0.3510448521916412 0.963302752293578 0.34658511722731905
1 0.8820718654434251 0.5698904179408767 0.8734709480122324 0.561289500509684 0.8702854230377166 0.5571483180428134 0.8677370030581039 0.551414373088685 0.8664627930682977 0.5459989806320081 0.8651885830784913 0.5405835881753313 0.8642329255861366 0.5361238532110092 0.8635958205912335 0.5303899082568807 0.8635958205912335 0.523381753312946 0.8642329255861366 0.5163735983690112 0.8670998980632008 0.5077726809378186 0.8696483180428134 0.5010830784913354 0.8734709480122324 0.49662334352701326 0.8785677879714576 0.49471202854230373 0.8862130479102956 0.49311926605504586 0.8941768603465851 0.49311926605504586 0.8992737003058104 0.4934378185524974 0.9046890927624872 0.49534913353720694 0.9094673802242609 0.4978975535168196 0.9129714576962283 0.5004459734964323 0.9167940876656473 0.5042686034658511 0.9202981651376146 0.5077726809378186 0.9234836901121305 0.5125509683995922 0.9263506625891947 0.5176478083588175 0.9282619775739042 0.5224260958205912 0.9298547400611621 0.5275229357798165 0.9311289500509684 0.5370795107033639 0.9311289500509684 0.5440876656472986 0.9311289500509684 0.5495030581039756 0.9308103975535168 0.5561926605504587 0.9301732925586137 0.5632008154943935 0.9292176350662589 0.5676605504587156 0.9276248725790011 0.571164627930683 0.9241207951070336 0.5749872579001019 0.9187054026503567 0.5784913353720693 0.9126529051987767 0.5804026503567788 0.9081931702344547 0.5804026503567788 0.9005479102956166 0.5784913353720693 0.8932212028542303 0.5756243628950052 0.8871687054026504 0.5724388379204892
1 0.8256880733944955 0.7122833843017329 0.8186799184505607 0.7081422018348623 0.816131498470948 0.7049566768603466 0.8135830784913354 0.7024082568807339 0.8116717635066258 0.6992227319062181 0.8103975535168196 0.6957186544342507 0.8097604485219164 0.6925331294597349 0.8097604485219164 0.6880733944954128 0.8110346585117227 0.6832951070336392 0.8132645259938838 0.6791539245667686 0.8151758409785933 0.6756498470948012 0.818361365953109 0.6715086646279307 0.8212283384301734 0.668960244648318 0.8247324159021406 0.6664118246687054 0.8285550458715597 0.664500509683996 0.8330147808358818 0.6629077471967381 0.8371559633027523 0.6619520897043834 0.8425713557594291 0.6616335372069316 0.8460754332313966 0.6616335372069316 0.8514908256880733 0.6622706422018348 0.8565876656472986 0.6638634046890928 0.8610474006116208 0.6654561671763506 0.8658256880733946 0.6670489296636085 0.8693297655453619 0.6686416921508666 0.8731523955147809 0.6715086646279307 0.8769750254841998 0.6746941896024464 0.8795234454638124 0.6781982670744139 0.881434760448522 0.682658002038736 0.8817533129459735 0.6883919469928644 0.8807976554536187 0.6954001019367992 0.8785677879714576 0.700815494393476 0.876019367991845 0.7052752293577982 0.872196738022426 0.708460754332314 0.8664627930682977 0.7113277268093782 0.861684505606524 0.7129204892966361 0.8553134556574924 0.7145132517838939 0.8470310907237513 0.7157874617737003 0.8416156982670745 0.7157874617737003 0.8390672782874619 0.7157874617737003 0.835881753312946 0.7154689092762487 0.8314220183486238 0.7141946992864424
1 0.7202471967380224 0.7078236493374107 0.7126019367991845 0.6989041794087665 0.7103720693170233 0.6957186544342507 0.708460754332314 0.6925331294597349 0.7075050968399592 0.688710499490316 0.7068679918450561 0.6852064220183486 0.7068679918450561 0.6820208970438328 0.7078236493374107 0.6785168195718654 0.7100535168195719 0.6740570846075433 0.7132390417940877 0.6695973496432212 0.7148318042813455 0.6673674821610601 0.718335881753313 0.6664118246687054 0.7234327217125381 0.6654561671763506 0.7278924566768603 0.6654561671763506 0.7317150866462793 0.6657747196738022 0.7358562691131498 0.666730377166157 0.7399974515800204 0.6686416921508666 0.7438200815494393 0.670553007135576 0.7473241590214067 0.6724643221202854 0.7511467889908257 0.6750127420998981 0.754650866462793 0.6772426095820592 0.7578363914373089 0.6804281345565749 0.7613404689092762 0.6836136595310907 0.764525993883792 0.6877548419979612 0.76611875637105 0.6931702344546381 0.7670744138634047 0.698585626911315 0.7670744138634047 0.703045361875637 0.7654816513761468 0.708460754332314 0.7626146788990825 0.7126019367991845 0.7575178389398574 0.7157874617737003 0.7533766564729868 0.7173802242609583 0.7498725790010193 0.7173802242609583 0.7450942915392457 0.7173802242609583 0.7393603465851173 0.7170616717635067 0.7361748216106014 0.7161060142711518 0.7320336391437309 0.7145132517838939 0.7278924566768603 0.7126019367991845 0.724388379204893 0.7103720693170233
1 0.9849643221202854 0.6316896024464832 0.9779561671763506 0.621177370030581 0.9773190621814475 0.6195846075433232 0.9763634046890927 0.6167176350662589 0.9754077471967381 0.6148063200815493 0.9747706422018348 0.6122579001019368 0.9741335372069316 0.6087538226299695 0.9734964322120285 0.6049311926605505 0.9728593272171254 0.601427115188583 0.9728593272171254 0.5985601427115188 0.9728593272171254 0.5963302752293578 0.9741335372069316 0.593144750254842 0.9757262996941896 0.5890035677879715 0.9782747196738022 0.5858180428134556 0.9811416921508666 0.583269622833843 0.9840086646279307 0.5819954128440368 0.9887869520897044 0.581039755351682 0.9926095820591233 0.581039755351682 0.9973878695208971 0.581039755351682 0.9989583333333333 0.581039755351682 0.9989583333333333 0.6390163098878695 0.9948394495412844 0.6380606523955148 0.9932466870540265 0.6374235474006117 0.9897426095820592 0.6345565749235473
1 0.6533511722731906 0.8126274209989807 0.6501656472986748 0.7995667686034659 0.6495285423037717 0.7944699286442405 0.64920998980632 0.7909658511722732 0.6495285423037717 0.788098878695209 0.6501656472986748 0.7833205912334352 0.650802752293578 0.7791794087665648 0.6523955147808358 0.774401121304791 0.6536697247706422 0.768348623853211 0.6549439347604484 0.763888888888889 0.656855249745158 0.7594291539245668 0.659085117227319 0.7549694189602447 0.6625891946992865 0.752420998980632 0.666730377166157 0.7511467889908257 0.6715086646279307 0.7498725790010193 0.6775611620795108 0.7495540265035677 0.6820208970438328 0.7505096839959225 0.6839322120285424 0.7521024464831804 0.6861620795107034 0.7533766564729868 0.6899847094801222 0.7571992864424058 0.6925331294597349 0.7613404689092762 0.6938073394495413 0.7632517838939857 0.6966743119266054 0.76611875637105 0.6989041794087665 0.7696228338430173 0.7004969418960244 0.774401121304791 0.700815494393476 0.7791794087665648 0.700815494393476 0.7826834862385321 0.7004969418960244 0.7874617737003058 0.6989041794087665 0.7922400611620795 0.6982670744138634 0.7957441386340469 0.6973114169215087 0.8008409785932721 0.696355759429154 0.8065749235474006 0.6950815494393476 0.8113532110091743 0.6934887869520897 0.8158129459734964 0.6918960244648318 0.8209097859327217 0.6883919469928644 0.8256880733944955 0.6852064220183486 0.8285550458715597 0.6823394495412844 0.8314220183486238 0.6804281345565749 0.8320591233435269 0.6743756371049948 0.8311034658511722 0.6692787971457697 0.8295107033639143 0.6638634046890928 0.8275993883792049 0.6606778797145769 0.8250509683995922 0.6584480122324159 0.8218654434250765 0.6555810397553518 0.8177242609582059
1 0.7250254841997961 0.816131498470948 0.7278924566768603 0.8075305810397553 0.7298037716615698 0.8037079510703364 0.7329892966360857 0.7989296636085627 0.7371304791029563 0.7954255861365953 0.7415902140672783 0.7925586136595312 0.746368501529052 0.7906472986748216 0.7527395514780836 0.7884174311926606 0.7610219164118246 0.785869011213048 0.7673929663608562 0.7849133537206932 0.77217125382263 0.7845948012232415 0.7763124362895005 0.785869011213048 0.780453618756371 0.7874617737003058 0.783639143730887 0.7922400611620795 0.7861875637104995 0.7976554536187563 0.7868246687054027 0.8037079510703364 0.7865061162079511 0.8100790010193679 0.7849133537206932 0.8164500509683995 0.7817278287461774 0.8218654434250765 0.77822375127421 0.8269622833843017 0.774401121304791 0.8314220183486238 0.7693042813455657 0.8330147808358818 0.764525993883792 0.8346075433231397 0.7629332313965341 0.8355632008154944 0.7508282364933742 0.8377930682976554 0.7444571865443426 0.8377930682976554 0.7399974515800204 0.8374745158002039 0.7358562691131498 0.8362003058103975 0.7339449541284403 0.8346075433231397 0.7313965341488278 0.8320591233435269 0.7288481141692151 0.8285550458715597 0.7269367991845056 0.8244138634046891
1 0.885894495412844 0.7648445463812437 0.8878058103975536 0.7607033639143731 0.889717125382263 0.7565621814475025 0.8929026503567788 0.7521024464831804 0.8967252803261978 0.7495540265035677 0.9018221202854231 0.7479612640163098 0.905644750254842 0.7476427115188583 0.9104230377166157 0.7476427115188583 0.9142456676860345 0.7479612640163098 0.917749745158002 0.7492354740061162 0.9215723751274211 0.7508282364933742 0.9244393476044852 0.7530581039755352 0.9279434250764527 0.7581549439347605 0.9292176350662589 0.762296126401631 0.9295361875637105 0.768348623853211 0.9292176350662589 0.7737640163098879 0.9257135575942915 0.780453618756371 0.9218909276248726 0.7861875637104995 0.9190239551478084 0.7909658511722732 0.9145642201834863 0.7947884811416922 0.9101044852191642 0.7966997961264016 0.9053261977573903 0.797974006116208 0.8992737003058104 0.7982925586136596 0.8932212028542303 0.797974006116208 0.8893985728848114 0.7966997961264016 0.8868501529051988 0.7938328236493374 0.8843017329255861 0.7887359836901121 0.883664627930683 0.7845948012232415 0.8833460754332314 0.7794979612640164 0.8843017329255861 0.7731269113149847
1 0.9582059123343527 0.7313965341488278 0.961072884811417 0.7272553516819572 0.9661697247706422 0.7237512742099899 0.971585117227319 0.7221585117227319 0.9785932721712538 0.7212028542303771 0.985282874617737 0.7212028542303771 0.9900611620795108 0.7215214067278288 0.9929281345565749 0.7221585117227319 0.995158002038736 0.7231141692150866 0.9989583333333333 0.7242835019211166 0.9983435270132517 0.7632517838939857 0.9919724770642202 0.7642074413863404 0.9871941896024464 0.7654816513761468 0.9846457696228338 0.76611875637105 0.9811416921508666 0.7667558613659531 0.979230377166157 0.7667558613659531 0.9757262996941896 0.7658002038735983 0.9722222222222222 0.7642074413863404 0.9696738022426096 0.7629332313965341 0.9664882772680937 0.7616590214067279 0.9652140672782874 0.7613404689092762 0.9569317023445464 0.7511467889908257 0.9553389398572885 0.7466870540265036 0.9547018348623854 0.7409531090723751 0.9547018348623854 0.7355377166156983
1 0.9266692150866462 0.8174057084607543 0.9301732925586137 0.8113532110091743 0.9317660550458715 0.8088047910295617 0.9343144750254843 0.8053007135575942 0.9381371049949031 0.8024337410805301 0.9422782874617737 0.8005224260958206 0.9461009174311926 0.7995667686034659 0.9499235474006117 0.7995667686034659 0.9537461773700305 0.8005224260958206 0.957250254841998 0.8017966360856269 0.9604357798165137 0.8049821610601426 0.9620285423037717 0.8091233435270132 0.9626656472986748 0.8135830784913354 0.9639398572884812 0.8186799184505607 0.9655326197757391 0.8231396534148827 0.9668068297655453 0.8279179408766565 0.9680810397553518 0.8339704383282365 0.9687181447502549 0.839704383282365 0.9690366972477064 0.8470310907237513 0.9683995922528033 0.8546763506625893 0.9661697247706422 0.8626401630988787 0.963302752293578 0.8702854230377166 0.9601172273190621 0.876019367991845 0.9559760448521916 0.879841997961264 0.9511977573904179 0.8811162079510704 0.9461009174311926 0.881434760448522 0.9371814475025484 0.8795234454638124 0.9333588175331294 0.8779306829765545 0.9282619775739042 0.8750637104994904 0.9253950050968399 0.8706039755351682 0.9238022426095821 0.8645514780835881 0.9234836901121305 0.8584989806320081 0.9234836901121305 0.8530835881753313 0.9234836901121305 0.8476681957186544 0.9241207951070336 0.8428899082568807 0.9250764525993883 0.8384301732925585 0.9247579001019368 0.8336518858307849 0.9250764525993883 0.8282364933741081 0.9257135575942915 0.8237767584097859
1 0.8142201834862385 0.9260321100917431 0.8065749235474006 0.9183868501529051 0.8043450560652395 0.915519877675841 0.8024337410805301 0.9126529051987767 0.800203873598369 0.9091488277268094 0.798611111111111 0.9053261977573903 0.797974006116208 0.8995922528032619 0.797974006116208 0.8941768603465851 0.7982925586136596 0.8893985728848114 0.7995667686034659 0.8849388379204892 0.8024337410805301 0.8817533129459735 0.8059378185524975 0.8788863404689093 0.8094418960244648 0.876019367991845 0.8139016309887869 0.8741080530071356 0.8170871559633028 0.8734709480122324 0.8228211009174312 0.8731523955147809 0.8266437308868502 0.8741080530071356 0.8320591233435269 0.8757008154943935 0.8377930682976554 0.8782492354740061 0.8432084607543323 0.8811162079510704 0.8473496432212028 0.8839831804281346 0.8514908256880733 0.8878058103975536 0.8549949031600408 0.8932212028542303 0.8572247706422018 0.8989551478083588 0.857861875637105 0.905644750254842 0.8588175331294596 0.9123343527013252 0.8591360856269113 0.9180682976554536 0.8591360856269113 0.9238022426095821 0.8569062181447503 0.9279434250764527 0.8530835881753313 0.9301732925586137 0.8479867482161061 0.9314475025484199 0.8400229357798165 0.9333588175331294 0.834288990825688 0.9333588175331294 0.8295107033639143 0.9324031600407747 0.8244138634046891 0.9311289500509684 0.8186799184505607 0.9295361875637105
1 0.6906218144750256 0.9333588175331294 0.682658002038736 0.9282619775739042 0.6804281345565749 0.9250764525993883 0.6791539245667686 0.9202981651376146 0.6785168195718654 0.9152013251783894 0.6785168195718654 0.9104230377166157 0.6794724770642202 0.9053261977573903 0.6817023445463813 0.9018221202854231 0.6845693170234455 0.8989551478083588 0.6877548419979612 0.8960881753312946 0.6918960244648318 0.8925840978593272 0.696355759429154 0.8903542303771662 0.7011340468909276 0.8887614678899083 0.7071865443425076 0.8874872579001019 0.7119648318042813 0.8865316004077471 0.718335881753313 0.8855759429153925 0.7218399592252803 0.8852573904179408 0.7269367991845056 0.8852573904179408 0.7310779816513762 0.8852573904179408 0.7349006116207951 0.885894495412844 0.7393603465851173 0.8874872579001019 0.7444571865443426 0.8893985728848114 0.7476427115188583 0.8913098878695209 0.7514653414882773 0.8941768603465851 0.7540137614678899 0.8976809378185525 0.7559250764525994 0.903414882772681 0.7565621814475025 0.9094673802242609 0.7565621814475025 0.913927115188583 0.7562436289500509 0.9187054026503567 0.7540137614678899 0.9212538226299695 0.7505096839959225 0.9231651376146789 0.7473241590214067 0.9244393476044852 0.7422273190621814 0.9266692150866462 0.7374490316004078 0.9276248725790011 0.7333078491335372 0.9285805300713558 0.7288481141692151 0.9295361875637105 0.7208843017329255 0.9308103975535168 0.7161060142711518 0.9320846075433232 0.7106906218144751 0.9330402650356778 0.7049566768603466 0.9339959225280325 0.6992227319062181 0.9343144750254843 0.6938073394495413 0.9343144750254843
1 0.7565621814475025 0.9760448521916412 0.7712155963302753 0.9734964322120285 0.7747196738022427 0.97381498470948 0.7814092762487258 0.9744520897043834 0.7852319062181448 0.9750891946992865 0.7890545361875637 0.9763634046890927 0.7925586136595312 0.9785932721712538 0.7957441386340469 0.9811416921508666 0.7982925586136596 0.9836901121304791 0.8008409785932721 0.9865570846075433 0.8030708460754332 0.9903797145769623 0.8037079510703364 0.9945208970438328 0.8043418705402651 0.9989583333333333 0.7323521916411824 0.9986620795107034 0.7320336391437309 0.9922910295616718 0.7329892966360857 0.9887869520897044 0.7352191641182467 0.9856014271151886 0.7384046890927625 0.9824159021406728 0.7431829765545361 0.9789118246687054 0.7485983690112131 0.9766819571865444 0.7508282364933742 0.9760448521916412
1 0.9607543323139652 0.9916539245667686 0.9547018348623854 0.9824159021406728 0.9547018348623854 0.9776376146788991 0.9553389398572885 0.9722222222222222 0.959480122324159 0.9661697247706422 0.9674439347604484 0.9601172273190621 0.9741335372069316 0.957250254841998 0.9805045871559632 0.9566131498470949 0.9843272171253823 0.9566131498470949 0.9884683995922529 0.9575688073394495 0.9926095820591233 0.9591615698267074 0.9957951070336392 0.9613914373088686 0.9989583333333333 0.9648709862385321 0.9989583333333333 0.9986620795107034 0.9687611811926637 0.9989583333333333
1 0.26248725790010197 0.02134301732925586 0.2516564729867482 0.0207059123343527 0.24687818552497454 0.019431702344546383 0.24305555555555555 0.01815749235474006 0.23827726809378186 0.01624617737003058 0.2344546381243629 0.014016309887869522 0.23190621814475026 0.01146788990825688 0.23063200815494392 0.00891946992864424 0.23031345565749237 0.00445973496432212 0.23063200815494392 0.00063710499490316 0.29689092762487257 0.00031855249745158 0.29689092762487257 0.00382262996941896 0.2937054026503568 0.007326707441386341 0.2889271151885831 0.01051223241590214 0.284467380224261 0.013379204892966361 0.2809633027522936 0.015609072375127422 0.27714067278287463 0.01815749235474006 0.27172528032619775 0.020068807339449542 0.2669469928644241 0.02134301732925586
1 0.20419215086646278 0.033766564729867485 0.19718399592252803 0.04396024464831804 0.19495412844036697 0.04714576962283384 0.19240570846075433 0.05064984709480123 0.19081294597349643 0.053516819571865444 0.18858307849133535 0.05638379204892966 0.1863532110091743 0.059250764525993885 0.18284913353720694 0.0605249745158002 0.17902650356778796 0.0605249745158002 0.17042558613659534 0.057976554536187566 0.1627803261977574 0.051605504587155966 0.16055045871559634 0.04873853211009174 0.15863914373088683 0.04396024464831804 0.15863914373088683 0.038863404689092766 0.16055045871559634 0.032810907237512746 0.16405453618756372 0.026121304791029563 0.1675586136595311 0.02102446483180428 0.1723369011213048 0.014653414882772681 0.17743374108053006 0.01051223241590214 0.18125637104994902 0.00860091743119266 0.18412334352701323 0.00860091743119266 0.18699031600407745 0.00923802242609582 0.191131498470948 0.0095565749235474 0.19495412844036697 0.00987512742099898 0.19845820591233435 0.01083078491335372 0.2022808358817533 0.012742099898063202 0.20451070336391436 0.014971967380224261 0.20514780835881752 0.01975025484199796 0.20514780835881752 0.02357288481141692 0.20514780835881752 0.028032619775739044
1 0.26535423037716616 0.10480377166156982 0.2570718654434251 0.11021916411824668 0.2538863404689093 0.111493374108053 0.24942660550458715 0.1130861365953109 0.24592252803261977 0.11372324159021406 0.2420998980632008 0.11436034658511723 0.23859582059123344 0.11499745158002038 0.2344546381243629 0.11499745158002038 0.23031345565749237 0.11436034658511723 0.22712793068297657 0.1130861365953109 0.2245795107033639 0.11117482161060142 0.22266819571865443 0.10767074413863405 0.22139398572884814 0.10257390417940876 0.22075688073394495 0.09652140672782875 0.22043832823649337 0.09078746177370031 0.22107543323139653 0.08569062181447502 0.222986748216106 0.08059378185524975 0.22680937818552496 0.07422273190621814 0.23095056065239553 0.06976299694189603 0.23668450560652396 0.06466615698267074 0.24305555555555555 0.06084352701325178 0.24783384301732925 0.059250764525993885 0.25452344546381245 0.058613659531090725 0.2628058103975535 0.058613659531090725 0.26726554536187563 0.059569317023445464 0.270769622833843 0.06116207951070336 0.2736365953109072 0.06339194699286442 0.27618501529051986 0.06625891946992864 0.27841488277268095 0.07199286442405708 0.27937054026503566 0.07804536187563711 0.2790519877675841 0.08218654434250765 0.2774592252803262 0.08664627930682976 0.2752293577981651 0.09110601427115189 0.2723623853211009 0.09588430173292559
1 0.27172528032619775 0.19145005096839957 0.2618501529051988 0.18730886850152906 0.25802752293577985 0.18539755351681958 0.25579765545361877 0.18253058103975534 0.2535677879714577 0.17870795107033638 0.2519750254841998 0.1726554536187564 0.25133792048929665 0.16660295616717635 0.2516564729867482 0.1608690112130479 0.2535677879714577 0.15704638124362894 0.2570718654434251 0.1529051987767584 0.26089449541284404 0.15003822629969418 0.26408002038735984 0.14780835881753313 0.2679026503567788 0.1452599388379205 0.2739551478083588 0.14303007135575943 0.2838302752293578 0.14111875637104995 0.29147553516819574 0.14080020387359837 0.2994393476044852 0.14080020387359837 0.3042176350662589 0.14080020387359837 0.3093144750254842 0.14207441386340466 0.31504841997961264 0.14430428134556575 0.32046381243628946 0.14748980632008155 0.32396788990825687 0.1497196738022426 0.3277905198776759 0.15322375127421 0.33065749235474 0.15640927624872578 0.3332059123343527 0.1611875637104995 0.3354357798165138 0.16819571865443425 0.33575433231396534 0.17392966360856268 0.3354357798165138 0.17966360856269112 0.3332059123343527 0.185079001019368 0.3312945973496432 0.18890163098878696 0.328427624872579 0.19176860346585117 0.3233307849133537 0.19399847094801223 0.3179153924566769 0.19590978593272174 0.31313710499490316 0.19718399592252803 0.30963302752293576 0.1978211009174312 0.3032619775739042 0.19877675840978595 0.2988022426095821 0.1990953109072375 0.29434250764526 0.1990953109072375 0.2898827726809378 0.1978211009174312 0.286697247706422 0.19654689092762487 0.2835117227319062 0.19559123343527013 0.2800076452599389 0.1943170234454638
1 0.0700815494393476 0.2217125382262997 0.06785168195718655 0.21279306829765546 0.06753312945973497 0.20833333333333334 0.06817023445463813 0.20355504587155962 0.06944444444444445 0.1990953109072375 0.0716743119266055 0.19367991845056068 0.0748598369011213 0.18890163098878696 0.08186799184505605 0.18380479102956168 0.0923802242609582 0.1783893985728848 0.09620285423037717 0.1767966360856269 0.1003440366972477 0.175203873598369 0.10480377166156982 0.17392966360856268 0.10862640163098879 0.1736111111111111 0.11213047910295618 0.17329255861365953 0.11595310907237513 0.17329255861365953 0.12200560652395515 0.17392966360856268 0.12646534148827726 0.175203873598369 0.1309250764525994 0.17775229357798167 0.13506625891946994 0.18221202854230378 0.137296126401631 0.18953873598369012 0.13793323139653416 0.19654689092762487 0.13761467889908255 0.2022808358817533 0.1357033639143731 0.20737767584097858 0.13251783893985727 0.21247451580020385 0.12678389398572884 0.21916411824668708 0.11754587155963302 0.2261722731906218 0.10926350662589195 0.22999490316004076 0.1003440366972477 0.23158766564729868 0.09142456676860347 0.23190621814475026 0.08569062181447502 0.23158766564729868 0.08154943934760447 0.23063200815494392 0.07868246687054027 0.22903924566768602 0.07549694189602446 0.2264908256880734
1 0.17456676860346584 0.3032619775739042 0.16182466870540266 0.2972094801223241 0.15927624872579 0.2949796126401631 0.15577217125382262 0.29243119266055045 0.15386085626911317 0.29083843017329253 0.15194954128440366 0.2886085626911315 0.15035677879714576 0.286697247706422 0.14876401630988786 0.2841488277268093 0.14717125382263 0.280644750254842 0.14621559633027523 0.2765035677879714 0.14621559633027523 0.2720438328236493 0.1468527013251784 0.2669469928644241 0.14876401630988786 0.26248725790010197 0.1516309887869521 0.25898318042813456 0.15481651376146788 0.2567533129459735 0.15863914373088683 0.2551605504587156 0.15991335372069318 0.2551605504587156 0.16246177370030582 0.254841997961264 0.16660295616717635 0.25452344546381245 0.17010703363914373 0.25420489296636084 0.17488532110091745 0.25420489296636084 0.17902650356778796 0.25547910295616716 0.18284913353720694 0.2564347604485219 0.1866717635066259 0.25770897043832824 0.19049439347604485 0.2593017329255861 0.1946355759429154 0.26089449541284404 0.1990953109072375 0.2631243628950051 0.20323649337410807 0.26503567787971455 0.20578491335372068 0.2669469928644241 0.20960754332313963 0.2691768603465851 0.2118374108053007 0.270769622833843 0.21406727828746178 0.2726809378185525 0.21693425076452597 0.27491080530071355 0.2198012232415902 0.2777777777777778 0.2220310907237513 0.28160040774719675 0.2233053007135576 0.2854230377166157 0.22394240570846075 0.290519877675841 0.2233053007135576 0.296572375127421 0.22043832823649337 0.30039500509684 0.21693425076452597 0.3038990825688073 0.2121559633027523 0.3061289500509684 0.20674057084607542 0.3080402650356779 0.2022808358817533 0.30835881753312944 0.19877675840978595 0.30867737003058104 0.19559123343527013 0.30899592252803265 0.19081294597349643 0.3093144750254842 0.18699031600407745 0.3093144750254842 0.18316768603465852 0.30835881753312944 0.18030071355759428 0.3070846075433231 0.17743374108053006 0.3058103975535168
1 0.04077471967380224 0.11977573904179409 0.03599643221202854 0.13602191641182465 0.034722222222222224 0.13952599388379205 0.031855249745158 0.1436671763506626 0.029306829765545363 0.14717125382263 0.02516564729867482 0.14940112130479105 0.020068807339449542 0.15194954128440366 0.014653414882772681 0.15258664627930682 0.00923802242609582 0.1529051987767584 0.00541539245667686 0.1529051987767584 0.0 0.15322375127421 0.00031855249745158 0.10066258919469928 0.00222986748216106 0.09747706422018348 0.007008154943934761 0.09269877675840979 0.014334862385321102 0.0891946992864424 0.02134301732925586 0.08855759429153925 0.026121304791029563 0.08855759429153925 0.029625382262996942 0.09046890927624873 0.033766564729867485 0.09397298674821611 0.0366335372069317 0.09747706422018348 0.038863404689092766 0.10225535168195718 0.040137614678899085 0.10767074413863405 0.040456167176350664 0.1130861365953109
1 0.17392966360856268 0.4131625891946993 0.169151376146789 0.41093272171253825 0.1675586136595311 0.4093399592252803 0.16532874617737 0.40647298674821614 0.16341743119266056 0.40424311926605505 0.16214322120285424 0.4007390417940877 0.16150611620795105 0.3969164118246687 0.16150611620795105 0.39309378185524974 0.16214322120285424 0.38799694189602446 0.16341743119266056 0.38353720693170235 0.16501019367991845 0.37907747196738023 0.16628440366972477 0.37493628950050967 0.16819571865443425 0.3711136595310907 0.17106269113149847 0.3666539245667686 0.17424821610601426 0.36251274209989803 0.17807084607543322 0.3583715596330275 0.18221202854230378 0.3551860346585117 0.1866717635066259 0.3526376146788991 0.19017584097859327 0.3513634046890928 0.1943170234454638 0.3510448521916412 0.19877675840978595 0.3510448521916412 0.20355504587155962 0.35200050968399593 0.20801478083588174 0.3535932721712538 0.21151885830784914 0.35614169215086644 0.21502293577981652 0.360282874617737 0.21693425076452597 0.3656982670744139 0.21725280326197757 0.3720693170234455 0.2166156982670744 0.3778032619775739 0.21438583078491336 0.38353720693170235 0.2121559633027523 0.388315494393476 0.2089704383282365 0.3940494393476045 0.20578491335372068 0.3985091743119266 0.2022808358817533 0.402013251783894 0.19877675840978595 0.4048802242609582 0.1943170234454638 0.408065749235474 0.19049439347604485 0.41029561671763504 0.18603465851172274 0.4125254841997961 0.18221202854230378 0.41379969418960244 0.1783893985728848 0.41411824668705405
1 0.034722222222222224 0.47177624872579005 0.0302624872579001 0.46476809378185524 0.028669724770642203 0.46190112130479105 0.0270769622833843 0.45839704383282365 0.02516564729867482 0.4536187563710499 0.02357288481141692 0.44979612640163097 0.022617227319062183 0.44533639143730885 0.022617227319062183 0.4402395514780836 0.022617227319062183 0.4348241590214067 0.023254332313965342 0.4306829765545362 0.025802752293577983 0.4255861365953109 0.028669724770642203 0.4204892966360856 0.031855249745158 0.41730377166156984 0.03535932721712538 0.4150739041794088 0.038863404689092766 0.41379969418960244 0.04332313965341488 0.4131625891946993 0.04873853211009174 0.4131625891946993 0.053835372069317024 0.41411824668705405 0.05733944954128441 0.4166666666666667 0.06116207951070336 0.42080784913353725 0.06434760448521916 0.42526758409785936 0.0668960244648318 0.4294087665647298 0.06944444444444445 0.4335499490316004 0.07135575942915393 0.439920998980632 0.07199286442405708 0.445973496432212 0.07199286442405708 0.4536187563710499 0.07199286442405708 0.4603083588175331 0.07071865443425077 0.46508664627930685 0.06817023445463813 0.46795361875637104 0.06402905198776758 0.4714576962283384 0.06116207951070336 0.4733690112130479 0.05702089704383283 0.47432466870540263 0.053198267074413864 0.4752803261977574 0.0493756371049949 0.47559887869520895 0.04427879714576963 0.4759174311926605 0.0398190621814475 0.4752803261977574
1 0.25452344546381245 0.4125254841997961 0.2570718654434251 0.4001019367991845 0.25802752293577985 0.3975535168195719 0.2593017329255861 0.3950050968399592 0.26089449541284404 0.3915010193679918 0.2631243628950051 0.38799694189602446 0.2663098878695209 0.3832186544342508 0.26949541284403666 0.3797145769622834 0.2723623853211009 0.3778032619775739 0.2752293577981651 0.376210499490316 0.2774592252803262 0.37589194699286443 0.2796890927624872 0.37589194699286443 0.2838302752293578 0.3778032619775739 0.2873343527013252 0.38035168195718655 0.28924566768603466 0.3825815494393476 0.2917940876656473 0.38512996941896027 0.29466106014271154 0.38735983690112136 0.29752803261977573 0.38990825688073394 0.30039500509684 0.3937308868501529 0.30198776758409784 0.39946483180428133 0.30198776758409784 0.4061544342507645 0.30230632008154945 0.41188837920489296 0.3013506625891947 0.41825942915392456 0.2988022426095821 0.4255861365953109 0.29561671763506625 0.4316386340468909 0.2921126401630989 0.4367354740061162 0.2870158002038736 0.4418323139653415 0.2819189602446483 0.44533639143730885 0.27873343527013256 0.4462920489296636 0.274592252803262 0.44565494393476046 0.26885830784913356 0.44438073394495414 0.2634429153924567 0.44215086646279306 0.25866462793068296 0.43832823649337416 0.2561162079510703 0.43450560652395515 0.2551605504587156 0.4303644240570846 0.25452344546381245 0.42399337410805304
1 0.3137742099898063 0.3806702344546381 0.31409276248725787 0.36633537206931704 0.31504841997961264 0.3621941896024465 0.31664118246687056 0.3580530071355759 0.31759683995922533 0.3548674821610601 0.3191896024464832 0.350407747196738 0.3217380224260958 0.34562945973496434 0.3252420998980632 0.3414882772680938 0.32906472986748214 0.338302752293578 0.33352446483180426 0.3363914373088685 0.3373470948012232 0.3351172273190622 0.34021406727828746 0.3347986748216106 0.344355249745158 0.3351172273190622 0.34945208970438324 0.3363914373088685 0.354230377166157 0.33893985728848114 0.3583715596330275 0.34212538226299694 0.36060142711518856 0.34626656472986744 0.36187563710499493 0.3510448521916412 0.36283129459734964 0.35741590214067276 0.36314984709480125 0.3647426095820591 0.36251274209989803 0.3714322120285423 0.3615570846075433 0.37748470948012236 0.360282874617737 0.38290010193679913 0.3590086646279307 0.38735983690112136 0.35773445463812437 0.39118246687054026 0.35550458715596334 0.3959607543323139 0.35295616717635064 0.40105759429153925 0.35008919469928645 0.40424311926605505 0.3472222222222222 0.4067915392456677 0.3440366972477064 0.40838430173292556 0.3386213047910296 0.4106141692150867 0.3347986748216106 0.41093272171253825 0.332250254841998 0.4099770642201835 0.32906472986748214 0.40838430173292556 0.3268348623853211 0.4048802242609582 0.32460499490316 0.40042048929663604 0.32205657492354745 0.3985091743119266 0.31823394495412843 0.39659785932721714 0.3147298674821611 0.3937308868501529 0.31345565749235477 0.3905453618756371 0.31313710499490316 0.3870412844036697
1 0.3720693170234455 0.5412206931702345 0.360282874617737 0.5389908256880733 0.35741590214067276 0.5377166156982671 0.35550458715596334 0.5361238532110092 0.35327471967380225 0.5338939857288482 0.3510448521916412 0.5313455657492354 0.34881498470948014 0.5284785932721713 0.34690366972477066 0.5252930682976554 0.3453109072375128 0.5221075433231397 0.344355249745158 0.5179663608562691 0.3440366972477064 0.5141437308868502 0.3440366972477064 0.5103211009174312 0.344355249745158 0.5068170234454638 0.3459480122324159 0.5033129459734964 0.34785932721712537 0.5004459734964323 0.3497706422018349 0.4978975535168196 0.35327471967380225 0.49471202854230373 0.35646024464831805 0.49184505606523954 0.35964576962283384 0.48865953109072374 0.3634683995922528 0.4857925586136595 0.36729102956167176 0.48356269113149847 0.3714322120285423 0.4813328236493374 0.3755733944954128 0.47878440366972475 0.38003312945973494 0.4759174311926605 0.38353720693170235 0.47432466870540263 0.388315494393476 0.47273190621814476 0.3950050968399592 0.47177624872579005 0.4001019367991845 0.47113914373088683 0.4051987767584098 0.47113914373088683 0.41093272171253825 0.47113914373088683 0.41539245667686037 0.47177624872579005 0.41921508664627927 0.47368756371049947 0.4230377166156983 0.4771916411824669 0.4262232415902141 0.481651376146789 0.42813455657492355 0.4841997961264016 0.4297273190621815 0.4870667686034658 0.43132008154943935 0.49184505606523954 0.4319571865443425 0.4959862385321101 0.4319571865443425 0.5001274209989807 0.43132008154943935 0.503631498470948 0.4294087665647298 0.5077726809378186 0.4265417940876656 0.5122324159021406 0.42335626911314983 0.5163735983690112 0.42017074413863403 0.519559123343527 0.4166666666666667 0.5230632008154944 0.4125254841997961 0.5265672782874617 0.408065749235474 0.5291156982670744 0.40296890927624873 0.5323012232415902 0.39787206931702346 0.5351681957186544 0.39341233435270134 0.5373980632008154 0.388315494393476 0.5393093781855249 0.38512996941896027 0.5399464831804281 0.3793960244648318 0.5402650356778798
1 0.27045107033639143 0.5759429153924567 0.2701325178389399 0.5628822629969419 0.270769622833843 0.5581039755351682 0.2723623853211009 0.5523700305810397 0.2752293577981651 0.5466360856269113 0.2790519877675841 0.5421763506625893 0.28287461773700306 0.5399464831804281 0.2857415902140673 0.5396279306829765 0.2889271151885831 0.5393093781855249 0.2917940876656473 0.5393093781855249 0.29689092762487257 0.5405835881753313 0.30039500509684 0.5424949031600408 0.3042176350662589 0.545361875637105 0.30676605504587157 0.549184505606524 0.30899592252803265 0.5533256880733946 0.3105886850152905 0.5584225280326198 0.31154434250764523 0.5625637104994904 0.31186289500509684 0.5667048929663608 0.31218144750254845 0.5714831804281346 0.31154434250764523 0.5759429153924567 0.30995158002038736 0.5797655453618756 0.3080402650356779 0.5845438328236494 0.30644750254842 0.5874108053007135 0.30358053007135577 0.5912334352701325 0.30007645259938837 0.5947375127420998 0.29689092762487257 0.5963302752293578 0.292749745158002 0.5966488277268094 0.2873343527013252 0.5963302752293578 0.28319317023445467 0.5950560652395515 0.27841488277268095 0.593144750254842 0.27554791029561676 0.5912334352701325 0.2736365953109072 0.5867737003058104 0.2723623853211009 0.5826325178389399
1 0.15035677879714576 0.6208588175331294 0.14111875637104995 0.6176732925586137 0.13665902140672784 0.6160805300713558 0.13315494393476046 0.6138506625891947 0.1306065239551478 0.6113022426095821 0.12805810397553516 0.6081167176350663 0.1258282364933741 0.6036569826707441 0.1245540265035678 0.5972859327217125 0.1245540265035678 0.5912334352701325 0.12805810397553516 0.5845438328236494 0.13347349643221204 0.5797655453618756 0.1382517838939857 0.577217125382263 0.14398572884811417 0.5759429153924567 0.15226809378185527 0.5749872579001019 0.15927624872579 0.5749872579001019 0.1688328236493374 0.5749872579001019 0.1767966360856269 0.5756243628950052 0.18380479102956168 0.577217125382263 0.1882645259938838 0.5797655453618756 0.19145005096839957 0.583269622833843 0.1927242609582059 0.5893221202854231 0.19336136595310907 0.5950560652395515 0.1930428134556575 0.6004714576962283 0.19145005096839957 0.605249745158002 0.1892201834862385 0.6103465851172273 0.18603465851172274 0.6144877675840978 0.18380479102956168 0.6163990825688074 0.18093781855249746 0.6189475025484199 0.17807084607543322 0.6205402650356778 0.175203873598369 0.6214959225280325 0.17297400611620795 0.6221330275229359 0.16946992864424057 0.6224515800203874 0.16532874617737 0.6224515800203874 0.16023190621814473 0.6224515800203874 0.15545361875637106 0.6224515800203874
1 0.4351427115188583 0.7052752293577982 0.4332313965341488 0.6982670744138634 0.43259429153924567 0.6938073394495413 0.43259429153924567 0.6893476044852191 0.43259429153924567 0.6845693170234455 0.4332313965341488 0.6797910295616718 0.4348241590214067 0.6750127420998981 0.43769113149847094 0.6702344546381244 0.4405581039755352 0.6664118246687054 0.44374362895005093 0.6629077471967381 0.4466106014271152 0.6609964322120285 0.4491590214067278 0.6597222222222222 0.4517074413863405 0.6594036697247706 0.45425586136595314 0.6594036697247706 0.4571228338430173 0.6594036697247706 0.46126401630988784 0.6616335372069316 0.46572375127420995 0.6648190621814475 0.46922782874617736 0.6683231396534149 0.47177624872579005 0.6721457696228338 0.4740061162079511 0.6772426095820592 0.47559887869520895 0.6820208970438328 0.47687308868501527 0.686480632008155 0.47782874617737003 0.6909403669724771 0.47878440366972475 0.6954001019367992 0.47878440366972475 0.7014525993883791 0.47878440366972475 0.7075050968399592 0.4775101936799185 0.7138761467889908 0.4752803261977574 0.7208843017329255 0.4720948012232416 0.726618246687054 0.4676350662589195 0.7310779816513762 0.46381243628950053 0.7320336391437309 0.45871559633027525 0.7310779816513762 0.4536187563710499 0.7291666666666666 0.4494775739041794 0.7269367991845056 0.44533639143730885 0.7234327217125381 0.4418323139653415 0.7199286442405709 0.43896534148827726 0.7164245667686034
1 0.26057594291539243 0.7020897043832824 0.26376146788990823 0.6950815494393476 0.26726554536187563 0.6912589194699287 0.2714067278287462 0.688710499490316 0.27554791029561676 0.6874362895005096 0.28160040774719675 0.6871177370030581 0.2863786952089704 0.6871177370030581 0.29115698267074414 0.6877548419979612 0.2962538226299694 0.6896661569826708 0.30198776758409784 0.6918960244648318 0.30740316004077467 0.6944444444444444 0.31186289500509684 0.6966743119266054 0.31536697247706424 0.6992227319062181 0.3191896024464832 0.7024082568807339 0.3230122324159021 0.7065494393476045 0.32587920489296635 0.7103720693170233 0.32810907237512743 0.7141946992864424 0.33065749235474 0.718335881753313 0.33256880733944955 0.7234327217125381 0.33384301732925586 0.7278924566768603 0.3354357798165138 0.7326707441386341 0.3367099898063201 0.7368119266055045 0.3376656472986748 0.7409531090723751 0.3379841997961264 0.7457313965341488 0.3363914373088685 0.7517838939857289 0.332250254841998 0.7575178389398574 0.3274719673802242 0.7613404689092762 0.322375127420999 0.763888888888889 0.31504841997961264 0.76611875637105 0.31090723751274213 0.7664373088685016 0.3061289500509684 0.7654816513761468 0.29975790010193676 0.7635703363914372 0.2917940876656473 0.7600662589194699 0.2838302752293578 0.7559250764525994 0.2774592252803262 0.7508282364933742 0.2714067278287462 0.7447757390417941 0.2691768603465851 0.7415902140672783 0.2663098878695209 0.7361748216106014 0.26376146788990823 0.7317150866462793 0.26089449541284404 0.7250254841997961 0.25898318042813456 0.7189729867482161 0.2583460754332314 0.7141946992864424 0.25802752293577985 0.7075050968399592
1 0.17106269113149847 0.66131498470948 0.17743374108053006 0.6539882772680937 0.17998216106014273 0.6523955147808358 0.18284913353720694 0.650802752293578 0.18730886850152906 0.64920998980632 0.1927242609582059 0.6479357798165137 0.19654689092762487 0.6472986748216106 0.20132517838939856 0.6472986748216106 0.20769622833843018 0.6472986748216106 0.21311162079510704 0.6479357798165137 0.2182084607543323 0.64920998980632 0.2233053007135576 0.6504841997961264 0.22712793068297657 0.6530326197757391 0.23126911314984708 0.656855249745158 0.23381753312945974 0.6606778797145769 0.2344546381243629 0.666730377166157 0.23477319062181448 0.6718272171253823 0.23381753312945974 0.6769240570846075 0.23222477064220184 0.6807466870540265 0.22967635066258918 0.6836136595310907 0.2245795107033639 0.6852064220183486 0.22043832823649337 0.6861620795107034 0.21725280326197757 0.6871177370030581 0.21279306829765546 0.6880733944954128 0.20737767584097858 0.6890290519877676 0.2025993883792049 0.6890290519877676 0.1946355759429154 0.6877548419979612 0.18539755351681958 0.6848878695208971 0.17870795107033638 0.6813837920489296 0.1736111111111111 0.6778797145769623 0.17106269113149847 0.6734199796126402 0.16946992864424057 0.6673674821610601
1 0.08792048929663608 0.718335881753313 0.07868246687054027 0.7122833843017329 0.07422273190621814 0.7078236493374107 0.07199286442405708 0.7033639143730887 0.0716743119266055 0.6957186544342507 0.07231141692150866 0.6899847094801222 0.0748598369011213 0.6832951070336392 0.07900101936799184 0.6785168195718654 0.08473496432212028 0.6750127420998981 0.09461009174311925 0.6721457696228338 0.1003440366972477 0.6715086646279307 0.10671508664627931 0.6724643221202854 0.11404179408766565 0.6750127420998981 0.11945718654434251 0.678835372069317 0.1242354740061162 0.6839322120285424 0.12773955147808358 0.6893476044852191 0.12996941896024464 0.6957186544342507 0.12996941896024464 0.7027268093781855 0.12933231396534148 0.7087793068297655 0.12519113149847094 0.7138761467889908 0.12041284403669725 0.7186544342507645 0.11659021406727829 0.7208843017329255 0.1118119266055046 0.722795616717635 0.10639653414882773 0.7240698267074415 0.10193679918450561 0.724388379204893 0.09620285423037717 0.7234327217125381 0.09206167176350662 0.7218399592252803
1 0.10352956167176351 0.8148572884811417 0.0923802242609582 0.8145387359836901 0.08569062181447502 0.8142201834862385 0.07995667686034659 0.8129459734964323 0.07422273190621814 0.8107161060142711 0.07040010193679919 0.8078491335372069 0.06753312945973497 0.804026503567788 0.06625891946992864 0.7995667686034659 0.06594036697247706 0.7931957186544343 0.06817023445463813 0.7884174311926606 0.07390417940876656 0.78427624872579 0.08314220183486239 0.7798165137614679 0.09174311926605504 0.7775866462793068 0.09938837920489298 0.7759938837920489 0.10894495412844037 0.7750382262996942 0.11659021406727829 0.774401121304791 0.12805810397553516 0.774401121304791 0.13761467889908255 0.7756753312945973 0.143348623853211 0.778860856269113 0.1465341488277268 0.78427624872579 0.14717125382263 0.7922400611620795 0.14557849133537207 0.797974006116208 0.1436671763506626 0.8008409785932721 0.1404816513761468 0.804026503567788 0.1369775739041794 0.8072120285423038 0.13156218144750256 0.8103975535168196 0.12678389398572884 0.812308868501529 0.12200560652395515 0.8135830784913354 0.11690876656472987 0.8145387359836901
1 0.18157492354740062 0.854039245667686 0.19017584097859327 0.8463939857288482 0.1930428134556575 0.844164118246687 0.19590978593272174 0.841934250764526 0.20005096839959224 0.8393858307849134 0.20387359836901123 0.8377930682976554 0.20769622833843018 0.835881753312946 0.21247451580020385 0.834288990825688 0.21725280326197757 0.8330147808358818 0.22043832823649337 0.8323776758409787 0.22489806320081548 0.8323776758409787 0.2280835881753313 0.8330147808358818 0.23286187563710498 0.8349260958205913 0.23700305810397554 0.8374745158002039 0.24114424057084607 0.8412971457696229 0.24496687054026503 0.8470310907237513 0.24624108053007135 0.8546763506625893 0.24592252803261977 0.8607288481141692 0.2440112130479103 0.8648700305810397 0.23987003058103976 0.8696483180428134 0.23413608562691132 0.873789500509684 0.22744648318042812 0.8772935779816514 0.22107543323139653 0.8811162079510704 0.21566004077471967 0.883664627930683 0.2089704383282365 0.8855759429153925 0.20323649337410807 0.885894495412844 0.19654689092762487 0.8855759429153925 0.18953873598369012 0.8833460754332314 0.18571610601427116 0.8804791029561672 0.18253058103975534 0.8766564729867483 0.17966360856269112 0.8709225280326198 0.17902650356778796 0.866144240570846 0.17934505606523957 0.8604102956167176
1 0.3093144750254842 0.8772935779816514 0.3013506625891947 0.8785677879714576 0.296572375127421 0.8772935779816514 0.29147553516819574 0.8750637104994904 0.2876529051987768 0.872196738022426 0.28478593272171254 0.8680555555555556 0.2835117227319062 0.8635958205912335 0.28287461773700306 0.8588175331294596 0.28255606523955146 0.8521279306829765 0.28255606523955146 0.8463939857288482 0.2841488277268093 0.841934250764526 0.2876529051987768 0.8374745158002039 0.2940239551478083 0.8330147808358818 0.2994393476044852 0.8301478083588176 0.3038990825688073 0.8285550458715597 0.30740316004077467 0.8279179408766565 0.3102701325178389 0.8279179408766565 0.31504841997961264 0.8285550458715597 0.32046381243628946 0.8311034658511722 0.3233307849133537 0.8352446483180428 0.32492354740061163 0.8406600407747197 0.3261977573904179 0.8467125382262997 0.32651630988786956 0.8534021406727829 0.32651630988786956 0.8591360856269113 0.32492354740061163 0.8642329255861366 0.322375127420999 0.8683741080530072 0.3191896024464832 0.8718781855249744 0.31313710499490316 0.876019367991845
1 0.3876783893985729 0.866144240570846 0.38003312945973494 0.8537206931702345 0.3771661569826707 0.8495795107033639 0.37493628950050967 0.8454383282364933 0.37302497451580025 0.841934250764526 0.3714322120285423 0.8387487257900101 0.370158002038736 0.8355632008154944 0.36920234454638123 0.8333333333333334 0.36824668705402647 0.8311034658511722 0.36824668705402647 0.8275993883792049 0.36856523955147813 0.8228211009174312 0.370158002038736 0.8189984709480121 0.37238786952089703 0.8148572884811417 0.3765290519877676 0.8110346585117227 0.3809887869520897 0.8088047910295617 0.38481141692150866 0.8078491335372069 0.3889525993883792 0.8078491335372069 0.39341233435270134 0.8094418960244648 0.3975535168195719 0.8116717635066258 0.40105759429153925 0.8151758409785933 0.4045616717635066 0.8196355759429154 0.408065749235474 0.8244138634046891 0.41156982670744136 0.8295107033639143 0.4144367991845056 0.834288990825688 0.41698521916411824 0.8384301732925585 0.4198521916411825 0.841934250764526 0.4224006116207951 0.8444826707441386 0.42526758409785936 0.8479867482161061 0.4274974515800204 0.8524464831804281 0.4287716615698267 0.8581804281345565 0.4294087665647298 0.8658256880733946 0.42909021406727826 0.8725152905198778 0.42686034658511723 0.8792048929663608 0.4243119266055046 0.8833460754332314 0.4204892966360856 0.8849388379204892 0.4157110091743119 0.885894495412844 0.4106141692150867 0.8852573904179408 0.40551732925586137 0.8833460754332314 0.40042048929663604 0.8811162079510704 0.3956422018348624 0.8776121304791029 0.392138124362895 0.8734709480122324
1 0.4730504587155963 0.861684505606524 0.4622196738022426 0.8613659531090724 0.4577599388379205 0.8591360856269113 0.45425586136595314 0.8562691131498471 0.4510703363914373 0.8514908256880733 0.44979612640163097 0.8470310907237513 0.4491590214067278 0.8409785932721712 0.4491590214067278 0.835881753312946 0.4513888888888889 0.8304663608562691 0.45489296636085624 0.8253695208970437 0.45967125382262997 0.8218654434250765 0.46572375127420995 0.8196355759429154 0.47177624872579005 0.8177242609582059 0.4771916411824669 0.8164500509683995 0.4841997961264016 0.8164500509683995 0.4908893985728848 0.816131498470948 0.4959862385321101 0.8167686034658511 0.5004459734964323 0.8186799184505607 0.5049057084607543 0.8215468909276249 0.5080912334352701 0.8256880733944955 0.509683995922528 0.8314220183486238 0.509683995922528 0.835881753312946 0.509683995922528 0.8393858307849134 0.5087283384301733 0.844164118246687 0.5064984709480123 0.8479867482161061 0.5026758409785933 0.8518093781855249 0.4988532110091743 0.8543577981651376 0.4950305810397554 0.8562691131498471 0.49184505606523954 0.857861875637105 0.4848369011213048 0.8600917431192661
1 0.30517329255861364 0.9368628950050969 0.302624872579001 0.941322629969419 0.30039500509684 0.9438710499490316 0.29561671763506625 0.9467380224260958 0.2917940876656473 0.9476936799184507 0.2876529051987768 0.9483307849133538 0.28255606523955146 0.9476936799184507 0.27809633027522934 0.9461009174311926 0.2739551478083588 0.9425968399592253 0.270769622833843 0.9378185524974516 0.2691768603465851 0.9330402650356778 0.2679026503567788 0.9276248725790011 0.26726554536187563 0.9231651376146789 0.2669469928644241 0.917749745158002 0.2669469928644241 0.91329001019368 0.2669469928644241 0.9085117227319063 0.2675840978593272 0.9040519877675841 0.26981396534148827 0.8992737003058104 0.27299949031600407 0.8960881753312946 0.276822120285423 0.893539755351682 0.2812818552497452 0.8916284403669724 0.284467380224261 0.8916284403669724 0.28797145769622834 0.8925840978593272 0.29147553516819574 0.8944954128440368 0.2940239551478083 0.8970438328236494 0.29784658511722734 0.9005479102956166 0.30039500509684 0.9040519877675841 0.30230632008154945 0.9078746177370031 0.3038990825688073 0.9113786952089704 0.30517329255861364 0.9161569826707441 0.3061289500509684 0.9202981651376146 0.30644750254842 0.9244393476044852 0.30644750254842 0.9279434250764527 0.3061289500509684 0.9324031600407747
1 0.17966360856269112 0.9311289500509684 0.1847604485219164 0.9209352701325177 0.18762742099898064 0.917749745158002 0.19208715596330275 0.9164755351681957 0.1990953109072375 0.9161569826707441 0.20419215086646278 0.9167940876656473 0.20865188583078492 0.9190239551478084 0.21502293577981652 0.9212538226299695 0.2201197757390418 0.9234836901121305 0.22489806320081548 0.9263506625891947 0.2280835881753313 0.9298547400611621 0.23190621814475026 0.9339959225280325 0.23541029561671764 0.9384556574923547 0.23827726809378186 0.9438710499490316 0.23987003058103976 0.94960499490316 0.23987003058103976 0.9553389398572885 0.23955147808358818 0.961072884811417 0.23732161060142712 0.9668068297655453 0.23381753312945974 0.9712665647298675 0.22967635066258918 0.9731778797145769 0.22234964322120285 0.97381498470948 0.21311162079510704 0.9734964322120285 0.20737767584097858 0.971585117227319 0.201006625891947 0.9683995922528033 0.19336136595310907 0.9642584097859327 0.18794597349643222 0.9607543323139652 0.18316768603465852 0.9566131498470949 0.17998216106014273 0.951834862385321 0.1783893985728848 0.9467380224260958 0.17775229357798167 0.9416411824668706 0.17775229357798167 0.9378185524974516 0.17807084607543322 0.9343144750254843
1 0.057976554536187566 0.8683741080530072 0.05128695208970438 0.876019367991845 0.045553007135575946 0.8811162079510704 0.0398190621814475 0.8846202854230377 0.03217380224260958 0.8862130479102956 0.02134301732925586 0.8868501529051988 0.012104994903160042 0.8868501529051988 0.007008154943934761 0.8855759429153925 0.0031855249745158004 0.883664627930683 0.0015927624872579002 0.8820718654434251 0.00031855249745158 0.8769750254841998 0.0015927624872579002 0.8575433231396534 0.00445973496432212 0.854039245667686 0.00764525993883792 0.8508537206931702 0.0111493374108053 0.8483053007135576 0.01529051987767584 0.845756880733945 0.02134301732925586 0.8435270132517839 0.026758409785932722 0.841934250764526 0.031855249745158 0.8409785932721712 0.03631498470948012 0.8403414882772681 0.0414118246687054 0.8403414882772681 0.0493756371049949 0.8422528032619776 0.053516819571865444 0.844164118246687 0.057976554536187566 0.8479867482161061 0.06084352701325178 0.8524464831804281 0.06148063200815494 0.8581804281345565 0.06148063200815494 0.8635958205912335
1 0.014334862385321102 0.628822629969419 0.01847604485219164 0.6281855249745157 0.02293577981651376 0.6278669724770641 0.029306829765545363 0.6291411824668706 0.034085117227319064 0.6304153924566768 0.038863404689092766 0.6326452599388379 0.04268603465851172 0.6355122324159022 0.046508664627930685 0.6396534148827727 0.04905708460754332 0.644750254841998 0.05096839959225281 0.6511213047910296 0.052242609582059125 0.6571738022426096 0.053198267074413864 0.6622706422018348 0.053835372069317024 0.6673674821610601 0.053835372069317024 0.672782874617737 0.053516819571865444 0.6778797145769623 0.051605504587155966 0.682658002038736 0.04969418960244649 0.6871177370030581 0.046827217125382264 0.6922145769622834 0.04268603465851172 0.6969928644240571 0.03854485219164118 0.7004969418960244 0.032810907237512746 0.703045361875637 0.023254332313965342 0.704638124362895 0.016883282364933742 0.7055937818552497 0.012104994903160042 0.7062308868501529 0.00828236493374108 0.7065494393476045 0.00541539245667686 0.7065494393476045 0.00063710499490316 0.7065494393476045 0.00031855249745158 0.639334862385321 0.00286697247706422 0.6351936799184507 0.007008154943934761 0.6316896024464832 0.0111493374108053 0.6294597349643222
1 0.014971967380224261 0.5154179408766565 0.0191131498470948 0.5198776758409785 0.0207059123343527 0.5227446483180428 0.0222986748216106 0.5268858307849134 0.02357288481141692 0.5310270132517839 0.02357288481141692 0.5345310907237513 0.02293577981651376 0.5383537206931702 0.020068807339449542 0.541539245667686 0.016883282364933742 0.545361875637105 0.013379204892966361 0.5485474006116208 0.00891946992864424 0.5526885830784913 0.006371049949031601 0.5558741080530072 0.00031855249745158 0.5616080530071356 0.0 0.5119138634046891 0.00509683995922528 0.5119138634046891 0.007326707441386341 0.5119138634046891 0.01051223241590214 0.5131880733944955
1 0.3819444444444445 0.00573394495412844 0.37366207951070335 0.00923802242609582 0.37079510703363916 0.01019367991845056 0.36760958205912336 0.01051223241590214 0.36378695208970435 0.01083078491335372 0.35932721712538224 0.0111493374108053 0.354230377166157 0.0111493374108053 0.34945208970438324 0.0111493374108053 0.3459480122324159 0.01083078491335372 0.3430810397553517 0.00987512742099898 0.34021406727828746 0.00828236493374108 0.3379841997961264 0.006052497451580021 0.33575433231396534 0.00254841997961264 0.3351172273190622 0.00031855249745158 0.3876783893985729 0.0
1 0.4956676860346585 0.5632008154943935 0.4873853211009174 0.5616080530071356 0.48324413863404686 0.5600152905198778 0.4797400611620795 0.5584225280326198 0.47687308868501527 0.5555555555555556 0.4752803261977574 0.5507772680937818 0.4740061162079511 0.545361875637105 0.47368756371049947 0.5396279306829765 0.47432466870540263 0.5342125382262997 0.4765545361875637 0.5297528032619776 0.47942150866462796 0.5259301732925586 0.4841997961264016 0.5221075433231397 0.4908893985728848 0.5186034658511722 0.49662334352701326 0.5160550458715597 0.505861365953109 0.5125509683995922 0.5125509683995922 0.5103211009174312 0.5192405708460754 0.5090468909276249 0.5243374108053007 0.5084097859327217 0.5291156982670744 0.5084097859327217 0.533256880733945 0.509683995922528 0.5364424057084608 0.5119138634046891 0.5396279306829765 0.513506625891947 0.5428134556574924 0.5166921508664628 0.5450433231396534 0.5205147808358818 0.5459989806320081 0.5252930682976554 0.546954638124363 0.5303899082568807 0.5472731906218145 0.5351681957186544 0.546954638124363 0.5377166156982671 0.5450433231396534 0.5412206931702345 0.5424949031600408 0.5447247706422018 0.5386722731906218 0.549184505606524 0.5348496432212028 0.5526885830784913 0.5307084607543323 0.5552370030581039 0.5265672782874617 0.5571483180428134 0.5211518858307849 0.5596967380224261 0.5154179408766565 0.561289500509684 0.5068170234454638 0.5632008154943935 0.49917176350662584 0.5638379204892966
1 0.47113914373088683 0.6310524974515801 0.47559887869520895 0.621177370030581 0.47878440366972475 0.6170361875637105 0.481651376146789 0.6135321100917431 0.4857925586136595 0.6100280326197757 0.4908893985728848 0.6071610601427115 0.4969418960244648 0.6046126401630989 0.5029943934760449 0.6027013251783894 0.5106396534148828 0.60079001019368 0.5170107033639144 0.5995158002038735 0.5227446483180428 0.5988786952089704 0.5281600407747197 0.6011085626911314 0.5323012232415902 0.6065239551478084 0.5348496432212028 0.6135321100917431 0.5358053007135576 0.6199031600407747 0.5358053007135576 0.6237257900101937 0.5351681957186544 0.628822629969419 0.5329383282364933 0.6351936799184507 0.527204383282365 0.6422018348623854 0.5217889908256881 0.6472986748216106 0.5128695208970439 0.6530326197757391 0.5068170234454638 0.6555810397553518 0.5026758409785933 0.6571738022426096 0.4969418960244648 0.6587665647298675 0.4912079510703364 0.659085117227319 0.4848369011213048 0.6578109072375128 0.47878440366972475 0.6549439347604484 0.47432466870540263 0.6501656472986748 0.47273190621814476 0.6441131498470949 0.47177624872579005 0.63710499490316
1 0.47464322120285424 0.783639143730887 0.46636085626911317 0.7779051987767585 0.4641309887869521 0.7747196738022427 0.4634938837920489 0.7705784913353722 0.46317533129459737 0.7658002038735983 0.4644495412844037 0.7600662589194699 0.4666794087665647 0.7552879714576962 0.4698649337410805 0.7511467889908257 0.47368756371049947 0.7479612640163098 0.4775101936799185 0.7466870540265036 0.4826070336391437 0.7460499490316005 0.4873853211009174 0.7457313965341488 0.491526503567788 0.7460499490316005 0.49471202854230373 0.7470056065239551 0.49853465851172274 0.7485983690112131 0.5017201834862386 0.7501911314984709 0.5052242609582059 0.7530581039755352 0.5084097859327217 0.7556065239551478 0.5115953109072375 0.7597477064220184 0.5141437308868502 0.763888888888889 0.5160550458715597 0.768348623853211 0.5173292558613659 0.7731269113149847 0.5173292558613659 0.7785423037716616 0.5160550458715597 0.7839576962283384 0.5125509683995922 0.7890545361875637 0.5080912334352701 0.7909658511722732 0.5026758409785933 0.7916029561671764 0.4972604485219164 0.7893730886850153 0.4924821610601427 0.7877803261977573 0.4873853211009174 0.7861875637104995 0.48228848114169215 0.7849133537206932 0.4781472986748216 0.7839576962283384
1 0.49216360856269115 0.9279434250764527 0.48101427115188583 0.9288990825688074 0.47623598369011216 0.9282619775739042 0.47177624872579005 0.9273063200815493 0.4698649337410805 0.9269877675840978 0.4698649337410805 0.9269877675840978 0.4654051987767584 0.9263506625891947 0.46190112130479105 0.9253950050968399 0.4590341488277268 0.9228465851172273 0.4561671763506626 0.9190239551478084 0.4545744138634047 0.9152013251783894 0.4561671763506626 0.9097859327217125 0.45807849133537204 0.9069189602446482 0.45967125382262997 0.903414882772681 0.4603083588175331 0.8992737003058104 0.46253822629969416 0.8948139653414883 0.4654051987767584 0.891946992864424 0.47050203873598373 0.8903542303771662 0.47559887869520895 0.8884429153924567 0.4819699286442406 0.8855759429153925 0.4870667686034658 0.8839831804281346 0.49184505606523954 0.8830275229357798 0.4959862385321101 0.8827089704383282 0.5010830784913354 0.8823904179408767 0.505861365953109 0.8817533129459735 0.5093654434250765 0.8817533129459735 0.5138251783893986 0.8839831804281346 0.5173292558613659 0.8884429153924567 0.5186034658511722 0.8944954128440368 0.5189220183486238 0.9008664627930683 0.5182849133537207 0.9059633027522936 0.5150993883792049 0.9107415902140673 0.5119138634046891 0.9136085626911314 0.5084097859327217 0.9171126401630989 0.5042686034658511 0.9206167176350663 0.497579001019368 0.9250764525993883
0 0.700815494393476 0.9145642201834863 0.7071865443425076 0.9145642201834863 0.7094164118246687 0.9142456676860345 0.7141946992864424 0.9123343527013252 0.7192915392456677 0.9110601427115188 0.7234327217125381 0.9107415902140673 0.7288481141692151 0.9107415902140673 0.7317150866462793 0.9107415902140673 0.7349006116207951 0.9101044852191642 0.7374490316004078 0.9088302752293578 0.7374490316004078 0.9066004077471967 0.7349006116207951 0.9059633027522936 0.7323521916411824 0.9053261977573903 0.7250254841997961 0.905644750254842 0.720565749235474 0.9059633027522936 0.7180173292558614 0.9066004077471967 0.7129204892966361 0.9075560652395515 0.7094164118246687 0.9085117227319063 0.7059123343527013 0.9088302752293578 0.7001783893985729 0.9094673802242609 0.6960372069317023 0.9107415902140673 0.6931702344546381 0.9136085626911314 0.6934887869520897 0.9164755351681957 0.6966743119266054 0.9161569826707441
0 0.9884683995922529 0.9887869520897044 0.977000509683996 0.9766819571865444 0.9760448521916412 0.9747706422018348 0.9760448521916412 0.9725407747196738 0.9776376146788991 0.9719036697247706 0.9798674821610601 0.9725407747196738 0.9820973496432212 0.9747706422018348 0.9849643221202854 0.977000509683996 0.9919724770642202 0.9859199796126402 0.9938837920489296 0.9881498470948012 0.9957951070336392 0.9906982670744139 0.9967507645259939 0.993565239551478 0.995158002038736 0.9948394495412844 0.9926095820591233 0.993565239551478
0 0.8960881753312946 0.5507772680937818 0.8881243628950052 0.5393093781855249 0.8865316004077471 0.5367609582059123 0.8849388379204892 0.5342125382262997 0.883664627930683 0.5307084607543323 0.8827089704383282 0.527204383282365 0.8820718654434251 0.5221075433231397 0.8820718654434251 0.5182849133537207 0.8833460754332314 0.5131880733944955 0.8849388379204892 0.5080912334352701 0.8862130479102956 0.5061799184505607 0.8900356778797146 0.5100025484199796 0.8929026503567788 0.5147808358817533 0.8960881753312946 0.5189220183486238 0.8986365953109072 0.5230632008154944 0.90118501529052 0.5275229357798165 0.903414882772681 0.5319826707441386 0.9050076452599388 0.5361238532110092 0.9062818552497451 0.5405835881753313 0.9072375127420998 0.5444062181447503 0.9088302752293578 0.549184505606524 0.9101044852191642 0.5545998980632008 0.9113786952089704 0.5590596330275229 0.9104230377166157 0.5622451580020388 0.9085117227319063 0.5628822629969419 0.9043705402650357 0.5606523955147809 0.9005479102956166 0.5577854230377166
0 0.5781727828746177 0.254841997961264 0.5641564729867483 0.2491080530071356 0.5596967380224261 0.24687818552497454 0.5545998980632008 0.24432976554536187 0.5501401630988787 0.24114424057084607 0.5479102956167176 0.23955147808358818 0.5463175331294596 0.23668450560652396 0.5459989806320081 0.23381753312945974 0.5488659531090724 0.23349898063200814 0.5545998980632008 0.23477319062181448 0.5603338430173292 0.23668450560652396 0.5644750254841998 0.23859582059123344 0.5676605504587156 0.24050713557594292 0.5718017329255861 0.24273700305810397 0.5765800203873598 0.24496687054026503 0.5813583078491334 0.24783384301732925 0.5861365953109072 0.25070081549439344 0.5902777777777778 0.25420489296636084 0.5899592252803262 0.2567533129459735 0.5851809378185525 0.2567533129459735
0 0.9273063200815493 0.11085626911314984 0.9148827726809379 0.10607798165137615 0.9110601427115188 0.10416666666666667 0.9078746177370031 0.10193679918450561 0.9059633027522936 0.0990698267074414 0.9053261977573903 0.09683995922528034 0.9075560652395515 0.09588430173292559 0.9110601427115188 0.09683995922528034 0.9148827726809379 0.0987512742099898 0.9187054026503567 0.10002548419979612 0.9218909276248726 0.10129969418960245 0.9263506625891947 0.10289245667686034 0.9308103975535168 0.10448521916411825 0.9343144750254843 0.10639653414882773 0.9384556574923547 0.10958205912334354 0.9403669724770641 0.11340468909276248 0.933677370030581 0.11372324159021406
0 0.776630988786952 0.07549694189602446 0.778860856269113 0.0653032619775739 0.7801350662589195 0.06148063200815494 0.7817278287461774 0.05765800203873598 0.7833205912334352 0.053198267074413864 0.7849133537206932 0.0493756371049949 0.7868246687054027 0.04491590214067278 0.7884174311926606 0.04236748216106014 0.7906472986748216 0.04204892966360856 0.7919215086646278 0.04491590214067278 0.7922400611620795 0.05001274209989806 0.7912844036697247 0.0557466870540265 0.7896916411824668 0.06084352701325178 0.7874617737003058 0.06657747196738023 0.785869011213048 0.07040010193679919 0.7839576962283384 0.07677115188583078 0.7826834862385321 0.08059378185524975 0.7798165137614679 0.08314220183486239 0.77822375127421 0.08314220183486239 0.776630988786952 0.079638124362895
0 0.24146279306829765 0.09429153924566767 0.24687818552497454 0.08983180428134556 0.2491080530071356 0.08887614678899083 0.25133792048929665 0.08792048929663608 0.25420489296636084 0.08664627930682976 0.25770897043832824 0.08409785932721713 0.2593017329255861 0.08218654434250765 0.25802752293577985 0.07931957186544342 0.25452344546381245 0.079638124362895 0.25070081549439344 0.08218654434250765 0.24655963302752293 0.08377930682976555 0.2424184505606524 0.0863277268093782 0.23987003058103976 0.0876019367991845 0.2357288481141692 0.09046890927624873 0.23349898063200814 0.09301732925586137 0.23413608562691132 0.09524719673802243 0.23700305810397554 0.09524719673802243
0 0.45967125382262997 0.19845820591233435 0.4501146788990826 0.19686544342507645 0.4462920489296636 0.19654689092762487 0.4424694189602446 0.1962283384301733 0.43832823649337416 0.19590978593272174 0.43386850152905193 0.19399847094801223 0.4332313965341488 0.19176860346585117 0.43577981651376146 0.19017584097859327 0.44087665647298674 0.1898572884811417 0.445973496432212 0.19081294597349643 0.4494775739041794 0.19176860346585117 0.4536187563710499 0.1930428134556575 0.4568042813455657 0.19336136595310907 0.4599898063200815 0.19367991845056068 0.46285677879714576 0.19367991845056068 0.46795361875637104 0.1943170234454638 0.46795361875637104 0.19654689092762487 0.46476809378185524 0.19718399592252803
0 0.27491080530071355 0.4188965341488277 0.276822120285423 0.408065749235474 0.276822120285423 0.4048802242609582 0.2774592252803262 0.4013761467889908 0.27873343527013256 0.39787206931702346 0.2803261977573904 0.3969164118246687 0.28255606523955146 0.39787206931702346 0.2835117227319062 0.40105759429153925 0.28255606523955146 0.4058358817533129 0.28160040774719675 0.4099770642201835 0.280644750254842 0.41857798165137616 0.27937054026503566 0.4236748216106014 0.27714067278287463 0.4287716615698267 0.2752293577981651 0.4303644240570846 0.2742737003058104 0.42686034658511723
0 0.30867737003058104 0.7380861365953109 0.2981651376146789 0.7272553516819572 0.29466106014271154 0.7240698267074415 0.29147553516819574 0.7215214067278288 0.2882900101936799 0.7189729867482161 0.2857415902140673 0.716743119266055 0.28287461773700306 0.7151503567787972 0.27937054026503566 0.7145132517838939 0.2758664627930683 0.7122833843017329 0.2765035677879714 0.7103720693170233 0.2796890927624872 0.7094164118246687 0.28287461773700306 0.7100535168195719 0.2876529051987768 0.7126019367991845 0.302624872579001 0.7250254841997961 0.3144113149847095 0.7374490316004078 0.3169597349643221 0.7406345565749235 0.31727828746177367 0.7438200815494393 0.31536697247706424 0.7444571865443426 0.31186289500509684 0.7415902140672783
0 0.3043886612021858 0.8640710382513661 0.3001195355191257 0.858521174863388 0.2984118852459016 0.8538251366120219 0.2981651376146789 0.8486238532110092 0.29784658511722734 0.8448012232415902 0.29848369011213044 0.8432084607543323 0.30039500509684 0.8432084607543323 0.302624872579001 0.8454383282364933 0.30453618756371054 0.8489424057084608 0.3058103975535168 0.8530835881753313 0.3061289500509684 0.857861875637105
0 0.1611875637104995 0.6027013251783894 0.15417940876656472 0.6020642201834863 0.1516309887869521 0.6004714576962283 0.14489583333333333 0.5995833333333334 0.14250000000000002 0.5971875 0.15067533129459734 0.5944189602446482 0.15322375127421 0.5941004077471967 0.15577217125382262 0.5950560652395515 0.16023190621814473 0.5966488277268094 0.16405453618756372 0.5972859327217125 0.17010703363914373 0.5972859327217125 0.17875 0.5989583333333334 0.1736111111111111 0.60079001019368 0.1707441386340469 0.6023827726809379 0.16469164118246687 0.6046126401630989
0 0.2863786952089704 0.5705275229357798 0.2851044852191641 0.561289500509684 0.2863786952089704 0.5574668705402651 0.2882900101936799 0.5539627930682977 0.2902013251783894 0.5530071355759428 0.29243119266055045 0.553644240570846 0.2930682976554536 0.5574668705402651 0.2930682976554536 0.5619266055045872 0.2933868501529052 0.5657492354740061 0.2940239551478083 0.5695718654434251 0.2930682976554536 0.5730759429153925 0.2917940876656473 0.5759429153924567 0.2902013251783894 0.579446992864424 0.2873343527013252 0.5753058103975536
0 0.18093781855249746 0.3857670744138634 0.19240570846075433 0.3688837920489297 0.1943170234454638 0.36633537206931704 0.19590978593272174 0.36506116207951067 0.1981396534148828 0.3647426095820591 0.20036952089704385 0.3666539245667686 0.20036952089704385 0.3698394495412844 0.19845820591233435 0.37366207951070335 0.19495412844036697 0.3771661569826707 0.19240570846075433 0.3797145769622834 0.18571610601427116 0.3886340468909276 0.18412334352701323 0.3924566768603466 0.18093781855249746 0.3962793068297656 0.17870795107033638 0.39723496432212024 0.1767966360856269 0.39659785932721714 0.17615953109072374 0.39468654434250766 0.17743374108053006 0.3905453618756371
0 0.1971388899414853 0.28838908181795525 0.18439679004342208 0.28169947937147205 0.17929995008419677 0.279469611889311 0.17515876761732627 0.2759655344173436 0.1729289001351652 0.27309856194027937 0.17324745263261676 0.27086869445811834 0.17643297760713259 0.27055014196066673 0.18057416007400312 0.2724614569453762 0.18439679004342208 0.27500987692498885 0.18981218250009893 0.27787684940205304 0.1939533649669695 0.2791510593918594 0.1971388899414853 0.28042526938166573 0.20064296741345264 0.2820180318689236 0.20350993989051686 0.2842478993510847 0.2057398073726779 0.2867963193306973 0.2063769123675811 0.28838908181795525 0.20350993989051686 0.28934473931030996
0 0.4540216727716728 0.7001297313797316 0.453258547008547 0.6902090964590966 0.4517322954822955 0.6867750305250306 0.4498244810744811 0.6829594017094018 0.44944291819291826 0.6795253357753359 0.44944291819291826 0.67609126984127 0.4551663614163614 0.6772359584859585 0.45669261294261293 0.6818147130647131 0.4586004273504274 0.7008928571428572 0.45821886446886445 0.7043269230769231 0.4559294871794872 0.7050900488400489
0 0.19291666666666665 0.8639583333333333 0.19958333333333333 0.859375 0.20614583333333333 0.8536458333333333 0.21645833333333334 0.8513541666666666 0.2296875 0.8501041666666667 0.231875 0.8501041666666667 0.2263541666666667 0.8575 0.21312499999999998 0.8628125 0.2015625 0.8652083333333334 0.19333333333333333 0.865625
0 0.1877083333333333 0.9340625 0.1984375 0.936875 0.2109375 0.9442708333333333 0.22177083333333333 0.9505208333333334 0.22739583333333335 0.95875 0.21083333333333334 0.9572916666666667 0.19520833333333334 0.94875 0.18875 0.9409375
0 0.3883520365752286 0.8283977556109726 0.39666458852867836 0.8334632169576061 0.4056265586034913 0.8506078553615961 0.4096529509559435 0.865544472152951 0.40536679135494597 0.8658042394014963 0.3931577306733167 0.8498285536159602 0.3880922693266833 0.8360608894430591
0 0.365436969361388 0.5203603728313031 0.3658983942414175 0.5163229051310446 0.37558831672203763 0.5098629568106312 0.38954641934293094 0.5023648025101514 0.3991209856035437 0.4964816352897748 0.40292774086378735 0.4941745108896271 0.4069652085640457 0.4986734034699151 0.39635243632336653 0.5059408453303802 0.38331718346253224 0.5125161498708011 0.3724736987818383 0.5178225359911406 0.36785944998154296 0.5203603728313031
0 0.8367708333333332 0.22427083333333334 0.8432291666666667 0.21614583333333334 0.8501041666666667 0.20802083333333332 0.8558333333333333 0.20520833333333333 0.8620833333333333 0.2025 0.8598958333333333 0.21020833333333336 0.8513541666666666 0.21729166666666666 0.8420833333333333 0.22552083333333334 0.8364583333333333 0.2265625
0 0.8646980824153407 0.36961954304365563 0.8694155446756426 0.3573796409628723 0.8768104855161158 0.34641472868217055 0.8853529171766626 0.33850979192166464 0.8945328437372502 0.334812321501428 0.896062831497348 0.33468482252141984 0.8894328845369237 0.35240718074255406 0.8844604243166054 0.35941962464300287 0.8718380252957977 0.3673245614035088
0 0.7202771699489424 0.6824398249452953 0.7312180889861415 0.6810722100656454 0.743184719183078 0.687454412837345 0.7508205689277898 0.6977115244347192 0.7447802698760029 0.7007886579139313 0.7244939824945295 0.6885940919037199
0 0.4740625 0.3958333333333333 0.4753125 0.39406250000000004 0.47572916666666665 0.39145833333333335 0.47604166666666664 0.38947916666666665 0.4764583333333333 0.3842708333333333 0.4767708333333333 0.3823958333333334 0.476875 0.3802083333333333 0.47708333333333336 0.3771875 0.47708333333333336 0.3751041666666667 0.47718750000000004 0.3735416666666667 0.47625 0.3720833333333333 0.4753125 0.37156249999999996 0.4736458333333333 0.3716666666666667 0.47270833333333334 0.37270833333333336 0.47197916666666667 0.3745833333333334 0.47145833333333337 0.37635416666666666 0.4708333333333333 0.37864583333333335 0.47 0.3826041666666667 0.47 0.38458333333333333 0.47052083333333333 0.3876041666666667 0.4709375 0.3891666666666667 0.47125 0.391875 0.4715625 0.39406250000000004 0.471875 0.39499999999999996
