1 0.02165841584158416 0.0010313531353135313 0.06724422442244225 0.00020627062706270627 0.06641914191419142 0.009488448844884489 0.06353135313531354 0.017945544554455448 0.057755775577557754 0.023927392739273926 0.04744224422442245 0.02660891089108911 0.037541254125412545 0.024133663366336634 0.030734323432343235 0.01938943894389439 0.024752475247524754 0.009900990099009901
1 0.10849834983498349 0.03877887788778878 0.1150990099009901 0.02722772277227723 0.12293729372937294 0.019801980198019802 0.13283828382838284 0.01608910891089109 0.13820132013201322 0.015882838283828384 0.14707095709570958 0.017533003300330034 0.15325907590759075 0.02103960396039604 0.1602722772277228 0.02929042904290429 0.16563531353135316 0.038985148514851485 0.16790429042904292 0.05321782178217822 0.16707920792079206 0.066006600660066 0.16522277227722773 0.07962046204620463 0.16006600660066006 0.08745874587458746 0.15449669966996699 0.09344059405940594 0.14253300330033003 0.09447194719471948 0.1316006600660066 0.09447194719471948 0.12066831683168316 0.09405940594059407 0.11344884488448845 0.08890264026402642 0.10746699669966997 0.07817656765676567 0.10375412541254127 0.06992574257425743 0.10354785478547855 0.0556930693069307 0.10499174917491749 0.04620462046204621
0 0.13386963696369636 0.04414191419141914 0.13655115511551155 0.04785478547854785 0.1346947194719472 0.06126237623762376 0.13325082508250827 0.06765676567656766 0.12974422442244224 0.06641914191419142 0.12995049504950495 0.05961221122112212 0.1307755775577558 0.05115511551155116
1 0.20420792079207922 0.1344884488448845 0.20792079207920794 0.11943069306930694 0.2128712871287129 0.1115924092409241 0.22112211221122113 0.10561056105610561 0.23081683168316833 0.10457920792079209 0.24051155115511552 0.1115924092409241 0.2460808580858086 0.1212871287128713 0.2502062706270627 0.13242574257425743 0.25082508250825086 0.1443894389438944 0.25 0.15944719471947194 0.24628712871287128 0.1740924092409241 0.23762376237623764 0.17924917491749173 0.2227722772277228 0.17739273927392737 0.21514026402640266 0.16893564356435645 0.20833333333333334 0.15924092409240925 0.2035891089108911 0.14603960396039603
1 0.09653465346534654 0.1844059405940594 0.10622937293729375 0.17801155115511552 0.12087458745874588 0.17347359735973597 0.13386963696369636 0.17883663366336633 0.14500825082508254 0.18646864686468648 0.1538778877887789 0.19616336633663367 0.15903465346534654 0.20977722772277227 0.15882838283828385 0.22174092409240925 0.1538778877887789 0.23122937293729373 0.14521452145214522 0.23432343234323433 0.13283828382838284 0.23576732673267328 0.11901815181518152 0.2332920792079208 0.10911716171617163 0.2271039603960396 0.1016914191419142 0.22050330033003301 0.09591584158415842 0.21349009900990099 0.09302805280528052 0.20132013201320131 0.0922029702970297 0.19203795379537955
1 0.023721122112211224 0.20606435643564358 0.02867161716171617 0.19513201320132015 0.037953795379537955 0.18935643564356436 0.0492986798679868 0.1903877887788779 0.05486798679867987 0.1941006600660066 0.06415016501650166 0.20833333333333334 0.06786303630363036 0.21885313531353134 0.06971947194719472 0.23246699669966997 0.06641914191419142 0.24484323432343233 0.06188118811881189 0.25041254125412543 0.054249174917491746 0.2537128712871287 0.04661716171617162 0.25433168316831684 0.033003300330033 0.24711221122112212 0.026402640264026403 0.23556105610561057 0.02351485148514852 0.22256600660066006 0.02207095709570957 0.21349009900990099
1 0.00020627062706270627 0.2799092409240924 0.007219471947194719 0.2786716171617162 0.017533003300330034 0.2817656765676568 0.029496699669966996 0.2869224422442244 0.035684818481848186 0.29125412541254125 0.041254125412541254 0.3007425742574258 0.04207920792079208 0.3075495049504951 0.041666666666666664 0.3191006600660066 0.034653465346534656 0.326526402640264 0.023721122112211224 0.3281765676567657 0.014026402640264028 0.3263201320132013 0.006394389438943895 0.3217821782178218 0.0 0.3182755775577558
1 0.13861386138613863 0.29063531353135313 0.1443894389438944 0.2838283828382838 0.15573432343234325 0.2761963696369637 0.16501650165016502 0.2737211221122112 0.17367986798679869 0.27330858085808585 0.1870874587458746 0.27557755775577564 0.20008250825082508 0.2856848184818482 0.2035891089108911 0.2962046204620462 0.20111386138613863 0.3048679867986799 0.1934818481848185 0.3131188118811881 0.17904290429042904 0.3186881188118812 0.16625412541254125 0.3201320132013201 0.1573844884488449 0.3186881188118812 0.1478960396039604 0.31435643564356436 0.13985148514851486 0.3085808580858086 0.13593234323432343 0.30136138613861385
0 0.1538778877887789 0.29682343234323433 0.15924092409240925 0.29414191419141916 0.16955445544554457 0.29372937293729373 0.17491749174917492 0.29352310231023104 0.17904290429042904 0.2953795379537954 0.1800742574257426 0.29661716171617164 0.17801155115511552 0.30012376237623767 0.1740924092409241 0.30033003300330036 0.16893564356435645 0.30033003300330036 0.1641914191419142 0.2988861386138614 0.15944719471947194 0.2992986798679868 0.15594059405940594 0.298473597359736
1 0.01938943894389439 0.45792079207920794 0.029702970297029705 0.4544141914191419 0.04517326732673267 0.4537953795379538 0.05961221122112212 0.4542079207920792 0.07095709570957096 0.45792079207920794 0.08271452145214521 0.46472772277227725 0.08869636963696369 0.47318481848184824 0.0915841584158416 0.4822607260726073 0.09075907590759076 0.49174917491749176 0.08622112211221124 0.4989686468646865 0.07363861386138613 0.5020627062706271 0.06188118811881189 0.5020627062706271 0.04558580858085808 0.5 0.035891089108910895 0.4950495049504951 0.025990099009900992 0.4882425742574258 0.018976897689768978 0.48081683168316836 0.015264026402640265 0.47112211221122113 0.015057755775577558 0.4643151815181518
0 0.035684818481848186 0.47256600660066006 0.0457920792079208 0.47277227722772275 0.06064356435643565 0.47586633663366334 0.06971947194719472 0.47896039603960394 0.07446369636963697 0.48122937293729373 0.06621287128712872 0.48122937293729373 0.05961221122112212 0.4804042904290429 0.051773927392739276 0.4783415841584159 0.04702970297029704 0.47751650165016507 0.03877887788778878 0.47751650165016507
1 0.14294554455445546 0.6316006600660066 0.1547029702970297 0.622937293729373 0.17863036303630364 0.6231435643564357 0.19575082508250827 0.6276815181518153 0.21472772277227722 0.6371699669966997 0.21926567656765678 0.6464521452145214 0.22235973597359734 0.6555280528052806 0.22153465346534654 0.6625412541254126 0.21514026402640266 0.6683168316831682 0.19884488448844886 0.6718234323432344 0.1835808580858086 0.6697607260726073 0.16542904290429042 0.6637788778877888 0.15325907590759075 0.6580033003300331 0.14397689768976898 0.6501650165016503 0.13964521452145215 0.6382013201320133
0 0.15800330033003301 0.6379950495049506 0.1707920792079208 0.639026402640264 0.18894389438943895 0.641914191419142 0.2035891089108911 0.6481023102310232 0.21080858085808582 0.650990099009901 0.20276402640264027 0.6514026402640264 0.1897689768976898 0.6483085808580858 0.1771864686468647 0.6445957095709571 0.16666666666666666 0.6412953795379539
1 0.08250825082508251 0.6652227722772277 0.08890264026402642 0.66233498349835 0.09942244224422443 0.6621287128712872 0.11344884488448845 0.6664603960396039 0.12995049504950495 0.6808993399339934 0.13613861386138615 0.6905940594059407 0.14067656765676567 0.6990511551155116 0.1419141914191419 0.7073019801980198 0.13675742574257427 0.7182343234323433 0.1307755775577558 0.7244224422442245 0.12396864686468648 0.7252475247524753 0.11035478547854785 0.7235973597359736 0.09962871287128713 0.7194719471947195 0.08993399339933994 0.7108085808580858 0.0823019801980198 0.7007013201320133 0.07714521452145215 0.6868811881188119 0.07652640264026403 0.6796617161716172 0.07755775577557757 0.6701732673267328
0 0.09344059405940594 0.6815181518151815 0.10148514851485149 0.685437293729373 0.10911716171617163 0.6905940594059407 0.11778052805280528 0.6982260726072608 0.12252475247524752 0.7025577557755776 0.11303630363036303 0.701526402640264 0.10746699669966997 0.6976072607260727 0.10189768976897691 0.692450495049505 0.095503300330033 0.6841996699669968
1 0.016295379537953795 0.773927392739274 0.019595709570957093 0.7592821782178218 0.02227722772277228 0.7537128712871287 0.027021452145214522 0.7526815181518153 0.037541254125412545 0.7526815181518153 0.049711221122112216 0.7582508250825082 0.05734323432343234 0.7660891089108912 0.06167491749174917 0.7807343234323433 0.0625 0.7914603960396039 0.06146864686468647 0.8007425742574258 0.05796204620462046 0.8096122112211221 0.054661716171617164 0.8143564356435644 0.04888613861386139 0.8162128712871287 0.03836633663366337 0.8112623762376238 0.026815181518151817 0.8015676567656767 0.020008250825082508 0.7902227722772277 0.01608910891089109 0.7815594059405941
1 0.20462046204620463 0.8106435643564357 0.20895214521452146 0.7990924092409241 0.22050330033003301 0.789397689768977 0.23102310231023102 0.7856848184818481 0.23906765676567657 0.784447194719472 0.24690594059405943 0.7875412541254126 0.2514438943894389 0.7986798679867987 0.2553630363036304 0.8137376237623762 0.2522689768976898 0.8287953795379539 0.2460808580858086 0.840552805280528 0.23886138613861388 0.852516501650165 0.22999174917491752 0.8591171617161717 0.2238036303630363 0.8622112211221122 0.21307755775577558 0.8607673267326733 0.20585808580858087 0.8502475247524753 0.2035891089108911 0.8407590759075908 0.20255775577557758 0.8252887788778878 0.20276402640264027 0.8178630363036304
0 0.22875412541254125 0.8021864686468647 0.23205445544554457 0.8042491749174918 0.23308580858085812 0.810437293729373 0.22916666666666666 0.8246699669966997 0.2271039603960396 0.831476897689769 0.22586633663366337 0.8261138613861386 0.2268976897689769 0.8170379537953796 0.22792904290429045 0.8081683168316832
1 0.29228547854785475 0.9084158415841584 0.2988861386138614 0.8917079207920793 0.3083745874587459 0.8787128712871287 0.3226072607260726 0.8694306930693069 0.33498349834983504 0.8673679867986799 0.34880363036303635 0.8673679867986799 0.35911716171617164 0.8706683168316832 0.36448019801980197 0.8758250825082509 0.3671617161716172 0.8826320132013201 0.3673679867986799 0.8935643564356436 0.3642739273927393 0.9034653465346535 0.35705445544554454 0.9125412541254126 0.3481848184818482 0.9191419141914192 0.33663366336633666 0.9232673267326733 0.3221947194719472 0.9238861386138614 0.3098184818481848 0.9226485148514851 0.2997112211221122 0.9183168316831684 0.29434818481848185 0.9121287128712872
1 0.3582920792079208 0.9814356435643565 0.35973597359735976 0.9692656765676568 0.3648927392739274 0.9558580858085809 0.3725247524752476 0.9453382838283828 0.3830445544554456 0.9379125412541254 0.3935643564356436 0.9346122112211221 0.40697194719471946 0.9366749174917491 0.41233498349834985 0.9412128712871287 0.41563531353135313 0.9484323432343235 0.4148102310231023 0.9595709570957095 0.4119224422442244 0.9696782178217822 0.40470297029702973 0.9791666666666666 0.3968646864686469 0.9861798679867987 0.3877887788778878 0.9905115511551156 0.37665016501650167 0.9929867986798679 0.369430693069307 0.9923679867986799 0.3620049504950495 0.9884488448844885 0.3603547854785479 0.985973597359736
1 0.46555280528052806 0.9985561056105611 0.46864686468646866 0.9933993399339934 0.4760726072607261 0.9861798679867987 0.485973597359736 0.9812293729372938 0.4983498349834984 0.9791666666666666 0.5068069306930693 0.9791666666666666 0.5148514851485149 0.9837046204620462 0.5193894389438944 0.9923679867986799 0.5193894389438944 0.9981435643564357
0 0.306930693069307 0.900371287128713 0.3091996699669967 0.8964521452145214 0.33910891089108913 0.8923267326732673 0.3512788778877888 0.8902640264026402 0.35457920792079206 0.8912953795379539 0.3510726072607261 0.8933580858085809 0.33890264026402644 0.8950082508250825 0.3246699669966997 0.8978960396039605 0.31683168316831684 0.9001650165016503 0.3110561056105611 0.9014026402640264
0 0.3762376237623763 0.9715346534653465 0.3747937293729373 0.9682343234323433 0.3803630363036304 0.9624587458745875 0.3871699669966997 0.9558580858085809 0.3966584158415841 0.9496699669966997 0.39830858085808585 0.9533828382838284 0.3943894389438944 0.9575082508250825 0.3882013201320132 0.962871287128713 0.3832508250825083 0.9665841584158416 0.37850660066006603 0.9709158415841584
1 0.4566831683168317 0.8017739273927393 0.46245874587458746 0.8075495049504952 0.46514026402640263 0.8166254125412542 0.4645214521452145 0.8267326732673267 0.45771452145214525 0.8440594059405941 0.4467821782178218 0.8562293729372938 0.4348184818481848 0.8646864686468647 0.41955445544554454 0.8663366336633663 0.40862211221122113 0.8599422442244224 0.40614686468646866 0.8473597359735974 0.4067656765676568 0.8353960396039605 0.41027227722772275 0.8213696369636965 0.42099834983498347 0.8081683168316832 0.43399339933993397 0.8005363036303631 0.4451320132013201 0.7976485148514851
0 0.41872937293729373 0.8533415841584159 0.4166666666666667 0.8506600660066007 0.4242986798679868 0.8393151815181519 0.4327557755775578 0.8306518151815182 0.4408003300330033 0.8215759075907592 0.44533828382838286 0.8162128712871287 0.4471947194719472 0.8164191419141915 0.4457508250825083 0.8201320132013201 0.4377062706270627 0.8312706270627063 0.4290429042904291 0.8393151815181519 0.4242986798679868 0.846947194719472
1 0.3133250825082508 0.6837871287128714 0.3240511551155116 0.676361386138614 0.3362211221122112 0.6757425742574258 0.34962871287128716 0.6780115511551156 0.35994224422442245 0.6835808580858086 0.3686056105610561 0.6930693069306931 0.376443894389439 0.7027640264026402 0.3805693069306931 0.7174092409240925 0.3813943894389439 0.7295792079207921 0.37974422442244227 0.7413366336633663 0.3712871287128713 0.7504125412541254 0.35375412541254125 0.753506600660066 0.3393151815181518 0.7497937293729373 0.326526402640264 0.7425742574257426 0.3186881188118812 0.7330858085808581 0.3114686468646865 0.7174092409240925 0.3079620462046205 0.7019389438943894 0.3087871287128713 0.6897689768976899
0 0.3292079207920792 0.6961633663366337 0.33745874587458746 0.7017326732673267 0.34591584158415845 0.7124587458745875 0.34777227722772275 0.7174092409240925 0.35746699669966997 0.7279290429042905 0.35767326732673266 0.7304042904290429 0.35148514851485146 0.7260726072607261 0.34570957095709576 0.7192656765676568 0.34096534653465344 0.713490099009901 0.3331270627062706 0.7035891089108912
1 0.2268976897689769 0.5185643564356436 0.23205445544554457 0.5156765676567657 0.24174917491749176 0.5129950495049506 0.2528877887788779 0.5123762376237624 0.2615511551155116 0.5146452145214522 0.27268976897689773 0.51753300330033 0.28032178217821785 0.5288778877887789 0.28341584158415845 0.5387788778877888 0.28320957095709576 0.5466171617161717 0.28032178217821785 0.5546617161716172 0.27186468646864687 0.5594059405940595 0.2627887788778878 0.5594059405940595 0.2524752475247525 0.5571369636963696 0.24154290429042904 0.5523927392739274 0.23267326732673269 0.5455858085808581 0.22607260726072606 0.5358910891089109 0.22256600660066006 0.5290841584158417 0.2227722772277228 0.5233085808580858
0 0.24030528052805283 0.5284653465346535 0.24463696369636964 0.5284653465346535 0.257013201320132 0.5346534653465347 0.2629950495049505 0.5396039603960396 0.26588283828382836 0.5410478547854786 0.264026402640264 0.5426980198019802 0.2568069306930693 0.540016501650165 0.2506188118811881 0.5367161716171617 0.24484323432343233 0.5354785478547854 0.24071782178217824 0.531559405940594
1 0.2124587458745875 0.4203795379537954 0.21926567656765678 0.39954620462046203 0.2268976897689769 0.3888201320132013 0.2396864686468647 0.3811881188118812 0.2466996699669967 0.3809818481848185 0.25185643564356436 0.3818069306930693 0.2632013201320132 0.3849009900990099 0.2698019801980198 0.3906765676567657 0.27330858085808585 0.40057755775577564 0.2731023102310231 0.41027227722772275 0.268976897689769 0.4228547854785479 0.2627887788778878 0.4335808580858086 0.25350660066006603 0.44100660066006603 0.2460808580858086 0.4447194719471947 0.23514851485148516 0.44925742574257427 0.2271039603960396 0.4484323432343234 0.2202970297029703 0.4432755775577558 0.21534653465346534 0.43523102310231027 0.21349009900990099 0.43007425742574257
1 0.29641089108910895 0.12623762376237624 0.3040429042904291 0.11324257425742575 0.3114686468646865 0.10499174917491749 0.3203382838283828 0.10292904290429043 0.3257013201320132 0.10684818481848185 0.33271452145214525 0.11778052805280528 0.3364273927392739 0.13036303630363036 0.3353960396039604 0.14129537953795382 0.33209570957095713 0.1582095709570957 0.3248762376237624 0.16790429042904292 0.3176567656765677 0.17285478547854788 0.30445544554455445 0.16996699669966997 0.30033003300330036 0.1641914191419142 0.2957920792079208 0.1542904290429043 0.2924917491749175 0.14294554455445546 0.2924917491749175 0.13366336633663367
1 0.28403465346534656 0.00041254125412541255 0.3564356435643565 0.0008250825082508251 0.3601485148514852 0.007013201320132014 0.35973597359735976 0.01608910891089109 0.35478547854785475 0.029702970297029705 0.34447194719471946 0.040429042904290426 0.33065181518151815 0.04723597359735974 0.3118811881188119 0.05115511551155116 0.2955858085808581 0.04950495049504951 0.28362211221122113 0.04682343234323432 0.2747524752475247 0.038985148514851485 0.2687706270627063 0.026196369636963698 0.2671204620462046 0.018358085808580858 0.2731023102310231 0.010726072607260726
0 0.2939356435643565 0.026402640264026403 0.29207920792079206 0.02351485148514852 0.29682343234323433 0.02103960396039604 0.30342409240924095 0.018976897689768978 0.3158003300330033 0.014232673267326733 0.326526402640264 0.00825082508250825 0.3316831683168317 0.005363036303630363 0.33292079207920794 0.006806930693069308 0.3325082508250825 0.009694719471947196 0.3257013201320132 0.013201320132013201 0.3166254125412541 0.018358085808580858 0.3061056105610561 0.02268976897689769 0.29806105610561057 0.025165016501650164
1 0.4971122112211221 0.0010313531353135313 0.5585808580858086 0.0006188118811881188 0.5563118811881188 0.005775577557755776 0.5532178217821783 0.014232673267326733 0.5455858085808581 0.02145214521452145 0.5350660066006601 0.030321782178217824 0.5268151815181519 0.03506600660066007 0.5094884488448845 0.03919141914191419 0.4989686468646865 0.037541254125412545 0.492986798679868 0.028259075907590758 0.4927805280528053 0.020214521452145213 0.4936056105610561 0.00825082508250825
0 0.5257838283828383 0.001443894389438944 0.5354785478547854 0.001443894389438944 0.5301155115511551 0.0049504950495049506 0.5239273927392739 0.010932343234323433 0.5193894389438944 0.017533003300330034 0.51753300330033 0.022483498349834985 0.514026402640264 0.025371287128712873 0.5107260726072608 0.025165016501650164 0.509075907590759 0.02227722772277228 0.5113448844884488 0.01670792079207921 0.5173267326732673 0.009488448844884489 0.5222772277227723 0.004537953795379538
1 0.3958333333333333 0.06456270627062706 0.40222772277227725 0.0558993399339934 0.41398514851485146 0.050742574257425746 0.4265676567656766 0.04888613861386139 0.4405940594059406 0.051980198019801985 0.4498762376237624 0.0558993399339934 0.45482673267326734 0.06023102310231023 0.456476897689769 0.0653877887788779 0.4544141914191419 0.07405115511551155 0.4507013201320132 0.0823019801980198 0.4430693069306931 0.09137788778877888 0.43543729372937295 0.09426567656765678 0.4238861386138614 0.09735973597359736 0.41316006600660066 0.09591584158415842 0.40222772277227725 0.09075907590759076 0.39603960396039606 0.08374587458745876 0.3935643564356436 0.07693894389438945 0.3933580858085809 0.06951320132013201
1 0.503506600660066 0.10313531353135313 0.5129950495049506 0.09096534653465346 0.5257838283828383 0.0823019801980198 0.540016501650165 0.08023927392739275 0.5511551155115513 0.08353960396039603 0.5550742574257426 0.09075907590759076 0.5567244224422442 0.09818481848184818 0.557549504950495 0.10705445544554457 0.5554867986798679 0.1150990099009901 0.5511551155115513 0.12252475247524752 0.5457920792079208 0.1318069306930693 0.5356848184818481 0.1419141914191419 0.5270214521452146 0.14603960396039603 0.5146452145214522 0.14913366336633663 0.5063943894389439 0.14830858085808582 0.5024752475247525 0.14583333333333334 0.49876237623762376 0.13716996699669967 0.4958745874587459 0.12933168316831684 0.4973184818481849 0.1183993399339934 0.5002062706270627 0.10932343234323433
0 0.5150577557755776 0.1353135313531353 0.5156765676567657 0.1278877887788779 0.5173267326732673 0.1183993399339934 0.522483498349835 0.11014851485148515 0.5299092409240924 0.10272277227722773 0.5325907590759076 0.10127887788778879 0.5323844884488449 0.10581683168316831 0.528052805280528 0.11551155115511551 0.5218646864686469 0.12706270627062707 0.516914191419142 0.13304455445544555
1 0.40903465346534656 0.22174092409240925 0.4141914191419142 0.21142739273927394 0.42512376237623767 0.1971947194719472 0.43708745874587457 0.1899752475247525 0.449463696369637 0.18729372937293728 0.45895214521452143 0.18605610561056105 0.4622524752475247 0.18956270627062705 0.46245874587458746 0.1969884488448845 0.46080858085808585 0.20792079207920794 0.45895214521452143 0.2207095709570957 0.4542079207920792 0.22896039603960397 0.449463696369637 0.23597359735973597 0.4403877887788779 0.2433993399339934 0.4302805280528053 0.24896864686468648 0.42306105610561057 0.2491749174917492 0.41625412541254125 0.2466996699669967 0.4104785478547855 0.24195544554455448 0.4088283828382838 0.23432343234323433
0 0.42471122112211224 0.2332920792079208 0.42326732673267325 0.22999174917491746 0.423473597359736 0.22318481848184818 0.4311056105610561 0.21472772277227722 0.4381188118811881 0.20668316831683167 0.4438943894389439 0.20523927392739275 0.4463696369636964 0.20647689768976898 0.445957095709571 0.21183993399339934 0.4399752475247525 0.22215346534653466 0.4368811881188119 0.22524752475247525 0.43151815181518155 0.22999174917491746 0.42924917491749176 0.23246699669966997
1 0.5286716171617162 0.27330858085808585 0.530940594059406 0.26031353135313534 0.536509900990099 0.24773102310231024 0.5472359735973598 0.23576732673267328 0.5558993399339934 0.23081683168316833 0.5637376237623762 0.22937293729372937 0.5736386138613861 0.22999174917491752 0.5856023102310232 0.23906765676567657 0.5893151815181519 0.2452557755775578 0.5901402640264026 0.25206270627062705 0.5874587458745875 0.2632013201320132 0.5808580858085809 0.27330858085808585 0.5688943894389439 0.28527227722772275 0.5577557755775577 0.2908415841584159 0.5462046204620462 0.29104785478547857 0.5396039603960396 0.28754125412541254 0.5338283828382838 0.28485973597359737 0.5303217821782178 0.28052805280528054
0 0.5517739273927393 0.2698019801980198 0.5591996699669968 0.264026402640264 0.5699257425742574 0.25742574257425743 0.5740511551155116 0.25515676567656764 0.5748762376237624 0.2495874587458746 0.5693069306930693 0.2487623762376238 0.5616749174917491 0.2522689768976898 0.5542491749174918 0.25886963696369636 0.5476485148514851 0.265470297029703 0.5462046204620462 0.27042079207920794
1 0.40222772277227725 0.3483910891089109 0.4077970297029703 0.33890264026402644 0.4189356435643565 0.3312706270627063 0.4280115511551156 0.3281765676567657 0.4451320132013201 0.3254950495049505 0.4628712871287129 0.3310643564356436 0.47566006600660066 0.33890264026402644 0.47978547854785475 0.34921617161716173 0.48019801980198024 0.3582920792079208 0.4764851485148515 0.37066831683168316 0.46575907590759075 0.3811881188118812 0.45771452145214525 0.3844884488448845 0.4436881188118812 0.3877887788778878 0.4296617161716172 0.3877887788778878 0.41831683168316836 0.3832508250825083 0.4077970297029703 0.376443894389439 0.4018151815181518 0.3683993399339934 0.40057755775577564 0.35870462046204626
1 0.4962871287128713 0.3871699669966997 0.5099009900990099 0.3783003300330033 0.525371287128713 0.3725247524752476 0.536509900990099 0.3725247524752476 0.5511551155115513 0.3770627062706271 0.5610561056105611 0.3826320132013201 0.5662128712871287 0.38634488448844884 0.5664191419141915 0.393976897689769 0.5571369636963696 0.4042904290429043 0.5488861386138614 0.41233498349834985 0.539397689768977 0.41852310231023104 0.5278465346534653 0.4205858085808581 0.5152640264026404 0.41955445544554454 0.5053630363036304 0.41563531353135313 0.5008250825082509 0.41130363036303635 0.49649339933993397 0.40532178217821785 0.49422442244224424 0.40057755775577564 0.49422442244224424 0.3935643564356436
0 0.4174917491749175 0.3541666666666667 0.42306105610561057 0.35251650165016507 0.4395627062706271 0.3523102310231023 0.45008250825082513 0.35210396039603964 0.4581270627062706 0.3541666666666667 0.4595709570957096 0.35622937293729373 0.4568894389438944 0.3572607260726073 0.4455445544554456 0.35767326732673266 0.4335808580858086 0.35705445544554454 0.424917491749175 0.3564356435643565
1 0.48102310231023104 0.47957920792079206 0.48700495049504955 0.47421617161716173 0.4983498349834984 0.47421617161716173 0.5061881188118812 0.47999174917491755 0.5134075907590759 0.48803630363036304 0.5173267326732673 0.4960808580858086 0.5185643564356436 0.5030940594059407 0.5179455445544554 0.5094884488448845 0.5162953795379538 0.5162953795379538 0.5138201320132013 0.5220709570957096 0.5103135313531353 0.5249587458745875 0.5028877887788779 0.5266089108910891 0.4921617161716172 0.522483498349835 0.48411716171617164 0.5111386138613861 0.47978547854785475 0.5053630363036304 0.47772277227722776 0.4962871287128713 0.47957920792079206 0.48473597359735976
1 0.3970709570957096 0.5422854785478548 0.4003712871287129 0.5348597359735974 0.41295379537953797 0.5321782178217822 0.42141089108910895 0.5350660066006601 0.43213696369636967 0.5412541254125413 0.43915016501650167 0.550536303630363 0.4457508250825083 0.5606435643564357 0.45090759075907594 0.5670379537953796 0.4525577557755776 0.5769389438943894 0.4525577557755776 0.5870462046204621 0.4507013201320132 0.5942656765676568 0.4447194719471947 0.6021039603960396 0.43151815181518155 0.6041666666666666 0.41625412541254125 0.596947194719472 0.4049092409240924 0.586427392739274 0.3970709570957096 0.5757013201320133 0.3933580858085809 0.5647689768976897 0.3933580858085809 0.5517739273927393
0 0.41398514851485146 0.550536303630363 0.41563531353135313 0.551980198019802 0.41914191419141916 0.5606435643564357 0.42326732673267325 0.5668316831683169 0.4265676567656766 0.571575907590759 0.4267739273927393 0.574463696369637 0.42471122112211224 0.5761138613861386 0.42182343234323433 0.5757013201320133 0.41872937293729373 0.5678630363036304 0.4158415841584159 0.5625 0.41295379537953797 0.5581683168316832 0.41254125412541254 0.554042904290429
0 0.5022689768976898 0.7238036303630363 0.5072194719471947 0.7188531353135315 0.5233085808580858 0.713490099009901 0.5363036303630363 0.7087458745874587 0.5433168316831682 0.7075082508250825 0.5482673267326733 0.7068894389438944 0.5398102310231023 0.7116336633663367 0.5321782178217822 0.715552805280528 0.5231023102310232 0.7190594059405941 0.518976897689769 0.7211221122112211 0.509075907590759 0.7242161716171618
1 0.5053630363036304 0.6943069306930693 0.5167079207920792 0.690387788778878 0.5332095709570958 0.6899752475247526 0.548473597359736 0.6930693069306931 0.5581683168316832 0.6967821782178218 0.5631188118811881 0.7056518151815182 0.5608498349834984 0.7157590759075908 0.5569306930693069 0.7277227722772277 0.5462046204620462 0.7370049504950494 0.5352722772277227 0.7403052805280529 0.5208333333333334 0.7429867986798679 0.5086633663366337 0.7429867986798679 0.4991749174917492 0.7413366336633663 0.49174917491749176 0.7390676567656767 0.48783003300330036 0.7287541254125413 0.4884488448844885 0.7176155115511552 0.4931930693069307 0.7054455445544555 0.5012376237623762 0.6976072607260727
1 0.5117574257425743 0.8904702970297029 0.5206270627062707 0.8842821782178218 0.5307343234323433 0.8838696369636965 0.5443481848184819 0.8941831683168318 0.5552805280528053 0.9069719471947195 0.5583745874587459 0.9154290429042905 0.5591996699669968 0.9267739273927393 0.5563118811881188 0.9348184818481848 0.551980198019802 0.940387788778878 0.5416666666666666 0.9408003300330033 0.5278465346534653 0.9323432343234325 0.5195957095709571 0.9259488448844885 0.5113448844884488 0.9168729372937293 0.5055693069306931 0.9065594059405941 0.5066006600660066 0.8993399339933994
0 0.5193894389438944 0.9022277227722773 0.5286716171617162 0.9038778877887789 0.5356848184818481 0.9102722772277227 0.540016501650165 0.9172854785478548 0.5402227722772277 0.9193481848184819 0.5348597359735974 0.9205858085808581 0.5301155115511551 0.9166666666666666 0.5228960396039605 0.9086221122112211
1 0.6435643564356436 0.9981435643564357 0.6460396039603961 0.9903052805280529 0.6561468646864687 0.9812293729372938 0.6676980198019802 0.977516501650165 0.6862623762376238 0.9744224422442245 0.6978135313531354 0.9779290429042905 0.7081270627062707 0.9820544554455446 0.7157590759075908 0.9892739273927393 0.7207095709570958 0.9964933993399341 0.7210887915714648 0.9989583333333333
1 0.5922029702970296 0.8999587458745875 0.600453795379538 0.8960396039603961 0.6117986798679867 0.8950082508250825 0.6212871287128714 0.8978960396039605 0.6280940594059407 0.9011963696369637 0.6379950495049506 0.9084158415841584 0.6431518151815182 0.9187293729372938 0.6435643564356436 0.926361386138614 0.6417079207920793 0.9356435643564357 0.639026402640264 0.9401815181518153 0.6309818481848185 0.9449257425742574 0.6210808580858086 0.9486386138613861 0.6074669966996701 0.945957095709571 0.5994224422442244 0.940387788778878 0.5901402640264026 0.9323432343234325 0.5856023102310232 0.9255363036303631 0.5856023102310232 0.9172854785478548 0.5870462046204621 0.9077970297029704
1 0.6470709570957095 0.6495462046204621 0.6567656765676568 0.6417079207920793 0.6687293729372937 0.6400577557755776 0.6778052805280529 0.6421204620462047 0.6885313531353136 0.6518151815181519 0.6928630363036304 0.6596534653465347 0.6957508250825082 0.6689356435643565 0.69740099009901 0.6823432343234324 0.6971947194719472 0.6916254125412542 0.6932755775577558 0.7009075907590759 0.6872937293729373 0.7052392739273928 0.6761551155115513 0.7077145214521452 0.6695544554455446 0.7066831683168318 0.6586221122112211 0.7037953795379539 0.6532590759075908 0.6963696369636964 0.6485148514851485 0.6852310231023103 0.6466584158415841 0.6722359735973598 0.6456270627062707 0.6592409240924092
1 0.7592821782178218 0.6062293729372937 0.7667079207920793 0.5950907590759076 0.7770214521452146 0.5872524752475248 0.7869224422442245 0.5833333333333334 0.7953795379537955 0.5829207920792079 0.8058993399339934 0.5856023102310232 0.8135313531353136 0.5917904290429042 0.8184818481848185 0.6016914191419143 0.8193069306930693 0.615924092409241 0.8172442244224423 0.6291254125412542 0.8125 0.6429455445544555 0.8058993399339934 0.6528465346534653 0.7970297029702971 0.6588283828382838 0.7852722772277227 0.6596534653465347 0.7714521452145214 0.6569719471947195 0.7650577557755776 0.6514026402640264 0.7582508250825082 0.6408828382838283 0.7551567656765676 0.6262376237623762 0.7568069306930693 0.6171617161716172
0 0.6633663366336634 0.6567656765676568 0.6666666666666666 0.6590346534653465 0.6699669966996701 0.6670792079207921 0.6722359735973598 0.6782178217821783 0.6745049504950494 0.6860561056105611 0.675536303630363 0.6926567656765676 0.6720297029702971 0.692450495049505 0.6691419141914192 0.6850247524752475 0.6668729372937293 0.6730610561056106 0.6641914191419143 0.6641914191419143
1 0.5841584158415841 0.5249587458745875 0.5928217821782179 0.5150577557755776 0.6041666666666666 0.5088696369636964 0.6169554455445545 0.5059818481848185 0.6274752475247526 0.5066006600660066 0.6386138613861386 0.510519801980198 0.647483498349835 0.5171204620462047 0.6547029702970296 0.5276402640264026 0.6528465346534653 0.5371287128712872 0.6478960396039604 0.5429042904290429 0.6388201320132013 0.551980198019802 0.6254125412541254 0.5571369636963696 0.6064356435643565 0.5618811881188119 0.5967409240924092 0.5600247524752475 0.5866336633663367 0.5567244224422442 0.5802392739273928 0.5499174917491749 0.5787953795379539 0.5410478547854786 0.5810643564356436 0.530940594059406
1 0.7153465346534653 0.5008250825082509 0.7213283828382838 0.49195544554455445 0.7297854785478548 0.4834983498349835 0.7446369636963696 0.47483498349834985 0.7605198019801981 0.47256600660066006 0.7716584158415841 0.47256600660066006 0.7803217821782179 0.47792904290429045 0.7836221122112211 0.48762376237623767 0.7794966996699669 0.5012376237623762 0.7679455445544555 0.5127887788778878 0.7586633663366337 0.5204207920792079 0.7471122112211221 0.5239273927392739 0.7365924092409241 0.5251650165016503 0.7244224422442245 0.5237211221122112 0.7178217821782179 0.5200082508250825 0.7143151815181519 0.5109323432343235
0 0.5901402640264026 0.5404290429042905 0.5907590759075908 0.5381600660066007 0.5961221122112211 0.53733498349835 0.6062293729372937 0.534447194719472 0.6181930693069307 0.5307343234323433 0.627062706270627 0.5284653465346535 0.6295379537953796 0.5299092409240924 0.6287128712871287 0.5317656765676567 0.6241749174917491 0.5342409240924092 0.6153052805280529 0.5367161716171617 0.606023102310231 0.5391914191419143 0.5977722772277227 0.5410478547854786
0 0.7328795379537955 0.503506600660066 0.7367986798679867 0.49793729372937295 0.7438118811881188 0.49484323432343236 0.7520627062706271 0.4900990099009901 0.7590759075907592 0.4892739273927393 0.7613448844884488 0.4898927392739274 0.7555693069306931 0.49422442244224424 0.7495874587458746 0.49793729372937295 0.7405115511551156 0.5024752475247525
1 0.678424092409241 0.39603960396039606 0.690387788778878 0.3849009900990099 0.7103960396039605 0.3809818481848185 0.7235973597359736 0.3801567656765677 0.7355610561056106 0.3828382838283828 0.7497937293729373 0.3900577557755776 0.7545379537953796 0.3997524752475247 0.7545379537953796 0.4108910891089109 0.7477310231023103 0.42202970297029707 0.7372112211221122 0.42698019801980197 0.7244224422442245 0.4308993399339934 0.7101897689768977 0.43316831683168316 0.7004950495049506 0.43213696369636967 0.6893564356435643 0.42698019801980197 0.6811056105610561 0.4197607260726073 0.6761551155115513 0.41212871287128716 0.6751237623762376 0.40284653465346537
0 0.6965759075907592 0.4040841584158416 0.7029702970297029 0.40284653465346537 0.7202970297029704 0.40346534653465344 0.726897689768977 0.4036716171617162 0.7287541254125413 0.40655940594059403 0.7172029702970296 0.408003300330033 0.7079207920792079 0.40738448844884495 0.6984323432343235 0.40594059405940597
1 0.6163366336633663 0.2827970297029703 0.6196369636963696 0.268976897689769 0.629950495049505 0.2553630363036304 0.6499587458745875 0.24896864686468648 0.6695544554455446 0.24628712871287128 0.6850247524752475 0.24896864686468648 0.692450495049505 0.2599009900990099 0.6932755775577558 0.27764026402640263 0.6806930693069307 0.2924917491749175 0.6732673267326733 0.2992986798679868 0.665016501650165 0.30507425742574257 0.6584158415841584 0.3100247524752475 0.6485148514851485 0.31415016501650167 0.6326320132013201 0.3118811881188119 0.6252062706270627 0.30899339933993397 0.6194306930693069 0.3061056105610561 0.615924092409241 0.29682343234323433 0.6157178217821783 0.28816006600660066
1 0.6318069306930693 0.16852310231023102 0.6357260726072608 0.1575907590759076 0.641914191419142 0.14212046204620463 0.6538778877887789 0.13263201320132015 0.6662541254125413 0.12417491749174918 0.675536303630363 0.12190594059405942 0.6827557755775578 0.1212871287128713 0.6881188118811881 0.12665016501650164 0.6916254125412542 0.13634488448844886 0.6899752475247526 0.1503712871287129 0.6839933993399341 0.1613036303630363 0.6736798679867987 0.16996699669966997 0.6608910891089109 0.17883663366336633 0.650371287128713 0.18461221122112212 0.6386138613861386 0.18605610561056105 0.6318069306930693 0.1844059405940594 0.6305693069306931 0.17966171617161716
0 0.643976897689769 0.1613036303630363 0.6567656765676568 0.14830858085808582 0.6662541254125413 0.13964521452145215 0.6738861386138614 0.13820132013201322 0.6726485148514851 0.14067656765676567 0.6662541254125413 0.14603960396039603 0.6592409240924092 0.15243399339933994 0.6547029702970296 0.1573844884488449 0.648927392739274 0.1617161716171617
1 0.6726485148514851 0.0010313531353135313 0.7353547854785478 0.0018564356435643566 0.7398927392739274 0.005775577557755776 0.7411303630363036 0.01051980198019802 0.7384488448844885 0.0165016501650165 0.731023102310231 0.02165841584158416 0.713490099009901 0.026815181518151817 0.6934818481848185 0.026196369636963698 0.6753300330033003 0.01938943894389439 0.6683168316831682 0.014851485148514853 0.6662541254125413 0.007425742574257426 0.6679042904290429 0.002887788778877888
1 0.8809818481848185 0.004537953795379538 0.8917079207920793 0.001443894389438944 0.9096534653465347 0.0010313531353135313 0.9207920792079208 0.004125412541254125 0.9333745874587459 0.010107260726072606 0.9401815181518153 0.0165016501650165 0.9430693069306931 0.02660891089108911 0.941006600660066 0.03341584158415842 0.9362623762376238 0.03981023102310231 0.9275990099009902 0.04537953795379538 0.9098597359735974 0.04661716171617162 0.8935643564356436 0.04393564356435643 0.8809818481848185 0.03506600660066007 0.8747937293729373 0.028259075907590758 0.8712871287128714 0.01773927392739274 0.8721122112211221 0.010107260726072606
1 0.7823844884488449 0.07157590759075909 0.7920792079207921 0.06497524752475248 0.8030115511551156 0.0625 0.8193069306930693 0.06415016501650166 0.8318894389438944 0.07136963696369637 0.8459158415841584 0.08085808580858085 0.8591171617161717 0.0917904290429043 0.8632425742574258 0.09818481848184818 0.8640676567656767 0.10561056105610561 0.8601485148514851 0.11427392739273928 0.8500412541254126 0.11757425742574258 0.8312706270627063 0.1183993399339934 0.8180693069306931 0.11819306930693069 0.7997112211221122 0.10973597359735975 0.7906353135313532 0.10148514851485149 0.7805280528052806 0.0922029702970297 0.7766089108910891 0.08065181518151815
0 0.8011551155115513 0.0818894389438944 0.8065181518151815 0.08085808580858085 0.8228135313531354 0.08725247524752476 0.836427392739274 0.09364686468646864 0.8380775577557756 0.09612211221122112 0.8327145214521452 0.09797854785478548 0.8236386138613861 0.09447194719471948 0.8131188118811881 0.08931518151815182 0.8061056105610561 0.08518976897689769
0 0.8910891089108912 0.017533003300330034 0.8976897689768978 0.017945544554455448 0.9125412541254126 0.022483498349834985 0.9187293729372938 0.026196369636963698 0.9119224422442245 0.026815181518151817 0.9007838283828383 0.02495874587458746
0 0.9366749174917491 0.1186056105610561 0.9389438943894389 0.10705445544554457 0.9430693069306931 0.09797854785478548 0.945957095709571 0.09983498349834984 0.9484323432343235 0.10334158415841584 0.9467821782178218 0.11056105610561057 0.9438943894389439 0.11674917491749176 0.9414191419141915 0.11984323432343234
1 0.9113036303630363 0.10911716171617163 0.9160478547854786 0.09880363036303631 0.9230610561056106 0.08869636963696369 0.9302805280528053 0.08106435643564357 0.9426567656765676 0.07549504950495049 0.9537953795379539 0.07363861386138613 0.965552805280528 0.07962046204620463 0.9692656765676568 0.08642739273927394 0.971947194719472 0.0983910891089109 0.9707095709570958 0.11283003300330033 0.9653465346534653 0.12355610561056106 0.9556518151815182 0.1349009900990099 0.9463696369636965 0.14129537953795382 0.9377062706270627 0.14480198019801982 0.9242986798679867 0.14212046204620463 0.9164603960396039 0.13593234323432343 0.9115099009900991 0.12396864686468648 0.9106848184818481 0.11674917491749176
1 0.8752062706270627 0.2918729372937294 0.8820132013201321 0.29022277227722776 0.8923267326732673 0.29372937293729373 0.9014026402640264 0.30342409240924095 0.9065594059405941 0.31600660066006603 0.9102722772277227 0.3254950495049505 0.9117161716171618 0.33395214521452143 0.909447194719472 0.3452970297029703 0.904496699669967 0.35251650165016507 0.8964521452145214 0.3564356435643565 0.8892326732673267 0.35870462046204626 0.8789191419141915 0.35519801980198024 0.8702557755775578 0.34756600660066006 0.8640676567656767 0.3353960396039604 0.8607673267326733 0.3213696369636964 0.8599422442244224 0.30734323432343236 0.8646864686468647 0.298473597359736
0 0.8776815181518153 0.3135313531353135 0.8811881188118812 0.3170379537953795 0.8855198019801981 0.3226072607260726 0.8877887788778878 0.3285891089108911 0.8871699669966997 0.33209570957095713 0.88490099009901 0.3325082508250825 0.8828382838283828 0.3287953795379538 0.8801567656765676 0.32301980198019803 0.8774752475247526 0.3191006600660066 0.8766501650165016 0.3153877887788779
1 0.8071369636963696 0.5068069306930693 0.8131188118811881 0.5037128712871287 0.8273514851485149 0.4985561056105611 0.8401402640264026 0.5002062706270627 0.851897689768977 0.5047442244224423 0.8646864686468647 0.5160891089108911 0.8677805280528053 0.5204207920792079 0.8681930693069307 0.5282590759075908 0.8648927392739274 0.5358910891089109 0.8597359735973598 0.5412541254125413 0.852516501650165 0.5455858085808581 0.843440594059406 0.5480610561056106 0.8337458745874587 0.5468234323432344 0.8228135313531354 0.5443481848184819 0.815387788778878 0.5414603960396039 0.8087871287128714 0.5381600660066007 0.8017739273927393 0.529496699669967 0.801361386138614 0.5158828382838284
1 0.8745874587458746 0.6627475247524753 0.8789191419141915 0.6472772277227723 0.8851072607260727 0.6357260726072608 0.8943894389438944 0.6247937293729373 0.9034653465346535 0.6210808580858086 0.9168729372937293 0.6235561056105611 0.9193481848184819 0.6309818481848185 0.9232673267326733 0.6435643564356436 0.923473597359736 0.6549092409240925 0.9191419141914192 0.6701732673267328 0.9146039603960396 0.6804867986798679 0.9040841584158416 0.6889438943894389 0.8941831683168318 0.692450495049505 0.8836633663366338 0.691006600660066 0.8770627062706271 0.6852310231023103 0.8741749174917491 0.6761551155115513
0 0.8993399339933994 0.648927392739274 0.9016089108910891 0.6491336633663367 0.9014026402640264 0.6538778877887789 0.8981023102310232 0.6604785478547854 0.893976897689769 0.6707920792079208 0.8921204620462047 0.6747112211221122 0.8896452145214522 0.6718234323432344 0.8915016501650166 0.6637788778877888 0.8941831683168318 0.6563531353135315 0.8968646864686468 0.6505775577557756
1 0.7728960396039605 0.7642326732673267 0.7805280528052806 0.7580445544554455 0.7939356435643565 0.7526815181518153 0.8030115511551156 0.7526815181518153 0.8207508250825082 0.7543316831683169 0.8333333333333334 0.7615511551155116 0.8386963696369637 0.7675330033003301 0.8407590759075908 0.7755775577557756 0.8411716171617162 0.7852722772277227 0.8362211221122113 0.7935231023102312 0.8302392739273928 0.798473597359736 0.8186881188118812 0.8011551155115513 0.7982673267326733 0.8003300330033003 0.7869224422442245 0.7970297029702971 0.7768151815181519 0.7902227722772277 0.7708333333333334 0.7825907590759076 0.7685643564356436 0.773927392739274
0 0.7852722772277227 0.7749587458745875 0.7943481848184819 0.7741336633663367 0.8122937293729373 0.773927392739274 0.8207508250825082 0.7747524752475248 0.824463696369637 0.7766089108910891 0.8158003300330033 0.7790841584158416 0.8009488448844885 0.7788778877887789 0.7912541254125413 0.778052805280528
1 0.7524752475247526 0.8432343234323433 0.7638201320132013 0.8360148514851485 0.784447194719472 0.8331270627062707 0.8042491749174918 0.8347772277227723 0.8195132013201321 0.8419966996699669 0.8248762376237624 0.8496287128712872 0.8254950495049506 0.8576732673267328 0.820957095709571 0.8663366336633663 0.8143564356435644 0.8712871287128714 0.8050742574257426 0.875 0.7918729372937293 0.8758250825082509 0.775371287128713 0.875 0.7632013201320133 0.8719059405940595 0.7555693069306931 0.8653052805280529 0.7526815181518153 0.8582920792079208 0.7504125412541254 0.8508663366336634
0 0.7702145214521452 0.851897689768977 0.7817656765676568 0.8521039603960396 0.7978547854785478 0.8537541254125413 0.8036303630363036 0.8570544554455446 0.8001237623762376 0.8582920792079208 0.7904290429042905 0.8580858085808581 0.7807343234323433 0.8570544554455446 0.775371287128713 0.8562293729372938 0.7712458745874587 0.8547854785478548
1 0.7832095709570958 0.9488448844884488 0.7885726072607261 0.9375 0.7968234323432344 0.9296617161716172 0.8061056105610561 0.926361386138614 0.8149752475247526 0.9238861386138614 0.8211633663366337 0.9253300330033004 0.8292079207920793 0.9278052805280529 0.8316831683168318 0.9335808580858086 0.8345709570957095 0.9436881188118812 0.8320957095709571 0.9533828382838284 0.8252887788778878 0.962871287128713 0.8191006600660066 0.9700907590759076 0.8075495049504952 0.9758663366336634 0.7980610561056106 0.9779290429042905 0.7912541254125413 0.9758663366336634 0.7856848184818481 0.9715346534653465 0.7830033003300331 0.9618399339933994
0 0.7976485148514851 0.9556518151815182 0.8015676567656767 0.9492574257425743 0.8083745874587459 0.9436881188118812 0.8110561056105611 0.9436881188118812 0.8108498349834984 0.9471947194719472 0.8063118811881188 0.9523514851485149 0.8030115511551156 0.9546204620462047
0 0.22297113289760348 0.1256127450980392 0.22722630718954248 0.12833605664488018 0.2297794117647059 0.14416530501089322 0.23029003267973855 0.15131399782135077 0.22960920479302832 0.1608455882352941 0.22280092592592593 0.15267565359477123 0.22041802832244006 0.13054874727668844
0 0.3148828976034858 0.12527233115468409 0.3170955882352941 0.1312295751633987 0.31471269063180823 0.14501633986928106 0.3096064814814815 0.1511437908496732 0.3080746187363834 0.14705882352941177 0.31130855119825707 0.13361247276688454
0 0.8151418242491657 0.5173572487949574 0.8262652947719688 0.5168937708565072 0.8364618094178716 0.5182842046718575 0.8432981090100111 0.5201381164256581 0.8404013718946978 0.5243094178717093 0.8370411568409344 0.525120504263997 0.8289302929180571 0.5217602892102335 0.8196607341490545 0.5215285502410085 0.8164163885799035 0.5202539859102706
0 0.7797045004945599 0.6443187438180019 0.7829500494559841 0.6240727002967359 0.7883592977250247 0.6036721068249258 0.791604846686449 0.5987265084075173 0.7939230959446093 0.5987265084075173 0.7954685954500494 0.6007356577645895 0.792377596439169 0.6069176557863502 0.7894411473788329 0.6188180019782393 0.7863501483679526 0.6311819980217607 0.7860410484668645 0.6373639960435213 0.7835682492581602 0.6424641444114737
0 0.04192895683453241 0.20792116306954436 0.04848621103117509 0.21447841726618705 0.05035971223021586 0.22815497601918464 0.04998501199040771 0.2365857314148681 0.04511390887290171 0.22852967625899281 0.04192895683453241 0.214291067146283
