1 0.6623550061050062 0.4089972527472528 0.6543421855921856 0.40289224664224665 0.6509081196581197 0.39945818070818073 0.6478556166056166 0.39678724053724057 0.6459478021978023 0.39182692307692313 0.6451846764346765 0.38839285714285715 0.6444215506715507 0.38305097680097683 0.6448031135531136 0.3780906593406594 0.6470924908424909 0.37389346764346765 0.6512896825396826 0.36969627594627597 0.6570131257631258 0.36435439560439564 0.663118131868132 0.35901251526251526 0.6696047008547009 0.3548153235653236 0.6753281440781441 0.3521443833943834 0.6814331501831502 0.3506181318681319 0.6883012820512822 0.350236568986569 0.6955509768009769 0.350236568986569 0.7020375457875458 0.350236568986569 0.707760989010989 0.3506181318681319 0.7134844322344324 0.3525259462759463 0.7180631868131868 0.3544337606837607 0.7230235042735044 0.35824938949938956 0.7283653846153847 0.3613018925518926 0.7329441391941393 0.3651175213675214 0.7367597680097682 0.3693147130647131 0.7390491452991453 0.3742750305250305 0.7398122710622712 0.3799984737484738 0.7390491452991453 0.385721916971917 0.7375228937728939 0.3914453601953602 0.7348519536019537 0.39716880341880345 0.7325625763125764 0.40098443223443225 0.7276022588522589 0.4063263125763126 0.7230235042735044 0.4105235042735043 0.7188263125763127 0.4131944444444445 0.7138659951159952 0.41586538461538464 0.707760989010989 0.41777319902319904 0.701655982905983 0.4185363247863248 0.6959325396825398 0.41929945054945056 0.692116910866911 0.41968101343101344 0.6879197191697192 0.41968101343101344 0.6829594017094018 0.41968101343101344 0.6802884615384617 0.41968101343101344 0.6764728327228329 0.4185363247863248 0.672657203907204 0.4162469474969475
1 0.8199404761904763 0.4200625763125763 0.8092567155067155 0.41548382173382176 0.8046779609279611 0.4128128815628816 0.8020070207570208 0.41014194139194143 0.8000992063492064 0.40480006105006106 0.7993360805860806 0.3998397435897436 0.7993360805860806 0.39411630036630035 0.8004807692307694 0.3891559829059829 0.8031517094017094 0.38419566544566547 0.8062042124542125 0.3807615995115995 0.81116452991453 0.37656440781440786 0.8180326617826619 0.3719856532356533 0.8226114163614164 0.37007783882783885 0.8290979853479854 0.36817002442002444 0.8363476800976801 0.3674068986568987 0.8432158119658121 0.3674068986568987 0.8493208180708182 0.3674068986568987 0.8542811355311356 0.3674068986568987 0.859241452991453 0.3689331501831502 0.8645833333333335 0.37160409035409037 0.868780525030525 0.3742750305250305 0.872214590964591 0.37732753357753357 0.8745039682539684 0.3799984737484738 0.8764117826617828 0.3838141025641026 0.8775564713064714 0.3891559829059829 0.8779380341880343 0.39259004884004883 0.8783195970695972 0.3975503663003663 0.8775564713064714 0.4025106837606838 0.8764117826617828 0.4067078754578755 0.8741224053724055 0.4112866300366301 0.8718330280830282 0.4143391330891331 0.8680173992673994 0.4166285103785104 0.8622939560439561 0.4181547619047619 0.85618894993895 0.4200625763125763 0.8512286324786326 0.42120726495726496 0.8462683150183151 0.4219703907203908 0.840163308913309 0.4234966422466423 0.8325320512820513 0.42425976800976806 0.8268086080586081 0.42425976800976806
1 0.5497939560439561 0.4131944444444445 0.5387286324786326 0.41204975579975583 0.5352945665445666 0.41166819291819295 0.5333867521367522 0.4105235042735043 0.5299526862026862 0.4089972527472528 0.5276633089133089 0.4063263125763126 0.5249923687423688 0.40365537240537247 0.5230845543345544 0.40060286935286943 0.52117673992674 0.39716880341880345 0.5204136141636142 0.39449786324786323 0.5196504884004884 0.39068223443223443 0.5196504884004884 0.38648504273504275 0.5196504884004884 0.3811431623931624 0.5215583028083028 0.3754197191697192 0.5253739316239316 0.36778846153846156 0.5310973748473748 0.3616834554334555 0.5410180097680098 0.35672313797313804 0.5517017704517706 0.353670634920635 0.5608592796092797 0.3529075091575092 0.5658195970695972 0.3529075091575092 0.5723061660561661 0.3540521978021978 0.5765033577533578 0.3559600122100122 0.5818452380952382 0.35901251526251526 0.5868055555555556 0.3616834554334555 0.5906211843711844 0.36626221001221004 0.5929105616605618 0.3704594017094018 0.5940552503052504 0.37694597069597074 0.5940552503052504 0.382287851037851 0.5929105616605618 0.38686660561660563 0.5898580586080586 0.3914453601953602 0.5868055555555556 0.39526098901098905 0.5833714896214897 0.3990766178266178 0.5787927350427352 0.4025106837606838 0.5734508547008548 0.4059447496947497 0.5688721001221002 0.40823412698412703 0.5639117826617828 0.41014194139194143 0.5578067765567767 0.41204975579975583
1 0.45020604395604397 0.4975198412698413 0.4475351037851038 0.4895070207570208 0.44829822954822957 0.4769154456654457 0.44867979242979245 0.47309981684981683 0.44944291819291826 0.4700473137973138 0.4509691697191698 0.46470543345543347 0.45211385836385837 0.4624160561660562 0.4536401098901099 0.45974511599511597 0.45669261294261293 0.4559294871794872 0.45936355311355315 0.45287698412698413 0.46317918192918195 0.4498244810744811 0.46623168498168505 0.4475351037851038 0.47042887667887673 0.4456272893772894 0.472718253968254 0.4441010378510379 0.4765338827838828 0.44257478632478636 0.4807310744810745 0.4418116605616606 0.48416514041514047 0.4418116605616606 0.4898885836385836 0.4433379120879121 0.49446733821733824 0.4444826007326007 0.4986645299145299 0.4475351037851038 0.5024801587301587 0.4513507326007326 0.5059142246642246 0.4559294871794872 0.508203601953602 0.4612713675213675 0.5093482905982907 0.46623168498168505 0.5097298534798536 0.4715735653235653 0.5085851648351648 0.4765338827838828 0.5062957875457876 0.48111263736263743 0.5043879731379731 0.4864545177045177 0.5020985958485958 0.4917963980463981 0.49828296703296704 0.49828296703296704 0.49446733821733824 0.5028617216117216 0.4895070207570208 0.5070589133089133 0.48340201465201466 0.5101114163614163 0.47729700854700857 0.5112561050061051 0.4711920024420025 0.5112561050061051 0.46623168498168505 0.5104929792429792 0.46088980463980467 0.5089667277167277 0.4559294871794872 0.5062957875457876 0.453258547008547 0.5028617216117216
1 0.5585699023199024 0.546741452991453 0.5497939560439561 0.5429258241758242 0.546741452991453 0.5413995726495727 0.5440705128205129 0.5387286324786326 0.5413995726495727 0.5364392551892553 0.5387286324786326 0.5330051892551892 0.5356761294261295 0.5288079975579976 0.5345314407814409 0.5249923687423688 0.534149877899878 0.5196504884004884 0.5360576923076923 0.5139270451770452 0.5391101953601954 0.5093482905982907 0.5425442612942615 0.5051510989010989 0.5459783272283274 0.5013354700854701 0.5490308302808304 0.4986645299145299 0.5524648962148964 0.4963751526251527 0.5566620879120879 0.49446733821733824 0.5608592796092797 0.4933226495726496 0.5650564713064714 0.49255952380952384 0.5692536630036631 0.49217796092796096 0.5742139804639805 0.4917963980463981 0.5791742979242981 0.4917963980463981 0.582608363858364 0.4917963980463981 0.5875686813186813 0.4929410866910867 0.5932921245421245 0.4948489010989011 0.5978708791208792 0.4963751526251527 0.6024496336996338 0.49828296703296704 0.6070283882783883 0.5001907814407814 0.61122557997558 0.5020985958485958 0.6142780830280831 0.5040064102564102 0.617712148962149 0.5059142246642246 0.6211462148962149 0.5089667277167277 0.6238171550671551 0.5127823565323566 0.6249618437118438 0.5173611111111112 0.6249618437118438 0.5215583028083028 0.6238171550671551 0.5261370573870574 0.6215277777777779 0.530715811965812 0.6184752747252749 0.5356761294261295 0.6150412087912088 0.5391101953601954 0.6085546398046399 0.5425442612942615 0.6032127594627597 0.5452152014652015 0.5990155677655679 0.5471230158730159 0.5951999389499391 0.5486492673992676 0.5910027472527474 0.5494123931623933 0.5860424297924299 0.550175518925519 0.582608363858364 0.550175518925519 0.5780296092796093 0.550175518925519 0.5734508547008548 0.550175518925519 0.5692536630036631 0.5494123931623933 0.5654380341880343 0.5486492673992676
1 0.5238476800976801 0.30597527472527475 0.5158348595848596 0.3025412087912088 0.5131639194139195 0.2991071428571429 0.5124007936507937 0.29681776556776557 0.511637667887668 0.29490995115995117 0.5101114163614163 0.292239010989011 0.5089667277167277 0.2884233821733822 0.5085851648351648 0.2842261904761905 0.5085851648351648 0.2807921245421246 0.5104929792429792 0.2773580586080586 0.5131639194139195 0.2739239926739927 0.5165979853479854 0.26934523809523814 0.5192689255189256 0.2670558608058608 0.5234661172161172 0.2636217948717949 0.5288079975579976 0.2609508547008547 0.5349130036630038 0.2590430402930403 0.5394917582417583 0.2590430402930403 0.5497939560439561 0.2609508547008547 0.5570436507936508 0.2636217948717949 0.5600961538461539 0.2651480463980464 0.5623855311355312 0.2678189865689866 0.5650564713064714 0.2704899267399268 0.5681089743589745 0.2735424297924298 0.5703983516483517 0.2773580586080586 0.5719246031746033 0.2815552503052503 0.5726877289377291 0.28575244200244204 0.5726877289377291 0.29109432234432236 0.5711614774114775 0.2975808913308914 0.5692536630036631 0.3010149572649573 0.5650564713064714 0.3048305860805861 0.5600961538461539 0.3071199633699634 0.5551358363858365 0.3090277777777778 0.546741452991453 0.3113171550671551 0.5425442612942615 0.31169871794871795 0.5379655067155068 0.3105540293040293 0.5326236263736264 0.3090277777777778 0.5284264346764347 0.30788308913308915
1 0.6356456043956045 0.28727869352869356 0.6295405982905984 0.2811736874236875 0.6261065323565325 0.2739239926739927 0.6245802808302809 0.27087148962148966 0.6230540293040294 0.2670558608058608 0.6211462148962149 0.263240231990232 0.6203830891330891 0.2598061660561661 0.6203830891330891 0.2552274114774115 0.6203830891330891 0.2510302197802198 0.6211462148962149 0.24568833943833948 0.6234355921855922 0.2426358363858364 0.627251221001221 0.23920177045177046 0.6314484126984128 0.23576770451770454 0.6367902930402932 0.23424145299145302 0.6440399877899878 0.23424145299145302 0.6493818681318683 0.23424145299145302 0.6554868742368744 0.23576770451770454 0.659684065934066 0.23767551892551894 0.6642628205128206 0.24225427350427353 0.6676968864468865 0.24530677655677657 0.6703678266178268 0.24988553113553116 0.672657203907204 0.25446428571428575 0.6741834554334555 0.2594246031746032 0.6749465811965812 0.26591117216117216 0.6753281440781441 0.27087148962148966 0.6749465811965812 0.2754502442002442 0.6734203296703298 0.2792658730158731 0.6707493894993896 0.2834630647130647 0.6676968864468865 0.28727869352869356 0.6646443833943835 0.2899496336996337 0.6608287545787547 0.29109432234432236 0.6562500000000001 0.292239010989011 0.6520528083028084 0.2926205738705739 0.6478556166056166 0.2926205738705739 0.6444215506715507 0.292239010989011 0.6406059218559219 0.29109432234432236
1 0.7291285103785105 0.28575244200244204 0.7214972527472528 0.2819368131868132 0.7123397435897437 0.2739239926739927 0.7100503663003664 0.2704899267399268 0.7073794261294263 0.2670558608058608 0.7062347374847376 0.2636217948717949 0.7054716117216118 0.2590430402930403 0.7050900488400489 0.25484584859584863 0.7050900488400489 0.24988553113553116 0.7050900488400489 0.2445436507936508 0.7062347374847376 0.2411095848595849 0.707760989010989 0.23767551892551894 0.7108134920634921 0.2346230158730159 0.7138659951159952 0.23309676434676438 0.7173000610500612 0.23195207570207574 0.7211156898656899 0.23080738705738707 0.7253128815628817 0.23042582417582422 0.7295100732600733 0.23042582417582422 0.7325625763125764 0.23042582417582422 0.7363782051282052 0.23157051282051283 0.7401938339438341 0.23347832722832726 0.7436278998779 0.23500457875457878 0.7470619658119659 0.2365308302808303 0.7512591575091575 0.2388202075702076 0.7546932234432234 0.2411095848595849 0.7588904151404152 0.2445436507936508 0.7623244810744811 0.24759615384615385 0.7649954212454213 0.2510302197802198 0.7672847985347987 0.2540827228327229 0.7688110500610501 0.2571352258852259 0.7703373015873017 0.2613324175824176 0.7711004273504275 0.2647664835164835 0.7711004273504275 0.2685821123321123 0.7707188644688646 0.27163461538461536 0.7695741758241759 0.2746871184371185 0.7680479242979243 0.2781211843711844 0.7657585470085471 0.2834630647130647 0.7638507326007328 0.2868971306471307 0.759653540903541 0.28956807081807084 0.7554563492063493 0.2907127594627595 0.7524038461538463 0.29109432234432236 0.7489697802197803 0.29109432234432236 0.7451541514041514 0.2903311965811966 0.7409569597069599 0.2899496336996337 0.7375228937728939 0.2888049450549451 0.7337072649572651 0.28766025641025644
1 0.8096382783882785 0.24149114774114777 0.8031517094017094 0.23576770451770454 0.8000992063492064 0.23309676434676438 0.798191391941392 0.23080738705738707 0.795138888888889 0.2266101953601954 0.7924679487179488 0.22164987789987792 0.7897970085470086 0.21592643467643471 0.7894154456654457 0.21096611721611724 0.7897970085470086 0.2056242368742369 0.7909416971916973 0.20028235653235657 0.7928495115995117 0.19646672771672774 0.7955204517704518 0.1930326617826618 0.798191391941392 0.19036172161172163 0.8023885836385837 0.18692765567765568 0.8069673382173383 0.1846382783882784 0.8115460927960929 0.182730463980464 0.8168879731379732 0.182730463980464 0.8226114163614164 0.182730463980464 0.8279532967032969 0.1850198412698413 0.8332951770451771 0.18807234432234435 0.8374923687423689 0.1911248473748474 0.8420711233211233 0.1945589133089133 0.8458867521367522 0.19837454212454214 0.8485576923076924 0.2029532967032967 0.849702380952381 0.2075320512820513 0.8500839438339439 0.211729242979243 0.8504655067155068 0.2155448717948718 0.8504655067155068 0.21936050061050064 0.8493208180708182 0.22279456654456659 0.8477945665445666 0.22584706959706963 0.8455051892551892 0.22775488400488403 0.8432158119658121 0.2300442612942613 0.8416895604395606 0.2323336385836386 0.8405448717948719 0.23576770451770454 0.8390186202686203 0.23805708180708185 0.8367292429792431 0.23996489621489622 0.8348214285714287 0.24149114774114777 0.8321504884004884 0.2426358363858364 0.8283348595848598 0.24416208791208793 0.827190170940171 0.2445436507936508 0.8237561050061051 0.2449252136752137 0.820703601953602 0.2449252136752137 0.8168879731379732 0.2445436507936508
1 0.6188568376068377 0.1640338827838828 0.6119887057387058 0.15869200244200246 0.6089362026862027 0.1560210622710623 0.6062652625152627 0.15296855921855926 0.6039758852258853 0.1495344932844933 0.6032127594627597 0.14648199023199027 0.6032127594627597 0.14228479853479856 0.6035943223443224 0.13885073260073263 0.6051205738705739 0.13579822954822957 0.6062652625152627 0.13274572649572652 0.6085546398046399 0.12969322344322348 0.6100808913308914 0.12702228327228332 0.6119887057387058 0.12435134310134315 0.614659645909646 0.12206196581196585 0.6169490231990232 0.12053571428571433 0.6203830891330891 0.11862789987789993 0.6230540293040294 0.1171016483516484 0.6268696581196581 0.11595695970695975 0.630685286935287 0.11481227106227111 0.6352640415140416 0.11328601953601956 0.6386981074481075 0.11290445665445668 0.6417506105006106 0.11214133089133092 0.6455662393162395 0.11175976800976804 0.6497634310134311 0.11175976800976804 0.6539606227106227 0.11175976800976804 0.6585393772893774 0.11214133089133092 0.6627365689865691 0.1125228937728938 0.6650259462759464 0.11328601953601956 0.6673153235653236 0.11481227106227111 0.669223137973138 0.1171016483516484 0.6715125152625153 0.12015415140415145 0.6734203296703298 0.1232066544566545 0.6753281440781441 0.1266407203907204 0.6772359584859585 0.13045634920634924 0.6795253357753359 0.13350885225885228 0.6802884615384617 0.13617979242979245 0.6806700244200244 0.14037698412698416 0.6795253357753359 0.14381105006105008 0.6776175213675214 0.14877136752136755 0.6749465811965812 0.1533501221001221 0.6715125152625153 0.15754731379731382 0.6680784493284494 0.15983669108669113 0.663118131868132 0.1621260683760684 0.6570131257631258 0.16479700854700857 0.6524343711843713 0.166704822954823 0.6474740537240538 0.1678495115995116 0.6428952991452993 0.16861263736263737 0.640224358974359 0.16861263736263737 0.6379349816849818 0.16823107448107452 0.6345009157509158 0.16746794871794876 0.6310668498168499 0.166704822954823 0.6261065323565325 0.1663232600732601 0.6230540293040294 0.16517857142857145
1 0.7497329059829061 0.1369429181929182 0.7447725885225885 0.13083791208791212 0.7424832112332113 0.12702228327228332 0.7413385225885226 0.12282509157509162 0.7409569597069599 0.11939102564102569 0.7401938339438341 0.11519383394383399 0.7401938339438341 0.11099664224664228 0.7401938339438341 0.10679945054945059 0.7409569597069599 0.10336538461538465 0.7421016483516484 0.09993131868131871 0.7436278998779 0.0961156898656899 0.7459172771672773 0.09230006105006108 0.7478250915750916 0.0900106837606838 0.7508775946275947 0.08695818070818075 0.7543116605616607 0.08390567765567769 0.7577457264957267 0.08161630036630041 0.7607982295482297 0.08009004884004887 0.7646138583638584 0.07818223443223447 0.7688110500610501 0.07703754578754583 0.7730082417582419 0.07589285714285718 0.7772054334554336 0.0755112942612943 0.7814026251526252 0.07512973137973142 0.7852182539682541 0.07512973137973142 0.7882707570207571 0.07512973137973142 0.7924679487179488 0.07589285714285718 0.795138888888889 0.07665598290598294 0.7978098290598292 0.07894536019536023 0.8000992063492064 0.08161630036630041 0.8023885836385837 0.08314255189255193 0.8050595238095238 0.08390567765567769 0.8069673382173383 0.08466880341880345 0.8100198412698414 0.0858134920634921 0.81116452991453 0.08733974358974363 0.8130723443223444 0.09153693528693532 0.814598595848596 0.09535256410256414 0.8153617216117216 0.09878663003663007 0.8157432844932846 0.10260225885225889 0.8153617216117216 0.10794413919413923 0.8142170329670331 0.11366758241758244 0.8126907814407816 0.11786477411477415 0.8104014041514043 0.12244352869352873 0.8088751526251526 0.12549603174603177 0.8062042124542125 0.12778540903540908 0.8008623321123323 0.13007478632478636 0.7962835775335776 0.13198260073260076 0.7936126373626374 0.1331272893772894 0.78865231990232 0.1350351037851038 0.7848366910866911 0.13656135531135533 0.7794948107448109 0.13885073260073263 0.7726266788766789 0.1415216727716728 0.7676663614163616 0.14304792429792432 0.7623244810744811 0.1434294871794872 0.7588904151404152 0.1434294871794872 0.7554563492063493 0.14228479853479856 0.753166971916972 0.13999542124542125
1 0.5799374236874237 0.07894536019536023 0.5730692918192919 0.07665598290598294 0.5719246031746033 0.0755112942612943 0.5700167887667889 0.07398504273504278 0.5677274114774116 0.07245879120879124 0.5650564713064714 0.0694062881562882 0.5635302197802198 0.06635378510378515 0.5627670940170941 0.06215659340659344 0.5635302197802198 0.05643315018315022 0.5650564713064714 0.05147283272283276 0.5677274114774116 0.0465125152625153 0.5707799145299146 0.04193376068376072 0.5753586691086692 0.037736568986569026 0.5807005494505495 0.03353937728937732 0.5852793040293042 0.031250000000000035 0.5898580586080586 0.02972374847374851 0.5963446275946277 0.028960622710622743 0.6032127594627597 0.02819749694749698 0.6127518315018317 0.0278159340659341 0.6150412087912088 0.02819749694749698 0.6184752747252749 0.028579059829059863 0.6222909035409037 0.028960622710622743 0.6261065323565325 0.02972374847374851 0.6322115384615385 0.031631562881562915 0.6375534188034189 0.037736568986569026 0.6394612332112334 0.04117063492063496 0.6409874847374848 0.04422313797313801 0.6417506105006106 0.047657203907203946 0.6421321733821734 0.05376221001221005 0.6409874847374848 0.059485653235653274 0.6390796703296704 0.06291971916971921 0.6356456043956045 0.06597222222222227 0.6291590354090355 0.07055097680097684 0.6253434065934067 0.0736034798534799 0.6203830891330891 0.07741910866910871 0.6154227716727718 0.08009004884004887 0.6100808913308914 0.08199786324786329 0.6043574481074482 0.08314255189255193 0.6001602564102565 0.08352411477411481 0.5955815018315019 0.08352411477411481 0.5902396214896215 0.08199786324786329 0.5868055555555556 0.08085317460317464
1 0.7123397435897437 0.004540598290598326 0.7054716117216118 0.01293498168498172 0.7012744200244201 0.01560592185592189 0.6947878510378511 0.018276862026862063 0.6890644078144079 0.018658424908424943 0.6821962759462761 0.0175137362637363 0.6768543956043958 0.016369047619047655 0.6715125152625153 0.01560592185592189 0.6650259462759464 0.013698107448107483 0.6615918803418804 0.012553418803418839 0.6577762515262516 0.010645604395604432 0.6547237484737486 0.008737789987790023 0.65357905982906 0.006829975579975614 0.6512896825396826 0.004159035409035444 0.6493818681318683 0.0018696581196581542 0.6482371794871795 0.0003434065934066281 0.714247557997558 0.0003434065934066281
1 0.8802274114774116 0.14762667887667888 0.8775564713064714 0.13846916971916973 0.8771749084249085 0.13427197802197804 0.8771749084249085 0.12969322344322348 0.8771749084249085 0.1251144688644689 0.8775564713064714 0.12015415140415145 0.8790827228327228 0.11595695970695975 0.8817536630036631 0.11137820512820516 0.8851877289377291 0.10679945054945059 0.8878586691086692 0.10374694749694753 0.8909111721611722 0.10069444444444448 0.8958714896214897 0.09764194139194142 0.8993055555555556 0.09573412698412702 0.9035027472527474 0.09458943833943838 0.9076999389499391 0.09382631257631262 0.9153311965811967 0.09344474969474972 0.920673076923077 0.09344474969474972 0.9252518315018317 0.09382631257631262 0.9279227716727718 0.09497100122100126 0.9321199633699635 0.09649725274725278 0.9355540293040294 0.09764194139194142 0.939751221001221 0.09916819291819295 0.9424221611721613 0.10145757020757024 0.9450931013431014 0.10374694749694753 0.9473824786324787 0.1064178876678877 0.9504349816849818 0.10985195360195363 0.9531059218559219 0.11519383394383399 0.9546321733821734 0.11824633699633703 0.956158424908425 0.12168040293040297 0.9565399877899878 0.1251144688644689 0.9569215506715507 0.12893009768009772 0.956158424908425 0.13236416361416364 0.9542506105006106 0.13732448107448111 0.9519612332112334 0.14228479853479856 0.9500534188034189 0.14610042735042736 0.9473824786324787 0.1491529304029304 0.942803724053724 0.1533501221001221 0.9389880952380953 0.15640262515262518 0.9340277777777779 0.15907356532356537 0.9298305860805861 0.1605998168498169 0.9225808913308914 0.1625076312576313 0.9160943223443224 0.1625076312576313 0.9096077533577535 0.16136294261294265 0.9042658730158731 0.16021825396825398 0.8985424297924299 0.1583104395604396 0.8932005494505495 0.1560210622710623 0.8890033577533578 0.1533501221001221 0.8859508547008548 0.15106074481074483
1 0.7211156898656899 0.5833714896214897 0.7146291208791209 0.5768849206349207 0.7092872405372407 0.5669642857142858 0.7066163003663005 0.5593330280830282 0.7066163003663005 0.5555173992673994 0.7069978632478634 0.5517017704517706 0.707760989010989 0.5482677045177046 0.7092872405372407 0.5444520757020758 0.7115766178266179 0.540636446886447 0.7150106837606838 0.5364392551892553 0.7192078754578756 0.5333867521367522 0.7237866300366301 0.5314789377289377 0.7283653846153847 0.5303342490842491 0.7348519536019537 0.5299526862026862 0.7409569597069599 0.5299526862026862 0.7455357142857143 0.5299526862026862 0.7504960317460319 0.5299526862026862 0.7550747863247864 0.5303342490842491 0.7585088522588523 0.5314789377289377 0.7615613553113554 0.5322420634920635 0.7646138583638584 0.5337683150183151 0.7669032356532358 0.5352945665445666 0.7699557387057389 0.5383470695970697 0.772245115995116 0.5410180097680098 0.7741529304029305 0.5425442612942615 0.7764423076923078 0.5448336385836386 0.7798763736263737 0.5486492673992676 0.782165750915751 0.5517017704517706 0.7840735653235654 0.5551358363858365 0.7863629426129427 0.5589514652014653 0.7871260683760685 0.5623855311355312 0.7871260683760685 0.5658195970695972 0.7871260683760685 0.5703983516483517 0.785599816849817 0.5742139804639805 0.7840735653235654 0.5772664835164836 0.781784188034188 0.5810821123321124 0.7794948107448109 0.5845161782661783 0.7764423076923078 0.5879502442002443 0.7703373015873017 0.5917658730158731 0.7657585470085471 0.5929105616605618 0.759653540903541 0.5936736874236874 0.7512591575091575 0.5936736874236874 0.7459172771672773 0.5932921245421245 0.7348519536019537 0.5913843101343103 0.7268391330891332 0.5883318070818072
1 0.8752670940170941 0.6039758852258853 0.872214590964591 0.5971077533577535 0.8710699023199024 0.5932921245421245 0.8699252136752137 0.5898580586080586 0.8691620879120879 0.5864239926739928 0.8691620879120879 0.5818452380952382 0.8695436507936508 0.5768849206349207 0.8703067765567767 0.5734508547008548 0.872214590964591 0.5700167887667889 0.8748855311355312 0.5658195970695972 0.8783195970695972 0.5620039682539684 0.8825167887667889 0.5593330280830282 0.8867139804639805 0.5570436507936508 0.8912927350427352 0.5555173992673994 0.8966346153846154 0.5547542735042736 0.9023580586080586 0.5547542735042736 0.9069368131868133 0.5558989621489623 0.9115155677655679 0.5570436507936508 0.9153311965811967 0.5589514652014653 0.9183836996336997 0.5616224053724055 0.9210546398046399 0.5654380341880343 0.9229624542124543 0.5696352258852259 0.9244887057387058 0.5734508547008548 0.9256333943833945 0.5780296092796093 0.9260149572649573 0.582608363858364 0.9256333943833945 0.5883318070818072 0.9233440170940171 0.5936736874236874 0.9214362026862027 0.5982524420024421 0.9187652625152627 0.6028311965811967 0.9160943223443224 0.6062652625152627 0.9134233821733823 0.6089362026862027 0.9073183760683762 0.6123702686202688 0.8985424297924299 0.6135149572649573 0.8943452380952382 0.6127518315018317 0.8905296092796093 0.6104624542124543 0.8874771062271063 0.6100808913308914 0.8840430402930404 0.6093177655677657 0.8790827228327228 0.608173076923077
1 0.3891559829059829 0.6917353479853481 0.3799984737484738 0.6871565934065935 0.37389346764346765 0.6821962759462761 0.3704594017094018 0.6783806471306472 0.3674068986568987 0.6722756410256411 0.36588064713064716 0.6650259462759464 0.3651175213675214 0.6585393772893774 0.3651175213675214 0.6516712454212455 0.3654990842490842 0.6459478021978023 0.3670253357753358 0.6383165445665446 0.3685515873015873 0.634119352869353 0.3704594017094018 0.6299221611721613 0.372748778998779 0.6261065323565325 0.37618284493284493 0.6211462148962149 0.3811431623931624 0.6161858974358976 0.3910637973137973 0.6123702686202688 0.3990766178266178 0.6108440170940171 0.40365537240537247 0.61122557997558 0.4078525641025641 0.6127518315018317 0.41166819291819295 0.6150412087912088 0.4151022588522589 0.6173305860805861 0.4181547619047619 0.6200015262515264 0.42235195360195366 0.6245802808302809 0.4250228937728938 0.6287774725274726 0.4273122710622711 0.6325931013431014 0.4292200854700855 0.6375534188034189 0.42998321123321126 0.6413690476190477 0.42998321123321126 0.6470924908424909 0.4296016483516484 0.6539606227106227 0.42845695970695974 0.659684065934066 0.4273122710622711 0.6646443833943835 0.4250228937728938 0.6696047008547009 0.4234966422466423 0.6734203296703298 0.42158882783882784 0.6772359584859585 0.41891788766788773 0.6802884615384617 0.4151022588522589 0.6833409645909647 0.4105235042735043 0.6863934676434678 0.40556318681318687 0.6894459706959708 0.3998397435897436 0.692116910866911 0.39487942612942617 0.6924984737484738
1 0.479204822954823 0.673038766788767 0.47577075702075705 0.6669337606837609 0.4746260683760684 0.6558684371184372 0.4765338827838828 0.6497634310134311 0.4784416971916972 0.6451846764346765 0.48149420024420025 0.640224358974359 0.48454670329670335 0.6367902930402932 0.4879807692307693 0.634119352869353 0.49217796092796096 0.6322115384615385 0.4971382783882784 0.630685286935287 0.5036248473748474 0.6299221611721613 0.5093482905982907 0.6299221611721613 0.5162164224664225 0.630303724053724 0.5207951770451771 0.6318299755799757 0.5246108058608059 0.6333562271062273 0.5269001831501832 0.6356456043956045 0.5295711233211233 0.6383165445665446 0.5314789377289377 0.6421321733821734 0.5330051892551892 0.6467109279609281 0.5333867521367522 0.6516712454212455 0.5333867521367522 0.6577762515262516 0.5318605006105006 0.6623550061050062 0.5295711233211233 0.6665521978021979 0.5261370573870574 0.6715125152625153 0.5223214285714286 0.6749465811965812 0.5181242368742369 0.6768543956043958 0.5120192307692307 0.6795253357753359 0.5066773504273504 0.6810515873015873 0.5009539072039072 0.6810515873015873 0.4971382783882784 0.6810515873015873 0.4917963980463981 0.6818147130647131 0.4898885836385836 0.6818147130647131 0.4864545177045177 0.6802884615384617 0.48340201465201466 0.6779990842490843
1 0.5600961538461539 0.7127213064713066 0.5555173992673994 0.7066163003663005 0.5528464590964591 0.7020375457875458 0.5520833333333335 0.6978403540903542 0.5513202075702076 0.6924984737484738 0.5513202075702076 0.6867750305250306 0.5524648962148964 0.679143772893773 0.5543727106227107 0.673038766788767 0.5566620879120879 0.6696047008547009 0.5600961538461539 0.6657890720390721 0.5642933455433456 0.6619734432234433 0.5696352258852259 0.6589209401709403 0.5734508547008548 0.6577762515262516 0.5768849206349207 0.6577762515262516 0.5818452380952382 0.6577762515262516 0.5848977411477413 0.6593025030525032 0.5875686813186813 0.6604471916971917 0.5902396214896215 0.6623550061050062 0.5936736874236874 0.6646443833943835 0.5963446275946277 0.6673153235653236 0.5993971306471307 0.6711309523809524 0.601686507936508 0.6749465811965812 0.6032127594627597 0.6799068986568988 0.6039758852258853 0.685630341880342 0.6039758852258853 0.6902090964590966 0.6039758852258853 0.695169413919414 0.6024496336996338 0.7012744200244201 0.5997786935286936 0.7062347374847376 0.5967261904761905 0.7089056776556777 0.5929105616605618 0.7115766178266179 0.5887133699633701 0.7138659951159952 0.5852793040293042 0.7153922466422468 0.5803189865689866 0.7173000610500612 0.5757402319902322 0.7199710012210013 0.5707799145299146 0.7195894383394384 0.5658195970695972 0.7176816239316239 0.5639117826617828 0.7157738095238096
1 0.7482066544566545 0.7161553724053725 0.7421016483516484 0.7119581807081807 0.7363782051282052 0.7066163003663005 0.7344703907203908 0.7031822344322346 0.7314178876678877 0.6993666056166057 0.7295100732600733 0.6928800366300367 0.7287469474969476 0.6894459706959708 0.7287469474969476 0.6863934676434678 0.7287469474969476 0.682577838827839 0.7310363247863249 0.6779990842490843 0.7333257020757021 0.672657203907204 0.7363782051282052 0.6680784493284494 0.740575396825397 0.6642628205128206 0.7455357142857143 0.6623550061050062 0.7504960317460319 0.6615918803418804 0.7569826007326008 0.6615918803418804 0.7619429181929183 0.6627365689865691 0.7661401098901099 0.6642628205128206 0.769192612942613 0.6657890720390721 0.7737713675213677 0.669223137973138 0.7779685592185593 0.672657203907204 0.7802579365079366 0.675709706959707 0.7833104395604397 0.6806700244200244 0.7859813797313798 0.6860119047619049 0.7878891941391942 0.692116910866911 0.78865231990232 0.6959325396825398 0.7875076312576313 0.6997481684981686 0.785599816849817 0.7043269230769231 0.7836920024420025 0.7092872405372407 0.782165750915751 0.7134844322344324 0.7806394993894995 0.7176816239316239 0.7775869963369965 0.7211156898656899 0.7741529304029305 0.7237866300366301 0.7688110500610501 0.724168192918193 0.762706043956044 0.7234050671550672 0.7573641636141637 0.7214972527472528 0.7524038461538463 0.7192078754578756
1 0.814598595848596 0.6634996947496948 0.8203220390720392 0.6562500000000001 0.824519230769231 0.6543421855921856 0.8279532967032969 0.6528159340659342 0.8325320512820513 0.6524343711843713 0.8363476800976801 0.6524343711843713 0.840163308913309 0.65357905982906 0.8447420634920636 0.6554868742368744 0.8477945665445666 0.6570131257631258 0.8512286324786326 0.659684065934066 0.8542811355311356 0.6638812576312577 0.8573336385836386 0.6696047008547009 0.8588598901098902 0.675709706959707 0.859241452991453 0.6810515873015873 0.8596230158730159 0.6913537851037852 0.8596230158730159 0.6970772283272285 0.8584783272283274 0.7024191086691087 0.8558073870573871 0.7073794261294263 0.853136446886447 0.711195054945055 0.849702380952381 0.7150106837606838 0.846649877899878 0.7173000610500612 0.8432158119658121 0.7195894383394384 0.8386370573870574 0.7222603785103786 0.8355845543345544 0.7237866300366301 0.8321504884004884 0.7249313186813188 0.827571733821734 0.7245497557997559 0.8233745421245422 0.7234050671550672 0.8180326617826619 0.7214972527472528 0.81116452991453 0.7131028693528695 0.8084935897435898 0.7066163003663005 0.8069673382173383 0.6986034798534799 0.8069673382173383 0.6898275335775337 0.8073489010989012 0.679143772893773 0.8092567155067155 0.6718940781440782
1 0.6020680708180709 0.7733898046398048 0.5967261904761905 0.7669032356532358 0.5967261904761905 0.7615613553113554 0.5967261904761905 0.7577457264957267 0.5978708791208792 0.7527854090354091 0.6001602564102565 0.7474435286935288 0.6028311965811967 0.7436278998779 0.6074099511599512 0.7398122710622712 0.6119887057387058 0.7375228937728939 0.6169490231990232 0.7356150793650794 0.6234355921855922 0.7344703907203908 0.6283959096459097 0.7337072649572651 0.6333562271062273 0.7333257020757021 0.6352640415140416 0.7337072649572651 0.6390796703296704 0.734088827838828 0.6451846764346765 0.7352335164835165 0.6493818681318683 0.7367597680097682 0.6516712454212455 0.7379044566544567 0.6547237484737486 0.7394307081807082 0.6570131257631258 0.7417200854700855 0.6589209401709403 0.7459172771672773 0.6600656288156289 0.7504960317460319 0.6604471916971917 0.7558379120879122 0.6600656288156289 0.7611797924297926 0.6585393772893774 0.7657585470085471 0.656631562881563 0.7688110500610501 0.6539606227106227 0.7730082417582419 0.6516712454212455 0.7749160561660562 0.6474740537240538 0.7775869963369965 0.6413690476190477 0.7798763736263737 0.6348824786324787 0.7810210622710624 0.630303724053724 0.7810210622710624 0.6264880952380953 0.7810210622710624 0.620764652014652 0.7810210622710624 0.6138965201465202 0.7806394993894995 0.6100808913308914 0.779113247863248 0.6070283882783883 0.7775869963369965
1 0.4898885836385836 0.7875076312576313 0.48378357753357754 0.7836920024420025 0.4807310744810745 0.7806394993894995 0.4788232600732601 0.7779685592185593 0.4769154456654457 0.7749160561660562 0.47577075702075705 0.7714819902319903 0.47538919413919417 0.7688110500610501 0.4750076312576313 0.7649954212454213 0.47538919413919417 0.7615613553113554 0.47729700854700857 0.7600351037851039 0.4795863858363859 0.7554563492063493 0.48111263736263743 0.7520222832722834 0.48340201465201466 0.7493513431013432 0.485691391941392 0.7474435286935288 0.4891254578754579 0.7462988400488402 0.4933226495726496 0.7455357142857143 0.4998092185592186 0.7443910256410257 0.5040064102564102 0.7440094627594629 0.5097298534798536 0.7440094627594629 0.5143086080586081 0.7440094627594629 0.5185057997557998 0.7443910256410257 0.524229242979243 0.7455357142857143 0.5291895604395604 0.7474435286935288 0.5330051892551892 0.7493513431013432 0.5360576923076923 0.7512591575091575 0.5387286324786326 0.7527854090354091 0.5413995726495727 0.7550747863247864 0.5444520757020758 0.7585088522588523 0.546741452991453 0.7623244810744811 0.5497939560439561 0.7669032356532358 0.5520833333333335 0.772245115995116 0.5524648962148964 0.775679181929182 0.5520833333333335 0.7798763736263737 0.5509386446886447 0.7848366910866911 0.5494123931623933 0.78865231990232 0.5475045787545788 0.7909416971916973 0.5452152014652015 0.7924679487179488 0.5413995726495727 0.7939942002442003 0.5364392551892553 0.795138888888889 0.530715811965812 0.7970467032967034 0.5246108058608059 0.7993360805860806 0.5200320512820513 0.8000992063492064 0.5127823565323566 0.7993360805860806 0.5070589133089133 0.7978098290598292 0.501717032967033 0.795138888888889 0.4967567155067155 0.7928495115995117 0.4933226495726496 0.7905601343101344
1 0.5196504884004884 0.8909111721611722 0.5139270451770452 0.8874771062271063 0.5112561050061051 0.8828983516483517 0.5101114163614163 0.8806089743589745 0.5097298534798536 0.8764117826617828 0.5101114163614163 0.8729777167277167 0.5108745421245422 0.8703067765567767 0.5120192307692307 0.8676358363858365 0.5135454822954822 0.8649648962148964 0.5158348595848596 0.8619123931623933 0.5192689255189256 0.8588598901098902 0.5230845543345544 0.8550442612942615 0.5269001831501832 0.8516101953601954 0.530715811965812 0.8493208180708182 0.5352945665445666 0.8474130036630038 0.5394917582417583 0.8458867521367522 0.5455967643467645 0.8443605006105007 0.5513202075702076 0.8432158119658121 0.5558989621489623 0.8428342490842492 0.5616224053724055 0.8428342490842492 0.56620115995116 0.8439789377289378 0.5703983516483517 0.8455051892551892 0.5738324175824177 0.8477945665445666 0.5772664835164836 0.8512286324786326 0.579555860805861 0.8542811355311356 0.5814636752136753 0.8577152014652015 0.5818452380952382 0.8611492673992676 0.5818452380952382 0.8653464590964592 0.5803189865689866 0.8695436507936508 0.5776480463980465 0.8737408424908426 0.5745955433455434 0.8767933455433456 0.5719246031746033 0.8794642857142858 0.5700167887667889 0.8817536630036631 0.5669642857142858 0.8836614774114775 0.5639117826617828 0.8851877289377291 0.5570436507936508 0.888621794871795 0.553228021978022 0.8901480463980465 0.550175518925519 0.8912927350427352 0.5471230158730159 0.892055860805861 0.5417811355311356 0.8932005494505495 0.5383470695970697 0.8935821123321124 0.5352945665445666 0.8935821123321124 0.5299526862026862 0.8928189865689866 0.5265186202686203 0.8924374236874237
1 0.6974587912087913 0.9370802808302809 0.6944062881562882 0.9325015262515264 0.6909722222222222 0.9241071428571429 0.6898275335775337 0.9218177655677657 0.6890644078144079 0.9191468253968256 0.6879197191697192 0.9168574481074482 0.6875381562881563 0.9130418192918194 0.6867750305250306 0.9096077533577535 0.6863934676434678 0.904647435897436 0.6863934676434678 0.9008318070818072 0.6863934676434678 0.8966346153846154 0.6860119047619049 0.8932005494505495 0.6863934676434678 0.8901480463980465 0.6871565934065935 0.8870955433455434 0.6890644078144079 0.8836614774114775 0.6909722222222222 0.8809905372405373 0.6932615995115996 0.8794642857142858 0.6974587912087913 0.8779380341880343 0.701655982905983 0.8771749084249085 0.7058531746031746 0.8767933455433456 0.7096688034188036 0.8764117826617828 0.714247557997558 0.8771749084249085 0.7184447496947498 0.8794642857142858 0.7226419413919415 0.8821352258852261 0.727220695970696 0.8859508547008548 0.7302731990231991 0.8897664835164836 0.7344703907203908 0.8977793040293042 0.7375228937728939 0.9096077533577535 0.7379044566544567 0.914186507936508 0.7386675824175825 0.9183836996336997 0.7394307081807082 0.9225808913308914 0.7390491452991453 0.9279227716727718 0.7379044566544567 0.9328830891330891 0.7344703907203908 0.939751221001221 0.7314178876678877 0.9424221611721613 0.7279838217338218 0.9443299755799757 0.7245497557997559 0.9458562271062273 0.7218788156288157 0.946619352869353 0.7180631868131868 0.9470009157509158 0.7127213064713066 0.946619352869353 0.7096688034188036 0.9458562271062273 0.7062347374847376 0.9447115384615385 0.7039453601953604 0.9439484126984128 0.7020375457875458 0.9424221611721613
1 0.44677197802197804 0.8695436507936508 0.44143009768009767 0.8672542735042736 0.4383775946275946 0.8630570818070818 0.4368513431013431 0.8603861416361417 0.4357066544566545 0.8569520757020758 0.4353250915750916 0.8538995726495727 0.4353250915750916 0.8504655067155068 0.4357066544566545 0.8458867521367522 0.43608821733821734 0.8413079975579977 0.4364697802197802 0.8367292429792431 0.4383775946275946 0.8317689255189256 0.44066697191697196 0.8294795482295483 0.443719474969475 0.8283348595848598 0.44639041514041516 0.8268086080586081 0.44867979242979245 0.8260454822954824 0.4536401098901099 0.8256639194139195 0.4605082417582418 0.8256639194139195 0.46546855921855923 0.8256639194139195 0.4692841880341881 0.8264270451770452 0.4746260683760684 0.8279532967032969 0.479204822954823 0.8287164224664225 0.48340201465201466 0.830242673992674 0.4868360805860806 0.8313873626373628 0.49027014652014655 0.8336767399267401 0.49217796092796096 0.8359661172161172 0.4933226495726496 0.8378739316239318 0.49408577533577536 0.8413079975579977 0.49446733821733824 0.8458867521367522 0.4948489010989011 0.8508470695970697 0.49446733821733824 0.85618894993895 0.4933226495726496 0.8603861416361417 0.49065170940170943 0.8649648962148964 0.4875992063492064 0.8691620879120879 0.48416514041514047 0.8718330280830282 0.479204822954823 0.8741224053724055 0.472718253968254 0.8756486568986569 0.4673763736263737 0.8760302197802198 0.4627976190476191 0.8760302197802198 0.45821886446886445 0.8745039682539684 0.4540216727716728 0.8733592796092797 0.45020604395604397 0.8714514652014653
1 0.45478479853479853 0.9687500000000001 0.4559294871794872 0.9630265567765568 0.45707417582417587 0.9595924908424909 0.4586004273504274 0.956158424908425 0.4605082417582418 0.9531059218559219 0.46432387057387065 0.9477640415140416 0.47195512820512825 0.939751221001221 0.4746260683760684 0.9374618437118438 0.47767857142857145 0.9355540293040294 0.48149420024420025 0.933264652014652 0.4860729548229549 0.9313568376068377 0.4910332722832723 0.9298305860805861 0.4963751526251527 0.9286858974358976 0.5013354700854701 0.927159645909646 0.5089667277167277 0.9267780830280831 0.5143086080586081 0.9263965201465202 0.5169795482295483 0.9263965201465202 0.5204136141636142 0.9267780830280831 0.5253739316239316 0.9294490231990232 0.5288079975579976 0.9321199633699635 0.5322420634920635 0.9351724664224665 0.534149877899878 0.9386065323565325 0.5345314407814409 0.9435668498168499 0.5345314407814409 0.9500534188034189 0.5326236263736264 0.9573031135531136 0.5299526862026862 0.9641712454212455 0.5261370573870574 0.9698946886446886 0.5215583028083028 0.9752365689865691 0.5165979853479854 0.9798153235653236 0.511637667887668 0.9832493894993896 0.5047695360195361 0.9863018925518927 0.4971382783882784 0.9878281440781441 0.4895070207570208 0.98859126984127 0.48454670329670335 0.9889728327228329 0.4803495115995116 0.9889728327228329 0.4750076312576313 0.98859126984127 0.4700473137973138 0.9870650183150184 0.46508699633699635 0.985157203907204 0.4612713675213675 0.981723137973138 0.4586004273504274 0.9775259462759464 0.45631105006105005 0.9725656288156289
1 0.5707799145299146 0.9801968864468865 0.5707799145299146 0.9748550061050062 0.5726877289377291 0.9714209401709403 0.5757402319902322 0.9668421855921856 0.5780296092796093 0.9641712454212455 0.5814636752136753 0.9607371794871795 0.585660866910867 0.9576846764346765 0.5894764957264959 0.9550137362637364 0.5948183760683762 0.9531059218559219 0.601686507936508 0.9515796703296704 0.6074099511599512 0.9504349816849818 0.6123702686202688 0.9500534188034189 0.6158043345543347 0.9500534188034189 0.6203830891330891 0.9500534188034189 0.6226724664224665 0.9504349816849818 0.627251221001221 0.9515796703296704 0.6310668498168499 0.9527243589743591 0.6360271672771673 0.9546321733821734 0.6394612332112334 0.9569215506715507 0.6428952991452993 0.9607371794871795 0.6444215506715507 0.9645528083028084 0.6455662393162395 0.9687500000000001 0.6463293650793652 0.9737103174603176 0.6459478021978023 0.9790521978021979 0.6444215506715507 0.9840125152625153 0.6413690476190477 0.98859126984127 0.6379349816849818 0.9924068986568988 0.6348824786324787 0.9946962759462761 0.6234355921855922 0.998130341880342 0.5994238400488434 0.9989583333333333 0.5879502442002443 0.9989583333333333 0.5845161782661783 0.9977487789987791 0.5818452380952382 0.9958409645909647 0.5787927350427352 0.9931700244200244 0.576121794871795 0.9901175213675214 0.5734508547008548 0.9866834554334555
1 0.7669032356532358 0.9920253357753359 0.7646138583638584 0.985538766788767 0.7653769841269842 0.981723137973138 0.7672847985347987 0.9771443833943835 0.7699557387057389 0.9729471916971917 0.772245115995116 0.9698946886446886 0.7752976190476191 0.96607905982906 0.779113247863248 0.9618818681318683 0.7814026251526252 0.9595924908424909 0.785599816849817 0.9553952991452993 0.7894154456654457 0.9523427960927963 0.7947573260073262 0.949671855921856 0.8020070207570208 0.9470009157509158 0.8058226495726496 0.9458562271062273 0.8100198412698414 0.9458562271062273 0.8134539072039073 0.9477640415140416 0.8172695360195361 0.949671855921856 0.8214667277167279 0.9523427960927963 0.8264270451770452 0.9569215506715507 0.8332951770451771 0.9611187423687425 0.8352029914529915 0.9637896825396826 0.8363476800976801 0.9672237484737486 0.8367292429792431 0.9710393772893774 0.8363476800976801 0.975618131868132 0.834058302808303 0.9813415750915752 0.8313873626373628 0.9866834554334555 0.8264270451770452 0.9931700244200244 0.8182553149464916 0.9989583333333333 0.7741529304029305 0.9989583333333333
1 0.8443605006105007 0.5364392551892553 0.8352029914529915 0.5310973748473748 0.8332951770451771 0.5295711233211233 0.8317689255189256 0.5280448717948718 0.8294795482295483 0.5249923687423688 0.827571733821734 0.5227029914529915 0.8260454822954824 0.5196504884004884 0.8249007936507938 0.514690170940171 0.8256639194139195 0.5093482905982907 0.827571733821734 0.5043879731379731 0.830242673992674 0.49942765567765574 0.8352029914529915 0.4956120268620269 0.8405448717948719 0.49255952380952384 0.846649877899878 0.4910332722832723 0.8538995726495727 0.4898885836385836 0.8622939560439561 0.4898885836385836 0.8691620879120879 0.4898885836385836 0.8752670940170941 0.4910332722832723 0.8798458485958487 0.4929410866910867 0.8863324175824177 0.4956120268620269 0.8909111721611722 0.4986645299145299 0.8943452380952382 0.501717032967033 0.8962530525030525 0.5051510989010989 0.8970161782661783 0.5093482905982907 0.8970161782661783 0.5127823565323566 0.8958714896214897 0.517742673992674 0.8935821123321124 0.5215583028083028 0.8912927350427352 0.5253739316239316 0.8882402319902322 0.5303342490842491 0.8825167887667889 0.5345314407814409 0.8764117826617828 0.537202380952381 0.8718330280830282 0.5375839438339439 0.8676358363858365 0.5379655067155068 0.8630570818070818 0.5379655067155068 0.859241452991453 0.5379655067155068 0.8519917582417583 0.5379655067155068
1 0.23691239316239318 0.9386065323565325 0.2285180097680098 0.9374618437118438 0.2266101953601954 0.936698717948718 0.22355769230769235 0.9347909035409037 0.21936050061050064 0.9321199633699635 0.2155448717948718 0.9290674603174605 0.2113476800976801 0.9252518315018317 0.20638736263736265 0.9187652625152627 0.2033348595848596 0.911134004884005 0.20066391941391942 0.9023580586080586 0.1991376678876679 0.8939636752136753 0.19837454212454214 0.8855692918192919 0.19837454212454214 0.8775564713064714 0.19837454212454214 0.8695436507936508 0.19990079365079366 0.8619123931623933 0.20219017094017094 0.8577152014652015 0.20600579975579977 0.8546626984126985 0.211729242979243 0.8516101953601954 0.21707112332112335 0.8500839438339439 0.22241300366300368 0.8485576923076924 0.22775488400488403 0.8481761294261295 0.2323336385836386 0.8481761294261295 0.23691239316239318 0.8489392551892553 0.24149114774114777 0.8508470695970697 0.24568833943833948 0.853136446886447 0.2510302197802198 0.85618894993895 0.2552274114774115 0.859241452991453 0.2590430402930403 0.862675518925519 0.26209554334554336 0.8672542735042736 0.2651480463980464 0.8718330280830282 0.26743742368742374 0.8767933455433456 0.26972680097680096 0.8832799145299146 0.27087148962148966 0.888621794871795 0.27163461538461536 0.8943452380952382 0.2720161782661783 0.9008318070818072 0.2720161782661783 0.9069368131868133 0.27163461538461536 0.9122786935286936 0.27010836385836384 0.9176205738705739 0.26896367521367526 0.9229624542124543 0.2670558608058608 0.927159645909646 0.26400335775335776 0.9298305860805861 0.2590430402930403 0.9321199633699635 0.2521749084249085 0.9355540293040294 0.24530677655677657 0.9386065323565325 0.2411095848595849 0.9389880952380953
1 0.10756257631257635 0.9382249694749696 0.10527319902319905 0.9283043345543347 0.10489163614163617 0.9241071428571429 0.10451007326007329 0.9191468253968256 0.10451007326007329 0.914186507936508 0.10527319902319905 0.9092261904761905 0.10603632478632483 0.9042658730158731 0.10756257631257635 0.8996871184371185 0.10985195360195363 0.8947268009768011 0.11328601953601956 0.8897664835164836 0.11557539682539687 0.8882402319902322 0.11824633699633703 0.8874771062271063 0.12091727716727721 0.8870955433455434 0.1251144688644689 0.8870955433455434 0.12969322344322348 0.8878586691086692 0.1331272893772894 0.8890033577533578 0.1369429181929182 0.8909111721611722 0.14114010989010992 0.8932005494505495 0.14457417582417584 0.8970161782661783 0.14838980463980464 0.9019764957264959 0.15067918192918198 0.9076999389499391 0.1518238705738706 0.9130418192918194 0.15296855921855926 0.9187652625152627 0.15373168498168502 0.9252518315018317 0.1541132478632479 0.9305937118437119 0.15449481074481078 0.9359355921855923 0.1541132478632479 0.9408959096459097 0.1522054334554335 0.9462377899877901 0.14991605616605622 0.9500534188034189 0.14648199023199027 0.9550137362637364 0.14228479853479856 0.9576846764346765 0.13656135531135533 0.9595924908424909 0.13045634920634924 0.9588293650793652 0.12473290598290603 0.956158424908425 0.11939102564102569 0.9527243589743591 0.11481227106227111 0.9489087301587303 0.1106150793650794 0.9439484126984128
1 0.018276862026862063 0.9485271672771673 0.029342185592185623 0.9481456043956045 0.03277625152625156 0.9481456043956045 0.03582875457875461 0.9489087301587303 0.039262820512820554 0.9500534188034189 0.04346001221001225 0.9519612332112334 0.047657203907203946 0.9538690476190477 0.050709706959706995 0.956158424908425 0.05490689865689869 0.9595924908424909 0.057959401709401746 0.9637896825396826 0.059485653235653274 0.969131562881563 0.059485653235653274 0.975618131868132 0.057959401709401746 0.9821047008547009 0.05490689865689869 0.9863018925518927 0.05147283272283276 0.9897359584859585 0.040025946275946314 0.9988934676434678 7.401486830834377e-18 0.9977498691784407 0.0003434065934066281 0.956158424908425 0.006829975579975614 0.9519612332112334
1 0.10298382173382177 0.8344398656898658 0.09344474969474972 0.8279532967032969 0.09077380952380956 0.8256639194139195 0.08695818070818075 0.8226114163614164 0.08505036630036633 0.8203220390720392 0.08352411477411481 0.8161248473748475 0.08314255189255193 0.8104014041514043 0.08390567765567769 0.8042963980463982 0.08428724053724057 0.798191391941392 0.0877213064713065 0.7852182539682541 0.08886599511599515 0.7802579365079366 0.09039224664224668 0.7764423076923078 0.09268162393162396 0.772245115995116 0.09573412698412702 0.7680479242979243 0.09878663003663007 0.7646138583638584 0.10298382173382177 0.7619429181929183 0.10603632478632483 0.7600351037851039 0.11099664224664228 0.7585088522588523 0.11519383394383399 0.7566010378510379 0.11862789987789993 0.7562194749694751 0.12358821733821738 0.7562194749694751 0.1266407203907204 0.7573641636141637 0.12969322344322348 0.7588904151404152 0.13236416361416364 0.7615613553113554 0.13617979242979245 0.7649954212454213 0.13885073260073263 0.7684294871794872 0.1415216727716728 0.7726266788766789 0.14381105006105008 0.7764423076923078 0.14495573870573872 0.7802579365079366 0.14610042735042736 0.7859813797313798 0.14686355311355312 0.7947573260073262 0.14686355311355312 0.8004807692307694 0.14648199023199027 0.8065857753357755 0.14419261294261296 0.8119276556776557 0.14228479853479856 0.8165064102564104 0.1392322954822955 0.820703601953602 0.13579822954822957 0.8252823565323566 0.13160103785103788 0.830242673992674 0.12778540903540908 0.8329136141636142 0.12358821733821738 0.8352029914529915 0.11977258852258857 0.8355845543345544 0.11519383394383399 0.8355845543345544 0.1125228937728938 0.8355845543345544
1 0.18616452991452992 0.7897970085470086 0.18311202686202688 0.7772054334554336 0.182730463980464 0.7730082417582419 0.18196733821733824 0.7688110500610501 0.18196733821733824 0.7649954212454213 0.18311202686202688 0.7611797924297926 0.1850198412698413 0.7569826007326008 0.1873092185592186 0.7539300976800978 0.1907432844932845 0.7508775946275947 0.19532203907203907 0.7482066544566545 0.20066391941391942 0.7455357142857143 0.20486111111111113 0.7443910256410257 0.20943986568986572 0.7443910256410257 0.21478174603174605 0.7455357142857143 0.21897893772893776 0.7474435286935288 0.22355769230769235 0.7512591575091575 0.22775488400488403 0.7562194749694751 0.2300442612942613 0.7600351037851039 0.23118894993894998 0.7638507326007328 0.23195207570207574 0.769192612942613 0.23195207570207574 0.7737713675213677 0.23195207570207574 0.7798763736263737 0.23118894993894998 0.7871260683760685 0.2285180097680098 0.7928495115995117 0.22355769230769235 0.7989545177045178 0.2205051892551893 0.8020070207570208 0.21745268620268624 0.8046779609279611 0.21325549450549453 0.8088751526251526 0.20982142857142858 0.8107829670329672 0.20638736263736265 0.81116452991453 0.2033348595848596 0.8107829670329672 0.20142704517704518 0.8088751526251526 0.19837454212454214 0.8054410866910867 0.19608516483516486 0.8039148351648353 0.1930326617826618 0.8000992063492064 0.1907432844932845 0.7970467032967034
1 0.038881257631257674 0.7031822344322346 0.02819749694749698 0.6913537851037852 0.027052808302808335 0.6848672161172161 0.027434371184371215 0.6768543956043958 0.03010531135531139 0.6715125152625153 0.03353937728937732 0.6673153235653236 0.038881257631257674 0.6623550061050062 0.04307844932844937 0.6585393772893774 0.047657203907203946 0.656631562881563 0.05376221001221005 0.6551053113553115 0.059867216117216154 0.6539606227106227 0.06673534798534803 0.6528159340659342 0.07169566544566548 0.6528159340659342 0.07512973137973142 0.6528159340659342 0.07818223443223447 0.6543421855921856 0.08314255189255193 0.6570131257631258 0.08657661782661787 0.6593025030525032 0.08962912087912092 0.6623550061050062 0.09039224664224668 0.6665521978021979 0.09077380952380956 0.6711309523809524 0.09077380952380956 0.675709706959707 0.09115537240537244 0.6802884615384617 0.08924755799755803 0.6844856532356532 0.08695818070818075 0.6871565934065935 0.08390567765567769 0.6909722222222222 0.079708485958486 0.695169413919414 0.07665598290598294 0.698221916971917 0.0713141025641026 0.7008928571428572 0.06826159951159955 0.7028006715506716 0.06482753357753361 0.7039453601953604 0.06139346764346768 0.704708485958486 0.057577838827838866 0.7050900488400489 0.050709706959706995 0.7054716117216118 0.04460470085470089 0.7054716117216118
1 0.011790293040293076 0.6138965201465202 0.007593101343101377 0.6070283882783883 0.006448412698412733 0.6035943223443224 0.005303724053724089 0.598634004884005 0.004922161172161207 0.5936736874236874 0.004922161172161207 0.5894764957264959 0.006829975579975614 0.5833714896214897 0.009119352869352905 0.5799374236874237 0.012171855921855957 0.5768849206349207 0.01789529914529918 0.5726877289377291 0.024000305250305283 0.5696352258852259 0.03010531135531139 0.5681089743589745 0.03544719169719173 0.5677274114774116 0.04384157509157513 0.5677274114774116 0.050328144078144114 0.5684905372405373 0.057577838827838866 0.5703983516483517 0.06482753357753361 0.5723061660561661 0.07016941391941396 0.5749771062271063 0.07436660561660566 0.5776480463980465 0.0778006715506716 0.5814636752136753 0.08161630036630041 0.5868055555555556 0.08352411477411481 0.5925289987789989 0.08314255189255193 0.5971077533577535 0.08085317460317464 0.6035943223443224 0.07703754578754583 0.6096993284493286 0.07169566544566548 0.6138965201465202 0.06444597069597073 0.617712148962149 0.057577838827838866 0.6200015262515264 0.050709706959706995 0.6219093406593408 0.04155219780219784 0.6226724664224665 0.0339209401709402 0.6230540293040294 0.027052808302808335 0.6219093406593408 0.022092490842490875 0.6200015262515264 0.0175137362637363 0.617712148962149
1 0.08733974358974363 0.42845695970695974 0.07894536019536023 0.4234966422466423 0.07665598290598294 0.42082570207570213 0.0736034798534799 0.4166285103785104 0.0713141025641026 0.41357600732600736 0.06864316239316244 0.4089972527472528 0.0671169108669109 0.4044184981684982 0.06597222222222227 0.4002213064713065 0.06597222222222227 0.39487942612942617 0.06635378510378515 0.39182692307692313 0.06902472527472532 0.38648504273504275 0.07207722832722836 0.38266941391941395 0.07512973137973142 0.3799984737484738 0.07932692307692311 0.37847222222222227 0.08428724053724057 0.3780906593406594 0.08962912087912092 0.3780906593406594 0.09458943833943838 0.37847222222222227 0.1003128815628816 0.38038003663003667 0.10603632478632483 0.38305097680097683 0.1106150793650794 0.38686660561660563 0.11519383394383399 0.3903006715506716 0.11824633699633703 0.39373473748473753 0.12244352869352873 0.3983134920634921 0.12587759462759465 0.4025106837606838 0.12893009768009772 0.40823412698412703 0.13007478632478636 0.4151022588522589 0.13007478632478636 0.42082570207570213 0.12893009768009772 0.42654914529914534 0.12702228327228332 0.42998321123321126 0.12396978021978027 0.4326541514041515 0.11824633699633703 0.4349435286935287 0.11404914529914532 0.4364697802197802 0.10947039072039075 0.4364697802197802 0.10603632478632483 0.4364697802197802 0.10298382173382177 0.4364697802197802 0.1003128815628816 0.4353250915750916 0.09764194139194142 0.434180402930403 0.09344474969474972 0.43189102564102566
1 0.1911248473748474 0.3910637973137973 0.18425671550671555 0.38305097680097683 0.18196733821733824 0.37885378510378515 0.18044108669108672 0.37503815628815634 0.17929639804639808 0.3712225274725275 0.1789148351648352 0.3597756410256411 0.18005952380952384 0.3468025030525031 0.18158577533577536 0.3429868742368743 0.18349358974358979 0.3380265567765568 0.18540140415140416 0.334210927960928 0.1873092185592186 0.33039529914529914 0.18959859584859587 0.3273427960927961 0.1930326617826618 0.3231456043956044 0.19608516483516486 0.3197115384615385 0.19875610500610502 0.3178037240537241 0.2033348595848596 0.3151327838827839 0.20829517704517705 0.31360653235653235 0.2113476800976801 0.31322496947496953 0.21592643467643471 0.31360653235653235 0.21974206349206352 0.31436965811965817 0.22508394383394387 0.3158959096459097 0.22966269841269846 0.31818528693528697 0.23385989010989014 0.32238247863247865 0.23691239316239318 0.3269612332112332 0.2388202075702076 0.33115842490842495 0.24034645909645913 0.33497405372405376 0.2411095848595849 0.33993437118437125 0.24416208791208793 0.3471840659340659 0.24530677655677657 0.34985500610500614 0.24530677655677657 0.3540521978021978 0.24530677655677657 0.35901251526251526 0.24339896214896217 0.36435439560439564 0.2411095848595849 0.3693147130647131 0.2388202075702076 0.3731303418803419 0.23691239316239318 0.37694597069597074 0.2346230158730159 0.3819062881562882 0.2323336385836386 0.38686660561660563 0.23080738705738707 0.39068223443223443 0.22775488400488403 0.39411630036630035 0.224702380952381 0.3964056776556777 0.22203144078144083 0.3979319291819292 0.21936050061050064 0.39869505494505497 0.21668956043956047 0.3998397435897436 0.21478174603174605 0.4002213064713065 0.211729242979243 0.4002213064713065 0.20905830280830281 0.4002213064713065 0.20600579975579977 0.39945818070818073 0.20409798534798537 0.3983134920634921 0.20066391941391942 0.39678724053724057 0.19761141636141638 0.39526098901098905
1 0.10183913308913312 0.34375 0.09458943833943838 0.33878968253968256 0.09077380952380956 0.3281059218559219 0.08924755799755803 0.3216193528693529 0.08886599511599515 0.31665903540903545 0.08886599511599515 0.31208028083028083 0.08886599511599515 0.3071199633699634 0.0900106837606838 0.30215964590964595 0.0919184981684982 0.29872557997557997 0.09382631257631262 0.29452838827838834 0.09687881562881566 0.28918650793650796 0.1003128815628816 0.2849893162393162 0.10336538461538465 0.2811736874236875 0.1064178876678877 0.27888431013431014 0.10947039072039075 0.27697649572649574 0.11214133089133092 0.2758318070818071 0.11481227106227111 0.2754502442002442 0.11977258852258857 0.2754502442002442 0.12549603174603177 0.2758318070818071 0.1293116605616606 0.27697649572649574 0.13236416361416364 0.27773962148962156 0.13770604395604397 0.28041056166056166 0.140758547008547 0.28384462759462764 0.14266636141636144 0.28766025641025644 0.14381105006105008 0.2907127594627595 0.14495573870573872 0.29452838827838834 0.1457188644688645 0.2994887057387058 0.14648199023199027 0.3044490231990232 0.1457188644688645 0.30940934065934067 0.14457417582417584 0.31475122100122105 0.14266636141636144 0.32085622710622713 0.1415216727716728 0.32505341880341887 0.1396138583638584 0.3300137362637363 0.13770604395604397 0.33382936507936506 0.13427197802197804 0.33726343101343104 0.13198260073260076 0.3395528083028083 0.12778540903540908 0.3422237484737485 0.12282509157509162 0.3448946886446887 0.11939102564102569 0.34603937728937734 0.11595695970695975 0.34603937728937734 0.11023351648351652 0.3456578144078144 0.10718101343101347 0.3448946886446887
1 0.10107600732600736 0.19150641025641027 0.10107600732600736 0.18311202686202688 0.10183913308913312 0.1789148351648352 0.1064178876678877 0.17204670329670332 0.11099664224664228 0.16708638583638585 0.11290445665445668 0.1663232600732601 0.12015415140415145 0.1644154456654457 0.1232066544566545 0.16365231990231993 0.12969322344322348 0.16479700854700857 0.13389041514041516 0.1659416971916972 0.13770604395604397 0.16708638583638585 0.14037698412698416 0.1678495115995116 0.14304792429792432 0.16899420024420028 0.1457188644688645 0.1701388888888889 0.1491529304029304 0.1724282661782662 0.15258699633699635 0.17548076923076925 0.15525793650793654 0.17815170940170943 0.1579288766788767 0.18120421245421248 0.16136294261294265 0.18578296703296707 0.16327075702075705 0.1888354700854701 0.16556013431013433 0.1934142246642247 0.16746794871794876 0.19837454212454214 0.16899420024420028 0.20447954822954825 0.16975732600732604 0.20943986568986572 0.16975732600732604 0.21516330891330895 0.16861263736263737 0.21897893772893776 0.166704822954823 0.22126831501831506 0.1640338827838828 0.22355769230769235 0.15907356532356537 0.22775488400488403 0.15449481074481078 0.23080738705738707 0.15144230769230774 0.23309676434676438 0.14838980463980464 0.23424145299145302 0.14495573870573872 0.23424145299145302 0.1392322954822955 0.23385989010989014 0.13350885225885228 0.23195207570207574 0.12816697191697196 0.2285180097680098 0.12244352869352873 0.22546550671550675 0.1171016483516484 0.22126831501831506 0.11328601953601956 0.218215811965812 0.10985195360195363 0.2144001831501832 0.10756257631257635 0.21096611721611724 0.10451007326007329 0.20447954822954825 0.10298382173382177 0.19951923076923078
1 0.22546550671550675 0.21096611721611724 0.21859737484737488 0.205242673992674 0.2163079975579976 0.20219017094017094 0.2144001831501832 0.19990079365079366 0.21325549450549453 0.19684829059829062 0.2113476800976801 0.19265109890109894 0.21020299145299148 0.18845390720390723 0.20943986568986572 0.18387515262515264 0.20905830280830281 0.17929639804639808 0.20829517704517705 0.1750992063492064 0.20829517704517705 0.17166514041514044 0.20829517704517705 0.166704822954823 0.20829517704517705 0.16288919413919417 0.20982142857142858 0.15678418803418806 0.2113476800976801 0.1533501221001221 0.21401862026862029 0.15029761904761907 0.21783424908424912 0.14838980463980464 0.22241300366300368 0.1480082417582418 0.22699175824175827 0.14877136752136755 0.23157051282051283 0.1491529304029304 0.2365308302808303 0.15067918192918198 0.24187271062271065 0.1522054334554335 0.24568833943833948 0.1541132478632479 0.24988553113553116 0.15640262515262518 0.2540827228327229 0.16021825396825398 0.25827991452991456 0.16365231990231993 0.2617139804639805 0.16899420024420028 0.2636217948717949 0.17204670329670332 0.26591117216117216 0.1785332722832723 0.2678189865689866 0.18769078144078147 0.26743742368742374 0.1930326617826618 0.26629273504273504 0.1972298534798535 0.2651480463980464 0.19990079365079366 0.263240231990232 0.2029532967032967 0.2609508547008547 0.20600579975579977 0.25866147741147744 0.20791361416361417 0.2552274114774115 0.2113476800976801 0.2514117826617827 0.21478174603174605 0.24835927960927962 0.2163079975579976 0.2445436507936508 0.21745268620268624 0.23920177045177046 0.21783424908424912 0.23614926739926742 0.21745268620268624 0.23309676434676438 0.21592643467643471
1 0.27773962148962156 0.15258699633699635 0.2731608669108669 0.14762667887667888 0.2704899267399268 0.14228479853479856 0.2685821123321123 0.13732448107448111 0.2670558608058608 0.13198260073260076 0.26591117216117216 0.1251144688644689 0.2651480463980464 0.11824633699633703 0.2651480463980464 0.11214133089133092 0.26591117216117216 0.1064178876678877 0.26743742368742374 0.1003128815628816 0.26972680097680096 0.09535256410256414 0.2720161782661783 0.09153693528693532 0.2754502442002442 0.08848443223443227 0.2800289987789988 0.0858134920634921 0.28537087912087916 0.08428724053724057 0.2903311965811966 0.08352411477411481 0.29490995115995117 0.08352411477411481 0.29987026862026867 0.08428724053724057 0.3048305860805861 0.08657661782661787 0.3105540293040293 0.0900106837606838 0.3158959096459097 0.09497100122100126 0.3200931013431013 0.10107600732600736 0.32238247863247865 0.10679945054945059 0.3235271672771673 0.11481227106227111 0.3239087301587302 0.12244352869352873 0.3231456043956044 0.13007478632478636 0.3216193528693529 0.1369429181929182 0.3193299755799756 0.14266636141636144 0.31665903540903545 0.14838980463980464 0.31322496947496953 0.1533501221001221 0.3090277777777778 0.15678418803418806 0.30406746031746035 0.15869200244200246 0.2983440170940171 0.15907356532356537 0.29109432234432236 0.15869200244200246 0.2868971306471307 0.15754731379731382 0.2807921245421246 0.15525793650793654
1 0.1972298534798535 0.06978785103785108 0.1888354700854701 0.06177503052503056 0.18540140415140416 0.05567002442002446 0.182730463980464 0.050328144078144114 0.18044108669108672 0.04460470085470089 0.17929639804639808 0.039644383394383434 0.1789148351648352 0.03430250305250309 0.1789148351648352 0.02972374847374851 0.17929639804639808 0.025144993894993927 0.18044108669108672 0.021329365079365115 0.18196733821733824 0.015987484737484774 0.18387515262515264 0.010645604395604432 0.18540140415140416 0.006066849816849851 0.189217032967033 0.0003434065934066281 0.24416208791208793 0.0007249694749695096 0.247214590964591 0.006829975579975614 0.24912240537240538 0.011790293040293076 0.25064865689865695 0.01713217338217342 0.2514117826617827 0.021329365079365115 0.2521749084249085 0.02628968253968257 0.2521749084249085 0.03048687423687427 0.25179334554334554 0.03468406593406597 0.25064865689865695 0.039644383394383434 0.24950396825396828 0.04384157509157513 0.24759615384615385 0.048420329670329706 0.24416208791208793 0.05338064713064717 0.23920177045177046 0.059867216117216154 0.23424145299145302 0.06482753357753361 0.23042582417582422 0.06788003663003667 0.22699175824175827 0.07093253968253972 0.22508394383394387 0.0713141025641026 0.2205051892551893 0.07016941391941396 0.21745268620268624 0.06978785103785108 0.2144001831501832 0.06978785103785108 0.20943986568986572 0.0713141025641026 0.20371642246642246 0.07207722832722836
1 0.04574938949938954 0.13617979242979245 0.03430250305250309 0.13808760683760687 0.02819749694749698 0.13885073260073263 0.02590811965811969 0.13885073260073263 0.021329365079365115 0.13770604395604397 0.019421550671550707 0.1369429181929182 0.012171855921855957 0.13465354090354092 0.004540598290598326 0.13274572649572652 0.0011065323565323912 0.1293116605616606 0.0007249694749695096 0.09535256410256414 0.004540598290598326 0.09268162393162396 0.013316544566544603 0.0877213064713065 0.019421550671550707 0.08466880341880345 0.02552655677655681 0.08237942612942617 0.031250000000000035 0.08085317460317464 0.03544719169719173 0.08047161172161175 0.04155219780219784 0.08047161172161175 0.0465125152625153 0.08047161172161175 0.050709706959706995 0.08085317460317464 0.05452533577533581 0.08199786324786329 0.057959401709401746 0.08314255189255193 0.061011904761904795 0.08466880341880345 0.06406440781440785 0.0858134920634921 0.06788003663003667 0.0877213064713065 0.06978785103785108 0.08962912087912092 0.07284035409035414 0.09382631257631262 0.07512973137973142 0.09802350427350431 0.07741910866910871 0.10298382173382177 0.07818223443223447 0.10756257631257635 0.07818223443223447 0.11214133089133092 0.07741910866910871 0.1171016483516484 0.07436660561660566 0.12053571428571433 0.06978785103785108 0.12396978021978027 0.06635378510378515 0.12587759462759465 0.06139346764346768 0.12854853479853484 0.057196275946275986 0.13045634920634924 0.05109126984126988 0.13350885225885228
1 0.00835622710622714 0.21020299145299148 0.0175137362637363 0.21363705738705743 0.022092490842490875 0.21478174603174605 0.027052808302808335 0.21668956043956047 0.03010531135531139 0.21859737484737488 0.03506562881562885 0.22317612942612944 0.039262820512820554 0.22737332112332115 0.04269688644688649 0.23195207570207574 0.046894078144078186 0.23767551892551894 0.050709706959706995 0.2430173992673993 0.0526175213675214 0.24988553113553116 0.0526175213675214 0.2571352258852259 0.049946581196581234 0.2655296092796093 0.046894078144078186 0.27125305250305254 0.04422313797313801 0.2739239926739927 0.04078907203907208 0.27659493284493286 0.03468406593406597 0.28041056166056166 0.02972374847374851 0.2819368131868132 0.02552655677655681 0.282699938949939 0.021329365079365115 0.2834630647130647 0.018658424908424943 0.2834630647130647 0.013316544566544603 0.2842261904761905 0.00568528693528697 0.28575244200244204 0.0033959096459096807 0.28575244200244204 0.0003434065934066281 0.2849893162393162 0.0 0.21768162393161716 0.0014880952380952725 0.20943986568986572
1 0.01560592185592189 0.8710699023199024 0.013698107448107483 0.8828983516483517 0.011408730158730195 0.8874771062271063 0.008737789987790023 0.8916742979242981 0.005303724053724089 0.8962530525030525 0.0018696581196581542 0.8996871184371185 0.0007249694749695096 0.9023580586080586 1.1564823173178714e-19 0.8501602564102541 0.0003434065934066281 0.8462683150183151 0.0014880952380952725 0.8462683150183151 0.004922161172161207 0.8462683150183151 0.00835622710622714 0.8477945665445666 0.011408730158730195 0.8500839438339439 0.013698107448107483 0.8519917582417583 0.015224358974359009 0.8542811355311356 0.016750610500610535 0.8588598901098902 0.01713217338217342 0.8645833333333335
0 0.5757402319902322 0.6970772283272285 0.5700167887667889 0.6772359584859585 0.5692536630036631 0.6749465811965812 0.5696352258852259 0.6718940781440782 0.5711614774114775 0.6699862637362639 0.5730692918192919 0.6711309523809524 0.5780296092796093 0.6875381562881563 0.5803189865689866 0.7001297313797316
0 0.4895070207570208 0.6634996947496948 0.5120192307692307 0.6554868742368744 0.5169795482295483 0.6543421855921856 0.5215583028083028 0.6524343711843713 0.5227029914529915 0.6505265567765568 0.5207951770451771 0.6493818681318683 0.5188873626373627 0.6486187423687425 0.5150717338217338 0.6493818681318683 0.5043879731379731 0.65357905982906 0.49828296703296704 0.6554868742368744 0.49446733821733824 0.656631562881563 0.4891254578754579 0.6589209401709403 0.4864545177045177 0.6604471916971917 0.4849282661782662 0.6638812576312577
0 0.39564255189255193 0.659684065934066 0.39259004884004883 0.6383165445665446 0.392208485958486 0.6345009157509158 0.39526098901098905 0.6329746642246643 0.3983134920634921 0.6352640415140416 0.39869505494505497 0.6421321733821734 0.40098443223443225 0.6604471916971917 0.3983134920634921 0.663118131868132
0 0.453258547008547 0.8489392551892553 0.46508699633699635 0.8512286324786326 0.46852106227106227 0.8527548840048841 0.472718253968254 0.8527548840048841 0.4769154456654457 0.8527548840048841 0.479204822954823 0.8519917582417583 0.47806013431013433 0.8485576923076924 0.47538919413919417 0.8470314407814409 0.4708104395604396 0.846649877899878 0.46661324786324787 0.8458867521367522 0.46317918192918195 0.8451236263736265 0.45707417582417587 0.843597374847375 0.4509691697191698 0.8432158119658121 0.44639041514041516 0.843597374847375 0.4460088522588523 0.8455051892551892 0.44944291819291826 0.8470314407814409
0 0.4864545177045177 0.9668421855921856 0.5127823565323566 0.949671855921856 0.5150717338217338 0.9473824786324787 0.5181242368742369 0.9443299755799757 0.5188873626373627 0.9416590354090355 0.517742673992674 0.939751221001221 0.514690170940171 0.9416590354090355 0.49027014652014655 0.9595924908424909 0.4765338827838828 0.9676053113553115 0.4750076312576313 0.9710393772893774 0.4750076312576313 0.9729471916971917 0.4795863858363859 0.9718025030525032
0 0.11404914529914532 0.8115460927960929 0.1232066544566545 0.7871260683760685 0.12435134310134315 0.7802579365079366 0.12396978021978027 0.7768238705738707 0.12091727716727721 0.7775869963369965 0.11672008547008551 0.7852182539682541 0.11023351648351652 0.8042963980463982 0.10679945054945059 0.8119276556776557 0.10603632478632483 0.817651098901099 0.10794413919413923 0.8184142246642246
0 0.049565018315018354 0.6848672161172161 0.05872252747252751 0.6810515873015873 0.06215659340659344 0.6783806471306472 0.06482753357753361 0.6764728327228329 0.06673534798534803 0.6734203296703298 0.06635378510378515 0.6711309523809524 0.06368284493284497 0.6722756410256411 0.059485653235653274 0.6745650183150184 0.05414377289377293 0.6772359584859585 0.05147283272283276 0.6783806471306472
0 0.024763431013431047 0.601686507936508 0.04078907203907208 0.601686507936508 0.04498626373626378 0.6013049450549451 0.049946581196581234 0.6009233821733823 0.05567002442002446 0.6001602564102565 0.060248778998779035 0.5990155677655679 0.06520909645909649 0.5963446275946277 0.06368284493284497 0.5944368131868133 0.060630341880341915 0.5940552503052504 0.04574938949938954 0.5959630647130648 0.02972374847374851 0.5955815018315019 0.024381868131868163 0.5959630647130648 0.019803113553113587 0.5971077533577535 0.019803113553113587 0.6009233821733823
0 0.5654380341880343 0.5215583028083028 0.5944368131868133 0.5238476800976801 0.5982524420024421 0.5238476800976801 0.6039758852258853 0.5234661172161172 0.6032127594627597 0.5204136141636142 0.6001602564102565 0.5196504884004884 0.5665827228327228 0.5173611111111112 0.5620039682539684 0.5169795482295483 0.5589514652014653 0.5173611111111112 0.5543727106227107 0.5188873626373627 0.5524648962148964 0.5215583028083028 0.5570436507936508 0.5227029914529915
0 0.617712148962149 0.759653540903541 0.6348824786324787 0.759653540903541 0.6379349816849818 0.7588904151404152 0.640224358974359 0.7566010378510379 0.6398427960927963 0.7543116605616607 0.6364087301587303 0.7539300976800978 0.6280143467643469 0.7535485347985349 0.6180937118437119 0.7539300976800978 0.6165674603174605 0.7543116605616607
0 0.5421626984126985 0.392208485958486 0.5517017704517706 0.38801129426129427 0.5600961538461539 0.385721916971917 0.5669642857142858 0.3796169108669109 0.5703983516483517 0.37580128205128205 0.5723061660561661 0.3735119047619048 0.5711614774114775 0.37160409035409037 0.5684905372405373 0.37160409035409037 0.5650564713064714 0.37503815628815634 0.5589514652014653 0.38038003663003667 0.5524648962148964 0.38305097680097683 0.5475045787545788 0.38495879120879123 0.5433073870573871 0.38648504273504275 0.5368208180708182 0.3914453601953602
0 0.6741834554334555 0.3838141025641026 0.6894459706959708 0.38724816849816857 0.6944062881562882 0.38724816849816857 0.7001297313797316 0.3876297313797314 0.704708485958486 0.38724816849816857 0.7081425518925519 0.38610347985347987 0.7127213064713066 0.38610347985347987 0.7176816239316239 0.38610347985347987 0.7203525641025642 0.38610347985347987 0.7222603785103786 0.38495879120879123 0.7218788156288157 0.382287851037851 0.7157738095238096 0.3807615995115995 0.7092872405372407 0.3815247252747253 0.7031822344322346 0.3819062881562882 0.6955509768009769 0.3819062881562882 0.6913537851037852 0.3815247252747253 0.6848672161172161 0.3807615995115995 0.6806700244200244 0.3799984737484738 0.6749465811965812 0.37923534798534797 0.6711309523809524 0.37923534798534797 0.6654075091575092 0.37885378510378515 0.666170634920635 0.382287851037851
0 0.2113476800976801 0.36206501831501836 0.21325549450549453 0.3464209401709402 0.21363705738705743 0.3414606227106228 0.21325549450549453 0.3395528083028083 0.20982142857142858 0.33917124542124544 0.20829517704517705 0.34107905982905984 0.2075320512820513 0.3468025030525031 0.20409798534798537 0.3639728327228327 0.2033348595848596 0.37007783882783885 0.2018086080586081 0.37694597069597074 0.2018086080586081 0.3815247252747253 0.2056242368742369 0.38038003663003667 0.21020299145299148 0.37503815628815634 0.21096611721611724 0.37160409035409037
0 0.11175976800976804 0.3170405982905983 0.11557539682539687 0.3067384004884005 0.1171016483516484 0.3025412087912088 0.11939102564102569 0.3010149572649573 0.12129884004884009 0.30788308913308915 0.12206196581196585 0.31436965811965817 0.12091727716727721 0.31894841269841273 0.11939102564102569 0.3216193528693529 0.11862789987789993 0.32505341880341887 0.11633852258852263 0.3273427960927961 0.11443070818070823 0.327724358974359 0.11175976800976804 0.3235271672771673
0 0.13770604395604397 0.20638736263736265 0.12816697191697196 0.1972298534798535 0.12435134310134315 0.19532203907203907 0.12091727716727721 0.19188797313797318 0.11939102564102569 0.18769078144078147 0.11748321123321127 0.18425671550671555 0.1171016483516484 0.1808226495726496 0.12015415140415145 0.18196733821733824 0.1251144688644689 0.18578296703296707 0.1293116605616606 0.18959859584859587 0.13427197802197804 0.19417735042735046 0.13885073260073263 0.19837454212454214 0.1434294871794872 0.20371642246642246 0.14686355311355312 0.20867673992673996 0.14877136752136755 0.21478174603174605 0.14838980463980464 0.21668956043956047 0.14304792429792432 0.2121108058608059
0 0.6516712454212455 0.2758318070818071 0.6413690476190477 0.2552274114774115 0.6394612332112334 0.2514117826617827 0.6386981074481075 0.24950396825396828 0.6421321733821734 0.24950396825396828 0.6455662393162395 0.2521749084249085 0.6474740537240538 0.2556089743589744 0.6531974969474971 0.26591117216117216 0.6581578144078145 0.2773580586080586 0.6581578144078145 0.2811736874236875 0.6562500000000001 0.2815552503052503
0 0.7413385225885226 0.26820054945054944 0.7344703907203908 0.26247710622710624 0.7306547619047621 0.26018772893772896 0.727220695970696 0.2578983516483517 0.7234050671550672 0.25484584859584863 0.7218788156288157 0.2521749084249085 0.7234050671550672 0.250267094017094 0.7253128815628817 0.24988553113553116 0.7295100732600733 0.2521749084249085 0.7394307081807082 0.2590430402930403 0.7428647741147743 0.2617139804639805 0.746680402930403 0.2655296092796093 0.7482066544566545 0.26934523809523814 0.7474435286935288 0.2723977411477412 0.7447725885225885 0.27277930402930406
0 0.6516712454212455 0.13846916971916973 0.6310668498168499 0.14304792429792432 0.6222909035409037 0.1457188644688645 0.6200015262515264 0.1457188644688645 0.6211462148962149 0.1415216727716728 0.6451846764346765 0.13465354090354092 0.6509081196581197 0.1331272893772894 0.6558684371184372 0.131219474969475 0.6619734432234433 0.13045634920634924 0.6650259462759464 0.13160103785103788 0.6600656288156289 0.13465354090354092
0 0.5906211843711844 0.060630341880341915 0.5990155677655679 0.0568147130647131 0.6055021367521368 0.05643315018315022 0.6108440170940171 0.05605158730158734 0.6169490231990232 0.05528846153846158 0.6184752747252749 0.05338064713064717 0.6180937118437119 0.05147283272283276 0.6142780830280831 0.05109126984126988 0.6077915140415141 0.05147283272283276 0.5997786935286936 0.0526175213675214 0.592147435897436 0.05338064713064717 0.5845161782661783 0.05490689865689869 0.5784111721611722 0.0568147130647131 0.579555860805861 0.059485653235653274 0.5845161782661783 0.060248778998779035
0 0.02056623931623935 0.11481227106227111 0.03506562881562885 0.1125228937728938 0.039644383394383434 0.11214133089133092 0.0465125152625153 0.11175976800976804 0.05185439560439564 0.11175976800976804 0.0568147130647131 0.11099664224664228 0.060248778998779035 0.10908882783882787 0.05605158730158734 0.10679945054945059 0.049565018315018354 0.10679945054945059 0.03277625152625156 0.10756257631257635 0.02819749694749698 0.10794413919413923 0.019803113553113587 0.10832570207570211 0.012171855921855957 0.11023351648351652 0.013316544566544603 0.11328601953601956
0 0.2121108058608059 0.040407509157509194 0.21287393162393167 0.020184676434676467 0.21516330891330895 0.009882478632478668 0.21592643467643471 0.007211538461538496 0.21859737484737488 0.007211538461538496 0.2205051892551893 0.011027167277167313 0.22088675213675216 0.019039987789987823 0.2205051892551893 0.037355006105006146 0.2201236263736264 0.04117063492063496 0.21783424908424912 0.04613095238095242 0.2144001831501832 0.047657203907203946 0.211729242979243 0.04574938949938954
0 0.8310057997557999 0.39869505494505497 0.85618894993895 0.3975503663003663 0.8615308302808304 0.39678724053724057 0.8661095848595849 0.39602411477411475 0.8683989621489623 0.39487942612942617 0.8668727106227107 0.39182692307692313 0.8638202075702076 0.3910637973137973 0.8367292429792431 0.39411630036630035 0.8310057997557999 0.39411630036630035 0.8256639194139195 0.39487942612942617 0.8199404761904763 0.39602411477411475 0.8165064102564104 0.39678724053724057 0.8168879731379732 0.39945818070818073 0.8203220390720392 0.40060286935286943
0 0.8237561050061051 0.22241300366300368 0.8165064102564104 0.21363705738705743 0.8126907814407816 0.2113476800976801 0.8092567155067155 0.20943986568986572 0.8062042124542125 0.20676892551892553 0.8046779609279611 0.20486111111111113 0.8054410866910867 0.2029532967032967 0.8107829670329672 0.20257173382173385 0.8153617216117216 0.20486111111111113 0.8195589133089134 0.20791361416361417 0.827190170940171 0.21668956043956047 0.8290979853479854 0.21974206349206352 0.8321504884004884 0.22164987789987792 0.8332951770451771 0.22508394383394387 0.8294795482295483 0.22508394383394387
0 0.9057921245421245 0.131219474969475 0.9191468253968256 0.12969322344322348 0.9252518315018317 0.12778540903540908 0.9325015262515264 0.12625915750915753 0.936698717948718 0.12473290598290603 0.9386065323565325 0.12396978021978027 0.9382249694749696 0.12206196581196585 0.9351724664224665 0.12129884004884009 0.9298305860805861 0.12168040293040297 0.9160943223443224 0.12282509157509162 0.9107524420024421 0.1232066544566545 0.9035027472527474 0.12587759462759465 0.8989239926739928 0.12587759462759465 0.895108363858364 0.1266407203907204 0.8928189865689866 0.12893009768009772 0.8966346153846154 0.13083791208791212
0 0.7554563492063493 0.5669642857142858 0.734088827838828 0.5574252136752137 0.7276022588522589 0.5551358363858365 0.7264575702075703 0.550175518925519 0.7317994505494506 0.5497939560439561 0.7386675824175825 0.5528464590964591 0.7489697802197803 0.5581883394383396 0.7546932234432234 0.559714590964591 0.7581272893772895 0.5612408424908426 0.7615613553113554 0.5639117826617828 0.7649954212454213 0.5669642857142858 0.7661401098901099 0.5700167887667889 0.7630876068376069 0.5703983516483517
0 0.7646138583638584 0.7020375457875458 0.7543116605616607 0.6932615995115996 0.7497329059829061 0.6902090964590966 0.7455357142857143 0.6871565934065935 0.7417200854700855 0.6837225274725276 0.7394307081807082 0.6806700244200244 0.7394307081807082 0.6783806471306472 0.7424832112332113 0.6779990842490843 0.7474435286935288 0.6810515873015873 0.7543116605616607 0.6863934676434678 0.7619429181929183 0.6932615995115996 0.7657585470085471 0.6959325396825398 0.7699557387057389 0.6986034798534799 0.7730082417582419 0.7039453601953604 0.7684294871794872 0.7050900488400489
0 0.6001602564102565 0.9798153235653236 0.614659645909646 0.9752365689865691 0.6188568376068377 0.9748550061050062 0.6245802808302809 0.9729471916971917 0.6257249694749696 0.9710393772893774 0.6245802808302809 0.9687500000000001 0.6188568376068377 0.9687500000000001 0.6119887057387058 0.9706578144078145 0.6024496336996338 0.9733287545787547 0.5951999389499391 0.9748550061050062 0.5906211843711844 0.9763812576312577 0.5875686813186813 0.9790521978021979 0.592147435897436 0.9801968864468865
0 0.7959020146520147 0.985157203907204 0.8123092185592186 0.9740918803418804 0.8165064102564104 0.9706578144078145 0.8172695360195361 0.9676053113553115 0.8165064102564104 0.9653159340659342 0.8138354700854702 0.96607905982906 0.7871260683760685 0.9843940781440782 0.7836920024420025 0.9859203296703298 0.781784188034188 0.98859126984127 0.7825473137973139 0.9924068986568988 0.785599816849817 0.9931700244200244 0.7897970085470086 0.9893543956043958
0 0.7165369352869354 0.9263965201465202 0.7089056776556777 0.9149496336996338 0.7066163003663005 0.9076999389499391 0.7069978632478634 0.901594932844933 0.7073794261294263 0.8966346153846154 0.7089056776556777 0.8989239926739928 0.7115766178266179 0.9042658730158731 0.7146291208791209 0.9096077533577535 0.7169184981684983 0.9130418192918194 0.7184447496947498 0.9172390109890111 0.7188263125763127 0.9225808913308914
0 0.5236061151079137 0.2809877098321343 0.5320368705035972 0.27742805755395683 0.5473995803357314 0.2785521582733813 0.5569544364508393 0.28417266187050366 0.548898381294964 0.28885641486810554 0.5369079736211031 0.2890437649880096 0.52435551558753 0.28398531175059955
0 0.8975740495137047 0.6022049071618037 0.8942583996463307 0.5932250221043325 0.8941202475685234 0.5754034040671971 0.8988174182139699 0.5678050397877984 0.9033764367816092 0.5698773209549072 0.905448717948718 0.5776138373121131 0.90434350132626 0.5954354553492485
