1 0.11881188118811882 0.11674917491749176 0.12376237623762378 0.10829207920792079 0.12995049504950495 0.10127887788778879 0.14026402640264027 0.10024752475247525 0.15243399339933994 0.10561056105610561 0.15882838283828385 0.11324257425742575 0.1646039603960396 0.12355610561056106 0.16831683168316833 0.1349009900990099 0.16914191419141916 0.1481023102310231 0.16625412541254125 0.1613036303630363 0.1606848184818482 0.1716171617161716 0.15614686468646866 0.17512376237623764 0.14892739273927394 0.17883663366336633 0.14026402640264027 0.17945544554455448 0.12912541254125412 0.17450495049504952 0.12004950495049506 0.16336633663366337 0.1150990099009901 0.14603960396039603 0.1153052805280528 0.13015676567656767
1 0.2163778877887789 0.0721947194719472 0.22586633663366337 0.06002475247524753 0.23927392739273928 0.051361386138613865 0.2506188118811881 0.04888613861386139 0.2601072607260726 0.052392739273927395 0.2662953795379538 0.06188118811881189 0.2671204620462046 0.07281353135313531 0.265470297029703 0.0823019801980198 0.2601072607260726 0.09034653465346534 0.24979372937293728 0.10045379537953796 0.23886138613861388 0.10478547854785479 0.22916666666666666 0.10561056105610561 0.22132838283828385 0.10127887788778879 0.2163778877887789 0.09777227722772278 0.21452145214521454 0.08849009900990099 0.21410891089108913 0.07962046204620463
1 0.24546204620462048 0.16646039603960397 0.24979372937293728 0.15594059405940594 0.2553630363036304 0.1443894389438944 0.26650165016501653 0.13098184818481848 0.27124587458745875 0.12953795379537955 0.28011551155115516 0.13015676567656767 0.2860973597359736 0.13221947194719472 0.29104785478547857 0.13613861386138615 0.2962046204620462 0.14315181518151818 0.2976485148514852 0.15222772277227722 0.29682343234323433 0.16584158415841585 0.29228547854785475 0.17821782178217824 0.28506600660066006 0.191006600660066 0.2790841584158416 0.1978135313531353 0.26794554455445546 0.2035891089108911 0.25886963696369636 0.2040016501650165 0.25123762376237624 0.19987623762376236 0.24690594059405943 0.19224422442244224 0.2452557755775578 0.17924917491749173
0 0.14067656765676567 0.1245874587458746 0.14418316831683167 0.1278877887788779 0.1443894389438944 0.1342821782178218 0.14830858085808582 0.15057755775577558 0.1499587458745875 0.15862211221122113 0.14975247524752475 0.1648102310231023 0.14583333333333334 0.1639851485148515 0.14500825082508254 0.16233498349834985 0.14624587458745875 0.15655940594059406 0.1443894389438944 0.1514026402640264 0.14170792079207922 0.14294554455445546 0.14026402640264027 0.13366336633663367
0 0.2264851485148515 0.09426567656765678 0.23308580858085812 0.08725247524752476 0.2433993399339934 0.0757013201320132 0.25 0.07013201320132013 0.25185643564356436 0.06868811881188118 0.2452557755775578 0.0818894389438944 0.23886138613861388 0.08807755775577558
0 0.2739273927392739 0.1542904290429043 0.27660891089108913 0.1499587458745875 0.27805280528052806 0.1534653465346535 0.2768151815181518 0.16274752475247525 0.27330858085808585 0.1716171617161716 0.2698019801980198 0.17863036303630364 0.2677392739273927 0.1800742574257426 0.2669141914191419 0.17553630363036304 0.2693894389438944 0.16522277227722773
1 0.05796204620462046 0.3009488448844885 0.06456270627062706 0.2860973597359736 0.07466996699669967 0.27846534653465344 0.0823019801980198 0.2770214521452145 0.09302805280528052 0.2786716171617162 0.09818481848184818 0.2856848184818482 0.10127887788778879 0.29352310231023104 0.10354785478547855 0.3063118811881188 0.10313531353135313 0.3203382838283828 0.09756600660066007 0.33395214521452143 0.08807755775577558 0.34756600660066006 0.07735148514851485 0.3523102310231023 0.07054455445544554 0.3533415841584159 0.06394389438943895 0.3502475247524753 0.05940594059405941 0.3424092409240924 0.0556930693069307 0.3283828382838284 0.05445544554455446 0.3147689768976898
1 0.14377062706270627 0.2487623762376238 0.1503712871287129 0.23473597359735973 0.15965346534653466 0.2231848184818482 0.1676980198019802 0.21926567656765678 0.17904290429042904 0.21823432343234325 0.18523102310231024 0.22091584158415845 0.19183168316831684 0.22607260726072606 0.19575082508250827 0.2332920792079208 0.1936881188118812 0.2452557755775578 0.183993399339934 0.2607260726072607 0.1747112211221122 0.2700082508250825 0.1648102310231023 0.2716584158415841 0.1542904290429043 0.27186468646864687 0.14459570957095708 0.2667079207920792 0.14273927392739275 0.26196369636963696
0 0.07632013201320133 0.3091996699669967 0.0787953795379538 0.2939356435643565 0.08044554455445545 0.29517326732673266 0.08106435643564357 0.3098184818481848 0.08023927392739275 0.3248762376237624 0.07652640264026403 0.3347772277227723 0.07446369636963697 0.3302392739273927 0.07549504950495049 0.3184818481848185
1 0.1478960396039604 0.39913366336633666 0.15614686468646866 0.38531353135313534 0.16893564356435645 0.3721122112211221 0.17986798679867988 0.3640676567656766 0.18584983498349836 0.36262376237623767 0.1943069306930693 0.36283003300330036 0.2033828382838284 0.367986798679868 0.20647689768976898 0.3756188118811881 0.2040016501650165 0.3917079207920792 0.1967821782178218 0.40449669966996704 0.1862623762376238 0.4166666666666667 0.17326732673267328 0.42326732673267325 0.1648102310231023 0.4280115511551156 0.1573844884488449 0.42698019801980197 0.14913366336633663 0.42244224422442245 0.1443894389438944 0.41542904290429045 0.14418316831683167 0.408003300330033
1 0.0917904290429043 0.5616749174917491 0.10210396039603961 0.5532178217821783 0.1150990099009901 0.5490924092409241 0.132013201320132 0.5492986798679867 0.1443894389438944 0.5521864686468647 0.1575907590759076 0.5598184818481848 0.1608910891089109 0.5664191419141915 0.1637788778877888 0.5757013201320133 0.16150990099009901 0.5820957095709571 0.15532178217821785 0.5891089108910891 0.14273927392739275 0.5913778877887789 0.1283003300330033 0.5924092409240924 0.10891089108910892 0.5903465346534653 0.09962871287128713 0.5866336633663367 0.09282178217821782 0.5806518151815182 0.08931518151815182 0.5719884488448845
0 0.10292904290429043 0.5684818481848185 0.11262376237623763 0.5664191419141915 0.11963696369636964 0.5693069306930693 0.13304455445544555 0.57240099009901 0.14294554455445546 0.5721947194719472 0.14872112211221122 0.5732260726072608 0.14913366336633663 0.5732260726072608 0.1419141914191419 0.5761138613861386 0.128506600660066 0.5757013201320133 0.1183993399339934 0.5746699669966997 0.11097359735973597 0.5726072607260727
1 0.07673267326732675 0.6716171617161717 0.08003300330033003 0.664397689768977 0.08931518151815182 0.6571782178217822 0.10664191419141915 0.6547029702970296 0.12252475247524752 0.6555280528052806 0.13386963696369636 0.6610973597359736 0.13716996699669967 0.6668729372937293 0.13882013201320131 0.6728547854785478 0.13882013201320131 0.6788366336633663 0.1344884488448845 0.6856435643564357 0.1280940594059406 0.6918316831683169 0.11592409240924093 0.6967821782178218 0.10189768976897691 0.6980198019801981 0.08683993399339934 0.6957508250825082 0.07982673267326733 0.6885313531353136 0.07693894389438945 0.682549504950495
1 0.20235148514851486 0.6452145214521452 0.20565181518151818 0.6400577557755776 0.2136963696369637 0.6353135313531354 0.2227722772277228 0.6338696369636964 0.23308580858085812 0.6400577557755776 0.23906765676567657 0.650371287128713 0.24422442244224424 0.6608910891089109 0.24628712871287128 0.6751237623762376 0.24628712871287128 0.6844059405940595 0.24236798679867988 0.692450495049505 0.23844884488448848 0.6990511551155116 0.23287953795379537 0.7040016501650166 0.22483498349834985 0.7054455445544555 0.21452145214521454 0.7023514851485149 0.20874587458745875 0.6969884488448845 0.2033828382838284 0.6875 0.19843234323432346 0.6699669966996701 0.19946369636963696 0.6522277227722773
1 0.00041254125412541255 0.6891501650165016 0.004331683168316832 0.6829620462046205 0.014438943894389438 0.6804867986798679 0.026196369636963698 0.6850247524752475 0.03197194719471948 0.6930693069306931 0.037747524752475246 0.7054455445544555 0.04104785478547855 0.7174092409240925 0.04104785478547855 0.7304042904290429 0.039603960396039604 0.7403052805280529 0.035684818481848186 0.7473184818481848 0.030734323432343235 0.7516501650165016 0.019183168316831686 0.752887788778878 0.010313531353135313 0.7477310231023103 0.003506600660066007 0.7390676567656767 0.00041254125412541255 0.7322607260726073
0 0.21617161716171618 0.6563531353135315 0.21905940594059406 0.6565594059405941 0.2202970297029703 0.6674917491749175 0.22174092409240925 0.6808993399339934 0.22174092409240925 0.6860561056105611 0.21885313531353134 0.679042904290429 0.21658415841584158 0.6695544554455446 0.21617161716171618 0.6625412541254126
1 0.06064356435643565 0.7860973597359736 0.06745049504950495 0.7735148514851485 0.07735148514851485 0.764026402640264 0.08477722772277228 0.7601072607260727 0.09447194719471948 0.75990099009901 0.10396039603960397 0.7662953795379539 0.10581683168316831 0.7733085808580858 0.10561056105610561 0.7832095709570958 0.09777227722772278 0.7999174917491749 0.09261551155115512 0.8054867986798679 0.0820957095709571 0.8131188118811881 0.07549504950495049 0.816006600660066 0.0655940594059406 0.8133250825082509 0.06105610561056106 0.8036303630363036 0.05899339933993399 0.7951732673267328
1 0.19121287128712872 0.7871287128712872 0.1938943894389439 0.7745462046204621 0.20028877887788782 0.7627887788778878 0.20668316831683167 0.7578382838283828 0.21658415841584158 0.7594884488448845 0.2273102310231023 0.7662953795379539 0.2297854785478548 0.7747524752475248 0.23102310231023102 0.7863036303630363 0.22999174917491752 0.8017739273927393 0.22834158415841585 0.8106435643564357 0.22751650165016502 0.8143564356435644 0.22442244224422445 0.8205445544554455 0.21802805280528054 0.8232260726072608 0.20750825082508254 0.8228135313531354 0.20132013201320131 0.8191006600660066 0.1938943894389439 0.8108498349834984 0.1908003300330033 0.8009488448844885
0 0.2103960396039604 0.7790841584158416 0.21204620462046203 0.7817656765676568 0.21349009900990099 0.7957920792079208 0.21493399339933994 0.8030115511551156 0.21142739273927394 0.7976485148514851 0.20977722772277227 0.790016501650165 0.20915841584158418 0.7840346534653465
1 0.07652640264026403 0.8558168316831682 0.08250825082508251 0.8438531353135315 0.09323432343234324 0.837871287128713 0.10767326732673267 0.8380775577557756 0.11922442244224424 0.8438531353135315 0.12603135313531352 0.8514851485148516 0.13036303630363036 0.8640676567656767 0.13056930693069307 0.8760313531353136 0.1280940594059406 0.8904702970297029 0.12273102310231024 0.9016089108910891 0.1148927392739274 0.9080033003300331 0.10313531353135313 0.9082095709570958 0.09096534653465346 0.9047029702970298 0.08250825082508251 0.8948019801980198 0.07714521452145215 0.8842821782178218 0.07528877887788779 0.8700495049504952
1 0.17594884488448848 0.9372937293729373 0.18151815181518152 0.9280115511551156 0.191006600660066 0.9156353135313532 0.20214521452145215 0.9063531353135315 0.21080858085808582 0.903052805280528 0.22566006600660066 0.9007838283828383 0.23638613861386137 0.9051155115511552 0.2431930693069307 0.91233498349835 0.24814356435643564 0.9209983498349835 0.2460808580858086 0.9331683168316832 0.24030528052805283 0.9422442244224423 0.22999174917491752 0.9527640264026402 0.20957095709570958 0.9624587458745875 0.1969884488448845 0.9622524752475248 0.18770627062706272 0.9591584158415841 0.17966171617161716 0.9535891089108912 0.17677392739273928 0.9463696369636965
1 0.3065181518151815 0.9744224422442245 0.3131188118811881 0.9667904290429044 0.3240511551155116 0.9585396039603961 0.3372524752475247 0.9513201320132013 0.3512788778877888 0.9498762376237624 0.3642739273927393 0.9521452145214522 0.3702557755775578 0.9573019801980198 0.37149339933993397 0.9659653465346535 0.36695544554455445 0.9766914191419143 0.3549917491749175 0.9857673267326733 0.33972772277227725 0.9933993399339934 0.32673267326732675 0.997937293729373 0.3133250825082508 0.9971122112211221 0.30672442244224424 0.9905115511551156 0.3046617161716172 0.9839108910891089
1 0.28733498349834985 0.5185643564356436 0.2939356435643565 0.5057755775577558 0.3030115511551155 0.49195544554455445 0.317450495049505 0.4861798679867987 0.3283828382838284 0.4882425742574258 0.3331270627062706 0.4952557755775578 0.33498349834983504 0.5082508250825083 0.3345709570957096 0.5171204620462047 0.32900165016501653 0.5284653465346535 0.3213696369636964 0.5371287128712872 0.3122937293729373 0.5439356435643564 0.2997112211221122 0.5449669966996701 0.29207920792079206 0.5424917491749175 0.28754125412541254 0.5358910891089109 0.2858910891089109 0.5297029702970297
1 0.3805693069306931 0.4606023102310231 0.3849009900990099 0.4566831683168317 0.3943894389438944 0.45400165016501653 0.40738448844884495 0.4533828382838284 0.4207920792079208 0.45709570957095713 0.43234323432343236 0.4626650165016502 0.4405940594059406 0.470503300330033 0.4436881188118812 0.47772277227722776 0.4428630363036304 0.48865511551155116 0.438943894389439 0.49566831683168316 0.4313118811881188 0.4991749174917492 0.4141914191419142 0.4975247524752476 0.4011963696369637 0.4931930693069307 0.3896452145214521 0.48659240924092406 0.3778877887788779 0.4791666666666667 0.37603135313531355 0.47070957095709576
1 0.27413366336633666 0.34653465346534656 0.28197194719471946 0.331476897689769 0.2953795379537954 0.3193069306930693 0.3083745874587459 0.3125 0.3166254125412541 0.3100247524752475 0.32673267326732675 0.3108498349834984 0.33374587458745875 0.31435643564356436 0.34220297029702973 0.31992574257425743 0.34509075907590764 0.3248762376237624 0.34777227722772275 0.33518976897689773 0.34694719471947194 0.34735973597359737 0.34014026402640263 0.35684818481848185 0.3281765676567657 0.3642739273927393 0.3158003300330033 0.3700495049504951 0.3063118811881188 0.3723184818481848 0.29723597359735976 0.37376237623762376 0.2898102310231023 0.3725247524752476 0.28114686468646866 0.3655115511551155 0.27537128712871284 0.35622937293729373
0 0.28733498349834985 0.3564356435643565 0.2924917491749175 0.35004125412541254 0.3052805280528053 0.3417904290429043 0.3155940594059406 0.3345709570957096 0.3246699669966997 0.3285891089108911 0.3240511551155116 0.331476897689769 0.3178630363036304 0.33601485148514854 0.31023102310231027 0.34014026402640263 0.3017739273927393 0.34653465346534656 0.2957920792079208 0.35210396039603964 0.29125412541254125 0.35581683168316836
1 0.45853960396039606 0.22132838283828385 0.46514026402640263 0.21349009900990099 0.4804042904290429 0.21122112211221122 0.4960808580858086 0.2194719471947195 0.508457095709571 0.23081683168316833 0.5125825082508251 0.23865511551155116 0.5138201320132013 0.246493399339934 0.5132013201320133 0.2545379537953795 0.5066006600660066 0.26340759075907594 0.4966996699669967 0.265470297029703 0.4814356435643565 0.26134488448844884 0.46802805280528054 0.25082508250825086 0.45874587458745875 0.24092409240924093 0.4568894389438944 0.2341171617161716
0 0.4713283828382838 0.22400990099009901 0.4814356435643565 0.23081683168316833 0.49113036303630364 0.23948019801980197 0.4950495049504951 0.24546204620462048 0.4882425742574258 0.242986798679868 0.47978547854785475 0.23741749174917492 0.47421617161716173 0.23164191419141916
1 0.4958745874587459 0.03135313531353136 0.5080445544554456 0.025783828382838284 0.5187706270627063 0.025783828382838284 0.5292904290429044 0.030734323432343235 0.5402227722772277 0.04764851485148515 0.5447607260726073 0.05858085808580858 0.5490924092409241 0.07136963696369637 0.5488861386138614 0.08065181518151815 0.5466171617161717 0.08642739273927394 0.5406353135313532 0.09323432343234324 0.5313531353135313 0.09591584158415842 0.5177392739273927 0.09117161716171616 0.5068069306930693 0.0818894389438944 0.49958745874587457 0.07240099009900991 0.4933993399339934 0.05878712871287129 0.49257425742574257 0.0429042904290429
0 0.5115511551155116 0.05053630363036304 0.5138201320132013 0.04744224422442245 0.5171204620462047 0.04847359735973598 0.5233085808580858 0.06043729372937294 0.5305280528052806 0.07260726072607261 0.5307343234323433 0.07817656765676567 0.5255775577557756 0.07735148514851485 0.5193894389438944 0.06951320132013201 0.5167079207920792 0.06415016501650166
1 0.3075495049504951 0.0010313531353135313 0.3572607260726073 0.00041254125412541255 0.36365511551155116 0.009075907590759076 0.3677805280528053 0.017533003300330034 0.369430693069307 0.025783828382838284 0.3686056105610561 0.036716171617161716 0.36674917491749176 0.04352310231023102 0.362417491749175 0.049711221122112216 0.35313531353135313 0.053424092409240925 0.34364686468646866 0.053630363036303634 0.33395214521452143 0.04991749174917492 0.3254950495049505 0.04352310231023102 0.3166254125412541 0.03424092409240924 0.31023102310231027 0.019801980198019802 0.30734323432343236 0.009900990099009901
0 0.3273514851485148 0.00020627062706270627 0.33085808580858084 0.001443894389438944 0.33580858085808585 0.011551155115511552 0.33910891089108913 0.017326732673267328 0.34591584158415845 0.025990099009900992 0.35045379537953797 0.03155940594059406 0.35086633663366334 0.03341584158415842 0.34612211221122113 0.03320957095709571 0.34385313531353134 0.029702970297029705 0.3382838283828383 0.02165841584158416 0.33395214521452143 0.015264026402640265 0.32982673267326734 0.005156765676567657
1 0.6297442244224423 0.04146039603960396 0.6307755775577558 0.03217821782178218 0.6351072607260727 0.02268976897689769 0.6452145214521452 0.013613861386138616 0.6571782178217822 0.007219471947194719 0.6728547854785478 0.005775577557755776 0.6806930693069307 0.009282178217821783 0.6885313531353136 0.02042079207920792 0.6897689768976899 0.02660891089108911 0.6856435643564357 0.036716171617161716 0.6788366336633663 0.04496699669966997 0.6730610561056106 0.05115511551155116 0.6633663366336634 0.06023102310231023 0.6542904290429042 0.06683168316831684 0.6491336633663367 0.06683168316831684 0.6415016501650166 0.06497524752475248 0.6357260726072608 0.06064356435643565 0.6324257425742574 0.05734323432343234 0.6295379537953796 0.04991749174917492
0 0.6431518151815182 0.051980198019801985 0.6476897689768977 0.04414191419141914 0.6596534653465347 0.03135313531353136 0.6676980198019802 0.028877887788778877 0.6674917491749175 0.03217821782178218 0.6617161716171617 0.037953795379537955 0.6547029702970296 0.04331683168316832 0.650990099009901 0.04806105610561056 0.647483498349835 0.051980198019801985
1 0.8007425742574258 0.0 0.8512788778877888 0.0 0.8492161716171618 0.005363036303630363 0.8457095709570958 0.012995049504950496 0.8362211221122113 0.02660891089108911 0.8298267326732673 0.03259075907590759 0.8197194719471947 0.036922442244224425 0.8073432343234324 0.035891089108910895 0.7988861386138614 0.03052805280528053 0.7945544554455446 0.02268976897689769 0.7959983498349835 0.010932343234323433
0 0.8257013201320133 0.00020627062706270627 0.8329207920792079 0.0006188118811881188 0.8277640264026402 0.008663366336633664 0.8226072607260727 0.013201320132013201 0.8145627062706271 0.01938943894389439 0.8091996699669968 0.024546204620462045 0.8079620462046205 0.02207095709570957 0.8091996699669968 0.017533003300330034 0.8145627062706271 0.01175742574257426 0.8197194719471947 0.007219471947194719
1 0.6757425742574258 0.1549092409240924 0.6811056105610561 0.14356435643564358 0.691006600660066 0.13613861386138615 0.7060643564356436 0.13036303630363036 0.7213283828382838 0.12891914191419143 0.7291666666666666 0.1311881188118812 0.7370049504950494 0.13634488448844886 0.7398927392739274 0.14418316831683167 0.7398927392739274 0.15181518151815182 0.7357673267326733 0.15985973597359734 0.7262788778877888 0.16749174917491752 0.715552805280528 0.17326732673267328 0.7013201320132013 0.17636138613861388 0.6897689768976899 0.17656765676567657 0.6817244224422442 0.17264851485148516 0.6767739273927393 0.16542904290429042 0.6751237623762376 0.1604785478547855
1 0.6967821782178218 0.24546204620462048 0.704414191419142 0.23184818481848185 0.7147277227722773 0.22194719471947194 0.7252475247524753 0.21802805280528054 0.7372112211221122 0.22091584158415845 0.741542904290429 0.2266914191419142 0.7436056105610561 0.23102310231023102 0.741542904290429 0.24381188118811883 0.7332920792079208 0.258457095709571 0.7258663366336634 0.2700082508250825 0.7174092409240925 0.27516501650165015 0.7081270627062707 0.2770214521452145 0.6996699669966997 0.27351485148514854 0.6953382838283828 0.2652640264026403 0.6953382838283828 0.25515676567656764
1 0.8287953795379539 0.1643976897689769 0.8333333333333334 0.1575907590759076 0.8459158415841584 0.15284653465346534 0.8562293729372938 0.15325907590759075 0.8710808580858086 0.1610973597359736 0.8828382838283828 0.17656765676567657 0.8886138613861386 0.1908003300330033 0.8892326732673267 0.20008250825082508 0.8884075907590759 0.20853960396039603 0.8820132013201321 0.21472772277227722 0.8745874587458746 0.21844059405940594 0.8700495049504952 0.22091584158415845 0.8566419141914192 0.2207095709570957 0.8467409240924092 0.21349009900990099 0.8391089108910891 0.20462046204620463 0.8316831683168318 0.194513201320132 0.8273514851485149 0.18275577557755776 0.8254950495049506 0.16976072607260725
0 0.8413778877887789 0.16831683168316833 0.8438531353135315 0.1676980198019802 0.8496287128712872 0.17553630363036304 0.8578795379537955 0.18523102310231024 0.8648927392739274 0.1943069306930693 0.8706683168316832 0.19822607260726072 0.875 0.2035891089108911 0.8735561056105611 0.20874587458745875 0.8661303630363036 0.20317656765676567 0.8591171617161717 0.19533828382838286 0.8541666666666666 0.1879125412541254 0.8516914191419143 0.18502475247524755 0.8471534653465347 0.1806930693069307 0.8430280528052806 0.17285478547854788
1 0.04001010781671159 0.08198562443845463 0.045485175202156336 0.07187780772686432 0.05292565139263252 0.06429694519317161 0.06359501347708894 0.05348719676549865 0.07608939802336029 0.05039869721473495 0.08212601078167117 0.05278526504941599 0.08900494159928123 0.057558400718778074 0.09026841868823002 0.06345462713387243 0.09082996406109614 0.07314128481581311 0.08816262353998203 0.0818452380952381 0.08296832884097036 0.09054919137466307 0.07117587601078167 0.09883198562443846 0.06064690026954178 0.10388589398023361 0.052644878706199466 0.103464734950584 0.04702942497753818 0.1016397124887691 0.042256289308176105 0.09827044025157233 0.03972933513027853 0.092374213836478
1 0.5387788778877888 0.33910891089108913 0.5478547854785478 0.32301980198019803 0.5565181518151815 0.3118811881188119 0.571575907590759 0.30218646864686466 0.5825082508250825 0.30012376237623767 0.5903465346534653 0.3025990099009901 0.599009900990099 0.3098184818481848 0.6014851485148516 0.3164191419141914 0.6012788778877888 0.3292079207920792 0.5971534653465347 0.3411716171617162 0.5860148514851485 0.3564356435643565 0.5775577557755776 0.3648927392739274 0.5730198019801981 0.3683993399339934 0.5627062706270627 0.3716996699669967 0.5470297029702971 0.3702557755775578 0.5396039603960396 0.3640676567656766 0.5352722772277227 0.35519801980198024 0.5356848184818481 0.3452970297029703
0 0.5528052805280529 0.3512788778877888 0.557549504950495 0.3485973597359736 0.5684818481848185 0.33374587458745875 0.5767326732673267 0.3246699669966997 0.581476897689769 0.31683168316831684 0.5853960396039604 0.3137376237623763 0.5802392739273928 0.32425742574257427 0.5757013201320133 0.3312706270627063 0.5672442244224423 0.34282178217821785 0.5608498349834984 0.34921617161716173 0.5571369636963696 0.35354785478547857 0.5544554455445545 0.35375412541254125
1 0.6899752475247526 0.3543729372937294 0.6951320132013201 0.34962871287128716 0.7029702970297029 0.35066006600660066 0.7147277227722773 0.35478547854785475 0.7227722772277227 0.3634488448844885 0.7291666666666666 0.3756188118811881 0.7291666666666666 0.386963696369637 0.7273102310231023 0.40140264026402644 0.724009900990099 0.41130363036303635 0.718440594059406 0.42141089108910895 0.712871287128713 0.4259488448844885 0.7029702970297029 0.42533003300330036 0.6951320132013201 0.42306105610561057 0.6887376237623762 0.41604785478547857 0.6833745874587459 0.40222772277227725 0.6813118811881188 0.39232673267326734 0.6815181518151815 0.3747937293729373 0.6858498349834984 0.36056105610561057
0 0.7004950495049506 0.37458745874587457 0.7035891089108912 0.36592409240924095 0.7066831683168318 0.37376237623762376 0.7066831683168318 0.390470297029703 0.7066831683168318 0.4038778877887789 0.704414191419142 0.4127475247524753 0.7002887788778878 0.39954620462046203 0.7007013201320133 0.3917079207920792
1 0.7751650165016503 0.3038366336633664 0.7869224422442245 0.2997112211221122 0.8001237623762376 0.2955858085808581 0.8112623762376238 0.2947607260726073 0.8197194719471947 0.29806105610561057 0.8263201320132013 0.305486798679868 0.8300330033003301 0.3118811881188119 0.8279702970297029 0.3205445544554456 0.8217821782178218 0.3275577557755776 0.8114686468646864 0.33271452145214525 0.8030115511551156 0.3353960396039604 0.7860973597359736 0.33663366336633666 0.7761963696369637 0.3356023102310231 0.7673267326732673 0.3310643564356436 0.7636138613861386 0.3226072607260726 0.7642326732673267 0.31291254125412543 0.7702145214521452 0.3063118811881188
0 0.7761963696369637 0.3201320132013201 0.7805280528052806 0.3182755775577558 0.7945544554455446 0.31683168316831684 0.8056930693069307 0.3147689768976898 0.8073432343234324 0.3137376237623763 0.8007425742574258 0.3191006600660066 0.7902227722772277 0.3207508250825083 0.7813531353135315 0.3221947194719472
1 0.7825907590759076 0.408003300330033 0.7916666666666666 0.3882013201320132 0.7982673267326733 0.3807755775577558 0.8081683168316832 0.3774752475247525 0.8166254125412542 0.3756188118811881 0.8238448844884488 0.3795379537953796 0.8290016501650166 0.3877887788778878 0.8296204620462047 0.39913366336633666 0.8279702970297029 0.4137788778877888 0.820957095709571 0.4267739273927393 0.8143564356435644 0.43523102310231027 0.8044554455445545 0.43915016501650167 0.7966171617161717 0.44100660066006603 0.7889851485148516 0.4377062706270627 0.7830033003300331 0.4337871287128713 0.7794966996699669 0.42698019801980197 0.7792904290429042 0.41769801980198024
1 0.5944719471947195 0.4985561056105611 0.6016914191419143 0.48783003300330036 0.6132425742574257 0.47710396039603964 0.6256188118811881 0.4702970297029703 0.639026402640264 0.46617161716171623 0.6493399339933994 0.46596534653465344 0.6617161716171617 0.4713283828382838 0.6693481848184819 0.4766914191419142 0.6730610561056106 0.48246699669966997 0.6722359735973598 0.4905115511551156 0.6709983498349835 0.4966996699669967 0.6646039603960396 0.5082508250825083 0.6577970297029704 0.5158828382838284 0.6452145214521452 0.5249587458745875 0.6344884488448845 0.5301155115511551 0.6256188118811881 0.5336221122112211 0.6103547854785478 0.5334158415841584 0.599009900990099 0.528052805280528 0.5950907590759076 0.522483498349835 0.5913778877887789 0.5144389438943894 0.5917904290429042 0.5053630363036304
0 0.6066419141914192 0.5136138613861386 0.6192244224422442 0.503506600660066 0.6344884488448845 0.494430693069307 0.650371287128713 0.48659240924092406 0.6549092409240925 0.4853547854785479 0.6571782178217822 0.48721122112211224 0.6501650165016503 0.49257425742574257 0.6365511551155116 0.4985561056105611 0.6283003300330033 0.5022689768976898 0.6196369636963696 0.5086633663366337 0.6136551155115513 0.5146452145214522
1 0.636963696369637 0.6196369636963696 0.6400577557755776 0.614480198019802 0.6443894389438944 0.6113861386138614 0.648927392739274 0.6095297029702971 0.6538778877887789 0.6089108910891089 0.6635726072607261 0.6128300330033003 0.6716171617161717 0.6221122112211221 0.6782178217821783 0.6322194719471947 0.6835808580858086 0.6456270627062707 0.6848184818481848 0.6520214521452146 0.6835808580858086 0.6660478547854786 0.6811056105610561 0.6740924092409241 0.6730610561056106 0.6800742574257426 0.6648102310231023 0.6827557755775578 0.6544966996699669 0.6792491749174918 0.6466584158415841 0.6728547854785478 0.6382013201320133 0.6586221122112211 0.6336633663366337 0.6460396039603961 0.633457095709571 0.6332508250825082
0 0.6520214521452146 0.6190181518151815 0.6563531353135315 0.6243811881188119 0.6582095709570958 0.6359323432343235 0.6613036303630363 0.650990099009901 0.6627475247524753 0.6549092409240925 0.6610973597359736 0.6621287128712872 0.6588283828382838 0.6588283828382838 0.6575907590759076 0.6493399339933994 0.6538778877887789 0.6357260726072608 0.6524339933993399 0.6239686468646864
1 0.5047442244224423 0.8572607260726073 0.5080445544554456 0.8471534653465347 0.515470297029703 0.8395214521452146 0.5214521452145214 0.836427392739274 0.5290841584158417 0.8345709570957095 0.5369224422442244 0.837871287128713 0.5453795379537955 0.8461221122112211 0.5501237623762376 0.8527227722772277 0.553424092409241 0.8663366336633663 0.5538366336633663 0.8774752475247526 0.5509488448844885 0.8894389438943894 0.5466171617161717 0.8991336633663367 0.5404290429042905 0.9075907590759076 0.5321782178217822 0.9108910891089109 0.5241336633663366 0.9106848184818481 0.5158828382838284 0.9084158415841584 0.5123762376237624 0.9049092409240925 0.5074257425742574 0.8960396039603961 0.5041254125412541 0.883457095709571 0.5030940594059407 0.8712871287128714
0 0.5220709570957096 0.8667491749174918 0.5245462046204621 0.8521039603960396 0.5261963696369637 0.8543729372937293 0.5276402640264026 0.8669554455445545 0.5286716171617162 0.8766501650165016 0.5288778877887789 0.8861386138613861 0.5276402640264026 0.8902640264026402 0.5255775577557756 0.8888201320132013 0.5245462046204621 0.8846947194719472 0.5245462046204621 0.8766501650165016
1 0.6322194719471947 0.8475660066006601 0.6400577557755776 0.8417904290429042 0.6518151815181519 0.8401402640264026 0.6619224422442245 0.8415841584158416 0.6714108910891089 0.8440594059405941 0.6833745874587459 0.8506600660066007 0.690387788778878 0.8576732673267328 0.6945132013201321 0.8624174917491749 0.6961633663366337 0.8710808580858086 0.6947194719471947 0.878506600660066 0.6918316831683169 0.8838696369636965 0.6815181518151815 0.8882013201320133 0.6648102310231023 0.8910891089108912 0.650371287128713 0.8902640264026402 0.6431518151815182 0.8879950495049506 0.6377887788778878 0.8851072607260727 0.6313943894389439 0.8787128712871287 0.6274752475247526 0.8696369636963696 0.6268564356435643 0.8593234323432344 0.6293316831683169 0.8531353135313532
1 0.7405115511551156 0.8859323432343235 0.7458745874587459 0.877887788778878 0.7553630363036304 0.8745874587458746 0.7675330033003301 0.8725247524752475 0.7743399339933994 0.8733498349834984 0.7858910891089109 0.8758250825082509 0.7957920792079208 0.8820132013201321 0.8048679867986799 0.8900577557755776 0.8075495049504952 0.8954207920792079 0.8081683168316832 0.9042904290429042 0.8065181518151815 0.9117161716171618 0.8001237623762376 0.9172854785478548 0.7943481848184819 0.9187293729372938 0.7817656765676568 0.9201732673267328 0.7675330033003301 0.9187293729372938 0.7547442244224423 0.915016501650165 0.747937293729373 0.909447194719472 0.740924092409241 0.9016089108910891 0.739480198019802 0.8935643564356436
1 0.8906765676567657 0.9298679867986799 0.8954207920792079 0.9158415841584159 0.9001650165016503 0.9110973597359736 0.9073844884488449 0.9067656765676568 0.9162541254125413 0.9069719471947195 0.9240924092409241 0.9119224422442245 0.9278052805280529 0.9191419141914192 0.9304867986798679 0.9306930693069307 0.9319306930693069 0.9379125412541254 0.9317244224422442 0.9490511551155116 0.9288366336633663 0.9599834983498351 0.9226485148514851 0.9711221122112211 0.9137788778877888 0.9742161716171618 0.9075907590759076 0.9740099009900991 0.8997524752475248 0.966996699669967 0.8948019801980198 0.9593646864686468 0.891914191419142 0.9511138613861386 0.8904702970297029 0.9401815181518153
1 0.7374174917491749 0.8085808580858086 0.7475247524752475 0.7920792079207921 0.7605198019801981 0.7805280528052806 0.7728960396039605 0.7749587458745875 0.7830033003300331 0.7751650165016503 0.7935231023102312 0.7817656765676568 0.7982673267326733 0.7916666666666666 0.798473597359736 0.8001237623762376 0.7922854785478548 0.8129125412541254 0.7807343234323433 0.8259075907590759 0.7702145214521452 0.8339521452145214 0.764026402640264 0.837871287128713 0.752887788778878 0.837871287128713 0.7407178217821783 0.8327145214521452 0.7365924092409241 0.8271452145214522 0.7367986798679867 0.815387788778878
1 0.8888201320132013 0.7924917491749175 0.8931518151815182 0.7821782178217822 0.9082095709570958 0.7714521452145214 0.9201732673267328 0.7671204620462047 0.9288366336633663 0.7660891089108912 0.9405940594059407 0.7671204620462047 0.9496699669966997 0.7720709570957095 0.9556518151815182 0.7794966996699669 0.9535891089108912 0.7891914191419143 0.9482260726072608 0.7966171617161717 0.9397689768976899 0.8036303630363036 0.9267739273927393 0.8120874587458746 0.91233498349835 0.8147689768976899 0.9024339933993399 0.8122937293729373 0.8933580858085809 0.8067244224422442 0.8894389438943894 0.8030115511551156 0.8875825082508251 0.7976485148514851
0 0.7572194719471947 0.8164191419141915 0.7665016501650166 0.8054867986798679 0.7718646864686468 0.7992986798679867 0.7764026402640264 0.7935231023102312 0.7726897689768977 0.8044554455445545 0.7681518151815182 0.8112623762376238 0.7634075907590759 0.8178630363036304 0.75990099009901 0.8213696369636965 0.7543316831683169 0.8234323432343235
1 0.8230198019801982 0.7066831683168318 0.8277640264026404 0.7000825082508251 0.8405528052805281 0.6961633663366337 0.8492161716171619 0.6978135313531354 0.8591171617161718 0.701526402640264 0.8677805280528054 0.7060643564356436 0.876443894389439 0.7130775577557756 0.8816006600660067 0.7192656765676568 0.8822194719471949 0.7291666666666666 0.8776815181518154 0.738861386138614 0.86736798679868 0.7427805280528053 0.8574669966996702 0.741542904290429 0.8450907590759077 0.7392739273927393 0.8364273927392741 0.7337046204620462 0.828795379537954 0.725453795379538 0.8234323432343236 0.718440594059406 0.8215759075907593 0.7139026402640264
1 0.8537541254125413 0.5901402640264026 0.8605610561056106 0.5810643564356436 0.8739686468646864 0.5775577557755776 0.8904702970297029 0.5810643564356436 0.903052805280528 0.5911716171617162 0.9148102310231023 0.6045792079207921 0.9222359735973598 0.6227310231023103 0.9197607260726073 0.6365511551155116 0.915016501650165 0.6431518151815182 0.9034653465346535 0.6456270627062707 0.8976897689768978 0.6452145214521452 0.8906765676567657 0.6443894389438944 0.8805693069306931 0.6377887788778878 0.8727310231023103 0.6316006600660066 0.8653052805280529 0.622937293729373 0.8593234323432344 0.6136551155115513 0.8547854785478548 0.6045792079207921 0.8531353135313532 0.5971534653465347
1 0.956476897689769 0.5165016501650165 0.9636963696369637 0.5121699669966997 0.9762788778877888 0.5121699669966997 0.9874174917491749 0.51753300330033 0.9960808580858086 0.5245462046204621 0.9989583333333333 0.5270639954620462 0.9989583333333333 0.5635313531353136 0.9929867986798679 0.5631188118811881 0.9843234323432344 0.5610561056105611 0.9729785478547854 0.5552805280528053 0.9636963696369637 0.5478547854785478 0.9566831683168318 0.5412541254125413 0.951526402640264 0.5325907590759076 0.9521452145214522 0.5237211221122112
0 0.8688118811881188 0.5901402640264026 0.8772689768976899 0.5948844884488449 0.8857260726072608 0.6056105610561056 0.8929455445544555 0.6161303630363036 0.8995462046204621 0.6252062706270627 0.9026402640264026 0.6322194719471947 0.8933580858085809 0.6260313531353136 0.8879950495049506 0.6208745874587459 0.8822194719471947 0.6122112211221122 0.8789191419141915 0.6064356435643565 0.8747937293729373 0.6027227722772277 0.8710808580858086 0.5977722772277227
0 0.9651402640264026 0.525371287128713 0.9738036303630364 0.5325907590759076 0.9820544554455446 0.5387788778877888 0.9837046204620462 0.5431105610561056 0.9762788778877888 0.5385726072607261 0.9698844884488449 0.5342409240924092 0.966996699669967 0.5297029702970297
1 0.9323432343234325 0.33065181518151815 0.9441006600660066 0.32384488448844884 0.9618399339933994 0.31992574257425743 0.9787541254125413 0.3203382838283828 0.9892739273927393 0.32508250825082513 0.9964933993399341 0.32982673267326734 0.9983498349834984 0.3353960396039604 0.9964933993399341 0.34694719471947194 0.9931930693069307 0.35396039603960394 0.9808168316831684 0.35994224422442245 0.9682343234323433 0.3640676567656766 0.9507013201320133 0.3642739273927393 0.9346122112211221 0.3601485148514852 0.928424092409241 0.35313531353135313 0.9259488448844885 0.34570957095709576 0.926980198019802 0.3378712871287129
1 0.9570957095709571 0.2297854785478548 0.9608085808580858 0.2174092409240924 0.9667904290429044 0.20606435643564358 0.975453795379538 0.19905115511551155 0.9834983498349835 0.19533828382838286 0.9923679867986799 0.19616336633663367 0.9989583333333333 0.19925259127475245 0.9985561056105611 0.268976897689769 0.9942244224422442 0.2722772277227723 0.9874174917491749 0.27413366336633666 0.9810231023102312 0.27433993399339934 0.9694719471947195 0.2706270627062706 0.9647277227722773 0.2662953795379538 0.9601897689768978 0.25495049504950495 0.9558580858085809 0.23927392739273928
0 0.9851485148514851 0.20895214521452146 0.9898927392739274 0.21905940594059406 0.9876237623762377 0.2273102310231023 0.9855610561056106 0.23494224422442248 0.9832920792079208 0.24938118811881188 0.9808168316831684 0.2566006600660066 0.9791666666666666 0.24979372937293728 0.9808168316831684 0.24154290429042904 0.9824669966996701 0.22896039603960397 0.9841171617161717 0.2172029702970297
1 0.9552392739273928 0.040429042904290426 0.961427392739274 0.03547854785478548 0.968440594059406 0.03341584158415842 0.9756600660066007 0.0327970297029703 0.9872112211221122 0.03527227722772277 0.9960808580858086 0.0393976897689769 0.9989583333333333 0.04065658518976897 0.9983498349834984 0.08044554455445545 0.9907178217821783 0.07941419141914192 0.9779290429042905 0.07693894389438945 0.9641089108910891 0.07075082508250825 0.9560643564356436 0.06394389438943895 0.9527640264026402 0.05693069306930693 0.9521452145214522 0.04744224422442245
1 0.5692074678536103 0.7515764094955489 0.5727621167161226 0.7466308110781404 0.5789441147378832 0.7436943620178041 0.5891444114737883 0.74353981206726 0.6013538575667655 0.7480217606330366 0.6126360039564787 0.7557492581602374 0.6226817507418397 0.7678041543026706 0.6294819485657764 0.7787772007912958 0.6322638476755688 0.7875865479723047 0.6299455984174085 0.7968595450049456 0.6246909000989119 0.8022687932739861 0.6160361028684471 0.8062870919881305 0.6098541048466865 0.8056688921859545 0.5998083580613254 0.8025778931750742 0.5937809099901088 0.7985595944609297 0.5857443125618199 0.7909866468842729 0.5800259643916913 0.7841864490603362 0.5752349159248269 0.7769226013847674 0.5705984174085064 0.7693496538081107 0.5685892680514343 0.7600766567754698
0 0.5843533630069239 0.7600766567754698 0.5976446587537091 0.7674950544015825 0.6050630563798219 0.7742952522255192 0.6104723046488625 0.7810954500494559 0.6166543026706232 0.7906775469831849 0.6178907022749752 0.7928412462908011 0.6098541048466865 0.7880501978239367 0.6056812561819981 0.782640949554896 0.6004265578635015 0.7746043521266073 0.596562809099901 0.7698133036597429 0.5896080613254203 0.7662586547972304
