1 0.8680555555555555 0.48418209876543206 0.8672839506172838 0.48186728395061723 0.8653549382716048 0.4718364197530864 0.8657407407407407 0.46874999999999994 0.8661265432098765 0.46566358024691357 0.8676697530864197 0.46141975308641975 0.8688271604938271 0.45794753086419754 0.8703703703703703 0.4544753086419753 0.8722993827160493 0.45023148148148145 0.875 0.4448302469135802 0.8777006172839505 0.4402006172839506 0.8811728395061728 0.43441358024691357 0.8854166666666666 0.42862654320987653 0.8896604938271604 0.4232253086419753 0.8996913580246914 0.41820987654320985 0.9058641975308641 0.4166666666666667 0.9135802469135802 0.415895061728395 0.9205246913580247 0.415895061728395 0.9286265432098765 0.415895061728395 0.9347993827160493 0.415895061728395 0.9398148148148148 0.41782407407407407 0.9448302469135802 0.42052469135802467 0.9483024691358024 0.4243827160493827 0.9510030864197531 0.42862654320987653 0.9540895061728395 0.43402777777777773 0.9564043209876542 0.439429012345679 0.9579475308641975 0.4459876543209876 0.958719135802469 0.45216049382716045 0.958719135802469 0.4591049382716049 0.9560185185185185 0.46836419753086417 0.9529320987654321 0.47453703703703703 0.9494598765432098 0.47993827160493824 0.9452160493827161 0.4845679012345679 0.9402006172839505 0.4888117283950617 0.9332561728395061 0.49344135802469136 0.9263117283950617 0.49807098765432095 0.9166666666666665 0.5034722222222222 0.908179012345679 0.5061728395061728 0.9020061728395061 0.5065586419753086 0.8954475308641975 0.5054012345679012 0.8892746913580247 0.5034722222222222 0.8838734567901234 0.5007716049382716 0.8796296296296295 0.49807098765432095 0.8757716049382716 0.4957561728395061 0.8734567901234568 0.49344135802469136 0.8715277777777778 0.4899691358024691
1 0.7858796296296295 0.32253086419753085 0.7797067901234568 0.3179012345679012 0.7766203703703703 0.3148148148148148 0.7750771604938271 0.3117283950617284 0.7731481481481481 0.3082561728395062 0.7723765432098765 0.30516975308641975 0.7723765432098765 0.2997685185185185 0.7723765432098765 0.2939814814814815 0.7735339506172838 0.28896604938271603 0.7762345679012345 0.2847222222222222 0.7781635802469135 0.2824074074074074 0.7800925925925924 0.28125 0.7827932098765431 0.2789351851851852 0.7862654320987654 0.27662037037037035 0.7901234567901234 0.27469135802469136 0.7947530864197531 0.27276234567901236 0.7989969135802468 0.2716049382716049 0.8043981481481481 0.27121913580246915 0.8097993827160493 0.27121913580246915 0.8132716049382716 0.2716049382716049 0.816358024691358 0.27276234567901236 0.8206018518518517 0.2743055555555555 0.8240740740740741 0.2762345679012345 0.8283179012345678 0.27854938271604934 0.8314043209876544 0.28163580246913583 0.8344907407407407 0.2847222222222222 0.8375771604938271 0.28935185185185186 0.8402777777777778 0.29320987654320985 0.8425925925925924 0.2970679012345679 0.8445216049382716 0.3009259259259259 0.8468364197530864 0.3055555555555555 0.8479938271604938 0.310570987654321 0.8479938271604938 0.3159722222222222 0.8464506172839505 0.32060185185185186 0.8445216049382716 0.32445987654320985 0.8422067901234568 0.32677469135802467 0.8383487654320987 0.3294753086419753 0.8329475308641975 0.3317901234567901 0.8279320987654321 0.3333333333333333 0.8213734567901234 0.33487654320987653 0.8159722222222221 0.33526234567901236 0.8121141975308641 0.33487654320987653 0.8051697530864197 0.3333333333333333 0.7993827160493827 0.3317901234567901 0.7951388888888888 0.3290895061728395 0.7908950617283951 0.32600308641975306
1 0.9220679012345678 0.3198302469135802 0.9193672839506172 0.30902777777777773 0.9193672839506172 0.30439814814814814 0.9189814814814814 0.2993827160493827 0.9182098765432098 0.29668209876543206 0.9182098765432098 0.2939814814814815 0.9182098765432098 0.28896604938271603 0.9189814814814814 0.2843364197530864 0.9201388888888888 0.28086419753086417 0.9228395061728395 0.2770061728395062 0.9243827160493827 0.2750771604938272 0.9259259259259258 0.2735339506172839 0.9282407407407407 0.2708333333333333 0.9313271604938271 0.2677469135802469 0.9347993827160493 0.2658179012345679 0.9398148148148148 0.2638888888888889 0.9448302469135802 0.2623456790123457 0.9494598765432098 0.2623456790123457 0.9533179012345678 0.2623456790123457 0.9583333333333333 0.26466049382716045 0.9641203703703703 0.2677469135802469 0.9702932098765431 0.27314814814814814 0.9764660493827161 0.279320987654321 0.9803240740740741 0.2847222222222222 0.9834104938271604 0.290895061728395 0.9845679012345678 0.2970679012345679 0.9857253086419752 0.30169753086419754 0.9868827160493827 0.3082561728395062 0.9872685185185185 0.31635802469135804 0.9868827160493827 0.3233024691358024 0.9841820987654321 0.3310185185185185 0.9799382716049382 0.33641975308641975 0.974537037037037 0.3379629629629629 0.9691358024691358 0.3387345679012345 0.9629629629629629 0.3387345679012345 0.9564043209876542 0.3387345679012345 0.9459876543209875 0.33912037037037035 0.9409722222222221 0.33912037037037035 0.9340277777777778 0.33834876543209874 0.9301697530864197 0.33719135802469136 0.9270833333333333 0.33526234567901236 0.9247685185185185 0.3306327160493827 0.9232253086419752 0.32677469135802467
1 0.9074074074074073 0.22955246913580246 0.8954475308641975 0.21913580246913578 0.8827160493827161 0.20601851851851852 0.8804012345679012 0.20138888888888887 0.8792438271604938 0.19521604938271603 0.8792438271604938 0.1890432098765432 0.8796296296296295 0.18287037037037035 0.8811728395061728 0.1766975308641975 0.8838734567901234 0.1709104938271605 0.8873456790123456 0.16743827160493827 0.8915895061728395 0.16358024691358025 0.8950617283950617 0.16126543209876543 0.8993055555555555 0.16049382716049382 0.9054783950617283 0.16049382716049382 0.9128086419753085 0.16126543209876543 0.9185956790123456 0.16242283950617284 0.9239969135802468 0.16358024691358025 0.9286265432098765 0.16666666666666666 0.9332561728395061 0.1697530864197531 0.9382716049382716 0.1736111111111111 0.9429012345679012 0.17785493827160492 0.9467592592592592 0.18248456790123455 0.9502314814814814 0.1875 0.9540895061728395 0.19560185185185183 0.9560185185185185 0.2033179012345679 0.9564043209876542 0.20949074074074073 0.9560185185185185 0.21682098765432095 0.9544753086419752 0.2218364197530864 0.9513888888888888 0.22723765432098764 0.9475308641975307 0.23263888888888887 0.9440586419753085 0.2349537037037037 0.9371141975308641 0.2380401234567901 0.9324845679012345 0.2388117283950617 0.9286265432098765 0.2388117283950617 0.9247685185185185 0.2376543209876543 0.9197530864197531 0.2361111111111111 0.9143518518518517 0.23418209876543208
1 0.8074845679012345 0.22955246913580246 0.7951388888888888 0.22993827160493827 0.7885802469135802 0.22878086419753085 0.7839506172839505 0.22608024691358022 0.7800925925925924 0.2202932098765432 0.7777777777777778 0.21412037037037035 0.7766203703703703 0.20833333333333334 0.7758487654320987 0.20254629629629628 0.7758487654320987 0.19714506172839505 0.7762345679012345 0.19212962962962962 0.7777777777777778 0.18672839506172836 0.7804783950617283 0.18016975308641975 0.7824074074074073 0.1755401234567901 0.7847222222222221 0.17168209876543208 0.7893518518518517 0.16782407407407407 0.7947530864197531 0.16550925925925924 0.8001543209876544 0.16473765432098764 0.8043981481481481 0.16473765432098764 0.8090277777777778 0.16512345679012344 0.8132716049382716 0.16666666666666666 0.818287037037037 0.17129629629629628 0.8217592592592592 0.17746913580246912 0.8233024691358024 0.18325617283950618 0.8248456790123456 0.18865740740740738 0.8256172839506172 0.19328703703703703 0.8256172839506172 0.19907407407407404 0.8248456790123456 0.2037037037037037 0.8236882716049382 0.20833333333333334 0.8213734567901234 0.21412037037037035 0.8190586419753085 0.2195216049382716 0.8171296296296295 0.2241512345679012 0.8140432098765431 0.22839506172839505
1 0.5875771604938271 0.3545524691358024 0.5856481481481481 0.3510802469135802 0.5841049382716048 0.34760802469135804 0.5825617283950617 0.3429783950617284 0.5821759259259258 0.3387345679012345 0.58179012345679 0.3341049382716049 0.5829475308641975 0.3302469135802469 0.5852623456790124 0.3271604938271605 0.587962962962963 0.32407407407407407 0.5914351851851851 0.32021604938271603 0.5949074074074073 0.3167438271604938 0.5979938271604938 0.314429012345679 0.6014660493827161 0.31327160493827155 0.6053240740740741 0.3128858024691358 0.6084104938271604 0.3128858024691358 0.6122685185185185 0.3128858024691358 0.6184413580246914 0.3128858024691358 0.6234567901234568 0.3136574074074074 0.628858024691358 0.3148148148148148 0.6334876543209876 0.31635802469135804 0.6369598765432098 0.3198302469135802 0.6400462962962963 0.3263888888888889 0.6415895061728395 0.3314043209876543 0.642361111111111 0.3368055555555555 0.642361111111111 0.34259259259259256 0.6408179012345678 0.34876543209876537 0.6388888888888888 0.3506944444444444 0.6358024691358024 0.353395061728395 0.6323302469135802 0.35570987654320985 0.6292438271604938 0.3584104938271605 0.6246141975308641 0.36111111111111105 0.6199845679012345 0.3630401234567901 0.6141975308641975 0.3645833333333333 0.6087962962962963 0.3649691358024691 0.6037808641975307 0.3649691358024691 0.597608024691358 0.3638117283950617 0.5933641975308641 0.3622685185185185
1 0.5760030864197531 0.4405864197530864 0.583719135802469 0.42862654320987653 0.5868055555555555 0.42515432098765427 0.5906635802469135 0.4212962962962962 0.5941358024691358 0.41743827160493824 0.597608024691358 0.4147376543209876 0.6003086419753086 0.4131944444444444 0.6045524691358024 0.41203703703703703 0.6087962962962963 0.41126543209876537 0.61304012345679 0.4108796296296296 0.6165123456790124 0.4104938271604938 0.6215277777777778 0.41126543209876537 0.6257716049382716 0.4128086419753086 0.628858024691358 0.415895061728395 0.6319444444444444 0.42168209876543206 0.6342592592592592 0.4270833333333333 0.6358024691358024 0.4336419753086419 0.6365740740740741 0.4378858024691358 0.6369598765432098 0.44328703703703703 0.6369598765432098 0.45100308641975306 0.6342592592592592 0.4567901234567901 0.630787037037037 0.46141975308641975 0.6280864197530864 0.46566358024691357 0.6246141975308641 0.4702932098765432 0.6215277777777778 0.4741512345679012 0.6172839506172839 0.47800925925925924 0.61304012345679 0.48070987654320985 0.6095679012345678 0.4826388888888889 0.6037808641975307 0.48341049382716045 0.599537037037037 0.48341049382716045 0.5945216049382716 0.48341049382716045 0.589891975308642 0.4826388888888889 0.5852623456790124 0.4810956790123457 0.579861111111111 0.47916666666666663 0.5756172839506173 0.4749228395061728 0.5729166666666666 0.46874999999999994 0.5713734567901234 0.4618055555555555 0.5709876543209876 0.45640432098765427 0.5725308641975307 0.45023148148148145
1 0.4293981481481481 0.41628086419753085 0.4336419753086419 0.4116512345679012 0.4386574074074074 0.408179012345679 0.4444444444444444 0.4054783950617284 0.4513888888888889 0.40354938271604934 0.4567901234567901 0.40277777777777773 0.46219135802469136 0.4020061728395062 0.46759259259259256 0.4020061728395062 0.47260802469135804 0.40277777777777773 0.48148148148148145 0.40586419753086417 0.48495370370370366 0.4077932098765432 0.4880401234567901 0.4097222222222222 0.49112654320987653 0.4128086419753086 0.4949845679012345 0.41628086419753085 0.49729938271604934 0.41975308641975306 0.49845679012345673 0.4232253086419753 0.49845679012345673 0.4332561728395062 0.49652777777777773 0.4386574074074074 0.49344135802469136 0.44251543209876537 0.4880401234567901 0.4459876543209876 0.4795524691358024 0.4479166666666667 0.47376543209876537 0.44868827160493824 0.4702932098765432 0.44907407407407407 0.4625771604938271 0.44945987654320985 0.4552469135802469 0.44945987654320985 0.45061728395061723 0.44907407407407407 0.4436728395061728 0.44753086419753085 0.4390432098765432 0.44560185185185186 0.43479938271604934 0.4429012345679012 0.4317129629629629 0.439429012345679 0.42901234567901236 0.43557098765432095 0.4278549382716049 0.4305555555555555 0.4274691358024691 0.42515432098765427 0.4274691358024691 0.42052469135802467
1 0.5162037037037037 0.314429012345679 0.5189043209876543 0.310570987654321 0.5223765432098765 0.3082561728395062 0.5270061728395061 0.3055555555555555 0.5327932098765432 0.30439814814814814 0.5385802469135802 0.30401234567901236 0.5439814814814814 0.30439814814814814 0.548611111111111 0.30594135802469136 0.5532407407407407 0.30787037037037035 0.5574845679012345 0.3101851851851852 0.5613425925925924 0.3148148148148148 0.5648148148148148 0.32060185185185186 0.566358024691358 0.32600308641975306 0.5671296296296297 0.3321759259259259 0.5671296296296297 0.33834876543209874 0.566358024691358 0.34336419753086417 0.564429012345679 0.34760802469135804 0.5617283950617283 0.35185185185185186 0.5594135802469135 0.35570987654320985 0.556712962962963 0.3584104938271605 0.5513117283950617 0.3614969135802469 0.5459104938271604 0.3614969135802469 0.5362654320987654 0.36111111111111105 0.5285493827160493 0.3587962962962962 0.5239197530864197 0.35570987654320985 0.5204475308641975 0.35223765432098764 0.5169753086419753 0.34760802469135804 0.5142746913580247 0.34220679012345673 0.5123456790123456 0.33719135802469136 0.5111882716049382 0.3325617283950617 0.5111882716049382 0.32793209876543206 0.5119598765432098 0.32368827160493824
1 0.4232253086419753 0.29128086419753085 0.43094135802469136 0.28202160493827155 0.43479938271604934 0.279320987654321 0.4378858024691358 0.27816358024691357 0.44251543209876537 0.27739197530864196 0.44907407407407407 0.27739197530864196 0.4540895061728395 0.27854938271604934 0.45987654320987653 0.2843364197530864 0.4606481481481481 0.2885802469135802 0.46141975308641975 0.2920524691358024 0.46219135802469136 0.2959104938271605 0.46219135802469136 0.3013117283950617 0.4618055555555555 0.3067129629629629 0.45987654320987653 0.3128858024691358 0.4587191358024691 0.31635802469135804 0.4571759259259259 0.3194444444444444 0.45486111111111105 0.3229166666666667 0.4513888888888889 0.3283179012345679 0.44907407407407407 0.3310185185185185 0.44560185185185186 0.3333333333333333 0.4421296296296296 0.33564814814814814 0.4375 0.3375771604938272 0.43441358024691357 0.3375771604938272 0.42901234567901236 0.3368055555555555 0.42515432098765427 0.33564814814814814 0.42245370370370366 0.3325617283950617 0.41820987654320985 0.3271604938271605 0.415895061728395 0.32175925925925924 0.4151234567901234 0.3179012345679012 0.4151234567901234 0.31327160493827155 0.4151234567901234 0.30864197530864196 0.41628086419753085 0.30439814814814814 0.41820987654320985 0.3005401234567901 0.41936728395061723 0.29745370370370366
1 0.3441358024691358 0.40470679012345673 0.345679012345679 0.40162037037037035 0.3472222222222222 0.3993055555555555 0.3503086419753086 0.39737654320987653 0.35300925925925924 0.3966049382716049 0.35532407407407407 0.39544753086419754 0.35918209876543206 0.3946759259259259 0.3626543209876543 0.3946759259259259 0.36612654320987653 0.39390432098765427 0.3699845679012345 0.3931327160493827 0.3753858024691358 0.39390432098765427 0.3804012345679012 0.39544753086419754 0.38503086419753085 0.3969907407407407 0.38927469135802467 0.39969135802469136 0.3946759259259259 0.4039351851851852 0.4000771604938272 0.4074074074074074 0.40432098765432095 0.41203703703703703 0.40586419753086417 0.4147376543209876 0.40586419753086417 0.41975308641975306 0.40470679012345673 0.42669753086419754 0.4020061728395062 0.43402777777777773 0.4000771604938272 0.43981481481481477 0.39737654320987653 0.4440586419753086 0.3942901234567901 0.44753086419753085 0.3896604938271605 0.45061728395061723 0.38425925925925924 0.45216049382716045 0.37885802469135804 0.4525462962962962 0.3726851851851852 0.4513888888888889 0.36766975308641975 0.45023148148148145 0.3618827160493827 0.44753086419753085 0.35648148148148145 0.44560185185185186 0.353395061728395 0.44328703703703703 0.3503086419753086 0.43981481481481477 0.3468364197530864 0.4351851851851852 0.34452160493827155 0.4317129629629629 0.3429783950617284 0.4278549382716049 0.34220679012345673 0.4239969135802469 0.341820987654321 0.41782407407407407 0.341820987654321 0.4135802469135802 0.34259259259259256 0.4089506172839506
1 0.44174382716049376 0.517361111111111 0.4332561728395062 0.5123456790123456 0.4305555555555555 0.5104166666666666 0.42862654320987653 0.5088734567901234 0.4259259259259259 0.5065586419753086 0.4232253086419753 0.503858024691358 0.4212962962962962 0.5003858024691358 0.42091049382716045 0.4957561728395061 0.42091049382716045 0.4918981481481481 0.4228395061728395 0.48765432098765427 0.42515432098765427 0.48495370370370366 0.4278549382716049 0.48302469135802467 0.43209876543209874 0.48148148148148145 0.43595679012345673 0.4810956790123457 0.4405864197530864 0.48070987654320985 0.4448302469135802 0.48032407407407407 0.4498456790123457 0.47993827160493824 0.4544753086419753 0.47993827160493824 0.4591049382716049 0.47993827160493824 0.4648919753086419 0.48070987654320985 0.46874999999999994 0.48225308641975306 0.47260802469135804 0.48341049382716045 0.4772376543209876 0.4857253086419753 0.48225308641975306 0.4888117283950617 0.48611111111111105 0.49151234567901236 0.4880401234567901 0.49266975308641975 0.4880401234567901 0.49266975308641975 0.4918981481481481 0.4957561728395061 0.49459876543209874 0.5011574074074073 0.4957561728395061 0.5069444444444444 0.49459876543209874 0.5115740740740741 0.49266975308641975 0.5150462962962963 0.48919753086419754 0.5181327160493827 0.48495370370370366 0.5208333333333333 0.47993827160493824 0.5227623456790123 0.4749228395061728 0.5239197530864197 0.47106481481481477 0.5243055555555556 0.46527777777777773 0.5235339506172839 0.46026234567901236 0.5227623456790123 0.4567901234567901 0.5219907407407407 0.45177469135802467 0.5208333333333333
1 0.3414351851851852 0.5462962962962963 0.3449074074074074 0.5451388888888888 0.35185185185185186 0.5420524691358024 0.35648148148148145 0.5416666666666666 0.3618827160493827 0.5416666666666666 0.36612654320987653 0.5416666666666666 0.3707561728395062 0.5416666666666666 0.3753858024691358 0.5416666666666666 0.37885802469135804 0.5420524691358024 0.3834876543209876 0.5443672839506173 0.3873456790123457 0.5470679012345678 0.39043209876543206 0.5497685185185185 0.3935185185185185 0.5543981481481481 0.3946759259259259 0.558641975308642 0.3950617283950617 0.5625 0.39390432098765427 0.5671296296296297 0.3896604938271605 0.5729166666666666 0.38695987654320985 0.5752314814814814 0.3815586419753086 0.5771604938271604 0.37577160493827155 0.5783179012345678 0.37037037037037035 0.5794753086419753 0.3657407407407407 0.5794753086419753 0.3584104938271605 0.5783179012345678 0.3526234567901234 0.5767746913580247 0.3483796296296296 0.5748456790123456 0.34336419753086417 0.5721450617283951 0.33912037037037035 0.5698302469135802 0.3368055555555555 0.5675154320987654 0.33487654320987653 0.5655864197530864 0.3321759259259259 0.5628858024691358 0.3294753086419753 0.5590277777777778 0.32870370370370366 0.5543981481481481 0.3302469135802469 0.5513117283950617 0.3341049382716049 0.5482253086419753
1 0.5262345679012346 0.5844907407407407 0.5285493827160493 0.5821759259259258 0.5324074074074073 0.5790895061728395 0.5358796296296297 0.5779320987654321 0.5397376543209876 0.5775462962962963 0.5439814814814814 0.5775462962962963 0.5478395061728395 0.5775462962962963 0.552469135802469 0.5771604938271604 0.556712962962963 0.5771604938271604 0.5609567901234568 0.5771604938271604 0.5652006172839507 0.5771604938271604 0.568287037037037 0.5779320987654321 0.5733024691358024 0.579861111111111 0.5771604938271604 0.58179012345679 0.58179012345679 0.5844907407407407 0.5841049382716048 0.5868055555555555 0.5868055555555555 0.5895061728395061 0.5887345679012345 0.5933641975308641 0.589891975308642 0.5983796296296297 0.5906635802469135 0.6018518518518517 0.5910493827160493 0.6049382716049382 0.5906635802469135 0.6091820987654321 0.589891975308642 0.6145833333333334 0.5887345679012345 0.6180555555555555 0.5868055555555555 0.621141975308642 0.5821759259259258 0.6238425925925924 0.5756172839506173 0.626929012345679 0.5690586419753086 0.6280864197530864 0.5632716049382717 0.6280864197530864 0.558641975308642 0.6280864197530864 0.552469135802469 0.626929012345679 0.5482253086419753 0.6257716049382716 0.5424382716049383 0.6234567901234568 0.5381944444444444 0.6207561728395061 0.5347222222222221 0.6188271604938271 0.5308641975308642 0.6161265432098765 0.5277777777777778 0.6134259259259258 0.5250771604938271 0.6099537037037037 0.5219907407407407 0.6053240740740741 0.5208333333333333 0.5987654320987654 0.5204475308641975 0.5925925925925924 0.521219135802469 0.5891203703703703
1 0.45293209876543206 0.6520061728395061 0.44945987654320985 0.652391975308642 0.44328703703703703 0.652391975308642 0.439429012345679 0.6516203703703703 0.43595679012345673 0.650462962962963 0.43479938271604934 0.6500771604938271 0.4317129629629629 0.6489197530864197 0.42901234567901236 0.6477623456790124 0.42515432098765427 0.6454475308641975 0.42168209876543206 0.6427469135802468 0.4185956790123457 0.6392746913580247 0.41550925925925924 0.6354166666666666 0.41396604938271603 0.630787037037037 0.41435185185185186 0.6261574074074073 0.41550925925925924 0.621141975308642 0.41782407407407407 0.6161265432098765 0.41975308641975306 0.6114969135802468 0.4228395061728395 0.6084104938271604 0.4282407407407407 0.6076388888888888 0.4336419753086419 0.6076388888888888 0.43595679012345673 0.6068672839506173 0.43827160493827155 0.6049382716049382 0.4421296296296296 0.6033950617283951 0.447145061728395 0.6014660493827161 0.45100308641975306 0.6003086419753086 0.4552469135802469 0.5999228395061728 0.4610339506172839 0.6003086419753086 0.4645061728395062 0.6018518518518517 0.4679783950617284 0.6049382716049382 0.4718364197530864 0.6080246913580247 0.4756944444444444 0.6114969135802468 0.478395061728395 0.614969135802469 0.4795524691358024 0.6195987654320987 0.4795524691358024 0.6273148148148148 0.478395061728395 0.6323302469135802 0.4756944444444444 0.6354166666666666 0.47299382716049376 0.6388888888888888 0.46874999999999994 0.6431327160493827 0.4645061728395062 0.6469907407407407 0.4591049382716049 0.6496913580246914
1 0.3213734567901234 0.650462962962963 0.310570987654321 0.6466049382716048 0.3074845679012345 0.64429012345679 0.30362654320987653 0.6408179012345678 0.3020833333333333 0.6358024691358024 0.30169753086419754 0.6296296296296297 0.3024691358024691 0.625 0.3047839506172839 0.6195987654320987 0.3074845679012345 0.614969135802469 0.31134259259259256 0.6107253086419753 0.3159722222222222 0.6076388888888888 0.32175925925925924 0.6041666666666666 0.3275462962962962 0.6014660493827161 0.3337191358024691 0.599537037037037 0.34220679012345673 0.597608024691358 0.3483796296296296 0.5968364197530864 0.35300925925925924 0.5968364197530864 0.3587962962962962 0.5979938271604938 0.3630401234567901 0.5991512345679012 0.36651234567901236 0.6022376543209876 0.36959876543209874 0.6057098765432098 0.37229938271604934 0.6103395061728395 0.3742283950617284 0.6153549382716048 0.37461419753086417 0.6203703703703703 0.37384259259259256 0.6265432098765431 0.37191358024691357 0.6315586419753086 0.36959876543209874 0.6350308641975307 0.3680555555555555 0.6377314814814814 0.3653549382716049 0.6412037037037037 0.36111111111111105 0.6435185185185185 0.35686728395061723 0.6450617283950617 0.3526234567901234 0.6477623456790124 0.3483796296296296 0.6500771604938271 0.3441358024691358 0.6520061728395061 0.34066358024691357 0.6527777777777778 0.33641975308641975 0.6527777777777778 0.3317901234567901 0.6520061728395061
1 0.3927469135802469 0.7291666666666666 0.3823302469135802 0.7253086419753086 0.3780864197530864 0.7229938271604938 0.3753858024691358 0.7202932098765431 0.3726851851851852 0.7164351851851851 0.37152777777777773 0.7121913580246914 0.3711419753086419 0.70679012345679 0.37152777777777773 0.7010030864197531 0.3742283950617284 0.6963734567901234 0.37885802469135804 0.6929012345679012 0.384645061728395 0.6898148148148148 0.3915895061728395 0.6886574074074073 0.4012345679012345 0.6886574074074073 0.408179012345679 0.6886574074074073 0.41435185185185186 0.6902006172839505 0.41936728395061723 0.6921296296296297 0.4220679012345679 0.6948302469135802 0.4247685185185185 0.6986882716049382 0.4270833333333333 0.7044753086419753 0.4274691358024691 0.7118055555555555 0.4255401234567901 0.7179783950617283 0.4232253086419753 0.7218364197530864 0.41936728395061723 0.7249228395061728 0.4147376543209876 0.7268518518518517 0.4093364197530864 0.7280092592592592 0.40316358024691357 0.7291666666666666
1 0.30401234567901236 0.6859567901234568 0.3128858024691358 0.685570987654321 0.3159722222222222 0.6867283950617283 0.3190586419753086 0.6890432098765431 0.32175925925925924 0.6936728395061728 0.3233024691358024 0.6983024691358024 0.3248456790123457 0.7052469135802468 0.3252314814814815 0.7125771604938271 0.3252314814814815 0.7183641975308641 0.3248456790123457 0.7237654320987654 0.32368827160493824 0.7299382716049382 0.3213734567901234 0.7357253086419753 0.3179012345679012 0.7384259259259258 0.31327160493827155 0.7411265432098765 0.30709876543209874 0.7418981481481481 0.3028549382716049 0.7422839506172838 0.2989969135802469 0.7422839506172838 0.2951388888888889 0.7403549382716048 0.2920524691358024 0.7368827160493827 0.28973765432098764 0.7330246913580247 0.2874228395061728 0.7291666666666666 0.2854938271604938 0.7253086419753086 0.2835648148148148 0.7214506172839505 0.2824074074074074 0.7175925925925924 0.28202160493827155 0.7121913580246914 0.28163580246913583 0.7064043209876544 0.2824074074074074 0.7017746913580247 0.2824074074074074 0.6963734567901234 0.283179012345679 0.693287037037037 0.2858796296296296 0.6902006172839505 0.2881944444444444 0.6882716049382716 0.29128086419753085 0.6867283950617283 0.2951388888888889 0.6863425925925924
1 0.2623456790123457 0.9085648148148148 0.26620370370370366 0.8950617283950617 0.2681327160493827 0.8908179012345678 0.2696759259259259 0.8873456790123456 0.27276234567901236 0.8846450617283951 0.2762345679012345 0.8827160493827161 0.28125 0.8804012345679012 0.28626543209876537 0.878858024691358 0.29282407407407407 0.8784722222222221 0.29668209876543206 0.8784722222222221 0.3024691358024691 0.8792438271604938 0.3055555555555555 0.8800154320987654 0.30902777777777773 0.8819444444444444 0.310570987654321 0.8842592592592592 0.3125 0.8877314814814814 0.3140432098765432 0.8900462962962962 0.3152006172839506 0.892361111111111 0.31751543209876537 0.8966049382716048 0.3186728395061728 0.9012345679012345 0.3186728395061728 0.9058641975308641 0.3186728395061728 0.9104938271604938 0.31751543209876537 0.9151234567901234 0.3152006172839506 0.9182098765432098 0.3117283950617284 0.9216820987654321 0.3063271604938272 0.9259259259259258 0.30169753086419754 0.9282407407407407 0.29668209876543206 0.9309413580246914 0.2920524691358024 0.9324845679012345 0.28626543209876537 0.9336419753086419 0.283179012345679 0.9336419753086419 0.279320987654321 0.9313271604938271 0.27739197530864196 0.9282407407407407 0.2743055555555555 0.9247685185185185 0.27237654320987653 0.923611111111111 0.2696759259259259 0.9220679012345678 0.2658179012345679 0.9185956790123456 0.2638888888888889 0.9147376543209875
1 0.4324845679012345 0.9660493827160493 0.42862654320987653 0.9537037037037037 0.4282407407407407 0.9490740740740741 0.42862654320987653 0.943287037037037 0.4305555555555555 0.9386574074074073 0.4332561728395062 0.9340277777777778 0.43711419753086417 0.9293981481481481 0.4409722222222222 0.92554012345679 0.44521604938271603 0.9224537037037037 0.45100308641975306 0.9201388888888888 0.45794753086419754 0.9197530864197531 0.4637345679012345 0.9197530864197531 0.4691358024691358 0.9205246913580247 0.4733796296296296 0.9232253086419752 0.47646604938271603 0.9270833333333333 0.47916666666666663 0.9328703703703703 0.4810956790123457 0.9382716049382716 0.4826388888888889 0.943287037037037 0.48418209876543206 0.9490740740740741 0.48418209876543206 0.9552469135802468 0.48302469135802467 0.9625771604938271 0.48148148148148145 0.9679783950617283 0.4795524691358024 0.9729938271604938 0.4753086419753086 0.9768518518518517 0.4702932098765432 0.9787808641975307 0.46566358024691357 0.9799382716049382 0.4606481481481481 0.9803240740740741 0.4560185185185185 0.9803240740740741 0.45100308641975306 0.9776234567901234 0.44675925925925924 0.9756944444444444 0.44251543209876537 0.974537037037037 0.439429012345679 0.9737654320987654 0.4367283950617284 0.972608024691358 0.43441358024691357 0.9706790123456789
1 0.3672839506172839 0.9864969135802468 0.36419753086419754 0.9764660493827161 0.3638117283950617 0.9691358024691358 0.36419753086419754 0.9625771604938271 0.3657407407407407 0.95679012345679 0.36844135802469136 0.9510030864197531 0.37191358024691357 0.9459876543209875 0.3765432098765432 0.9421296296296295 0.3804012345679012 0.9398148148148148 0.38425925925925924 0.939429012345679 0.3900462962962962 0.9402006172839505 0.39390432098765427 0.9421296296296295 0.3969907407407407 0.9452160493827161 0.4004629629629629 0.9490740740740741 0.40432098765432095 0.9529320987654321 0.4077932098765432 0.95679012345679 0.41203703703703703 0.9610339506172838 0.41550925925925924 0.9652777777777778 0.41975308641975306 0.9699074074074073 0.4228395061728395 0.974537037037037 0.4243827160493827 0.9795524691358024 0.4243827160493827 0.9853395061728395 0.4239969135802469 0.9918981481481481 0.42187885802469133 0.9989583333333333 0.3742283950617284 0.9989583333333333
1 0.7337962962962962 0.8838734567901234 0.7330246913580247 0.8919753086419752 0.7314814814814814 0.8954475308641975 0.7291666666666666 0.9000771604938271 0.7268518518518517 0.9039351851851851 0.7218364197530864 0.9085648148148148 0.7172067901234568 0.9128086419753085 0.7118055555555555 0.9170524691358024 0.7052469135802468 0.9205246913580247 0.6994598765432098 0.9232253086419752 0.6948302469135802 0.9243827160493827 0.6898148148148148 0.9251543209876542 0.6844135802469135 0.92554012345679 0.6805555555555555 0.9251543209876542 0.6763117283950617 0.923611111111111 0.6728395061728395 0.9212962962962962 0.6685956790123456 0.9155092592592592 0.6666666666666666 0.9085648148148148 0.6662808641975307 0.9039351851851851 0.6666666666666666 0.8954475308641975 0.6682098765432098 0.8888888888888888 0.6709104938271604 0.8819444444444444 0.6739969135802468 0.8757716049382716 0.6793981481481481 0.8688271604938271 0.6844135802469135 0.8653549382716048 0.6917438271604938 0.8622685185185185 0.7006172839506172 0.8595679012345678 0.70679012345679 0.8584104938271604 0.7137345679012345 0.8584104938271604 0.7199074074074073 0.8599537037037037 0.7256944444444444 0.8626543209876542 0.7291666666666666 0.8653549382716048 0.7314814814814814 0.8707561728395061 0.7326388888888888 0.8753858024691358 0.7330246913580247 0.8796296296296295
1 0.7091049382716048 0.9884259259259258 0.7010030864197531 0.9830246913580247 0.6994598765432098 0.9799382716049382 0.6979166666666666 0.9760802469135802 0.6971450617283951 0.9710648148148148 0.6971450617283951 0.9679783950617283 0.6971450617283951 0.9645061728395061 0.6979166666666666 0.958719135802469 0.7006172839506172 0.9525462962962962 0.704861111111111 0.9475308641975307 0.7094907407407407 0.9452160493827161 0.716820987654321 0.9448302469135802 0.722608024691358 0.9448302469135802 0.7280092592592592 0.9452160493827161 0.7322530864197531 0.9467592592592592 0.7364969135802468 0.9486882716049382 0.7407407407407407 0.9510030864197531 0.7434413580246914 0.9533179012345678 0.7453703703703703 0.9537037037037037 0.7472993827160493 0.9544753086419752 0.7496141975308641 0.9560185185185185 0.7534722222222221 0.9583333333333333 0.755787037037037 0.9606481481481481 0.7581018518518517 0.9637345679012345 0.7592592592592592 0.9664351851851851 0.7608024691358024 0.9714506172839505 0.7600308641975307 0.9768518518518517 0.7584876543209876 0.9818672839506172 0.7565586419753086 0.986111111111111 0.7546296296296295 0.989969135802469 0.7523148148148148 0.9942129629629629 0.7496141975308641 0.9976851851851851 0.7465277777777778 0.9988425925925924 0.7422839506172838 0.9988425925925924 0.7391975308641975 0.9984567901234568 0.7357253086419753 0.9972993827160493 0.7322530864197531 0.9957561728395061 0.7276234567901234 0.9942129629629629 0.722608024691358 0.9930555555555555 0.7183641975308641 0.9922839506172838 0.7160493827160493 0.9918981481481481 0.7137345679012345 0.9911265432098765
1 0.9174382716049382 0.739969135802469 0.9209104938271604 0.7391975308641975 0.9336419753086419 0.7391975308641975 0.9371141975308641 0.739969135802469 0.941358024691358 0.7415123456790124 0.9459876543209875 0.7430555555555555 0.9498456790123456 0.7442129629629629 0.9544753086419752 0.746141975308642 0.9571759259259258 0.7476851851851851 0.9591049382716048 0.7511574074074073 0.9621913580246914 0.7534722222222221 0.9660493827160493 0.7561728395061728 0.9691358024691358 0.7581018518518517 0.9714506172839505 0.7600308641975307 0.9729938271604938 0.7619598765432098 0.9733796296296295 0.7654320987654321 0.9733796296296295 0.76929012345679 0.9729938271604938 0.7746913580246914 0.9722222222222221 0.7777777777777778 0.9687499999999999 0.7800925925925924 0.9652777777777778 0.7800925925925924 0.9614197530864197 0.7800925925925924 0.9575617283950617 0.7797067901234568 0.9556327160493827 0.7797067901234568 0.9525462962962962 0.7800925925925924 0.9502314814814814 0.7808641975308641 0.9459876543209875 0.7824074074074073 0.9425154320987654 0.783179012345679 0.9382716049382716 0.7839506172839505 0.9351851851851851 0.7839506172839505 0.9290123456790124 0.7835648148148148 0.9243827160493827 0.783179012345679 0.9201388888888888 0.7820216049382716 0.9162808641975307 0.78125 0.9128086419753085 0.7800925925925924 0.9093364197530864 0.7773919753086419 0.9077932098765431 0.7746913580246914 0.9066358024691358 0.7708333333333334 0.9054783950617283 0.7677469135802468 0.9050925925925924 0.7646604938271604 0.9047067901234568 0.7619598765432098 0.9047067901234568 0.7573302469135802 0.9054783950617283 0.7542438271604938 0.9070216049382716 0.7515432098765431 0.908179012345679 0.7488425925925924 0.9097222222222221 0.7457561728395061 0.9124228395061728 0.7426697530864197
1 0.9324845679012345 0.6041666666666666 0.9344135802469135 0.6010802469135802 0.9386574074074073 0.5987654320987654 0.9436728395061728 0.5968364197530864 0.9498456790123456 0.5960648148148148 0.954861111111111 0.5952932098765431 0.9591049382716048 0.5945216049382716 0.9633487654320987 0.5945216049382716 0.9687499999999999 0.5945216049382716 0.9753086419753085 0.595679012345679 0.9814814814814814 0.597608024691358 0.9864969135802468 0.6003086419753086 0.9903549382716048 0.6030092592592592 0.9930555555555555 0.6060956790123456 0.9953703703703703 0.6095679012345678 0.9972993827160493 0.6134259259259258 0.9980709876543209 0.6176697530864197 0.9988425925925924 0.623070987654321 0.9989583333333333 0.6244598765432108 0.9989583333333333 0.6331018518518517 0.9984567901234568 0.6369598765432098 0.9965277777777778 0.6400462962962963 0.9922839506172838 0.6450617283950617 0.9888117283950617 0.6481481481481481 0.9853395061728395 0.650462962962963 0.9787808641975307 0.6527777777777778 0.9722222222222221 0.6535493827160493 0.9660493827160493 0.654320987654321 0.9610339506172838 0.6535493827160493 0.9537037037037037 0.6512345679012345 0.9494598765432098 0.6485339506172838 0.9448302469135802 0.6458333333333334 0.939429012345679 0.642361111111111 0.9351851851851851 0.6388888888888888 0.9324845679012345 0.6342592592592592 0.9305555555555555 0.6273148148148148 0.9301697530864197 0.6207561728395061 0.9301697530864197 0.6153549382716048 0.9309413580246914 0.6099537037037037
1 0.21990740740740738 0.9185956790123456 0.22646604938271603 0.9243827160493827 0.23263888888888887 0.9328703703703703 0.2345679012345679 0.9351851851851851 0.2357253086419753 0.9386574074074073 0.2376543209876543 0.9440586419753085 0.2391975308641975 0.9513888888888888 0.23996913580246912 0.9560185185185185 0.23996913580246912 0.9610339506172838 0.2388117283950617 0.9656635802469135 0.2361111111111111 0.9702932098765431 0.23148148148148145 0.9737654320987654 0.22453703703703703 0.9741512345679012 0.21643518518518517 0.9737654320987654 0.20987654320987653 0.9718364197530864 0.2040895061728395 0.9679783950617283 0.19830246913580246 0.9637345679012345 0.19444444444444445 0.9591049382716048 0.1890432098765432 0.9533179012345678 0.18557098765432095 0.9456018518518517 0.1844135802469136 0.9374999999999999 0.1844135802469136 0.9317129629629629 0.1863425925925926 0.9266975308641975 0.18942901234567902 0.9216820987654321 0.19328703703703703 0.9185956790123456 0.19714506172839505 0.9162808641975307 0.20254629629629628 0.9135802469135802 0.2075617283950617 0.9131944444444444
1 0.11496913580246913 0.7550154320987654 0.11766975308641975 0.7507716049382716 0.12152777777777776 0.7469135802469135 0.1273148148148148 0.7430555555555555 0.13348765432098766 0.7418981481481481 0.13888888888888887 0.7415123456790124 0.14467592592592593 0.7415123456790124 0.14891975308641975 0.7430555555555555 0.1531635802469136 0.7453703703703703 0.1577932098765432 0.7484567901234568 0.16280864197530862 0.7523148148148148 0.16666666666666666 0.7561728395061728 0.1709104938271605 0.7631172839506172 0.1728395061728395 0.7685185185185185 0.1739969135802469 0.7731481481481481 0.17438271604938269 0.7797067901234568 0.17438271604938269 0.7854938271604938 0.1732253086419753 0.7874228395061728 0.16859567901234568 0.7943672839506172 0.16473765432098764 0.7962962962962962 0.1616512345679012 0.7978395061728395 0.1570216049382716 0.7997685185185185 0.15162037037037035 0.8009259259259258 0.1442901234567901 0.8009259259259258 0.13657407407407407 0.7997685185185185 0.12962962962962962 0.7978395061728395 0.12229938271604938 0.7939814814814814 0.11805555555555555 0.7905092592592592 0.11226851851851852 0.7843364197530864 0.1091820987654321 0.7797067901234568 0.10725308641975309 0.7719907407407407 0.10763888888888888 0.7654320987654321 0.11033950617283951 0.7604166666666666
1 0.23996913580246912 0.691358024691358 0.24344135802469136 0.7021604938271604 0.24344135802469136 0.7071759259259258 0.24344135802469136 0.7118055555555555 0.24344135802469136 0.7172067901234568 0.24382716049382713 0.7222222222222221 0.24421296296296294 0.7260802469135802 0.24421296296296294 0.7307098765432098 0.24382716049382713 0.7349537037037037 0.24305555555555552 0.7376543209876544 0.2388117283950617 0.7442129629629629 0.2349537037037037 0.748070987654321 0.23109567901234568 0.75 0.22608024691358022 0.7511574074074073 0.22067901234567902 0.7523148148148148 0.21412037037037035 0.7527006172839505 0.20949074074074073 0.7515432098765431 0.20293209876543208 0.7492283950617283 0.19753086419753085 0.7453703703703703 0.19444444444444445 0.7403549382716048 0.19251543209876543 0.7330246913580247 0.1909722222222222 0.7233796296296295 0.1902006172839506 0.7137345679012345 0.1898148148148148 0.7060185185185185 0.1909722222222222 0.6994598765432098 0.1929012345679012 0.6940586419753086 0.19560185185185183 0.6867283950617283 0.19868827160493827 0.681712962962963 0.20254629629629628 0.6770833333333334 0.20601851851851852 0.6747685185185185 0.2106481481481481 0.6732253086419753 0.2175925925925926 0.6728395061728395 0.22530864197530862 0.6728395061728395 0.23109567901234568 0.6743827160493827 0.2349537037037037 0.6778549382716048 0.23688271604938269 0.6813271604938271 0.23842592592592593 0.6859567901234568
1 0.17592592592592593 0.6095679012345678 0.16782407407407407 0.6118827160493827 0.16358024691358025 0.6118827160493827 0.1593364197530864 0.6114969135802468 0.1550925925925926 0.6099537037037037 0.15046296296296294 0.6072530864197531 0.1454475308641975 0.6030092592592592 0.1423611111111111 0.5999228395061728 0.13927469135802467 0.5949074074074073 0.1385030864197531 0.5914351851851851 0.13811728395061726 0.5887345679012345 0.1385030864197531 0.5825617283950617 0.1412037037037037 0.5756172839506173 0.1454475308641975 0.5702160493827161 0.15239197530864196 0.5675154320987654 0.16203703703703703 0.566358024691358 0.1709104938271605 0.5659722222222221 0.1763117283950617 0.5667438271604938 0.18055555555555552 0.568287037037037 0.18364197530864196 0.5706018518518517 0.1871141975308642 0.5748456790123456 0.1898148148148148 0.5794753086419753 0.19135802469135801 0.5841049382716048 0.19251543209876543 0.5895061728395061 0.19212962962962962 0.5964506172839507 0.1898148148148148 0.6003086419753086 0.18595679012345678 0.6037808641975307
1 0.17785493827160492 0.5316358024691358 0.17168209876543208 0.5281635802469136 0.1697530864197531 0.5258487654320987 0.16743827160493827 0.5219907407407407 0.16473765432098764 0.5154320987654321 0.16396604938271603 0.5092592592592592 0.16550925925925924 0.501929012345679 0.16898148148148145 0.4961419753086419 0.1728395061728395 0.4918981481481481 0.1763117283950617 0.4888117283950617 0.18209876543209877 0.4857253086419753 0.1882716049382716 0.48341049382716045 0.19405864197530862 0.48225308641975306 0.19945987654320987 0.48225308641975306 0.20563271604938269 0.48225308641975306 0.21026234567901234 0.4826388888888889 0.21489197530864196 0.48341049382716045 0.2214506172839506 0.4845679012345679 0.22646604938271603 0.48611111111111105 0.22955246913580246 0.48765432098765427 0.23302469135802467 0.49151234567901236 0.2349537037037037 0.49652777777777773 0.23649691358024688 0.5015432098765432 0.23726851851851852 0.5073302469135802 0.2376543209876543 0.5142746913580247 0.23726851851851852 0.5177469135802469 0.2357253086419753 0.521219135802469 0.2322530864197531 0.5246913580246914 0.22916666666666663 0.5273919753086419 0.22453703703703703 0.5297067901234568 0.2210648148148148 0.5312499999999999 0.21604938271604937 0.5324074074074073 0.21103395061728394 0.5335648148148148 0.2079475308641975 0.5339506172839507 0.2033179012345679 0.5347222222222221 0.19675925925925924 0.5354938271604938 0.19251543209876543 0.5354938271604938 0.1875 0.5343364197530864 0.18209876543209877 0.533179012345679
1 0.052083333333333336 0.5243055555555556 0.046296296296296294 0.517361111111111 0.043209876543209874 0.5111882716049382 0.043209876543209874 0.5042438271604938 0.04552469135802469 0.4976851851851852 0.05092592592592592 0.4922839506172839 0.056327160493827154 0.4884259259259259 0.06442901234567901 0.4857253086419753 0.07407407407407406 0.48418209876543206 0.08256172839506172 0.4837962962962962 0.09027777777777776 0.4845679012345679 0.09722222222222222 0.4864969135802469 0.10339506172839505 0.4888117283950617 0.10802469135802469 0.49266975308641975 0.1114969135802469 0.49691358024691357 0.11419753086419752 0.501929012345679 0.11419753086419752 0.5084876543209876 0.11419753086419752 0.5123456790123456 0.11265432098765431 0.5177469135802469 0.10995370370370369 0.5227623456790123 0.10570987654320987 0.5266203703703703 0.09953703703703702 0.5293209876543209 0.09375 0.5297067901234568 0.08757716049382715 0.5304783950617283 0.08140432098765431 0.5304783950617283 0.07407407407407406 0.5304783950617283 0.06790123456790123 0.5304783950617283 0.062114197530864196 0.5289351851851852 0.05671296296296296 0.5273919753086419
1 0.06558641975308642 0.41203703703703703 0.05555555555555555 0.40432098765432095 0.05246913580246913 0.40084876543209874 0.050154320987654315 0.39737654320987653 0.04861111111111111 0.39120370370370366 0.04861111111111111 0.3854166666666667 0.04899691358024691 0.3796296296296296 0.05246913580246913 0.37345679012345673 0.05864197530864197 0.3692129629629629 0.06597222222222222 0.3668981481481481 0.07484567901234568 0.3657407407407407 0.08179012345679013 0.3653549382716049 0.08912037037037036 0.3668981481481481 0.09567901234567901 0.3692129629629629 0.10146604938271604 0.37191358024691357 0.10532407407407406 0.375 0.10956790123456789 0.3796296296296296 0.11304012345679011 0.38503086419753085 0.11419753086419752 0.39043209876543206 0.11342592592592592 0.39544753086419754 0.1111111111111111 0.39969135802469136 0.10686728395061727 0.40354938271604934 0.10416666666666667 0.40702160493827155 0.10146604938271604 0.41126543209876537 0.09915123456790123 0.4135802469135802 0.09567901234567901 0.41550925925925924 0.0922067901234568 0.41628086419753085 0.08950617283950617 0.41628086419753085 0.08526234567901234 0.415895061728395 0.08024691358024691 0.41550925925925924 0.07407407407407406 0.4147376543209876 0.06905864197530863 0.41396604938271603
1 0.06558641975308642 0.2507716049382716 0.05555555555555555 0.2503858024691358 0.05092592592592592 0.2496141975308642 0.0482253086419753 0.24845679012345678 0.04591049382716049 0.24729938271604937 0.04128086419753086 0.24498456790123455 0.03742283950617284 0.24151234567901234 0.03626543209876543 0.2391975308641975 0.03587962962962963 0.23842592592592593 0.03587962962962963 0.23418209876543208 0.03587962962962963 0.22993827160493827 0.03703703703703703 0.22569444444444445 0.03896604938271605 0.2218364197530864 0.041666666666666664 0.21797839506172836 0.044753086419753084 0.21412037037037035 0.0482253086419753 0.21141975308641975 0.05246913580246913 0.20910493827160492 0.05709876543209876 0.20717592592592593 0.061728395061728385 0.20563271604938269 0.06597222222222222 0.2048611111111111 0.07175925925925926 0.2044753086419753 0.0779320987654321 0.2040895061728395 0.08449074074074073 0.2044753086419753 0.08989197530864197 0.20563271604938269 0.0945216049382716 0.20717592592592593 0.09992283950617284 0.21026234567901234 0.10339506172839505 0.21412037037037035 0.10570987654320987 0.21990740740740738 0.10609567901234568 0.22569444444444445 0.10493827160493827 0.23148148148148145 0.10262345679012345 0.23649691358024688 0.09876543209876543 0.24035493827160492 0.09375 0.24344135802469136 0.08564814814814814 0.24691358024691354 0.0794753086419753 0.24922839506172836 0.07368827160493827 0.2507716049382716
1 0.16087962962962962 0.16743827160493827 0.16550925925925924 0.16589506172839505 0.16898148148148145 0.16512345679012344 0.1732253086419753 0.16512345679012344 0.17901234567901234 0.16550925925925924 0.18287037037037035 0.16628086419753085 0.1871141975308642 0.16820987654320987 0.1909722222222222 0.1697530864197531 0.19560185185185183 0.17168209876543208 0.19907407407407404 0.1732253086419753 0.2033179012345679 0.17746913580246912 0.2048611111111111 0.18132716049382716 0.20601851851851852 0.18518518518518517 0.20601851851851852 0.18942901234567902 0.20601851851851852 0.18942901234567902 0.20601851851851852 0.19251543209876543 0.2048611111111111 0.19753086419753085 0.20254629629629628 0.20216049382716048 0.20023148148148145 0.2075617283950617 0.19714506172839505 0.21180555555555552 0.19444444444444445 0.21566358024691354 0.1902006172839506 0.21797839506172836 0.18402777777777776 0.21913580246913578 0.17901234567901234 0.21913580246913578 0.1739969135802469 0.21913580246913578 0.16820987654320987 0.21913580246913578 0.16203703703703703 0.2175925925925926 0.1558641975308642 0.21604938271604937 0.15123456790123455 0.21450617283950618 0.14621913580246912 0.21219135802469136 0.1423611111111111 0.20987654320987653 0.14043209876543208 0.2079475308641975 0.14043209876543208 0.2079475308641975 0.14004629629629628 0.2048611111111111 0.14043209876543208 0.2010030864197531 0.1419753086419753 0.19675925925925924 0.14390432098765432 0.19135802469135801 0.14583333333333334 0.1871141975308642 0.14699074074074076 0.1844135802469136 0.14853395061728394 0.18209876543209877 0.15046296296296294 0.17978395061728394 0.15277777777777776 0.1763117283950617 0.15470679012345678 0.1724537037037037
1 0.4390432098765432 0.05864197530864197 0.4429012345679012 0.05401234567901234 0.44675925925925924 0.050154320987654315 0.45061728395061723 0.0470679012345679 0.45486111111111105 0.04436728395061728 0.46026234567901236 0.04205246913580247 0.46566358024691357 0.040123456790123455 0.470679012345679 0.03896604938271605 0.4753086419753086 0.03819444444444444 0.48070987654320985 0.038580246913580245 0.48533950617283944 0.03935185185185185 0.4888117283950617 0.04050925925925926 0.4922839506172839 0.04243827160493827 0.4961419753086419 0.04436728395061728 0.49884259259259256 0.04552469135802469 0.5015432098765432 0.0482253086419753 0.503858024691358 0.053626543209876545 0.503858024691358 0.059027777777777776 0.5027006172839505 0.06442901234567901 0.4992283950617284 0.07175925925925926 0.49537037037037035 0.07716049382716049 0.49112654320987653 0.08063271604938271 0.4868827160493827 0.08410493827160494 0.48186728395061723 0.08719135802469134 0.47685185185185186 0.08950617283950617 0.4718364197530864 0.08989197530864197 0.46412037037037035 0.09066358024691358 0.45794753086419754 0.09104938271604938 0.45370370370370366 0.09104938271604938 0.4498456790123457 0.09066358024691358 0.447145061728395 0.08873456790123456 0.4440586419753086 0.08487654320987655 0.44174382716049376 0.08101851851851852 0.43981481481481477 0.07638888888888888 0.43827160493827155 0.07291666666666667 0.4375 0.06867283950617284 0.4367283950617284 0.06442901234567901
1 0.11496913580246913 0.06558641975308642 0.1107253086419753 0.06095679012345678 0.10609567901234568 0.05864197530864197 0.10416666666666667 0.054783950617283944 0.10378086419753085 0.04668209876543209 0.10455246913580246 0.037808641975308636 0.10763888888888888 0.0316358024691358 0.11304012345679011 0.02546296296296296 0.11689814814814814 0.02199074074074074 0.12268518518518517 0.017746913580246913 0.1284722222222222 0.014660493827160493 0.13348765432098766 0.012345679012345678 0.1385030864197531 0.010030864197530864 0.1419753086419753 0.008487654320987654 0.14660493827160492 0.007716049382716048 0.15200617283950618 0.007716049382716048 0.1577932098765432 0.008487654320987654 0.1616512345679012 0.009259259259259257 0.16550925925925924 0.010802469135802469 0.16936728395061726 0.01273148148148148 0.1720679012345679 0.014660493827160493 0.17476851851851852 0.01736111111111111 0.17708333333333334 0.02044753086419753 0.17862654320987653 0.024305555555555556 0.18016975308641975 0.027391975308641972 0.18055555555555552 0.030864197530864192 0.18094135802469136 0.03472222222222222 0.18016975308641975 0.04089506172839506 0.17746913580246912 0.0474537037037037 0.1751543209876543 0.05285493827160494 0.17129629629629628 0.059027777777777776 0.16705246913580246 0.0636574074074074 0.16358024691358025 0.06751543209876543 0.1589506172839506 0.07060185185185185 0.15354938271604937 0.07330246913580246 0.14776234567901234 0.07445987654320987 0.1412037037037037 0.07523148148148147 0.13541666666666666 0.07561728395061727 0.12962962962962962 0.07445987654320987 0.12422839506172839 0.07253086419753085 0.11844135802469134 0.07021604938271604
1 0.029320987654320986 0.04243827160493827 0.015046296296296295 0.037808641975308636 0.005401234567901234 0.0320216049382716 0.0007716049382716049 0.027777777777777776 0.0007716049382716049 0.0007716049382716049 0.052083333333333336 0.0007716049382716049 0.055169753086419755 0.008873456790123456 0.056327160493827154 0.012345679012345678 0.05709876543209876 0.016203703703703703 0.05864197530864197 0.02199074074074074 0.059027777777777776 0.025848765432098762 0.059413580246913573 0.029320987654320986 0.05864197530864197 0.03356481481481481 0.056327160493827154 0.03703703703703703 0.053240740740740734 0.03935185185185185 0.04938271604938271 0.04128086419753086 0.04359567901234567 0.04282407407407407 0.03587962962962963 0.043209876543209874
1 0.7607814526588846 0.45841439688715957 0.7470006485084306 0.4567931258106356 0.7445687418936446 0.4555771725032426 0.7384889753566797 0.45273994811932555 0.7372730220492867 0.4519293125810636 0.7344357976653697 0.44990272373540857 0.7303826199740597 0.4466601815823606 0.7275453955901428 0.4430123216601816 0.7259241245136187 0.4381485084306096 0.7255188067444877 0.4340953307392997 0.7267347600518808 0.43166342412451364 0.7307879377431907 0.42882619974059666 0.7352464332036317 0.4267996108949417 0.7397049286640727 0.4247730220492867 0.7421368352788587 0.42436770428015563 0.7445687418936446 0.4219357976653697 0.7465953307392997 0.41950389105058367 0.7494325551232167 0.4174773022049287 0.7526750972762647 0.4158560311284047 0.7575389105058365 0.4146400778210117 0.7628080415045396 0.4146400778210117 0.7688878080415046 0.4146400778210117 0.7729409857328146 0.4166666666666667 0.7842898832684825 0.4174773022049287 0.7879377431906616 0.41828793774319073 0.7915856031128405 0.42031452658884566 0.7944228274967575 0.4231517509727627 0.7980706874189365 0.4292315175097276 0.7984760051880675 0.4349059662775616 0.7976653696498055 0.4381485084306096 0.7936121919584954 0.4434176394293126 0.7883430609597926 0.4482814526588846 0.7830739299610895 0.4519293125810636 0.7773994811932555 0.4539559014267186 0.7717250324254217 0.4551718547341116 0.7652399481193256 0.4567931258106356
1 0.8508367486338798 0.06104849726775956 0.8401639344262295 0.05421789617486339 0.8354678961748634 0.0508025956284153 0.8329064207650274 0.046960382513661206 0.8303449453551913 0.04141051912568306 0.8290642076502732 0.03372609289617487 0.8303449453551913 0.025614754098360656 0.8350409836065574 0.019211065573770492 0.8405908469945356 0.015368852459016393 0.8482752732240437 0.012380464480874317 0.8546789617486339 0.011526639344262296 0.8610826502732241 0.010245901639344263 0.8662056010928961 0.010672814207650273 0.8721823770491803 0.012807377049180328 0.8773053278688524 0.014515027322404372 0.8824282786885246 0.016649590163934427 0.8879781420765027 0.019211065573770492 0.8922472677595629 0.021772540983606557 0.896089480874317 0.025614754098360656 0.8995047814207651 0.029883879781420767 0.9016393442622951 0.03500683060109289 0.9024931693989071 0.04055669398907104 0.9029200819672132 0.04738729508196722 0.902066256830601 0.052510245901639344 0.8995047814207651 0.05763319672131148 0.8965163934426229 0.06104849726775956 0.8909665300546448 0.06403688524590163 0.8858435792349727 0.06574453551912568 0.8811475409836066 0.06659836065573771 0.8755976775956285 0.06702527322404372 0.8721823770491803 0.06745218579234974 0.8670594262295082 0.06659836065573771 0.8623633879781422 0.06574453551912568 0.8580942622950819 0.06318306010928962
1 0.820952868852459 0.12593920765027322 0.816683743169399 0.12337773224043716 0.8124146174863388 0.11996243169398908 0.8094262295081968 0.11654713114754099 0.8047301912568305 0.11099726775956284 0.8021687158469946 0.10672814207650273 0.8013148907103825 0.10075136612021858 0.8021687158469946 0.09477459016393444 0.8055840163934427 0.0896516393442623 0.8107069672131147 0.08452868852459017 0.8158299180327869 0.07940573770491803 0.8200990437158471 0.07599043715846994 0.8252219945355191 0.07385587431693989 0.8299180327868853 0.07342896174863388 0.8341871584699453 0.07470969945355191 0.8393101092896175 0.07727117486338798 0.8461407103825137 0.08068647540983606 0.8508367486338798 0.08452868852459017 0.8546789617486339 0.08837090163934427 0.858521174863388 0.09178620218579235 0.86150956284153 0.09562841530054644 0.8653517759562842 0.09947062841530055 0.8687670765027323 0.10288592896174863 0.8704747267759563 0.10630122950819672 0.8717554644808743 0.11099726775956284 0.8717554644808743 0.11526639344262296 0.8704747267759563 0.11996243169398908 0.8683401639344263 0.12423155737704918 0.8666325136612022 0.12807377049180327 0.86364412568306 0.13191598360655737 0.8606557377049181 0.13490437158469948 0.85724043715847 0.13703893442622953 0.8529713114754098 0.1396004098360656 0.8491290983606558 0.14002732240437157 0.8410177595628415 0.13917349726775954 0.8346140710382514 0.13490437158469948 0.8277834699453552 0.13020833333333334
1 0.9921448087431695 0.11996243169398908 0.9827527322404371 0.11868169398907105 0.9776297814207651 0.11526639344262296 0.9746413934426229 0.11270491803278689 0.9703722677595629 0.1092896174863388 0.9669569672131147 0.1054474043715847 0.9648224043715847 0.10203210382513661 0.9635416666666666 0.09904371584699453 0.9622609289617486 0.09520150273224043 0.9618340163934427 0.09135928961748635 0.9618340163934427 0.08666325136612023 0.9643954918032787 0.07727117486338798 0.9716530054644809 0.06531762295081968 0.9818989071038252 0.05677937158469946 0.9929986338797814 0.052083333333333336 0.9989583333333333 0.05128870673952642 0.9989583333333333 0.11910860655737705
0 0.8070924408014573 0.3115892531876139 0.7999772313296903 0.3070355191256831 0.7988387978142076 0.3056124772313298 0.796846539162113 0.30362021857923505 0.795138888888889 0.30219717668488166 0.7940004553734062 0.3002049180327869 0.7925774134790529 0.2979280510018215 0.7920081967213116 0.2950819672131148 0.7914389799635703 0.29252049180327877 0.7914389799635703 0.2899590163934427 0.7942850637522769 0.28882058287796003 0.796846539162113 0.289674408014572 0.799408014571949 0.29138205828779606 0.8022540983606558 0.2922358834244081 0.8051001821493625 0.29308970856102007 0.80823087431694 0.29422814207650283 0.810792349726776 0.29565118397085616 0.8133538251366121 0.2973588342440802 0.8156306921675774 0.29935109289617495 0.8176229508196722 0.30134335154826963 0.8201844262295083 0.3039048269581057 0.8224612932604737 0.3053278688524591 0.8235997267759564 0.30675091074681243 0.822176684881603 0.30959699453551914 0.8187613843351549 0.3113046448087432 0.8159153005464481 0.31244307832422596 0.8122153916211293 0.31244307832422596
0 0.9690637096201632 0.6311777582948296 0.9607768790023593 0.6310035389282103 0.9557212672733401 0.6301609369733737 0.9508763060330299 0.6285810583080552 0.9445873890372851 0.6237779404441921 0.9434489555218024 0.6220702901709679 0.9428797387640612 0.6206472482766147 0.9428797387640612 0.6186549896245199 0.9445873890372851 0.6172319477301665 0.9462950393105093 0.616093514214684 0.9491411230992159 0.6146704723203305 0.95084877337244 0.6141012555625892 0.9548332906766295 0.6135320388048479 0.9582485912230775 0.6132474304259771 0.962233108527267 0.6132474304259771 0.9653638006948443 0.6135320388048479 0.9687791012412924 0.6143858639414598 0.9713405766511285 0.6149550806992011 0.9736174436820939 0.6158089058358132 0.9756097023341886 0.6169473393512959 0.9773173526074127 0.6178011644879079 0.9793096112595074 0.6195088147611318 0.9810172615327314 0.6209318566554853 0.9830095201848261 0.6226395069287094 0.9847171704580503 0.625485590717416 0.9850017788369209 0.6274778493695108 0.9827249118059556 0.629185499642735 0.9798788280172488 0.6300393247793469 0.9750404855764472 0.6314623666737003
0 0.8523451730418945 0.041495901639344315 0.8597449908925319 0.04519581056466307 0.8625910746812386 0.04604963570127509 0.864867941712204 0.04604963570127509 0.8685678506375228 0.046618852459016445 0.8719831511839709 0.046903460837887115 0.8748292349726776 0.046903460837887115 0.8779599271402551 0.046903460837887115 0.8799521857923498 0.046618852459016445 0.8819444444444445 0.04633424408014577 0.8836520947176685 0.0449112021857924 0.8845059198542805 0.042634335154827 0.8833674863387979 0.040357468123861616 0.8819444444444445 0.03864981785063757 0.8805214025500911 0.036657559198542855 0.8785291438979964 0.03580373406193083 0.8765368852459017 0.03494990892531881 0.873690801457195 0.03324225865209477 0.8708447176684883 0.031819216757741395 0.8674294171220401 0.030965391621129375 0.8634448998178507 0.03039617486338803 0.8611680327868853 0.030111566484517353 0.8591757741347906 0.02982695810564668 0.8568989071038252 0.029542349726776006 0.8554758652094718 0.029542349726776006 0.8529143897996357 0.030111566484517353 0.8503529143897998 0.030965391621129375 0.8480760473588342 0.03238843351548275 0.8466530054644809 0.03324225865209477 0.8446607468123861 0.03494990892531881 0.8440915300546449 0.03637295081967218 0.8455145719489983 0.038080601092896224 0.8469376138433516 0.03921903460837892 0.849214480874317 0.040357468123861616
0 0.2854052823315119 0.9055669398907104 0.29166666666666674 0.9001593806921676 0.29422814207650283 0.8981671220400729 0.29565118397085616 0.8961748633879781 0.2965050091074682 0.8936133879781422 0.29707422586520954 0.8910519125683061 0.29707422586520954 0.8896288706739527 0.2950819672131148 0.8893442622950821 0.29337431693989074 0.8887750455373407 0.29109744990892544 0.8887750455373407 0.2876821493624773 0.8887750455373407 0.28426684881602926 0.8904826958105647 0.28085154826958114 0.8927595628415301 0.27829007285974505 0.8953210382513661 0.27686703096539167 0.8973132969034608 0.27515938069216767 0.901582422586521 0.274874772313297 0.9044285063752278 0.274874772313297 0.9072745901639345 0.27515938069216767 0.9092668488160293 0.27686703096539167 0.9104052823315119 0.27971311475409844 0.9092668488160293
0 0.2085610200364299 0.9491120218579235 0.20457650273224048 0.942566029143898 0.20429189435336978 0.9402891621129327 0.20429189435336978 0.9371584699453552 0.20543032786885249 0.9348816029143898 0.20628415300546452 0.9337431693989071 0.20941484517304193 0.9351662112932605 0.21140710382513667 0.9382969034608379 0.21339936247723137 0.940858378870674 0.21567622950819676 0.9439890710382514 0.21795309653916214 0.9468351548269581 0.2176684881602915 0.9499658469945356 0.21539162112932608 0.9511042805100183 0.211976320582878 0.9511042805100183
0 0.15274377804977562 0.5942727458180335 0.16345369237046103 0.5884077927376582 0.17288861689106488 0.5842003263973888 0.17773357813137497 0.5862403100775194 0.16893614851081193 0.5894277845777235 0.15950122399020808 0.5933802529579764
0 0.43653923948220064 0.6350964131607334 0.44816949838187703 0.6224548274002156 0.46317084681769144 0.6140271035598704 0.4650249460625674 0.6160497572815533 0.4549116774541532 0.6258259169363537 0.4426072006472491 0.6349278586839265 0.4388990021574973 0.6371190668824163
0 0.4390672287073066 0.49932447038478167 0.45217250324254216 0.496352140077821 0.46608841331603984 0.498784046692607 0.46892563769995677 0.502026588845655 0.4578469520103762 0.502837224383917 0.44784911370514485 0.5005404236921747 0.4451469952442715 0.5029723303069606 0.4416342412451362 0.500810635538262
