1 0.6196199633699635 0.25370115995116 0.6230540293040294 0.24950396825396828 0.6268696581196581 0.24568833943833948 0.630303724053724 0.2430173992673993 0.6345009157509158 0.23996489621489622 0.6383165445665446 0.23805708180708185 0.6432768620268622 0.23576770451770454 0.6497634310134311 0.23500457875457878 0.6562500000000001 0.2346230158730159 0.663118131868132 0.23538614163614166 0.669223137973138 0.2365308302808303 0.6753281440781441 0.23805708180708185 0.6821962759462761 0.24072802197802198 0.6905906593406594 0.2445436507936508 0.6959325396825398 0.247214590964591 0.7005112942612944 0.250267094017094 0.704708485958486 0.2540827228327229 0.7069978632478634 0.2590430402930403 0.7089056776556777 0.26400335775335776 0.7081425518925519 0.26934523809523814 0.7054716117216118 0.2746871184371185 0.7012744200244201 0.2800289987789988 0.6966956654456655 0.2834630647130647 0.6894459706959708 0.28766025641025644 0.6795253357753359 0.2903311965811966 0.6676968864468865 0.2926205738705739 0.6573946886446886 0.29338369963369965 0.6478556166056166 0.29338369963369965 0.6379349816849818 0.2926205738705739 0.634119352869353 0.29109432234432236 0.627251221001221 0.28766025641025644 0.6222909035409037 0.28384462759462764 0.6188568376068377 0.2781211843711844 0.6165674603174605 0.27277930402930406 0.6161858974358976 0.26820054945054944 0.6161858974358976 0.2628586691086691 0.617712148962149 0.2578983516483517
1 0.5455967643467645 0.3433684371184372 0.5417811355311356 0.33497405372405376 0.5413995726495727 0.3292506105006105 0.5421626984126985 0.3235271672771673 0.5448336385836386 0.31818528693528697 0.5475045787545788 0.31398809523809523 0.553228021978022 0.3097909035409036 0.5650564713064714 0.30368589743589747 0.5684905372405373 0.3025412087912088 0.5730692918192919 0.301778083028083 0.5776480463980465 0.301778083028083 0.5822268009768011 0.3013965201465202 0.5860424297924299 0.3013965201465202 0.5906211843711844 0.301778083028083 0.5940552503052504 0.30330433455433453 0.5971077533577535 0.30559371184371187 0.6001602564102565 0.30788308913308915 0.6024496336996338 0.31017246642246643 0.6047390109890111 0.31322496947496953 0.6077915140415141 0.3174221611721612 0.6100808913308914 0.3216193528693529 0.61122557997558 0.32505341880341887 0.6116071428571429 0.32963217338217343 0.61122557997558 0.33497405372405376 0.6089362026862027 0.33993437118437125 0.6062652625152627 0.3429868742368743 0.6035943223443224 0.3448946886446887 0.5993971306471307 0.3471840659340659 0.5925289987789989 0.3506181318681319 0.5860424297924299 0.3525259462759463 0.5803189865689866 0.3525259462759463 0.5719246031746033 0.3525259462759463 0.5658195970695972 0.3521443833943834 0.5589514652014653 0.3509996947496948 0.5528464590964591 0.34985500610500614 0.550175518925519 0.34794719169719174
1 0.5032432844932846 0.305212148962149 0.49255952380952384 0.3124618437118437 0.4872176434676435 0.31436965811965817 0.4807310744810745 0.31627747252747257 0.47233669108669113 0.3174221611721612 0.45898199023199027 0.31169871794871795 0.45669261294261293 0.30940934065934067 0.4540216727716728 0.30368589743589747 0.453258547008547 0.29796245421245426 0.4540216727716728 0.2899496336996337 0.45669261294261293 0.2819368131868132 0.4601266788766789 0.27697649572649574 0.4639423076923077 0.2731608669108669 0.46661324786324787 0.26972680097680096 0.4708104395604396 0.2655296092796093 0.4750076312576313 0.26247710622710624 0.4788232600732601 0.26018772893772896 0.48340201465201466 0.25866147741147744 0.4883623321123321 0.2575167887667888 0.49446733821733824 0.2571352258852259 0.5001907814407814 0.25827991452991456 0.5051510989010989 0.26056929181929184 0.5089667277167277 0.26438492063492064 0.5124007936507937 0.26820054945054944 0.5150717338217338 0.2731608669108669 0.5158348595848596 0.27850274725274726 0.5150717338217338 0.2834630647130647 0.5131639194139195 0.2880418192918193 0.5108745421245422 0.29338369963369965 0.5097298534798536 0.2956730769230769 0.508203601953602 0.2983440170940171 0.5062957875457876 0.3006333943833944
1 0.6039758852258853 0.15754731379731382 0.6058836996336997 0.15373168498168502 0.6074099511599512 0.15029761904761907 0.6096993284493286 0.14686355311355312 0.6127518315018317 0.14419261294261296 0.6165674603174605 0.14190323565323568 0.624198717948718 0.1392322954822955 0.6337377899877901 0.1369429181929182 0.6417506105006106 0.13579822954822957 0.6470924908424909 0.13579822954822957 0.6528159340659342 0.13656135531135533 0.6570131257631258 0.13808760683760687 0.6619734432234433 0.14037698412698416 0.6665521978021979 0.14304792429792432 0.6703678266178268 0.14610042735042736 0.6734203296703298 0.15029761904761907 0.6745650183150184 0.15449481074481078 0.6745650183150184 0.1579288766788767 0.6745650183150184 0.1625076312576313 0.6738018925518927 0.166704822954823 0.672657203907204 0.1705204517704518 0.6699862637362639 0.17395451770451772 0.666170634920635 0.176243894993895 0.6612103174603176 0.1789148351648352 0.6570131257631258 0.18044108669108672 0.6520528083028084 0.18196733821733824 0.6451846764346765 0.18311202686202688 0.6394612332112334 0.18349358974358979 0.6318299755799757 0.18387515262515264 0.6257249694749696 0.18387515262515264 0.6222909035409037 0.18387515262515264 0.617712148962149 0.18158577533577536 0.6131333943833945 0.17967796092796096 0.6093177655677657 0.17777014652014653 0.6058836996336997 0.1750992063492064 0.6035943223443224 0.17204670329670332 0.6024496336996338 0.16746794871794876 0.6020680708180709 0.1621260683760684
1 0.40823412698412703 0.205242673992674 0.42082570207570213 0.20219017094017094 0.42845695970695974 0.20142704517704518 0.4334172771672772 0.20142704517704518 0.43799603174603174 0.20142704517704518 0.4429563492063492 0.2018086080586081 0.44829822954822957 0.2029532967032967 0.45211385836385837 0.20409798534798537 0.45707417582417587 0.20638736263736265 0.4601266788766789 0.20829517704517705 0.4624160561660562 0.21096611721611724 0.46470543345543347 0.21478174603174605 0.46585012210012217 0.2205051892551893 0.46585012210012217 0.22546550671550675 0.4639423076923077 0.22928113553113555 0.4612713675213675 0.2327152014652015 0.45554792429792434 0.2388202075702076 0.4490613553113553 0.24378052503052505 0.4421932234432235 0.24835927960927962 0.434180402930403 0.2521749084249085 0.4273122710622711 0.25293803418803423 0.4185363247863248 0.25293803418803423 0.40976037851037855 0.2525564713064713 0.40365537240537247 0.2514117826617827 0.3983134920634921 0.24988553113553116 0.39411630036630035 0.24797771672771676 0.3891559829059829 0.24530677655677657 0.38495879120879123 0.24187271062271065 0.3807615995115995 0.2372939560439561 0.37847222222222227 0.23118894993894998 0.3780906593406594 0.2239392551892552 0.37923534798534797 0.21897893772893776 0.3815247252747253 0.2144001831501832 0.385721916971917 0.2113476800976801 0.39259004884004883 0.2075320512820513 0.39945818070818073 0.2056242368742369
1 0.35557844932844934 0.31169871794871795 0.3670253357753358 0.31208028083028083 0.3723672161172161 0.3124618437118437 0.3780906593406594 0.31322496947496953 0.382287851037851 0.31436965811965817 0.38495879120879123 0.3151327838827839 0.3876297313797314 0.31665903540903545 0.3914453601953602 0.3185668498168498 0.39487942612942617 0.32085622710622713 0.3979319291819292 0.32276404151404153 0.401747557997558 0.3258165445665446 0.405181623931624 0.3288690476190476 0.414720695970696 0.3376449938949939 0.4173916361416362 0.34107905982905984 0.41968101343101344 0.34375 0.42120726495726496 0.3456578144078144 0.4238782051282052 0.34794719169719174 0.4257860195360196 0.3509996947496948 0.4276938339438339 0.35557844932844934 0.4292200854700855 0.36015720390720396 0.4292200854700855 0.36588064713064716 0.4288385225885226 0.3708409645909646 0.4269307081807082 0.37580128205128205 0.4234966422466423 0.3796169108669109 0.41968101343101344 0.3811431623931624 0.41548382173382176 0.382287851037851 0.4105235042735043 0.38266941391941395 0.40365537240537247 0.3819062881562882 0.39564255189255193 0.3811431623931624 0.3895375457875458 0.3811431623931624 0.3815247252747253 0.38038003663003667 0.37694597069597074 0.37885378510378515 0.37389346764346765 0.37770909645909645 0.37160409035409037 0.37770909645909645 0.3674068986568987 0.37694597069597074 0.3639728327228327 0.37580128205128205 0.3613018925518926 0.3746565934065934 0.35710470085470086 0.3719856532356533 0.3521443833943834 0.3685515873015873 0.34794719169719174 0.36588064713064716 0.34375 0.3628281440781441 0.3395528083028083 0.35824938949938956 0.3361187423687424 0.353670634920635 0.334210927960928 0.35138125763125766 0.33192155067155066 0.3471840659340659 0.3300137362637363 0.3395528083028083 0.32963217338217343 0.33230311355311354 0.330776862026862 0.3265796703296704 0.334210927960928 0.32085622710622713 0.3395528083028083 0.3158959096459097 0.3456578144078144 0.31322496947496953
1 0.5669642857142858 0.40136599511599513 0.5703983516483517 0.3990766178266178 0.5745955433455434 0.3975503663003663 0.579555860805861 0.3964056776556777 0.5860424297924299 0.39602411477411475 0.5944368131868133 0.39564255189255193 0.6009233821733823 0.39564255189255193 0.6074099511599512 0.39602411477411475 0.6123702686202688 0.3979319291819292 0.6173305860805861 0.4002213064713065 0.6215277777777779 0.401747557997558 0.6245802808302809 0.40327380952380953 0.6280143467643469 0.40480006105006106 0.6314484126984128 0.4067078754578755 0.6352640415140416 0.4093788156288156 0.6394612332112334 0.4128128815628816 0.6425137362637364 0.41548382173382176 0.6463293650793652 0.41929945054945056 0.6486187423687425 0.4238782051282052 0.6497634310134311 0.43036477411477414 0.6497634310134311 0.43608821733821734 0.6478556166056166 0.44143009768009767 0.6448031135531136 0.44639041514041516 0.640224358974359 0.4498244810744811 0.6333562271062273 0.453258547008547 0.6283959096459097 0.4536401098901099 0.6238171550671551 0.4540216727716728 0.6196199633699635 0.4544032356532357 0.6154227716727718 0.45478479853479853 0.61122557997558 0.45478479853479853 0.6058836996336997 0.453258547008547 0.6005418192918194 0.4517322954822955 0.5959630647130648 0.4517322954822955 0.5910027472527474 0.4513507326007326 0.5864239926739928 0.4509691697191698 0.5822268009768011 0.45020604395604397 0.5776480463980465 0.44829822954822957 0.5707799145299146 0.4452457264957265 0.5665827228327228 0.4429563492063492 0.5631486568986569 0.43952228327228327 0.5589514652014653 0.434180402930403 0.556280525030525 0.4288385225885226 0.5551358363858365 0.4234966422466423 0.5551358363858365 0.41891788766788773 0.5566620879120879 0.41395757020757024 0.5593330280830282 0.4093788156288156 0.5639117826617828 0.40480006105006106
1 0.7050900488400489 0.4250228937728938 0.7108134920634921 0.4219703907203908 0.7211156898656899 0.41929945054945056 0.7276022588522589 0.41891788766788773 0.734088827838828 0.4181547619047619 0.7424832112332113 0.4181547619047619 0.7497329059829061 0.4185363247863248 0.7566010378510379 0.41929945054945056 0.7642322954822957 0.42044413919413925 0.7680479242979243 0.4227335164835165 0.7703373015873017 0.4246413308913309 0.7737713675213677 0.42845695970695974 0.775679181929182 0.43227258852258854 0.7772054334554336 0.43608821733821734 0.7783501221001221 0.4402854090354091 0.7783501221001221 0.4452457264957265 0.7772054334554336 0.44867979242979245 0.7741529304029305 0.4524954212454213 0.769192612942613 0.4559294871794872 0.7657585470085471 0.4578373015873016 0.7600351037851039 0.4605082417582418 0.7539300976800978 0.4627976190476191 0.7482066544566545 0.46432387057387065 0.7443910256410257 0.46508699633699635 0.7394307081807082 0.46585012210012217 0.7321810134310135 0.46661324786324787 0.7276022588522589 0.46661324786324787 0.7230235042735044 0.46585012210012217 0.7195894383394384 0.46470543345543347 0.7153922466422468 0.46317918192918195 0.7108134920634921 0.46165293040293043 0.7062347374847376 0.45936355311355315 0.7020375457875458 0.45707417582417587 0.6989850427350428 0.4540216727716728 0.6970772283272285 0.45058760683760685 0.6955509768009769 0.4460088522588523 0.6947878510378511 0.44143009768009767 0.6944062881562882 0.43608821733821734 0.6959325396825398 0.4311278998778999 0.6989850427350428 0.4276938339438339
1 0.6245802808302809 0.48302045177045183 0.6283959096459097 0.479204822954823 0.6329746642246643 0.47577075702075705 0.6390796703296704 0.472718253968254 0.6448031135531136 0.4711920024420025 0.6490003052503054 0.47042887667887673 0.6528159340659342 0.4700473137973138 0.6554868742368744 0.4696657509157509 0.659684065934066 0.4708104395604396 0.6646443833943835 0.47233669108669113 0.6699862637362639 0.4746260683760684 0.6741834554334555 0.47615231990231993 0.679143772893773 0.47767857142857145 0.682577838827839 0.4795863858363859 0.685630341880342 0.48340201465201466 0.6875381562881563 0.48874389499389503 0.6879197191697192 0.49446733821733824 0.6867750305250306 0.5005723443223443 0.6833409645909647 0.5059142246642246 0.6764728327228329 0.5120192307692307 0.6711309523809524 0.5150717338217338 0.6650259462759464 0.5162164224664225 0.656631562881563 0.5162164224664225 0.6490003052503054 0.5158348595848596 0.6425137362637364 0.5143086080586081 0.6356456043956045 0.5124007936507937 0.6310668498168499 0.5101114163614163 0.6280143467643469 0.5085851648351648 0.6261065323565325 0.5051510989010989 0.6245802808302809 0.5028617216117216 0.6230540293040294 0.4998092185592186 0.6219093406593408 0.4963751526251527 0.6215277777777779 0.49217796092796096 0.6219093406593408 0.4883623321123321
1 0.4383775946275946 0.47767857142857145 0.44143009768009767 0.47538919413919417 0.4452457264957265 0.47348137973137977 0.44944291819291826 0.47195512820512825 0.45631105006105005 0.4711920024420025 0.4639423076923077 0.4711920024420025 0.4696657509157509 0.4715735653235653 0.472718253968254 0.47233669108669113 0.4769154456654457 0.47348137973137977 0.48187576312576313 0.47577075702075705 0.485691391941392 0.4784416971916972 0.4891254578754579 0.482257326007326 0.4929410866910867 0.485691391941392 0.4967567155067155 0.49027014652014655 0.5005723443223443 0.49446733821733824 0.5047695360195361 0.49942765567765574 0.5074404761904762 0.5032432844932846 0.5097298534798536 0.5062957875457876 0.511637667887668 0.5101114163614163 0.5139270451770452 0.5154532967032968 0.5154532967032968 0.52117673992674 0.5158348595848596 0.5284264346764347 0.514690170940171 0.5345314407814409 0.5120192307692307 0.5383470695970697 0.5062957875457876 0.540636446886447 0.4967567155067155 0.5417811355311356 0.4895070207570208 0.5417811355311356 0.48340201465201466 0.5413995726495727 0.4795863858363859 0.5398733211233212 0.4746260683760684 0.537202380952381 0.4689026251526252 0.5352945665445666 0.46508699633699635 0.5330051892551892 0.4601266788766789 0.5303342490842491 0.45554792429792434 0.5276633089133089 0.4517322954822955 0.5249923687423688 0.4475351037851038 0.5223214285714286 0.4429563492063492 0.5188873626373627 0.4402854090354091 0.514690170940171 0.4368513431013431 0.508203601953602 0.4353250915750916 0.5028617216117216 0.4345619658119658 0.4956120268620269 0.434180402930403 0.4895070207570208 0.4357066544566545 0.48454670329670335
1 0.2578983516483517 0.524229242979243 0.2559905372405373 0.5165979853479854 0.2552274114774115 0.5124007936507937 0.25484584859584863 0.5093482905982907 0.2552274114774115 0.5055326617826618 0.2559905372405373 0.5009539072039072 0.2578983516483517 0.4967567155067155 0.26056929181929184 0.49446733821733824 0.2647664835164835 0.4917963980463981 0.27010836385836384 0.4895070207570208 0.2746871184371185 0.4883623321123321 0.27888431013431014 0.4879807692307693 0.2842261904761905 0.4879807692307693 0.2888049450549451 0.4879807692307693 0.29490995115995117 0.48874389499389503 0.3010149572649573 0.4895070207570208 0.30597527472527475 0.49065170940170943 0.31208028083028083 0.4929410866910867 0.3178037240537241 0.49599358974358976 0.3235271672771673 0.5013354700854701 0.32848748473748474 0.5089667277167277 0.330776862026862 0.514690170940171 0.33115842490842495 0.5215583028083028 0.3300137362637363 0.5284264346764347 0.3288690476190476 0.534149877899878 0.3258165445665446 0.540636446886447 0.32085622710622713 0.5440705128205129 0.31627747252747257 0.5459783272283274 0.30940934065934067 0.546741452991453 0.30406746031746035 0.5475045787545788 0.29643620268620274 0.5478861416361417 0.2903311965811966 0.5475045787545788 0.2834630647130647 0.5455967643467645 0.27659493284493286 0.5429258241758242 0.27163461538461536 0.5402548840048841 0.26743742368742374 0.5368208180708182 0.26400335775335776 0.5337683150183151 0.26018772893772896 0.5299526862026862
1 0.211729242979243 0.414720695970696 0.22164987789987792 0.4086156898656899 0.2262286324786325 0.4070894383394384 0.23157051282051283 0.405181623931624 0.23691239316239318 0.40403693528693535 0.24225427350427353 0.40289224664224665 0.24797771672771676 0.40289224664224665 0.2540827228327229 0.40289224664224665 0.2598061660561661 0.40289224664224665 0.26591117216117216 0.40403693528693535 0.27163461538461536 0.4059447496947497 0.2758318070818071 0.40823412698412703 0.27773962148962156 0.4112866300366301 0.2773580586080586 0.41548382173382176 0.2754502442002442 0.42044413919413925 0.2723977411477412 0.4254044566544567 0.26934523809523814 0.430746336996337 0.2655296092796093 0.4353250915750916 0.2609508547008547 0.4402854090354091 0.25637210012210015 0.44486416361416364 0.25179334554334554 0.4490613553113553 0.24606990231990233 0.4524954212454213 0.2384386446886447 0.4544032356532357 0.23118894993894998 0.45478479853479853 0.224702380952381 0.45478479853479853 0.218215811965812 0.4540216727716728 0.2144001831501832 0.453258547008547 0.20943986568986572 0.4517322954822955 0.20486111111111113 0.44944291819291826 0.20257173382173385 0.4471535409035409 0.20066391941391942 0.4421932234432235 0.20028235653235657 0.43723290598290604 0.20142704517704518 0.43189102564102566 0.20371642246642246 0.4257860195360196 0.2056242368742369 0.42158882783882784 0.20867673992673996 0.4181547619047619
1 0.5688721001221002 0.5398733211233212 0.5726877289377291 0.5398733211233212 0.5765033577533578 0.5398733211233212 0.5810821123321124 0.540636446886447 0.5864239926739928 0.5417811355311356 0.5929105616605618 0.5433073870573871 0.5990155677655679 0.5459783272283274 0.6035943223443224 0.5494123931623933 0.6089362026862027 0.5543727106227107 0.6138965201465202 0.559714590964591 0.6173305860805861 0.5658195970695972 0.6203830891330891 0.5723061660561661 0.6234355921855922 0.5803189865689866 0.624198717948718 0.5875686813186813 0.6245802808302809 0.5936736874236874 0.6234355921855922 0.5990155677655679 0.6200015262515264 0.6024496336996338 0.6119887057387058 0.6032127594627597 0.6028311965811967 0.6032127594627597 0.5967261904761905 0.6020680708180709 0.5879502442002443 0.6001602564102565 0.582608363858364 0.598634004884005 0.5772664835164836 0.5959630647130648 0.5726877289377291 0.5936736874236874 0.5665827228327228 0.5894764957264959 0.5623855311355312 0.585660866910867 0.5585699023199024 0.5810821123321124 0.5555173992673994 0.5765033577533578 0.5524648962148964 0.5703983516483517 0.5497939560439561 0.5639117826617828 0.5490308302808304 0.559714590964591 0.5490308302808304 0.5539911477411478 0.5509386446886447 0.5494123931623933 0.5547542735042736 0.5463598901098902 0.5612408424908426 0.5433073870573871
1 0.3674068986568987 0.6524343711843713 0.3548153235653236 0.6421321733821734 0.35138125763125766 0.6386981074481075 0.34756562881562886 0.6337377899877901 0.3441315628815629 0.627251221001221 0.3422237484737485 0.6188568376068377 0.3414606227106228 0.6058836996336997 0.34375 0.6020680708180709 0.3464209401709402 0.598634004884005 0.3509996947496948 0.5955815018315019 0.3563415750915751 0.5936736874236874 0.36206501831501836 0.5932921245421245 0.3689331501831502 0.5936736874236874 0.3754197191697192 0.5948183760683762 0.38305097680097683 0.5967261904761905 0.3903006715506716 0.5990155677655679 0.39487942612942617 0.601686507936508 0.3998397435897436 0.6047390109890111 0.40403693528693535 0.6077915140415141 0.4078525641025641 0.61122557997558 0.41204975579975583 0.6161858974358976 0.41548382173382176 0.6200015262515264 0.41777319902319904 0.6253434065934067 0.41968101343101344 0.6314484126984128 0.42044413919413925 0.637171855921856 0.42082570207570213 0.6428952991452993 0.4200625763125763 0.6470924908424909 0.4181547619047619 0.6520528083028084 0.4151022588522589 0.656631562881563 0.41014194139194143 0.6604471916971917 0.40365537240537247 0.6623550061050062 0.39869505494505497 0.6627365689865691 0.3914453601953602 0.6615918803418804 0.3834325396825397 0.6600656288156289 0.37847222222222227 0.6585393772893774 0.37160409035409037 0.6554868742368744
1 0.47195512820512825 0.672657203907204 0.46623168498168505 0.6688415750915752 0.46356074481074483 0.6646443833943835 0.4612713675213675 0.6600656288156289 0.45936355311355315 0.6554868742368744 0.45898199023199027 0.650144993894994 0.45898199023199027 0.643658424908425 0.45936355311355315 0.6375534188034189 0.4601266788766789 0.6322115384615385 0.46165293040293043 0.6280143467643469 0.46432387057387065 0.6245802808302809 0.4673763736263737 0.6211462148962149 0.47042887667887673 0.6188568376068377 0.47424450549450553 0.6173305860805861 0.47767857142857145 0.6165674603174605 0.48302045177045183 0.6169490231990232 0.4872176434676435 0.6180937118437119 0.49217796092796096 0.6200015262515264 0.4967567155067155 0.6222909035409037 0.4986645299145299 0.6257249694749696 0.5009539072039072 0.6295405982905984 0.5032432844932846 0.634119352869353 0.5051510989010989 0.6383165445665446 0.5059142246642246 0.6421321733821734 0.5062957875457876 0.6463293650793652 0.5066773504273504 0.6505265567765568 0.5059142246642246 0.6551053113553115 0.5040064102564102 0.659684065934066 0.5013354700854701 0.6634996947496948 0.4990460927960928 0.6665521978021979 0.49599358974358976 0.669223137973138 0.4917963980463981 0.6715125152625153 0.4875992063492064 0.6722756410256411 0.48378357753357754 0.672657203907204 0.479204822954823 0.672657203907204
1 0.3185668498168498 0.6520528083028084 0.3216193528693529 0.6600656288156289 0.3220009157509158 0.6646443833943835 0.32085622710622713 0.6696047008547009 0.3185668498168498 0.6749465811965812 0.3158959096459097 0.6802884615384617 0.31322496947496953 0.6852487789987791 0.3097909035409036 0.6902090964590966 0.30559371184371187 0.695169413919414 0.2991071428571429 0.7001297313797316 0.29338369963369965 0.704708485958486 0.2884233821733822 0.707760989010989 0.28041056166056166 0.7108134920634921 0.2739239926739927 0.7127213064713066 0.2678189865689866 0.7134844322344324 0.26247710622710624 0.7131028693528695 0.25675366300366304 0.7108134920634921 0.25179334554334554 0.7085241147741148 0.250267094017094 0.707760989010989 0.24797771672771676 0.704708485958486 0.24568833943833948 0.6993666056166057 0.24416208791208793 0.692116910866911 0.24339896214896217 0.6841040903540904 0.24416208791208793 0.6768543956043958 0.24645146520146524 0.6703678266178268 0.24874084249084252 0.6657890720390721 0.2514117826617827 0.6623550061050062 0.2552274114774115 0.6589209401709403 0.2594246031746032 0.6551053113553115 0.2647664835164835 0.6512896825396826 0.27010836385836384 0.6478556166056166 0.2754502442002442 0.6451846764346765 0.28041056166056166 0.6432768620268622 0.2861340048840049 0.6425137362637364 0.29529151404151405 0.6425137362637364 0.3010149572649573 0.6428952991452993 0.30635683760683763 0.6444215506715507 0.3113171550671551 0.6467109279609281 0.3151327838827839 0.6493818681318683
1 0.6589209401709403 0.827190170940171 0.6543421855921856 0.834058302808303 0.6505265567765568 0.8386370573870574 0.6455662393162395 0.8424526862026862 0.6383165445665446 0.8477945665445666 0.6318299755799757 0.8516101953601954 0.6261065323565325 0.8538995726495727 0.6180937118437119 0.8558073870573871 0.6116071428571429 0.8565705128205129 0.6024496336996338 0.8569520757020758 0.5974893162393163 0.8565705128205129 0.5913843101343103 0.8542811355311356 0.5875686813186813 0.8516101953601954 0.5848977411477413 0.8470314407814409 0.5829899267399269 0.8413079975579977 0.5829899267399269 0.8336767399267401 0.5848977411477413 0.8256639194139195 0.5898580586080586 0.814598595848596 0.5940552503052504 0.8084935897435898 0.6001602564102565 0.8023885836385837 0.6074099511599512 0.7970467032967034 0.6169490231990232 0.7913232600732603 0.6253434065934067 0.7882707570207571 0.6310668498168499 0.7878891941391942 0.637171855921856 0.7890338827838829 0.6413690476190477 0.791704822954823 0.6455662393162395 0.7943757631257633 0.6497634310134311 0.7997176434676435 0.6528159340659342 0.8035332722832724 0.6554868742368744 0.808112026862027 0.6577762515262516 0.8130723443223444 0.6589209401709403 0.8172695360195361 0.6593025030525032 0.8214667277167279
1 0.3361187423687424 0.8607677045177046 0.3422237484737485 0.8569520757020758 0.34985500610500614 0.8546626984126985 0.3559600122100122 0.8550442612942615 0.3597756410256411 0.8569520757020758 0.36435439560439564 0.8603861416361417 0.36778846153846156 0.8645833333333335 0.37007783882783885 0.8703067765567767 0.3723672161172161 0.8767933455433456 0.37389346764346765 0.8825167887667889 0.3754197191697192 0.8878586691086692 0.37618284493284493 0.8924374236874237 0.37656440781440786 0.898160866910867 0.37656440781440786 0.9042658730158731 0.37656440781440786 0.9099893162393163 0.3754197191697192 0.9176205738705739 0.37160409035409037 0.92372557997558 0.3674068986568987 0.9290674603174605 0.3635912698412699 0.9325015262515264 0.3578678266178266 0.9344093406593408 0.34794719169719174 0.9359355921855923 0.3403159340659341 0.9363171550671551 0.3353556166056166 0.9351724664224665 0.330776862026862 0.9321199633699635 0.3265796703296704 0.9260149572649573 0.32467185592185593 0.9191468253968256 0.3235271672771673 0.9115155677655679 0.32276404151404153 0.9038843101343103 0.32276404151404153 0.8993055555555556 0.3231456043956044 0.8909111721611722 0.32429029304029305 0.8817536630036631 0.32619810744810745 0.8737408424908426 0.32963217338217343 0.8680173992673994
1 0.4746260683760684 0.8939636752136753 0.47729700854700857 0.8916742979242981 0.482257326007326 0.8909111721611722 0.4883623321123321 0.8905296092796093 0.4956120268620269 0.8909111721611722 0.5001907814407814 0.8928189865689866 0.5043879731379731 0.895108363858364 0.5078220390720392 0.898160866910867 0.5120192307692307 0.9019764957264959 0.5154532967032968 0.9065552503052504 0.5196504884004884 0.9118971306471307 0.5219398656898657 0.9176205738705739 0.5238476800976801 0.92372557997558 0.5249923687423688 0.930212148962149 0.5249923687423688 0.9363171550671551 0.5257554945054945 0.943185286935287 0.5253739316239316 0.9504349816849818 0.5234661172161172 0.956158424908425 0.5188873626373627 0.9615003052503054 0.5139270451770452 0.9649343711843713 0.508203601953602 0.9672237484737486 0.5028617216117216 0.969131562881563 0.4979014041514042 0.9695131257631259 0.4898885836385836 0.9668421855921856 0.48416514041514047 0.9618818681318683 0.4803495115995116 0.9550137362637364 0.47806013431013433 0.9492902930402932 0.47615231990231993 0.9447115384615385 0.47424450549450553 0.9393696581196581 0.47309981684981683 0.9317384004884006 0.47233669108669113 0.9252518315018317 0.47195512820512825 0.9199099511599512 0.47195512820512825 0.9160943223443224 0.47195512820512825 0.9115155677655679 0.47233669108669113 0.9061736874236874 0.47348137973137977 0.9012133699633701
1 0.6627365689865691 0.8973977411477413 0.6715125152625153 0.8855692918192919 0.6738018925518927 0.8828983516483517 0.679143772893773 0.87870115995116 0.6837225274725276 0.8756486568986569 0.6898275335775337 0.8733592796092797 0.6963141025641026 0.8718330280830282 0.7008928571428572 0.8718330280830282 0.7043269230769231 0.8733592796092797 0.707760989010989 0.8756486568986569 0.7104319291819293 0.8794642857142858 0.7134844322344324 0.8848061660561661 0.7161553724053725 0.8901480463980465 0.7173000610500612 0.8958714896214897 0.7176816239316239 0.901594932844933 0.7165369352869354 0.9073183760683762 0.714247557997558 0.9130418192918194 0.711195054945055 0.9172390109890111 0.7092872405372407 0.9210546398046399 0.7062347374847376 0.9256333943833945 0.7028006715506716 0.9305937118437119 0.6986034798534799 0.9363171550671551 0.695169413919414 0.9405143467643469 0.6905906593406594 0.9443299755799757 0.6863934676434678 0.9477640415140416 0.6821962759462761 0.9511981074481075 0.6776175213675214 0.9546321733821734 0.673038766788767 0.9569215506715507 0.6684600122100123 0.9576846764346765 0.6619734432234433 0.9569215506715507 0.6554868742368744 0.9553952991452993 0.650144993894994 0.9523427960927963 0.6470924908424909 0.9481456043956045 0.6467109279609281 0.940132783882784 0.6474740537240538 0.9313568376068377 0.6493818681318683 0.9233440170940171 0.6520528083028084 0.9168574481074482 0.6554868742368744 0.911134004884005 0.6589209401709403 0.9054105616605618
1 0.7615613553113554 0.9260149572649573 0.7573641636141637 0.9134233821733823 0.7573641636141637 0.9073183760683762 0.7573641636141637 0.901594932844933 0.7573641636141637 0.8970161782661783 0.7585088522588523 0.8905296092796093 0.7600351037851039 0.8848061660561661 0.7623244810744811 0.8790827228327228 0.7657585470085471 0.8737408424908426 0.7703373015873017 0.868780525030525 0.775679181929182 0.8649648962148964 0.7802579365079366 0.862675518925519 0.7863629426129427 0.862675518925519 0.7909416971916973 0.8645833333333335 0.7928495115995117 0.8680173992673994 0.7947573260073262 0.8710699023199024 0.7978098290598292 0.8760302197802198 0.8004807692307694 0.8806089743589745 0.8035332722832724 0.8855692918192919 0.8062042124542125 0.8901480463980465 0.8084935897435898 0.8947268009768011 0.8100198412698414 0.8993055555555556 0.8107829670329672 0.9038843101343103 0.8107829670329672 0.9092261904761905 0.8107829670329672 0.914186507936508 0.8096382783882785 0.9195283882783883 0.8077304639804641 0.9248702686202688 0.8058226495726496 0.9305937118437119 0.8023885836385837 0.9363171550671551 0.7993360805860806 0.940132783882784 0.7943757631257633 0.9416590354090355 0.7871260683760685 0.9420405982905984 0.7794948107448109 0.9416590354090355 0.7745344932844934 0.939751221001221 0.7699557387057389 0.9374618437118438 0.7657585470085471 0.9344093406593408 0.7623244810744811 0.930212148962149
1 0.22775488400488403 0.9382249694749696 0.22966269841269846 0.9328830891330891 0.23347832722832726 0.9267780830280831 0.2365308302808303 0.9233440170940171 0.23996489621489622 0.9214362026862027 0.24416208791208793 0.9199099511599512 0.250267094017094 0.9199099511599512 0.25637210012210015 0.9210546398046399 0.26056929181929184 0.9233440170940171 0.26400335775335776 0.9252518315018317 0.2678189865689866 0.9279227716727718 0.27087148962148966 0.9313568376068377 0.2739239926739927 0.9359355921855923 0.2773580586080586 0.9416590354090355 0.2800289987789988 0.9470009157509158 0.282699938949939 0.9523427960927963 0.2849893162393162 0.9584478021978023 0.28651556776556775 0.9622634310134311 0.28766025641025644 0.9672237484737486 0.2880418192918193 0.9718025030525032 0.2880418192918193 0.9771443833943835 0.2880418192918193 0.9821047008547009 0.2880418192918193 0.9878281440781441 0.2868971306471307 0.9931700244200244 0.2861340048840049 0.9966040903540904 0.28546136403279265 0.9989583333333333 0.2300442612942613 0.9989583333333333 0.22775488400488403 0.9946962759462761 0.22699175824175827 0.9904990842490843 0.22584706959706963 0.9863018925518927 0.22508394383394387 0.9813415750915752 0.2239392551892552 0.9759996947496948 0.22355769230769235 0.9710393772893774 0.22355769230769235 0.9656974969474971 0.22355769230769235 0.9611187423687425 0.2239392551892552 0.9569215506715507 0.22546550671550675 0.9508165445665446 0.22699175824175827 0.9439484126984128
1 0.38801129426129427 0.9702762515262516 0.39602411477411475 0.9656974969474971 0.40403693528693535 0.962644993894994 0.4124313186813187 0.9607371794871795 0.4200625763125763 0.9603556166056166 0.4273122710622711 0.9603556166056166 0.4345619658119658 0.9618818681318683 0.43990384615384615 0.9641712454212455 0.4441010378510379 0.9676053113553115 0.4471535409035409 0.9725656288156289 0.44867979242979245 0.9779075091575092 0.44867979242979245 0.9828678266178268 0.44829822954822957 0.9874465811965812 0.44639041514041516 0.991643772893773 0.44486416361416364 0.9962225274725276 0.44349626068376075 0.9989583333333333 0.37160409035409037 0.9989583333333333 0.3723672161172161 0.9920253357753359 0.37389346764346765 0.9878281440781441 0.37656440781440786 0.9832493894993896 0.38038003663003667 0.9790521978021979 0.38419566544566547 0.9752365689865691
1 0.8233745421245422 0.978670634920635 0.824137667887668 0.9706578144078145 0.8260454822954824 0.9641712454212455 0.8294795482295483 0.9584478021978023 0.8332951770451771 0.9531059218559219 0.8374923687423689 0.949671855921856 0.8424526862026862 0.9481456043956045 0.8481761294261295 0.9477640415140416 0.853136446886447 0.949671855921856 0.8565705128205129 0.9523427960927963 0.8600045787545788 0.956158424908425 0.862675518925519 0.9595924908424909 0.8653464590964592 0.9637896825396826 0.8680173992673994 0.9672237484737486 0.8699252136752137 0.9702762515262516 0.8718330280830282 0.9740918803418804 0.8733592796092797 0.9779075091575092 0.8745039682539684 0.9805784493284494 0.8752670940170941 0.9828678266178268 0.8752670940170941 0.9828678266178268 0.8764117826617828 0.985157203907204 0.8775564713064714 0.9889728327228329 0.8779380341880343 0.9908806471306472 0.8783195970695972 0.9927884615384617 0.8783195970695972 0.9962225274725276 0.8771749084249085 0.9985119047619049 0.8459249084249166 0.9989583333333333 0.8233745421245422 0.9969856532356532 0.8233745421245422 0.991643772893773 0.8233745421245422 0.9878281440781441 0.8233745421245422 0.9836309523809524
1 0.12587759462759465 0.9027396214896215 0.12969322344322348 0.8989239926739928 0.13389041514041516 0.895108363858364 0.13808760683760687 0.8924374236874237 0.14190323565323568 0.8909111721611722 0.14762667887667888 0.8901480463980465 0.15563949938949942 0.8897664835164836 0.1583104395604396 0.8909111721611722 0.1621260683760684 0.8932005494505495 0.16556013431013433 0.895108363858364 0.16937576312576313 0.898160866910867 0.17395451770451772 0.901594932844933 0.17815170940170943 0.9057921245421245 0.18120421245421248 0.911134004884005 0.18349358974358979 0.9183836996336997 0.1846382783882784 0.9252518315018317 0.1850198412698413 0.9321199633699635 0.18425671550671555 0.9382249694749696 0.18234890109890112 0.9416590354090355 0.176243894993895 0.9454746642246643 0.16975732600732604 0.9473824786324787 0.1625076312576313 0.9473824786324787 0.15563949938949942 0.9470009157509158 0.14991605616605622 0.9458562271062273 0.14381105006105008 0.943185286935287 0.13732448107448111 0.939751221001221 0.13198260073260076 0.9355540293040294 0.12816697191697196 0.9290674603174605 0.12625915750915753 0.9229624542124543 0.12435134310134315 0.9153311965811967 0.12435134310134315 0.9088446275946277
1 0.018276862026862063 0.9263965201465202 0.02247405372405376 0.92372557997558 0.02819749694749698 0.9210546398046399 0.03468406593406597 0.9199099511599512 0.0423153235653236 0.9199099511599512 0.048420329670329706 0.9218177655677657 0.05528846153846158 0.9252518315018317 0.06215659340659344 0.9298305860805861 0.06864316239316244 0.9355540293040294 0.07398504273504278 0.9408959096459097 0.07741910866910871 0.9462377899877901 0.08047161172161175 0.9534874847374848 0.08199786324786329 0.9622634310134311 0.08161630036630041 0.9718025030525032 0.07932692307692311 0.9782890720390721 0.07512973137973142 0.9836309523809524 0.0694062881562882 0.9870650183150184 0.06368284493284497 0.988209706959707 0.05528846153846158 0.9878281440781441 0.04574938949938954 0.985538766788767 0.036973443223443266 0.9813415750915752 0.030868437118437154 0.9771443833943835 0.02628968253968257 0.9737103174603176 0.02247405372405376 0.9687500000000001 0.019803113553113587 0.962644993894994 0.0175137362637363 0.9584478021978023 0.015987484737484774 0.9538690476190477 0.014842796092796129 0.9481456043956045 0.014461233211233247 0.9424221611721613 0.014461233211233247 0.936698717948718
1 0.12358821733821738 0.6219093406593408 0.12969322344322348 0.6192384004884006 0.13656135531135533 0.6173305860805861 0.14190323565323568 0.6158043345543347 0.14686355311355312 0.6150412087912088 0.15449481074481078 0.6150412087912088 0.1605998168498169 0.6150412087912088 0.16746794871794876 0.6161858974358976 0.1750992063492064 0.617712148962149 0.1808226495726496 0.6196199633699635 0.1850198412698413 0.6234355921855922 0.18845390720390723 0.6287774725274726 0.1907432844932845 0.6356456043956045 0.19036172161172163 0.6413690476190477 0.18692765567765568 0.6482371794871795 0.18196733821733824 0.6539606227106227 0.17700702075702077 0.6585393772893774 0.17204670329670332 0.6623550061050062 0.1659416971916972 0.6665521978021979 0.1579288766788767 0.6707493894993896 0.1522054334554335 0.6734203296703298 0.1457188644688645 0.6753281440781441 0.13541666666666669 0.6772359584859585 0.12893009768009772 0.6783806471306472 0.12168040293040297 0.67876221001221 0.11290445665445668 0.67876221001221 0.10565476190476193 0.6779990842490843 0.09802350427350431 0.6764728327228329 0.09306318681318684 0.6738018925518927 0.08886599511599515 0.669223137973138 0.08695818070818075 0.6612103174603176 0.0877213064713065 0.6512896825396826 0.09039224664224668 0.6451846764346765 0.09344474969474972 0.6413690476190477 0.09535256410256414 0.6386981074481075 0.09802350427350431 0.6360271672771673 0.10183913308913312 0.6325931013431014 0.10603632478632483 0.6295405982905984 0.1106150793650794 0.6268696581196581
1 0.0339209401709402 0.6249618437118438 0.036591880341880385 0.6406059218559219 0.03506562881562885 0.6444215506715507 0.03315781440781444 0.6497634310134311 0.02972374847374851 0.6543421855921856 0.02590811965811969 0.6558684371184372 0.018658424908424943 0.656631562881563 0.012171855921855957 0.656631562881563 0.007974664224664259 0.6558684371184372 0.0033959096459096807 0.6531974969474971 0.0007249694749695096 0.6497634310134311 1.1564823173178714e-19 0.6465010683760684 0.0003434065934066281 0.6211462148962149 0.002251221001221036 0.6158043345543347 0.004159035409035444 0.6135149572649573 0.006829975579975614 0.6123702686202688 0.011027167277167313 0.61122557997558 0.016750610500610535 0.61122557997558 0.022092490842490875 0.6119887057387058 0.02628968253968257 0.6131333943833945 0.028960622710622743 0.6154227716727718 0.031250000000000035 0.617712148962149
1 0.10107600732600736 0.46546855921855923 0.10298382173382177 0.46317918192918195 0.10489163614163617 0.45936355311355315 0.10756257631257635 0.4559294871794872 0.11099664224664228 0.453258547008547 0.11404914529914532 0.4509691697191698 0.11824633699633703 0.44829822954822957 0.12168040293040297 0.44677197802197804 0.12778540903540908 0.4456272893772894 0.1331272893772894 0.4456272893772894 0.13656135531135533 0.4460088522588523 0.140758547008547 0.4475351037851038 0.14495573870573872 0.4498244810744811 0.14877136752136755 0.453258547008547 0.15296855921855926 0.45745573870573875 0.15525793650793654 0.46165293040293043 0.15754731379731382 0.46661324786324787 0.15754731379731382 0.47348137973137977 0.15754731379731382 0.4788232600732601 0.15487637362637366 0.48378357753357754 0.1522054334554335 0.4883623321123321 0.14724511599511603 0.4929410866910867 0.1415216727716728 0.4971382783882784 0.13427197802197804 0.5001907814407814 0.12702228327228332 0.5024801587301587 0.11862789987789993 0.5036248473748474 0.11366758241758244 0.5040064102564102 0.10832570207570211 0.5024801587301587 0.10222069597069601 0.49942765567765574 0.09802350427350431 0.4971382783882784 0.09458943833943838 0.4910332722832723 0.09458943833943838 0.48530982905982906 0.09687881562881566 0.47806013431013433 0.09993131868131871 0.47195512820512825
1 0.031250000000000035 0.5459783272283274 0.03010531135531139 0.5505570818070818 0.028960622710622743 0.5593330280830282 0.0278159340659341 0.5635302197802198 0.02628968253968257 0.5684905372405373 0.024763431013431047 0.5730692918192919 0.02247405372405376 0.5776480463980465 0.020184676434676467 0.582608363858364 0.01789529914529918 0.5860424297924299 0.01293498168498172 0.5894764957264959 0.007211538461538496 0.5917658730158731 0.0018696581196581542 0.592147435897436 0.0003434065934066281 0.5898580586080586 0.0003434065934066281 0.49828296703296704 0.003014346764346799 0.4990460927960928 0.007974664224664259 0.5005723443223443 0.014079670329670365 0.5032432844932846 0.018658424908424943 0.5078220390720392 0.022092490842490875 0.5120192307692307 0.024763431013431047 0.5165979853479854 0.026671245421245455 0.52117673992674 0.028579059829059863 0.5265186202686203 0.03010531135531139 0.5318605006105006 0.031250000000000035 0.5394917582417583
1 0.07589285714285718 0.3086462148962149 0.07169566544566548 0.3231456043956044 0.06978785103785108 0.3269612332112332 0.06788003663003667 0.33153998778998783 0.06520909645909649 0.3365003052503053 0.06291971916971921 0.33993437118437125 0.059485653235653274 0.34260531135531136 0.05490689865689869 0.34603937728937734 0.05109126984126988 0.34794719169719174 0.046894078144078186 0.350236568986569 0.04078907203907208 0.3525259462759463 0.036591880341880385 0.3544337606837607 0.03277625152625156 0.35557844932844934 0.028960622710622743 0.3563415750915751 0.024763431013431047 0.3563415750915751 0.021329365079365115 0.3548153235653236 0.015987484737484774 0.3529075091575092 0.011790293040293076 0.35138125763125766 0.007974664224664259 0.3490918803418804 0.004159035409035444 0.3464209401709402 0.0 0.34226190476190477 0.0 0.31169871794871795 0.0014880952380952725 0.30330433455433453 0.003014346764346799 0.29643620268620274 0.005303724053724089 0.2918574481074481 0.007974664224664259 0.2861340048840049 0.011408730158730195 0.2792658730158731 0.014461233211233247 0.2754502442002442 0.0175137362637363 0.2723977411477412 0.02323717948717952 0.2678189865689866 0.028579059829059863 0.26438492063492064 0.0339209401709402 0.2628586691086691 0.04155219780219784 0.26209554334554336 0.04880189255189259 0.26209554334554336 0.05490689865689869 0.26400335775335776 0.060248778998779035 0.2666742979242979 0.06482753357753361 0.26972680097680096 0.06864316239316244 0.2735424297924298 0.07207722832722836 0.2781211843711844 0.07436660561660566 0.2807921245421246 0.07665598290598294 0.28537087912087916 0.0778006715506716 0.2907127594627595 0.0778006715506716 0.29681776556776557 0.07741910866910871 0.3029227716727717
1 0.20142704517704518 0.19226953601953603 0.19799297924297926 0.18807234432234435 0.1945589133089133 0.18120421245421248 0.1934142246642247 0.17319139194139196 0.1945589133089133 0.1625076312576313 0.19684829059829062 0.1533501221001221 0.20104548229548233 0.1453373015873016 0.2056242368742369 0.13732448107448111 0.2113476800976801 0.13083791208791212 0.21707112332112335 0.1266407203907204 0.22164987789987792 0.12473290598290603 0.22584706959706963 0.12396978021978027 0.23157051282051283 0.12396978021978027 0.2346230158730159 0.1251144688644689 0.2384386446886447 0.12702228327228332 0.24187271062271065 0.12969322344322348 0.24568833943833948 0.13236416361416364 0.24835927960927962 0.13579822954822957 0.25064865689865695 0.13885073260073263 0.2510302197802198 0.14190323565323568 0.2510302197802198 0.14610042735042736 0.2510302197802198 0.15144230769230774 0.24988553113553116 0.15754731379731382 0.24835927960927962 0.16327075702075705 0.2468330280830281 0.16861263736263737 0.2445436507936508 0.17357295482295484 0.24225427350427353 0.17662545787545791 0.23996489621489622 0.1808226495726496 0.23614926739926742 0.18578296703296707 0.2327152014652015 0.18959859584859587 0.22699175824175827 0.19494047619047622 0.22164987789987792 0.19837454212454214 0.21936050061050064 0.19875610500610502 0.21249236874236876 0.19875610500610502 0.20715048840048841 0.19761141636141638 0.2033348595848596 0.19608516483516486
1 0.09230006105006108 0.10336538461538465 0.09497100122100126 0.09954975579975583 0.09993131868131871 0.09573412698412702 0.10679945054945059 0.0919184981684982 0.11443070818070823 0.08962912087912092 0.12168040293040297 0.08848443223443227 0.13007478632478636 0.08848443223443227 0.13732448107448111 0.08886599511599515 0.1434294871794872 0.09077380952380956 0.1480082417582418 0.09306318681318684 0.15296855921855926 0.09573412698412702 0.15869200244200246 0.09993131868131871 0.1644154456654457 0.10489163614163617 0.1678495115995116 0.10947039072039075 0.16975732600732604 0.11519383394383399 0.1705204517704518 0.12091727716727721 0.16975732600732604 0.12702228327228332 0.16746794871794876 0.13198260073260076 0.1640338827838828 0.13541666666666669 0.15907356532356537 0.13885073260073263 0.15296855921855926 0.14266636141636144 0.14648199023199027 0.1453373015873016 0.14228479853479856 0.14648199023199027 0.13617979242979245 0.1480082417582418 0.13083791208791212 0.14877136752136755 0.1251144688644689 0.14877136752136755 0.11977258852258857 0.1480082417582418 0.11443070818070823 0.14648199023199027 0.11099664224664228 0.14495573870573872 0.10718101343101347 0.1434294871794872 0.10336538461538465 0.14114010989010992 0.10145757020757024 0.13999542124542125 0.09802350427350431 0.13617979242979245 0.09497100122100126 0.13274572649572652 0.09230006105006108 0.12816697191697196 0.09039224664224668 0.12091727716727721 0.0900106837606838 0.11443070818070823 0.0900106837606838 0.10756257631257635
1 0.3464209401709402 0.06864316239316244 0.35748626373626374 0.05643315018315022 0.3628281440781441 0.05376221001221005 0.3712225274725275 0.0526175213675214 0.38038003663003667 0.05185439560439564 0.38801129426129427 0.05223595848595852 0.39526098901098905 0.05299908424908429 0.40060286935286943 0.05376221001221005 0.405181623931624 0.05452533577533581 0.41014194139194143 0.0568147130647131 0.41548382173382176 0.05872252747252751 0.41968101343101344 0.059867216117216154 0.4246413308913309 0.06177503052503056 0.4296016483516484 0.06368284493284497 0.4349435286935287 0.06635378510378515 0.43990384615384615 0.06978785103785108 0.4429563492063492 0.07322191697191702 0.44486416361416364 0.07856379731379735 0.4456272893772894 0.08466880341880345 0.4460088522588523 0.09039224664224668 0.4460088522588523 0.09497100122100126 0.44486416361416364 0.09993131868131871 0.4429563492063492 0.10489163614163617 0.43875915750915756 0.10870726495726499 0.4334172771672772 0.11099664224664228 0.4261675824175824 0.11328601953601956 0.42044413919413925 0.11443070818070823 0.4151022588522589 0.11519383394383399 0.4112866300366301 0.11557539682539687 0.4063263125763126 0.11633852258852263 0.40212912087912095 0.11595695970695975 0.3964056776556777 0.11481227106227111 0.38991910866910867 0.11290445665445668 0.38495879120879123 0.11137820512820516 0.37885378510378515 0.10947039072039075 0.372748778998779 0.10756257631257635 0.36817002442002444 0.10565476190476193 0.3635912698412699 0.10374694749694753 0.35863095238095244 0.10183913308913312 0.3540521978021978 0.09916819291819295 0.35138125763125766 0.09649725274725278 0.34756562881562886 0.09115537240537244 0.34603937728937734 0.08695818070818075 0.3456578144078144 0.08276098901098905 0.3452762515262516 0.08009004884004887 0.3452762515262516 0.07512973137973142
1 0.23080738705738707 0.039262820512820554 0.2262286324786325 0.048420329670329706 0.22355769230769235 0.05109126984126988 0.2201236263736264 0.05299908424908429 0.21363705738705743 0.05414377289377293 0.20715048840048841 0.05414377289377293 0.20219017094017094 0.05338064713064717 0.19837454212454214 0.05223595848595852 0.19494047619047622 0.050328144078144114 0.19150641025641027 0.048038766788766826 0.18692765567765568 0.04460470085470089 0.18158577533577536 0.040025946275946314 0.17700702075702077 0.03315781440781444 0.17357295482295484 0.024000305250305283 0.17319139194139196 0.016369047619047655 0.17280982905982908 0.009500915750915785 0.1743299755799756 0.0 0.23424145299145302 0.0003434065934066281 0.23424145299145302 0.003777472527472562 0.23424145299145302 0.009500915750915785 0.23500457875457878 0.013316544566544603 0.23576770451770454 0.01713217338217342 0.23614926739926742 0.021710927960927995 0.2365308302808303 0.02590811965811969 0.23614926739926742 0.02972374847374851 0.23424145299145302 0.03582875457875461
1 0.05376221001221005 0.03582875457875461 0.04574938949938954 0.03277625152625156 0.0423153235653236 0.03048687423687427 0.039644383394383434 0.0278159340659341 0.03621031746031749 0.024763431013431047 0.03315781440781444 0.021329365079365115 0.03010531135531139 0.0175137362637363 0.027434371184371215 0.013316544566544603 0.024381868131868163 0.009119352869352905 0.019062245624745636 1.8503717077085942e-18 0.0736034798534799 0.0003434065934066281 0.07589285714285718 0.00568528693528697 0.07741910866910871 0.011790293040293076 0.07894536019536023 0.016750610500610535 0.08009004884004887 0.021710927960927995 0.08123473748473753 0.026671245421245455 0.08123473748473753 0.032013125763125795 0.07818223443223447 0.0339209401709402 0.07398504273504278 0.03506562881562885 0.06978785103785108 0.03621031746031749 0.06559065934065939 0.036591880341880385 0.06177503052503056 0.036973443223443266
1 0.4868360805860806 0.05185439560439564 0.479204822954823 0.0423153235653236 0.4769154456654457 0.040025946275946314 0.47424450549450553 0.03544719169719173 0.4715735653235653 0.030868437118437154 0.4692841880341881 0.02590811965811969 0.46775793650793657 0.018658424908424943 0.4673763736263737 0.01293498168498172 0.4673763736263737 0.007211538461538496 0.4673763736263737 0.0011065323565323912 0.47233669108669113 0.0007249694749695096 0.5261370573870574 0.0003434065934066281 0.534149877899878 0.00835622710622714 0.5364392551892553 0.012553418803418839 0.5387286324786326 0.016750610500610535 0.5402548840048841 0.021710927960927995 0.5413995726495727 0.02552655677655681 0.5421626984126985 0.031631562881562915 0.5421626984126985 0.037736568986569026 0.5417811355311356 0.04307844932844937 0.5402548840048841 0.047657203907203946 0.5375839438339439 0.0526175213675214 0.534149877899878 0.057196275946275986 0.5314789377289377 0.059485653235653274 0.5261370573870574 0.06139346764346768 0.5204136141636142 0.06330128205128209 0.5162164224664225 0.06406440781440785 0.5104929792429792 0.06406440781440785 0.5055326617826618 0.06253815628815633 0.4990460927960928 0.059867216117216154 0.49217796092796096 0.0568147130647131
1 0.6905906593406594 0.022092490842490875 0.6802884615384617 0.03048687423687427 0.6764728327228329 0.03353937728937732 0.672657203907204 0.03621031746031749 0.6680784493284494 0.03849969474969479 0.663118131868132 0.040025946275946314 0.6581578144078145 0.04078907203907208 0.65357905982906 0.04078907203907208 0.6455662393162395 0.04078907203907208 0.6390796703296704 0.040407509157509194 0.6345009157509158 0.039262820512820554 0.6283959096459097 0.036973443223443266 0.6238171550671551 0.0339209401709402 0.6215277777777779 0.02972374847374851 0.6203830891330891 0.02285561660561664 0.6203830891330891 0.01713217338217342 0.620764652014652 0.011027167277167313 0.6226724664224665 0.006066849816849851 0.6249618437118438 0.0003434065934066281 0.6310668498168499 0.0003434065934066281 0.7005112942612944 0.0003434065934066281 0.6986034798534799 0.00835622710622714 0.6966956654456655 0.01293498168498172 0.6944062881562882 0.01713217338217342
1 0.9669943820224719 0.30366338951310856 0.9710908239700373 0.2983965355805243 0.9786985018726592 0.29371488764044945 0.9868913857677903 0.291374063670412 0.9962546816479401 0.291374063670412 0.9989583333333333 0.29161985018726594 0.9989583333333333 0.3545763108614232 0.9886470037453184 0.35165028089887646 0.9845505617977527 0.3487242509363296 0.9810393258426965 0.3452130149812734 0.9769428838951311 0.3405313670411985 0.9722612359550562 0.3352645131086142 0.96875 0.32824204119850187 0.9658239700374532 0.32004915730337075 0.9646535580524344 0.31244147940074907
0 0.4064814814814815 0.08611111111111111 0.39120370370370366 0.08240740740740742 0.3722222222222222 0.08055555555555555 0.36944444444444446 0.08055555555555555 0.3657407407407407 0.0787037037037037 0.3648148148148148 0.07638888888888888 0.36712962962962964 0.07361111111111111 0.3717592592592593 0.07222222222222222 0.3787037037037037 0.07175925925925926 0.38564814814814813 0.07175925925925926 0.3976851851851852 0.07407407407407408 0.4037037037037037 0.07592592592592592 0.4074074074074074 0.07731481481481482 0.412962962962963 0.08009259259259259 0.4162037037037037 0.08194444444444444 0.4199074074074074 0.08518518518518518 0.42037037037037034 0.08842592592592592 0.4162037037037037 0.08888888888888888
0 0.21435185185185185 0.17407407407407408 0.21712962962962964 0.16666666666666666 0.21944444444444444 0.16296296296296298 0.22592592592592592 0.15416666666666667 0.23287037037037037 0.14768518518518517 0.2337962962962963 0.14444444444444443 0.23287037037037037 0.1412037037037037 0.22527718168812594 0.14569921316165954 0.21805555555555556 0.15787037037037036 0.2111111111111111 0.16574074074074074 0.20972222222222223 0.17037037037037037 0.20925925925925926 0.17407407407407408 0.2111111111111111 0.1787037037037037
0 0.41064814814814815 0.2310185185185185 0.4222222222222222 0.2287037037037037 0.4356481481481482 0.22731481481481483 0.4439814814814815 0.2287037037037037 0.4467592592592593 0.22916666666666666 0.4467592592592593 0.225 0.4425925925925926 0.22222222222222224 0.4398148148148148 0.22175925925925927 0.4324074074074074 0.22314814814814815 0.41157407407407404 0.225 0.40138888888888885 0.2263888888888889 0.39814814814814814 0.22777777777777777 0.399537037037037 0.2300925925925926 0.4037037037037037 0.23148148148148148
0 0.47361111111111115 0.29814814814814816 0.48518518518518516 0.288425925925926 0.487962962962963 0.28657407407407404 0.4902777777777778 0.28425925925925927 0.4930555555555555 0.2814814814814815 0.4962962962962963 0.2787037037037037 0.4972222222222222 0.27592592592592596 0.4976851851851852 0.2726851851851852 0.4907407407407407 0.27638888888888885 0.48703703703703705 0.27731481481481485 0.48333333333333334 0.2791666666666667 0.4791666666666667 0.28194444444444444 0.47685185185185186 0.28564814814814815 0.47407407407407404 0.2902777777777778 0.4712962962962963 0.2935185185185185 0.4699074074074074 0.29583333333333334 0.4685185185185185 0.29953703703703705
0 0.38333333333333336 0.3560185185185185 0.3699074074074074 0.34861111111111115 0.36435185185185187 0.34675925925925927 0.3597222222222222 0.3439814814814815 0.3560185185185185 0.34074074074074073 0.3532407407407407 0.33611111111111114 0.35787037037037034 0.3347222222222222 0.3648148148148148 0.33888888888888885 0.3685185185185185 0.34074074074074073 0.37962962962962965 0.34675925925925927 0.3851851851851852 0.35 0.3902777777777778 0.3523148148148148 0.3958333333333333 0.3555555555555555 0.40138888888888885 0.3592592592592593 0.3967592592592593 0.36157407407407405 0.38935185185185184 0.36018518518518516
0 0.5643518518518519 0.33287037037037037 0.5740740740740741 0.3282407407407407 0.5800925925925926 0.3282407407407407 0.5856481481481481 0.3282407407407407 0.5893518518518519 0.32731481481481484 0.5925925925925927 0.32592592592592595 0.5935185185185186 0.32314814814814813 0.5907407407407407 0.3217592592592593 0.5847222222222223 0.3217592592592593 0.576388888888889 0.3217592592592593 0.5726851851851852 0.3226851851851852 0.5685185185185185 0.324537037037037 0.5643518518518519 0.32592592592592595 0.5601851851851852 0.3277777777777778 0.5578703703703703 0.3300925925925926 0.5569444444444444 0.3324074074074074
0 0.2212962962962963 0.4361111111111111 0.2337962962962963 0.4305555555555555 0.2513888888888889 0.4236111111111111 0.25601851851851853 0.42083333333333334 0.2587962962962963 0.41944444444444445 0.25972222222222224 0.41712962962962963 0.2569444444444444 0.4152777777777778 0.2513888888888889 0.4175925925925926 0.23703703703703702 0.42314814814814816 0.22824074074074074 0.42685185185185187 0.22314814814814815 0.4282407407407407 0.21805555555555556 0.4310185185185185 0.21435185185185185 0.4337962962962963 0.21342592592592594 0.43657407407407406 0.21666666666666667 0.4375
0 0.6685185185185186 0.0060185185185185185 0.6550925925925927 0.014351851851851853 0.6527777777777778 0.016203703703703703 0.65 0.018055555555555554 0.6453703703703704 0.01990740740740741 0.6425925925925926 0.020370370370370372 0.6435185185185186 0.014814814814814814 0.6467592592592593 0.012962962962962963 0.649074074074074 0.011574074074074073 0.6523148148148148 0.008333333333333333 0.6569444444444444 0.0060185185185185185 0.6601851851851852 0.0037037037037037034 0.6648148148148147 0.0009259259259259259 0.6763888888888889 0.0
0 0.6398148148148147 0.4972222222222222 0.6560185185185186 0.49583333333333335 0.6606481481481481 0.4949074074074074 0.6652777777777777 0.49398148148148147 0.6694444444444444 0.4930555555555555 0.6717592592592593 0.49212962962962964 0.6726851851851853 0.4898148148148148 0.6662037037037037 0.4888888888888889 0.6560185185185186 0.49212962962962964 0.6370370370370371 0.49259259259259264
0 0.4810185185185185 0.5203703703703704 0.46435185185185185 0.5055555555555555 0.46064814814814814 0.5018518518518519 0.4574074074074074 0.49907407407407406 0.45555555555555555 0.49583333333333335 0.45462962962962966 0.4935185185185185 0.4564814814814815 0.4930555555555555 0.46944444444444444 0.49907407407407406 0.4777777777777778 0.5060185185185185 0.48703703703703705 0.5152777777777778 0.4912037037037037 0.5208333333333334 0.49444444444444446 0.525462962962963 0.48842592592592593 0.525
0 0.12175925925925926 0.6555555555555556 0.13194444444444445 0.6509259259259259 0.1388888888888889 0.650462962962963 0.14259259259259258 0.65 0.14768518518518517 0.649074074074074 0.15 0.6481481481481481 0.1537037037037037 0.6458333333333334 0.1574074074074074 0.6439814814814814 0.1625 0.6421296296296296 0.16481481481481483 0.6407407407407407 0.16666666666666666 0.638425925925926 0.16574074074074074 0.6356481481481481 0.1625 0.6351851851851852 0.15694444444444444 0.6351851851851852 0.15277777777777776 0.6361111111111111 0.15 0.6375 0.14537037037037034 0.638888888888889 0.14027777777777778 0.6402777777777777 0.13564814814814816 0.6416666666666667 0.13148148148148148 0.6425925925925926 0.1259259259259259 0.6439814814814814 0.12083333333333333 0.6458333333333334 0.1175925925925926 0.6476851851851853 0.11435185185185184 0.65 0.11157407407407408 0.6527777777777778 0.11111111111111112 0.6555555555555556 0.11712962962962963 0.6550925925925927
0 0.39212962962962966 0.637962962962963 0.3773148148148148 0.6273148148148148 0.3717592592592593 0.624074074074074 0.3680555555555555 0.6217592592592592 0.3657407407407407 0.6194444444444444 0.36203703703703705 0.6175925925925926 0.35787037037037034 0.6152777777777777 0.35694444444444445 0.6129629629629629 0.35879629629629634 0.611574074074074 0.3648148148148148 0.612037037037037 0.37083333333333335 0.6138888888888889 0.375 0.6152777777777777 0.37916666666666665 0.6175925925925926 0.3837962962962963 0.6203703703703703 0.38796296296296295 0.6236111111111111 0.39166666666666666 0.625925925925926 0.39537037037037037 0.6296296296296297 0.39814814814814814 0.6347222222222223 0.39861111111111114 0.638888888888889
0 0.6211240310077518 0.16396733111849396 0.6467331118493909 0.16327519379844968 0.6578073089700996 0.16189091915836107 0.6581533776301217 0.15946843853820605 0.6557308970099668 0.15808416389811744 0.6297757475083057 0.1591223698781839 0.6193936877076411 0.15981450719822818 0.6183554817275747 0.16050664451827248
1 0.9694835680751174 0.08436032863849766 0.9614143192488261 0.07409037558685447 0.9599471830985915 0.06675469483568075 0.9606807511737088 0.05868544600938967 0.9643485915492958 0.05281690140845071 0.96875 0.04914906103286385 0.9746185446009389 0.045481220657277 0.9826877934272301 0.04328051643192488 0.9870892018779341 0.04181338028169014 0.99662558685446 0.03961267605633803 0.9989583333333333 0.03935348200312989 0.9989583333333333 0.10196596244131456 0.9914906103286384 0.10049882629107981 0.9797535211267605 0.09609741784037559
0 0.6736856223175967 0.9244903433476395 0.6866505722460658 0.9039252503576538 0.687991773962804 0.900348712446352 0.6902271101573677 0.8945368383404865 0.6920153791130186 0.8914073676680974 0.6888859084406295 0.89185443490701 0.683074034334764 0.8958780400572246 0.6803916309012875 0.8994545779685265 0.6750268240343348 0.9097371244635194 0.6678737482117311 0.9276198140200286
0 0.49530579399141633 0.9450554363376252 0.4926233905579399 0.9329846208869814 0.490835121602289 0.9213608726752504 0.48994098712446355 0.918678469241774 0.48949391988555074 0.9155489985693849 0.4912821888412017 0.9128665951359084 0.4957528612303291 0.9218079399141631 0.4979881974248927 0.9343258226037195 0.5020118025751074 0.9486319742489271 0.5015647353361945 0.9544438483547926 0.4979881974248927 0.9531026466380543 0.4948587267525036 0.9499731759656652
0 0.6272689768976899 0.2660891089108911 0.6386138613861386 0.2615511551155116 0.6538778877887789 0.2599009900990099 0.6705858085808581 0.26031353135313534 0.6862623762376238 0.2646452145214522 0.6732673267326733 0.2691831683168317 0.6571782178217822 0.27021452145214525 0.6396452145214522 0.2700082508250825
0 0.9890373864430467 0.3129367575122292 0.9886006289308175 0.3094426974143955 0.9875087351502445 0.30704053109713486 0.9881638714185883 0.3057302585604472 0.9960255066387141 0.3057302585604472 0.9989583333333333 0.3075632752445842 0.9989583333333333 0.32079839273235494 0.9934049615653389 0.31752271139063587
0 0.04780595813204509 0.28482286634460546 0.04579307568438004 0.30646135265700486 0.03623188405797102 0.32055152979066026 0.027173913043478264 0.33212560386473433 0.022644927536231884 0.3311191626409018 0.019122383252818034 0.32055152979066026 0.023651368760064413 0.30092592592592593 0.030193236714975848 0.293377616747182
0 0.577118989405053 0.416157294213529 0.5850142624286879 0.41386511817440913 0.5936735941320294 0.41488386308068465 0.6010594947025265 0.4189588427057865 0.6107375713121435 0.421760391198044 0.619142216788916 0.42456193969030154 0.6272921760391198 0.4273634881825591 0.630857783211084 0.43220252648736757 0.6242359413202934 0.4311837815810921 0.6168500407497962 0.42991035044824777 0.61150162999185 0.42787286063569685 0.5990220048899756 0.4232885085574572 0.5890892420537898 0.419977587612062 0.5801752241238793 0.4197229013854931
