1 0.886188125 0.97932 0.8962670833333333 0.9670772916666667 0.9122837500000001 0.9530381250000001 0.924346875 0.9481772916666666 0.9356947916666667 0.9481846875 0.9470261458333333 0.9548334374999999 0.9518933333333333 0.9609683333333333 0.9542214583333333 0.9676211458333334 0.9542239583333333 0.9742791666666667 0.9531460416666667 0.9809392708333333 0.9486485416666667 0.990115 0.9384276041666666 1.0 0.8892365625 1.0 0.8890686458333333 0.99984125 0.8834866666666666 0.9899390625
1 0.5836938541666666 0.0024575 0.5682487500000001 0.014004479166666667 0.5587998958333333 0.0350103125 0.5569939583333333 0.04925708333333333 0.5572916666666666 0.054506354166666666 0.5601444791666667 0.06230510416666667 0.5647977083333333 0.06816510416666667 0.5719896875 0.07206020833333333 0.5788880208333332 0.0726659375 0.5848881250000001 0.07250708333333335 0.5979448958333333 0.06545145833333334 0.6075476041666668 0.05270083333333333 0.6126571875 0.036504895833333335 0.61444 0.026457395833333335 0.6144427083333334 0.0170015625 0.6133885416666666 0.007558854166666667 0.6105491666666667 0.0032003124999999996 0.6057360416666667 0.0 0.5942763541666667 0.0
1 0.5451453125000001 0.6863202083333333 0.5361371875 0.6791235416666667 0.5318205208333333 0.6717375000000001 0.5316430208333334 0.6621906249999999 0.5332614583333333 0.6531908333333334 0.5386592708333333 0.6472579166666667 0.5492835416666666 0.6445624999999999 0.5660264583333333 0.6445566666666667 0.5782659375 0.6472559375 0.588165 0.6548207291666667 0.5933848958333333 0.6631026041666667 0.5960804166666667 0.6710158333333334 0.5946371875 0.6800190625 0.5910425 0.6888354166666667 0.5874454166666666 0.6933340625 0.5768166666666666 0.6971242708333333 0.5701664583333332 0.69801375 0.5645809375 0.6969363541666667
1 0.7047109375 0.6069884375 0.7177083333333333 0.5908644791666667 0.7339586458333333 0.5847382291666666 0.7438342708333334 0.5847303125 0.7499619791666666 0.5896128125 0.7544602083333333 0.5976109375 0.7557089583333333 0.6061048958333333 0.7532090625 0.6202384375 0.7464651041666667 0.6308635416666667 0.7307152083333333 0.6402317708333333 0.7220954166666667 0.6414802083333334 0.7127225 0.6416046875 0.7070873958333334 0.6398633333333333 0.7034684375 0.6363585416666666 0.7008387500000001 0.6327386458333333 0.6987155208333333 0.6261075 0.6984628125000001 0.6207360416666667 0.6987119791666667 0.6159852083333334
1 0.05817427083333333 0.3253447916666667 0.0477984375 0.3328476041666667 0.03154614583333334 0.3411003125 0.016666666666666666 0.3404709375 0.010294479166666667 0.3383478125 4.322916666666667e-05 0.3342241666666667 0.0 0.3340909375 0.0 0.280061875 0.00029572916666666663 0.27972875 0.0100465625 0.2763534375 0.0219196875 0.27397229166666665 0.036043437500000004 0.27597124999999995 0.04967135416666667 0.28222875 0.05980125 0.2907207291666667 0.064299375 0.3008529166666667 0.0649184375 0.30784520833333334 0.06404552083333333 0.3153532291666667 0.06279208333333333 0.3196021875
1 0.9477454166666667 0.8142647916666667 0.9468475000000001 0.7971640625 0.9481082291666667 0.7860040625 0.9511669791666667 0.7746617708333333 0.9540465625 0.7683590625 0.9587236458333332 0.7633222916666667 0.9639568749999999 0.7606182291666667 0.9738440625 0.757918125 0.9810441666666667 0.7575617708333334 0.9882453125 0.7606246875 0.9943683333333334 0.7669258333333333 1.0 0.7790433333333334 1.0 0.8315685416666666 0.9927395833333333 0.8378377083333334 0.9864576041666666 0.8400069791666667 0.9801540625 0.8414444791666666 0.9751090625 0.8412595833333333 0.9664591666666666 0.8380152083333333 0.9614342708333333 0.835143125 0.957114375 0.8315321875 0.9524320833333333 0.8247042708333333
1 0.0 0.004770104166666666 0.015097708333333333 0.008749895833333333 0.028054270833333332 0.020615520833333335 0.03651177083333333 0.036458333333333336 0.0329109375 0.04852947916666666 0.023196041666666667 0.0575259375 0.010778854166666666 0.06346760416666666 0.0 0.06425895833333334
1 0.5932833333333334 0.44834708333333334 0.5961575 0.443720625 0.6036651041666666 0.4398535416666667 0.6151571874999999 0.4392245833333333 0.622535 0.44109645833333333 0.6316591666666667 0.44797489583333333 0.6387815625000001 0.45910114583333334 0.6405407291666666 0.4711034375 0.6395313541666667 0.4870961458333333 0.6354140625 0.495594375 0.6264132291666668 0.4998534375 0.619413125 0.5022198958333334 0.610789375 0.5024706250000001 0.6032833333333334 0.5012273958333333 0.5939933333333334 0.49052604166666663 0.589891875 0.4834058333333333 0.5866467708333333 0.47086572916666664 0.5881570833333334 0.46028968750000004
1 0.7457245833333332 0.5147189583333334 0.7506730208333334 0.5042242708333333 0.7559221875 0.49687447916666666 0.7691242708333333 0.48712385416666665 0.774223125 0.4856216666666667 0.7808129166666667 0.4860685416666667 0.7868215625 0.48802218750000004 0.7944721875 0.49386729166666665 0.8009211458333334 0.5043660416666667 0.8024244791666667 0.5165255208333334 0.7986713541666667 0.5313702083333334 0.7914698958333334 0.5415728125 0.7829180208333334 0.5520677083333333 0.7683655208333333 0.5597238541666666 0.7533734375000001 0.5531226041666667 0.7463216666666667 0.5432211458333334 0.7434788541666666 0.5352806250000001 0.7433202083333333 0.5267265625
1 0.8323725 0.8536852083333333 0.8368701041666667 0.8439680208333333 0.8455001041666667 0.8365733333333334 0.8536063541666666 0.8331637500000001 0.8622416666666666 0.8320799999999999 0.8701692708333333 0.8342459375 0.872693125 0.8367552083333333 0.8737670833333334 0.8416238541666666 0.8712411458333332 0.8502545833333334 0.8599084375 0.8635797916666667 0.8503664583333334 0.8684417708333334 0.8438859375 0.8698840625 0.8377697916666667 0.8700594791666667 0.8357861458333333 0.8686236458333333 0.8325436458333333 0.8646666666666667
1 0.5029628125 0.9668481250000001 0.4980865625 0.9612198958333333 0.49508781249999995 0.9533489583333333 0.49371489583333333 0.9455994791666666 0.49346625 0.9370999999999999 0.49483520833333333 0.9291001041666667 0.4992121875 0.9209753125 0.5025916666666667 0.9168501041666667 0.5110889583333333 0.9157242708333333 0.5219677083333333 0.9174782291666667 0.53733375 0.9218490625 0.5500870833333333 0.9316040624999999 0.5582102083333333 0.948471875 0.5612113541666666 0.9602213541666667 0.5603404166666667 0.9682195833333334 0.5544639583333333 0.9765981250000001 0.5478372916666667 0.9800996875 0.5399658333333334 0.9808465625 0.53033875 0.9805971875 0.5223378125 0.9778535416666667 0.5134636458333334 0.9730965625
1 0.5280461458333333 0.39005166666666663 0.5419189583333334 0.3739207291666667 0.5484251041666667 0.3695513541666667 0.5579205208333333 0.36579500000000004 0.570673125 0.3644267708333333 0.5779239583333333 0.36704875000000003 0.5841766666666667 0.3728017708333333 0.5881701041666666 0.38229166666666664 0.5880451041666667 0.39829572916666667 0.582920625 0.41029625000000003 0.5684171875 0.42505166666666666 0.5555492708333334 0.42979197916666667 0.5494186458333333 0.43042270833333335 0.5416666666666666 0.4289242708333333 0.5355475 0.42704166666666665 0.5306670833333333 0.42229833333333333 0.5278019791666667 0.41842104166666666 0.5265417708333333 0.41129916666666666 0.52616875 0.4048009375 0.5260416666666666 0.3975461458333333
1 0.9590895833333334 0.9055190625 0.9619633333333333 0.892745 0.966460625 0.8858966666666667 0.9716954166666666 0.8805087500000001 0.9785217708333334 0.8763634375 0.9826683333333333 0.8756359375 0.9914876041666666 0.8792404166666666 0.9974327083333333 0.8839253125000001 1.0 0.8883341666666666 1.0 0.94207125 0.9988652083333334 0.9438605208333333 0.9911280208333333 0.9474664583333333 0.9826736458333334 0.9485352083333333 0.9776292708333333 0.9469177083333334 0.97222125 0.9424253125 0.96809375 0.9375568750000001 0.9639544791666667 0.9305352083333334 0.9592771875 0.9164655208333333
1 0.7372052083333334 0.9089237499999999 0.7367645833333333 0.9015737500000001 0.7372015624999999 0.8948851041666667 0.7400086458333334 0.8879742708333332 0.7447683333333334 0.8810585416666666 0.7497333333333334 0.8778211458333334 0.7585885416666667 0.8760916666666667 0.7661528125 0.8760898958333333 0.7775984375 0.8817008333333334 0.7877476041666667 0.8929415625 0.7901246875 0.9026583333333333 0.7901203124999999 0.9121660416666667 0.7879626041666667 0.9199469791666667 0.7825546875 0.9281476041666666 0.7765146875000001 0.9326821875 0.7672257291666666 0.9346332291666666 0.7581526041666666 0.9333240625 0.7456342708333333 0.9227477083333333
1 0.774130625 0.3869802083333333 0.7660384375 0.37423947916666667 0.7630382291666666 0.36313114583333334 0.7622870833333334 0.3518846875 0.76228875 0.34647958333333334 0.7642355208333333 0.3380784375 0.7690882291666666 0.3293678125 0.7788877083333333 0.32249687499999996 0.7872271875 0.31989572916666664 0.7929534375 0.32146145833333334 0.8066969791666666 0.32937437500000005 0.8176327083333333 0.3403014583333333 0.8270084375 0.355106875 0.8273214583333334 0.37000968749999996 0.8209711458333333 0.3853173958333333 0.8149354166666666 0.39166333333333336 0.8091 0.39541166666666666 0.8048145833333333 0.39676510416666666 0.7975381250000001 0.3969707291666667 0.7936780208333333 0.396873125 0.7843075 0.39218697916666667
1 0.8165769791666667 0.11709020833333333 0.8081784375000001 0.123843125 0.8033812499999999 0.13133864583333332 0.7993248958333333 0.1404792708333333 0.7972378125 0.14798854166666667 0.7966284375 0.15668552083333334 0.7994869791666667 0.1640396875 0.8041292708333334 0.168235625 0.8137353125 0.17184333333333335 0.825879375 0.1715346875 0.8474808333333333 0.16343291666666668 0.8639795833333334 0.14542739583333333 0.8696869791666667 0.12743322916666666 0.8693764583333333 0.12068729166666667 0.8663820833333333 0.11347916666666666 0.8623279166666666 0.10853385416666667 0.8533254166666667 0.10493208333333334 0.8444857291666668 0.10418489583333333 0.838488125 0.1044871875 0.8345757291666666 0.10553177083333334 0.823186875 0.11047916666666667
1 0.2740660416666667 0.781983125 0.27060833333333334 0.7889016666666666 0.2668582291666667 0.7991540625 0.2653546875 0.8091471875 0.2662392708333333 0.8169028125000001 0.26848374999999997 0.8220284375 0.27298541666666665 0.8276492708333334 0.2874830208333333 0.8341530208333333 0.29485541666666665 0.8355227083333333 0.30323822916666665 0.8342736458333333 0.31348177083333334 0.8245275 0.3226132291666667 0.8106479166666667 0.32698895833333336 0.8026515624999999 0.3282323958333333 0.7957741666666667 0.3281072916666667 0.7880311458333333 0.3218577083333333 0.7781542708333333 0.3162322916666667 0.7739026041666667 0.3068572916666667 0.7699029166666667 0.2986091666666667 0.7686494791666667 0.2947340625 0.7686495833333333 0.28673364583333333 0.7698979166666666 0.27973604166666666 0.7745260416666666
1 0.28472572916666666 0.24016489583333334 0.28629916666666666 0.22936125000000002 0.28911270833333336 0.21988489583333332 0.29183239583333337 0.21289999999999998 0.2969290625 0.20666520833333332 0.3033944791666666 0.2036359375 0.3186028125 0.2019705208333333 0.329325 0.20770635416666666 0.3408851041666667 0.22301885416666664 0.3476669791666666 0.2347890625 0.35089114583333336 0.24187229166666666 0.3518397916666667 0.24914677083333334 0.3497486458333333 0.26040375 0.34443072916666667 0.2688489583333334 0.33704072916666666 0.27312875 0.3293284375 0.2752032291666667 0.322243125 0.2756076041666667 0.31224885416666665 0.2727988541666667 0.29755645833333333 0.2604021875 0.2925509375 0.253751875
1 0.20679729166666666 0.5083696875 0.1970509375 0.5008655208333334 0.18992385416666666 0.49224947916666667 0.187799375 0.48449625 0.18854166666666666 0.476118125 0.19204354166666665 0.4686208333333333 0.20017364583333333 0.4614996875 0.20479854166666664 0.45924989583333337 0.21855041666666666 0.4592403125 0.22841697916666667 0.4608726041666667 0.2379246875 0.46462010416666666 0.24604895833333332 0.4723664583333333 0.25779572916666665 0.48824208333333335 0.26579562500000004 0.4991159375 0.26854791666666666 0.5054910416666667 0.26917458333333333 0.5122398958333333 0.269044375 0.5178716666666666 0.2611719791666667 0.5264978125 0.25555020833333336 0.5288727083333333 0.249669375 0.5289913541666666 0.22667354166666664 0.5229913541666666 0.21866802083333334 0.5188705208333333
1 0.223975625 0.42076854166666666 0.21572875 0.41075291666666663 0.2143528125 0.40138416666666665 0.21434479166666665 0.39413395833333337 0.21810166666666667 0.3846309375 0.22184874999999998 0.3808834375 0.23009864583333334 0.3766315625 0.23709645833333332 0.37388125 0.24560239583333335 0.3752592708333333 0.25647677083333337 0.37975729166666666 0.2693511458333333 0.39013000000000003 0.27710125 0.40112729166666666 0.27822437499999997 0.4116294791666667 0.27471989583333334 0.4213835416666667 0.2697261458333333 0.42825166666666664 0.26059447916666667 0.43212687499999997 0.25159593750000003 0.4328825 0.24334895833333334 0.4323770833333333 0.237096875 0.4301253125
1 0.9605809375 0.00234 0.9526604166666667 0.0115203125 0.9499639583333334 0.018536458333333335 0.9501423958333334 0.0325809375 0.9513977083333334 0.040669583333333335 0.95464375 0.0487809375 0.9603964583333333 0.05488864583333333 0.9697616666666666 0.056693645833333334 0.9810959374999999 0.05741458333333334 0.9897421875 0.05488895833333333 1.0 0.050591770833333334 1.0 0.0 0.9648991666666666 0.0
1 0.0 0.11721427083333333 0.006501041666666666 0.11684604166666666 0.010556354166666667 0.11744416666666666 0.020753854166666665 0.12044541666666667 0.025105520833333332 0.12449 0.02841114583333333 0.13049635416666666 0.0335096875 0.15104166666666666 0.03425677083333333 0.16724875 0.026160208333333334 0.18268770833333334 0.009509374999999999 0.1892938541666667 0.0 0.19149364583333334
1 0.124481875 0.0 0.12705552083333332 0.0031565625 0.13767197916666665 0.010357395833333333 0.15280072916666668 0.013243958333333333 0.166475625 0.011458333333333333 0.1796230208333333 0.0076864583333333325 0.19006052083333333 0.0017276041666666668 0.19143489583333334 0.0
1 0.13236604166666666 0.3387878125 0.12936604166666668 0.33353781250000003 0.12699760416666667 0.3229071875 0.128621875 0.3125328125 0.13262072916666667 0.3047814583333333 0.14312104166666667 0.29616604166666666 0.15387364583333335 0.29491104166666665 0.16374677083333333 0.2955365625 0.1706190625 0.2979132291666666 0.1832465625 0.31079 0.18811739583333334 0.32516458333333337 0.18936916666666667 0.3330415625 0.18887333333333334 0.3424091666666667 0.18699854166666666 0.3511577083333333 0.1823725 0.3594065625 0.1709903125 0.3657861458333333 0.16049885416666668 0.36640989583333333 0.14736979166666667 0.3595375 0.13724541666666665 0.34941614583333336
1 0.2063851041666667 0.9071677083333333 0.20023614583333332 0.8987619791666667 0.19857979166666664 0.8912689583333333 0.19798708333333334 0.8830151041666666 0.19979020833333333 0.8753709375 0.20488239583333331 0.8701220833333333 0.21163125 0.8663660416666666 0.2188275 0.8644261458333333 0.22707364583333334 0.8654670833333333 0.24223177083333333 0.8741754166666666 0.2560411458333333 0.8879640625 0.25979114583333335 0.8956241666666667 0.26112687500000004 0.9041666666666667 0.25963395833333336 0.9100110416666667 0.24928250000000002 0.9179623958333334 0.23982927083333333 0.9194640625 0.2305325 0.9197701041666666 0.2228770833333333 0.9188645833333333 0.21613354166666668 0.9154208333333334
1 0.8855890624999999 0.43650083333333334 0.8758392708333333 0.4268763541666667 0.8724658333333333 0.4211345833333333 0.8702134375 0.4167577083333333 0.8700852083333334 0.4090097916666667 0.8717133333333333 0.3993815625 0.8782159375 0.39325166666666667 0.8873351041666666 0.39050625 0.8914653124999999 0.3895028125 0.9075934375 0.3900096875 0.9152128125 0.39125427083333336 0.9332180208333334 0.39700802083333336 0.9435914583333334 0.41001010416666667 0.9450895833333333 0.41713354166666666 0.9398410416666666 0.4302503125 0.9244601041666667 0.4395042708333333 0.9117170833333332 0.4431320833333333 0.9024620833333333 0.44300239583333334 0.8955877083333333 0.4402582291666667
1 0.697325 0.4183321875 0.6914874999999999 0.42072927083333334 0.6823239583333333 0.4216251041666667 0.6643244791666666 0.42043479166666664 0.6515775 0.4151810416666667 0.6448309375 0.40917729166666666 0.6407896875 0.3989845833333333 0.640625 0.38548427083333336 0.6425758333333333 0.3773761458333333 0.6485810416666666 0.37137729166666666 0.6578828125 0.3676253125 0.6691313541666666 0.3652296875 0.6827835416666667 0.3671865625 0.6920823958333333 0.37137718750000004 0.7000332291666667 0.37498833333333337 0.7063278125 0.38382322916666667 0.709326875 0.3913230208333333 0.7093230208333333 0.4019803125 0.7075336458333333 0.41008 0.7049827083333333 0.41548729166666665
1 1.0 0.7087230208333334 0.9929177083333334 0.7095128125 0.9810475000000001 0.7047520833333334 0.9747744791666667 0.6995826041666666 0.97197 0.6933081249999999 0.9719743750000001 0.6853228125 0.974348125 0.6773253125 0.9827711458333332 0.6669678124999999 0.9916343750000001 0.6596166666666666 1.0 0.6563395833333333
1 0.5319665625 0.6031134374999999 0.52522125 0.5952298958333333 0.5227184375 0.5889807291666667 0.5207090625 0.5813635416666667 0.5203411458333334 0.5751080208333333 0.5225860416666667 0.5669877083333333 0.5270833333333333 0.5588642708333332 0.5387089583333334 0.551359375 0.5489583333333333 0.5484798958333333 0.5572094791666667 0.5494886458333333 0.568090625 0.5552353125 0.5803444791666668 0.5689835416666666 0.5855930208333333 0.5774793749999999 0.5875895833333333 0.5851065625 0.5870873958333332 0.5932359374999999 0.5838419791666667 0.6014798958333334 0.5778359375 0.6059848958333334 0.5697154166666666 0.6099871875 0.5624667708333334 0.6113639583333333 0.5550838541666666 0.611361875 0.5475895833333334 0.6102319791666667
1 0.20263125 0.992365625 0.19797927083333333 0.9850109375 0.19753416666666668 0.9785691666666666 0.20023687499999998 0.9721244791666667 0.21312614583333334 0.9637115625 0.23413520833333334 0.960711875 0.25453708333333336 0.9647651041666666 0.26129145833333334 0.9683713541666666 0.2692371875 0.9752626041666667 0.27448 0.9817167708333333 0.2783807291666667 0.9895142708333334 0.2800384375 0.9962675 0.2795580208333333 1.0 0.210266875 1.0
1 0.07306135416666668 0.61397 0.08521291666666667 0.6043783333333334 0.09705354166666667 0.6006317708333333 0.1176109375 0.6025826041666666 0.13005687500000002 0.6096282291666667 0.13486427083333333 0.6198251041666667 0.13545927083333334 0.62897375 0.13321 0.6394738541666667 0.12721010416666667 0.6487709375 0.11505989583333333 0.6570262499999999 0.10485416666666666 0.6603311458333334 0.09780875 0.6606263541666666 0.08730270833333333 0.6595736458333333 0.07771322916666666 0.657323125 0.07052010416666667 0.6538848958333333 0.06556135416666667 0.6492283333333333 0.061511875 0.6435269791666667 0.060303125 0.6370771875 0.061358854166666664 0.6280786458333334 0.06360854166666667 0.6232743749999999
1 0.11420604166666666 0.2117996875 0.10566291666666668 0.19919041666666668 0.1029540625 0.18704375 0.10491635416666667 0.17774677083333332 0.10940979166666667 0.16918854166666666 0.11495322916666666 0.16409510416666664 0.12441510416666667 0.1608013541666667 0.13116625 0.1600434375 0.14030270833333333 0.16004958333333336 0.15395083333333334 0.16649312500000002 0.16145531249999998 0.172493125 0.168803125 0.184345625 0.17120791666666665 0.19424833333333333 0.17166562500000002 0.20054770833333332 0.17166270833333333 0.20985229166666666 0.16955510416666666 0.21644750000000001 0.1649125 0.22229666666666667 0.15516 0.22635197916666666 0.14720687500000001 0.22843822916666667 0.13791302083333334 0.22919770833333333 0.12891229166666665 0.22468854166666666
1 0.7658145833333333 0.8328859375000001 0.7619289583333334 0.8417430208333333 0.7565334375 0.8482213541666667 0.7416264583333334 0.8557826041666666 0.729539375 0.8570754166666668 0.7109518749999999 0.8544997916666667 0.7042669791666667 0.8447608333333334 0.7034034375 0.8380757291666666 0.7053375000000001 0.8261966666666667 0.7070705208333333 0.8225210416666666 0.7133380208333333 0.8179796874999999 0.7284485416666667 0.8095617708333334 0.7371029166666666 0.8095577083333333 0.7543734375 0.8106360416666667 0.7593358333333333 0.813878125 0.76430375 0.8210040625 0.7662548958333333 0.8272783333333333
1 0.1650178125 0.6282239583333333 0.166211875 0.6223810416666667 0.171610625 0.6163820833333333 0.180606875 0.6141301041666666 0.19111 0.6157798958333333 0.2010125 0.622225 0.20911083333333333 0.6321332291666667 0.212709375 0.6465238541666667 0.213309375 0.6544688541666667 0.210614375 0.6612281249999999 0.20205354166666664 0.6660270833333333 0.19531218749999998 0.6682779166666666 0.18676489583333333 0.6667763541666667 0.176710625 0.6613825 0.16980604166666666 0.6540282291666667 0.16456125000000002 0.6378297916666666
1 0.0 0.507524375 0.0069244791666666665 0.5112454166666667 0.019167083333333335 0.5194966666666666 0.026174270833333336 0.5252480208333333 0.0296675 0.5339940625 0.030543645833333334 0.5437434375 0.027801666666666666 0.5518660416666666 0.02092583333333333 0.5589984375 0.014794791666666666 0.562619375 0.010051875 0.563866875 0.0031760416666666664 0.5642492708333333 0.0 0.5633762499999999
1 0.6689613541666667 0.2677452083333333 0.6601439583333334 0.2582046875 0.6545673958333332 0.24524916666666666 0.6545653125 0.23498729166666665 0.6565485416666667 0.22814572916666667 0.6596023958333334 0.22363708333333332 0.66896 0.21950406249999999 0.6790446874999999 0.2173490625 0.6932672916666667 0.21770708333333333 0.7049615625 0.22002687499999998 0.7096361458333333 0.22309354166666667 0.7154 0.23048020833333333 0.7208085416666666 0.24129145833333335 0.7220721875 0.25115645833333333 0.7202679166666666 0.25910208333333334 0.7137911458333334 0.2709609375 0.7069475 0.2743921875 0.6973992708333333 0.27548885416666663 0.690380625 0.2753057291666667
1 0.3859723958333333 1.0 0.3865415625 0.997175 0.3934283333333333 0.9860667708333334 0.4063292708333333 0.9725632291666667 0.41488135416666666 0.9688138541666667 0.4223792708333333 0.9682138541666667 0.43063135416666665 0.9712101041666668 0.43603625 0.974968125 0.4429294791666667 0.980815 0.4468273958333333 0.9874170833333333 0.4489289583333333 0.9932664583333334 0.44837072916666665 1.0
1 0.199060625 0.09100916666666665 0.18735927083333334 0.10021739583333332 0.1836119791666667 0.1105384375 0.18278864583333335 0.12159375 0.18444531249999999 0.126988125 0.18788083333333333 0.13407479166666667 0.19695197916666668 0.14209989583333332 0.21549364583333333 0.1509684375 0.2333975 0.1528325 0.24371333333333334 0.15168645833333333 0.2530875 0.1481290625 0.2635133333333333 0.14283291666666667 0.26704958333333334 0.1372040625 0.26883083333333335 0.12865718750000002 0.26975739583333336 0.11669187499999999 0.264856875 0.10200625 0.2562201041666667 0.091056875 0.23911697916666666 0.08386906250000001 0.22694583333333332 0.08272489583333333 0.21819208333333334 0.08354916666666666
1 0.7536734375 0.04581989583333333 0.7634233333333333 0.03186708333333334 0.7766202083333333 0.022868125 0.7856148958333333 0.018977604166666665 0.79927625 0.0212209375 0.8111149999999999 0.03306541666666667 0.8133723958333333 0.045374374999999995 0.8072229166666667 0.06352479166666666 0.7937210416666667 0.0822740625 0.77677375 0.09172020833333333 0.7652201041666667 0.0909771875 0.7514201041666666 0.08527510416666666 0.74766875 0.07177239583333334 0.7481147916666667 0.05781395833333333
1 0.6392287499999999 0.5584796875 0.646478125 0.5398630208333334 0.6557202083333333 0.5309818749999999 0.6634770833333333 0.5263569791666667 0.6758516666666666 0.5244798958333333 0.6813483333333333 0.5269872916666667 0.6854790625 0.53273375 0.6907252083333333 0.5463583333333334 0.69134875 0.5594864583333333 0.6859784375 0.5766054166666666 0.6757248958333334 0.5958635416666667 0.6679704166666667 0.5998644791666667 0.6584690625 0.5996085416666667 0.6510965624999999 0.5971051041666667 0.6482265625 0.5953622916666668 0.644844375 0.5919853125 0.6428486458333332 0.5879884375 0.6407253125000001 0.5832350000000001 0.6384701041666666 0.5764880208333333 0.6378528125 0.5682365625
1 0.049853125000000005 0.44600354166666667 0.04410041666666666 0.4396289583333333 0.041848333333333335 0.4321276041666666 0.04222864583333333 0.4220095833333334 0.04809854166666667 0.41463020833333336 0.059603333333333335 0.4043825 0.07297760416666667 0.4033782291666667 0.07897375000000001 0.40287708333333333 0.0837240625 0.40499604166666664 0.08834583333333333 0.4077573958333333 0.096725625 0.4145096875 0.1039725 0.4247504166666667 0.10684822916666666 0.43188104166666663 0.10709677083333333 0.44187864583333336 0.10185052083333333 0.45537916666666667 0.09222791666666666 0.4606326041666666 0.0845984375 0.4631253125 0.07797479166666667 0.4635021875 0.07209572916666666 0.46225041666666666 0.061726666666666666 0.45699447916666663
1 0.6414447916666667 0.060502395833333326 0.6342459374999999 0.07100770833333334 0.6274966666666667 0.08480687499999999 0.6244934375 0.09770614583333333 0.6258364583333333 0.11255416666666668 0.6325862499999999 0.12515802083333333 0.6418867708333333 0.131448125 0.6534455208333333 0.13355447916666666 0.6619960416666667 0.13055270833333335 0.668135625 0.12755895833333333 0.6718880208333334 0.12066010416666666 0.6799926041666667 0.10069906249999999 0.6808879166666666 0.09350072916666667 0.6813334375 0.08270614583333334 0.6781915625 0.07325604166666667 0.6732476041666666 0.06366208333333333 0.6672401041666667 0.05750322916666666 0.6565880208333332 0.052410104166666666 0.6513341666666667 0.052708020833333334
1 0.5791390624999999 0.29490677083333333 0.58296125 0.27649583333333333 0.58647625 0.26599875 0.5950908333333333 0.2568659375 0.5993365625 0.2556264583333333 0.6083333333333333 0.25599520833333334 0.6208301041666666 0.26000354166666667 0.6312147916666666 0.26999020833333337 0.6357140625 0.28811572916666667 0.6352134374999999 0.30874572916666665 0.6312117708333334 0.32349104166666665 0.6198413541666666 0.3331248958333333 0.6075840625000001 0.33562083333333337 0.5982052083333333 0.3360065625 0.5858434375 0.32424895833333334 0.5807159375000001 0.315375 0.5780754166666667 0.30412124999999995
1 0.3511301041666667 0.89292 0.35038145833333334 0.8815189583333333 0.35172989583333336 0.8702653125 0.35712510416666665 0.8597632291666667 0.3692910416666667 0.8455192708333333 0.37557697916666666 0.8423655208333333 0.38504124999999995 0.8416216666666667 0.39462760416666665 0.8449234375 0.40273854166666667 0.8512175000000001 0.41098947916666667 0.8621711458333333 0.41383239583333337 0.8882650000000001 0.4105405208333333 0.9038739583333334 0.40438500000000005 0.9154236458333334 0.39732666666666666 0.9226221875 0.3884846875 0.9250173958333333 0.37932583333333336 0.9250141666666667 0.36688427083333336 0.9217146875 0.354736875 0.9112103125 0.3518782291666666 0.9038673958333334
0 0.0853978978978979 0.6379035285285285 0.09618993993993993 0.6318036786786787 0.10604354354354353 0.6271114864864864 0.10932807807807807 0.625 0.11073573573573572 0.6228885135135135 0.10792042042042041 0.6221846846846847 0.1051051051051051 0.6221846846846847 0.09923986486486486 0.6252346096096095 0.0853978978978979 0.6329767267267267 0.07882882882882881 0.635792042042042 0.078125 0.6383727477477478 0.08070570570570569 0.6393111861861861
0 0.20106043543543542 0.11824324324324323 0.20880255255255253 0.11800863363363363 0.22405217717717715 0.12058933933933932 0.24375938438438435 0.12293543543543543 0.24939001501501498 0.12434309309309308 0.25384759759759756 0.1250469219219219 0.2529091591591591 0.12340465465465464 0.2512668918918919 0.12152777777777776 0.2498592342342342 0.12105855855855856 0.24845157657657654 0.12035472972972973 0.2446978228228228 0.11871246246246245 0.23062124624624622 0.11613175675675674 0.21349474474474472 0.1147240990990991 0.20176426426426425 0.11355105105105105 0.19918355855855854 0.11331644144144143 0.19730668168168167 0.1149587087087087 0.19660285285285284 0.1175394144144144
0 0.5624564763231198 0.5891509981429898 0.5502698467966574 0.5795757892293406 0.5473682683379758 0.5768192896935933 0.5443216109563601 0.5753685004642525 0.5417101903435468 0.5737726323119776 0.5396790854224698 0.5715964484679665 0.539969243268338 0.5691301067780873 0.5424355849582173 0.5691301067780873 0.5447568477251624 0.5692751857010213 0.5460625580315691 0.5701456592386258 0.5485288997214484 0.5724669220055709 0.5578139507892294 0.5813167363045496 0.5665186861652739 0.5862494196843081 0.568694870009285 0.5872649721448467 0.5711612116991643 0.5891509981429898 0.5714513695450324 0.5910370241411328 0.5694202646239553 0.5911821030640668 0.5669539229340761 0.5904567084493965
0 0.767017757660167 0.5375029015784586 0.7755774141132775 0.5203835886722377 0.7813805710306406 0.5084871169916434 0.7831215181058495 0.5047150649953575 0.783991991643454 0.5021036443825441 0.7834116759517177 0.5012331708449397 0.782105965645311 0.5012331708449397 0.7808002553389043 0.50195856545961 0.7797847028783658 0.5038445914577531 0.7754323351903435 0.5125493268337976 0.7697742571959145 0.5243007195914577 0.767017757660167 0.5282178505106778 0.76498665273909 0.5303940343546889 0.7632457056638811 0.5335857706592385 0.7625203110492108 0.5366324280408541 0.7626653899721448 0.540259401114206 0.7648415738161559 0.5404044800371401 0.7660022051996285 0.5393889275766016
0 0.6997011374187558 0.25474408077994426 0.6866440343546889 0.2471999767873723 0.6817113509749303 0.244733635097493 0.6780843779015784 0.24429839832869074 0.6744574048282265 0.24371808263695446 0.6718459842154131 0.24241237233054774 0.6709755106778086 0.240961583101207 0.6711205896007428 0.2393657149489322 0.6731516945218199 0.23835016248839364 0.6760532729805013 0.23820508356545955 0.6792450092850509 0.23849524141132772 0.6824367455896007 0.23980095171773438 0.6895456128133705 0.2434279247910863 0.6978151114206128 0.24865076601671304 0.7034731894150418 0.25111710770659235 0.7066649257195914 0.25271297585886715 0.7078255571030639 0.2554694753946146 0.7076804781801299 0.2569202646239554 0.7047788997214485 0.25648502785515315
0 0.7741266248839368 0.06541608635097489 0.7803650185701021 0.05526056174558955 0.7844272284122563 0.04815169452181982 0.7868935701021355 0.044814879294336064 0.7892148328690808 0.042348537604456775 0.7915360956360259 0.0397371169916434 0.7926967270194986 0.036545380687093725 0.7915360956360259 0.03494951253481889 0.7889246750232125 0.03494951253481889 0.7860230965645311 0.036545380687093725 0.7838469127205199 0.03944695914577525 0.782251044568245 0.04321901114206123 0.7793494661095636 0.05105327298050134 0.7725307567316619 0.06106371866295259 0.7675980733519034 0.06512592850510672 0.7661472841225626 0.0677373491179201 0.7671628365831011 0.06846274373259048 0.768758704735376 0.06889798050139272 0.7702094939647168 0.06846274373259048
0 0.5314814814814814 0.9583333333333334 0.525462962962963 0.950462962962963 0.5217592592592593 0.9486111111111111 0.5189814814814815 0.9467592592592593 0.5148148148148148 0.9435185185185185 0.5120370370370371 0.9416666666666667 0.5115740740740741 0.9375 0.512962962962963 0.9333333333333333 0.5166666666666667 0.9347222222222222 0.5203703703703704 0.9375 0.5287037037037037 0.9462962962962963 0.5351851851851852 0.9537037037037037 0.5375 0.9574074074074074 0.537037037037037 0.961574074074074
0 0.3768518518518518 0.899537037037037 0.38101851851851853 0.8736111111111111 0.38333333333333336 0.8601851851851853 0.387037037037037 0.8569444444444444 0.3888888888888889 0.860648148148148 0.38564814814814813 0.874074074074074 0.38240740740740736 0.8944444444444444 0.3800925925925926 0.9092592592592593 0.374537037037037 0.9125 0.375462962962963 0.9092592592592593 0.3763888888888889 0.9050925925925927
0 0.798611111111111 0.3777777777777778 0.787037037037037 0.3574074074074074 0.7810185185185186 0.3425925925925926 0.7777777777777778 0.3375 0.7787037037037037 0.3342592592592593 0.7814814814814814 0.33287037037037037 0.787037037037037 0.33611111111111114 0.7875 0.3458333333333333 0.7949074074074074 0.3625 0.8037037037037037 0.375 0.8046296296296297 0.38055555555555554 0.8032407407407407 0.3851851851851852
0 0.7235377846790889 0.8326647688060731 0.7333505866114561 0.8278122843340234 0.7457513802622499 0.8259791235334714 0.7458592132505175 0.8310472739820566 0.7399283988957902 0.8367624223602484 0.7297920979986198 0.8385955831608005 0.7251552795031055 0.8373015873015872
0 0.6617195663531871 0.5809006008359457 0.6571479885057472 0.5735534221525601 0.65567855276907 0.5642469958202717 0.66025013061651 0.5515118861024034 0.668576933124347 0.5420421891327064 0.6718423458725183 0.545960684430512 0.6716790752351097 0.5546140282131662 0.66482170846395 0.5619612068965517 0.6643318965517242 0.5729003396029259 0.6640053552769071 0.5776351880877743
0 0.9590625 0.0253125 0.9609375 0.023854166666666666 0.9714583333333333 0.022500000000000003 0.9845833333333334 0.018958333333333334 0.9930208333333332 0.015104166666666667 0.9977083333333333 0.013958333333333333 0.9989583333333333 0.0150767543859649 0.9976041666666667 0.018020833333333333 0.9871875 0.023020833333333334 0.9740625 0.026354166666666668 0.9619791666666667 0.027604166666666666 0.9595833333333333 0.027291666666666665
1 0.9987077067669171 0.3212327694235589 0.9885260025062655 0.31862207602339176 0.9759946741854635 0.311703738512949 0.9693374060150375 0.30556860902255634 0.9694679406850458 0.2887296365914787 0.9767778822055138 0.2765899122807018 0.9819992690058478 0.27202119883040937 0.9941389933166248 0.2673219507101086 0.9989583333333333 0.26757560018467225
0 0.608833959115561 0.32019190654985397 0.6100073007926575 0.31706299541093036 0.6101376720901127 0.31341259908218605 0.6102680433875677 0.30937108886107634 0.6102680433875677 0.30611180642469754 0.6102680433875677 0.303113266583229 0.6097465581977471 0.2984198998748436 0.6097465581977471 0.29607321652065083 0.6097465581977471 0.29398727576136835 0.6097465581977471 0.29020650813516896 0.6097465581977471 0.2870775969962453 0.6097465581977471 0.2830360867751356 0.6097465581977471 0.28068940342094284 0.6097465581977471 0.27743012098456404 0.6093554443053818 0.274822695035461 0.6089643304130162 0.27351898206090947 0.6073998748435545 0.27143304130162704 0.6054443053817271 0.2723456403838131 0.6050531914893617 0.27417083854818525 0.6047924488944514 0.2786034626616604 0.6050531914893617 0.28264497288277013 0.6057050479766375 0.28525239883187314 0.6060961618690028 0.2872079682937005 0.606226533166458 0.28890279516061745 0.606226533166458 0.29164059240717566 0.6058354192740926 0.29450876095118894 0.6055746766791823 0.29881101376720903 0.6054443053817271 0.30350438047559447 0.6050531914893617 0.30871923237380056 0.6045317062995411 0.3131518564872758 0.6044013350020859 0.3145859407592824 0.6044013350020859 0.3178452231956612 0.6050531914893617 0.31993116395494364 0.6060961618690028 0.3209741343345849
0 0.287744341563786 0.8151148834019204 0.28935185185185186 0.8127572016460906 0.2909593621399177 0.8103995198902606 0.2920310356652949 0.809435013717421 0.29417438271604934 0.8069701646090535 0.29578189300411517 0.8050411522633745 0.2974965706447188 0.8022548010973937 0.2989969135802469 0.7991469478737997 0.3003900891632373 0.7960390946502057 0.30210476680384085 0.7933599108367627 0.30392661179698216 0.790144890260631 0.3054269547325103 0.7873585390946503 0.30649862825788754 0.7841435185185185 0.30724879972565156 0.7801783264746227 0.3063914609053498 0.7801783264746227 0.30403377914951984 0.7816786694101509 0.29888974622770914 0.7896090534979423 0.2974965706447188 0.7917524005486968 0.2955675582990398 0.7950745884773662 0.2934242112482853 0.7985039437585734 0.2919238683127572 0.8007544581618655 0.2897805212620027 0.803326474622771 0.2874228395061728 0.8064343278463648 0.28570816186556924 0.8092206790123456 0.28474365569272975 0.8116855281207133 0.28431498628257884 0.8154363854595335 0.2864583333333333 0.8161865569272976
