1 0.4923017708333333 0.6631684375 0.4977173958333333 0.64422375 0.5090772916666667 0.6310491666666667 0.5247719791666666 0.6225720833333334 0.5384922916666667 0.6180561458333333 0.5458908333333333 0.6180555208333334 0.5621070833333334 0.6250846875 0.5736809375 0.6346532291666667 0.5771083333333333 0.6467417708333334 0.571875 0.6676873958333334 0.5559964583333333 0.6840994791666667 0.5412073958333333 0.6949283333333334 0.5296498958333333 0.7003426041666666 0.5186404166666666 0.701423125 0.5085411458333333 0.6996229166666666 0.4973246875 0.6914964583333333 0.49193125000000004 0.6851832291666666 0.49175114583333335 0.6797615625
1 0.7094490625 0.48222885416666667 0.7119472916666666 0.47529322916666666 0.7204933333333333 0.46851458333333335 0.7372076041666666 0.4602621875 0.7531891666666667 0.4574279166666667 0.76174375 0.45827802083333335 0.7672825 0.4608830208333333 0.7714760416666666 0.46590385416666663 0.7742878125 0.4733228125 0.7751207291666666 0.4835423958333333 0.7714739583333333 0.49055020833333335 0.7644726041666666 0.4981611458333333 0.7531930208333333 0.5045272916666667 0.7457764583333333 0.5089159375 0.735330625 0.51048375 0.7244665625 0.51090375 0.7180061458333333 0.5099619791666666 0.7127738541666666 0.5068364583333334 0.70954375 0.5018263541666667 0.7091328125 0.4958666666666666 0.70913125 0.4901297916666667
1 0.008034375 0.2843746875 0.012690104166666666 0.28286093749999996 0.022916666666666665 0.2839070833333333 0.03420010416666666 0.2881252083333333 0.03735625 0.2900783333333333 0.0435290625 0.2963983333333333 0.04698145833333334 0.308431875 0.047125208333333335 0.31714927083333333 0.04261895833333333 0.32301427083333334 0.0358503125 0.326473125 0.023977812499999997 0.325268125 0.016757499999999998 0.3233183333333333 0.009686041666666667 0.32000833333333334 0.0029255208333333334 0.3121792708333333 0.0 0.30303114583333335 0.0 0.29539510416666664 0.0017088541666666667 0.2909804166666667
1 0.041148333333333335 0.4143027083333333 0.04535708333333333 0.40227125 0.05468427083333333 0.39129583333333334 0.06054427083333334 0.38724729166666666 0.066713125 0.38573927083333337 0.07664145833333333 0.3870915625 0.08535677083333333 0.389945 0.08971864583333335 0.39295385416666667 0.0936296875 0.403483125 0.09543114583333333 0.41491489583333335 0.09287739583333333 0.42904760416666665 0.0882125 0.4409182291666667 0.07738874999999999 0.44860333333333335 0.06384677083333333 0.44934395833333335 0.05407802083333334 0.4464798958333333 0.0500190625 0.44468739583333333 0.046553437499999996 0.43972208333333335 0.043850729166666665 0.43536125 0.04249447916666667 0.431294375 0.041741979166666665 0.4248365625
1 0.155599375 0.540625 0.15840947916666667 0.5344680208333333 0.16102416666666666 0.5293528125 0.16468718750000003 0.5244410416666666 0.1703140625 0.5212054166666666 0.17669229166666664 0.5203745833333333 0.18233229166666665 0.5203686458333333 0.18839104166666668 0.5214134375 0.192148125 0.5241255208333333 0.1969578125 0.5290372916666667 0.20143927083333332 0.534780625 0.20468114583333333 0.54427875 0.20604020833333334 0.5568127083333334 0.20446927083333336 0.5691351041666667 0.20186020833333332 0.5776014583333333 0.19705645833333335 0.5829232291666667 0.18692343749999998 0.584375 0.18035072916666667 0.5827086458333334 0.17157468750000002 0.5803053125000001 0.16415833333333335 0.5757142708333334 0.15925166666666665 0.5710169791666666 0.15632916666666666 0.5655844791666667 0.1533009375 0.5561803125 0.15288427083333334 0.5498228125 0.15339760416666665 0.5440654166666667
1 0.3482760416666667 0.6572916666666667 0.33686697916666664 0.649785625 0.32809458333333336 0.6408753125000001 0.32483364583333335 0.6328729166666667 0.32484041666666663 0.6235845833333333 0.3288528125 0.6164532291666667 0.3378745833333333 0.6109283333333334 0.35203833333333334 0.6066764583333334 0.360429375 0.6052990625 0.3683267708333334 0.6060472916666666 0.37947125 0.6085548958333333 0.3876178125 0.6129405208333334 0.39426958333333334 0.6189490625 0.3980254166666667 0.6233359375 0.40027572916666665 0.62772875 0.40116583333333333 0.6357477083333334 0.4006621875 0.6423863541666667 0.3962780208333333 0.6497915625 0.3901354166666666 0.6542934375 0.38387 0.6579303125 0.37585229166666667 0.6603033333333334 0.3689559375 0.6608064583333333
1 0.8929269791666666 0.9233386458333332 0.9025664583333334 0.9133126041666666 0.9208185416666667 0.9023195833333334 0.9358122916666667 0.8991953125 0.9495714583333333 0.8996976041666667 0.9606922916666666 0.9034379166666666 0.9653160416666666 0.9084464583333334 0.9671901041666667 0.9178126041666667 0.9669458333333334 0.9270674999999999 0.9633171875 0.9358195833333334 0.9541935416666667 0.9446945833333333 0.9376978125 0.95443875 0.92781375 0.9578136458333333 0.9195710416666666 0.9584414583333333 0.9090647916666666 0.9589457291666666 0.9038178125 0.9578188541666666 0.8981955208333333 0.9556908333333334 0.8915723958333334 0.949695 0.8885658333333333 0.9464391666666666 0.8885713541666667 0.9390649999999999 0.8883140625 0.9325661458333333
1 0.33839864583333334 0.2823147916666667 0.33828093750000005 0.2743044791666666 0.3400275 0.26390416666666666 0.34315697916666665 0.25625 0.34993635416666663 0.24999510416666665 0.358699375 0.24785760416666666 0.366850625 0.2479878125 0.37699958333333333 0.24999166666666667 0.38513802083333337 0.2551263541666667 0.39216229166666666 0.26290125 0.39729489583333333 0.2719194791666667 0.3996783333333333 0.28243927083333337 0.40042729166666663 0.29360375 0.39580177083333334 0.29961895833333335 0.3838908333333333 0.3042575 0.37474437499999996 0.30638041666666666 0.36947260416666666 0.3067601041666667 0.35519708333333333 0.30199020833333334 0.34679177083333335 0.29434916666666666 0.3431664583333333 0.290091875
1 0.821875 0.6514609375 0.8230896875 0.6435211458333333 0.8259418749999999 0.633628125 0.8364417708333334 0.6187761458333333 0.8472459375 0.6115816666666666 0.8590854166666666 0.6096270833333333 0.8658386458333334 0.6105173958333334 0.8742415625 0.6172734375 0.8793417708333333 0.6241753125 0.8799434375 0.63616875 0.8778421875000001 0.6465282291666666 0.8706372916666666 0.6556673958333333 0.8608913541666666 0.6624213541666666 0.8509986458333334 0.6666253125 0.8424382291666667 0.6673791666666666 0.8334403125000001 0.6652727083333333 0.8283357291666668 0.6631738541666666 0.8254965625 0.6615233333333334 0.8226383333333334 0.6568823958333333
1 0.10215854166666666 0.9519880208333333 0.10915718749999999 0.9444995833333334 0.12366218749999999 0.9358633333333334 0.1380315625 0.9324954166666667 0.15040947916666667 0.93348125 0.15854010416666667 0.9384939583333334 0.16528229166666666 0.94886375 0.1672859375 0.9582344791666666 0.16453354166666667 0.9713588541666667 0.15966208333333334 0.9812302083333333 0.15365854166666668 0.9878607291666667 0.14341125000000002 0.9922326041666667 0.13028395833333334 0.9946098958333334 0.11841447916666666 0.9938723958333333 0.1090315625 0.9902330208333333 0.10140802083333332 0.9818542708333333 0.09853864583333333 0.9746063541666667 0.09828395833333332 0.9689855208333333 0.09828375 0.9618567708333334
1 0.33094208333333336 0.5430248958333334 0.325 0.5390394791666666 0.31685895833333333 0.533605625 0.3093383333333334 0.5213941666666667 0.3082965625 0.5122023958333333 0.30955208333333334 0.5052047916666667 0.31330739583333334 0.5007136458333333 0.31852989583333335 0.4979957291666667 0.32656822916666667 0.4960109375 0.349551875 0.49308437499999996 0.35569791666666667 0.49329531249999997 0.36333281250000005 0.496323125 0.37064020833333333 0.5012328125 0.3774191666666667 0.5080305208333333 0.38264604166666666 0.5161751041666667 0.3832777083333333 0.5273365625 0.3790979166666667 0.5375830208333333 0.37512833333333334 0.5426963541666667 0.3688558333333333 0.54614375 0.36070854166666666 0.5476984374999999 0.34473197916666665 0.5480125 0.338785 0.54697
1 0.0 0.36871375 0.005651145833333333 0.3718963541666667 0.01109625 0.38123864583333333 0.012390104166666667 0.39186364583333333 0.008766875 0.4061179166666667 0.000984375 0.4151884375 0.0 0.4155107291666667
1 0.758309375 0.9838193749999999 0.7491855208333333 0.9766939583333334 0.7439325 0.9670629166666667 0.7445567708333333 0.9533179166666667 0.7454341666666667 0.9470648958333334 0.7504314583333334 0.9415641666666666 0.7605611458333333 0.9379398958333333 0.7720532291666667 0.9369448958333333 0.7858048958333334 0.9408205208333332 0.7989323958333333 0.9494462499999999 0.80793125 0.9584458333333333 0.8114345833333334 0.9676914583333333 0.8130545833333334 0.977691875 0.8108123958333333 0.9853179166666667 0.8061809375000001 0.9895630208333334 0.7948096875 0.9914440625 0.7815621875000001 0.9909421875 0.7703119791666667 0.9888130208333333
1 0.6464596875 0.8997713541666666 0.646765 0.8912264583333334 0.6506723958333333 0.8757715625 0.655020625 0.8693140625000001 0.6604166666666667 0.8640632291666667 0.6685127083333333 0.8615275 0.6769196875 0.8618160416666666 0.6881763541666667 0.8654177083333334 0.6959599999999999 0.8766744791666666 0.7004630208333332 0.8870264583333333 0.7013683333333333 0.9002213541666666 0.7012093749999999 0.9125302083333333 0.6976153125 0.9242229166666667 0.6926702083333333 0.9309698958333333 0.6791666666666667 0.9353194791666667 0.6668717708333334 0.9357727083333334 0.6562184375 0.9312808333333333 0.6511215625 0.9252713541666666 0.6487167708333333 0.9174728125 0.6467620833333334 0.908774375
1 0.6451816666666667 0.22837479166666666 0.6418845833333333 0.2216234375 0.6403802083333333 0.21172291666666665 0.6403769791666666 0.20211593749999998 0.6433757291666667 0.1941721875 0.6489247916666667 0.1902778125 0.6547808333333334 0.18892197916666667 0.664075 0.19042552083333333 0.674426875 0.19791666666666666 0.6801354166666667 0.20677208333333336 0.6828269791666667 0.21547364583333334 0.6826712500000001 0.22372364583333332 0.6798266666666667 0.229871875 0.6691687500000001 0.23766947916666667 0.6639226041666666 0.24021989583333334 0.6555266666666667 0.2375240625 0.6510219791666666 0.23467125
1 0.5088703124999999 0.0841871875 0.5127780208333333 0.06704114583333333 0.5184936458333333 0.05831416666666667 0.5291666666666667 0.04974927083333334 0.5371396875 0.048693958333333336 0.545415 0.051698958333333336 0.5511207291666668 0.059833020833333334 0.5548811458333333 0.072004375 0.5545787499999999 0.0876403125 0.5503744791666667 0.10343 0.5434527083333334 0.11064864583333334 0.5330738541666666 0.11350854166666666 0.5251131250000001 0.11184947916666667 0.517585 0.10824270833333333 0.51337875 0.10357510416666667 0.5108173958333333 0.09712489583333334
1 0.0175109375 0.22228229166666666 0.008741770833333332 0.21651760416666666 0.004863229166666667 0.21200375 0.0034892708333333334 0.20223104166666667 0.004236458333333333 0.19647083333333332 0.008742083333333334 0.1905828125 0.017516979166666665 0.184945 0.0261634375 0.18192875 0.036938125 0.18067989583333333 0.04934822916666667 0.1834353125 0.058867916666666666 0.19132729166666668 0.06451697916666667 0.19810041666666667 0.065644375 0.20537124999999998 0.06451614583333333 0.21376802083333332 0.0605071875 0.22027135416666666 0.05423666666666667 0.22391020833333333 0.04810135416666667 0.22592104166666666 0.03995114583333333 0.22655104166666667 0.03468802083333333 0.2269228125 0.02854625 0.22579760416666667
1 0.49672333333333335 0.33894875 0.4931172916666667 0.3257510416666667 0.49311979166666664 0.31329812500000004 0.4980648958333333 0.30055041666666665 0.5043657291666667 0.2933498958333333 0.516068125 0.29051010416666667 0.5243210416666667 0.2905023958333333 0.5321222916666667 0.29319822916666666 0.5430676041666668 0.30205197916666665 0.5484741666666667 0.31179250000000003 0.5514789583333334 0.3222984375 0.5522279166666666 0.3345970833333333 0.5499777083333334 0.3472067708333333 0.5417190625 0.35410010416666665 0.5318167708333333 0.3592005208333333 0.5238742708333334 0.36070166666666664 0.5154735416666667 0.3607015625 0.5094775 0.3590464583333333 0.5063198958333334 0.356344375
1 0.6369890625 0.38883229166666666 0.6431288541666667 0.38028968750000003 0.6513597916666666 0.37278958333333334 0.6639669791666667 0.3651820833333333 0.6745872916666666 0.3616367708333333 0.6870844791666666 0.36132749999999997 0.6977111458333333 0.36278343750000003 0.7034398958333333 0.36643177083333334 0.7083333333333334 0.3725816666666667 0.7119879166666667 0.3793447916666667 0.7136464583333333 0.3904973958333333 0.7113582291666667 0.401746875 0.7029226041666666 0.40976583333333333 0.6916666666666667 0.41674020833333336 0.6822916666666666 0.42018458333333336 0.6745857291666667 0.4225742708333333 0.6652085416666667 0.4251853125 0.6541666666666667 0.42403604166666664 0.6454263541666666 0.42059520833333336 0.6383352083333332 0.41257322916666667 0.6355242708333333 0.40705729166666665 0.6354166666666666 0.400289375 0.6354166666666666 0.39497208333333333
1 0.07584916666666668 0.29714781250000005 0.07420166666666667 0.2893244791666667 0.07420354166666666 0.2804567708333333 0.0776634375 0.269330625 0.08472270833333333 0.26121364583333334 0.09796270833333334 0.25729166666666664 0.11495291666666667 0.2585072916666667 0.1262378125 0.2619640625 0.13614635416666668 0.2690278125 0.1456294791666667 0.2810538541666666 0.148785625 0.29203541666666666 0.14668479166666665 0.3060228125 0.139770625 0.3176015625 0.1308875 0.32211406249999996 0.11719989583333333 0.3246730208333333 0.10457322916666666 0.3227182291666667 0.0926921875 0.3142945833333333 0.0833653125 0.3058691666666667
1 0.8895005208333333 0.4948075 0.8737183333333333 0.49119447916666664 0.8625889583333334 0.4851859375 0.85175625 0.4767575 0.8490475 0.4707497916666667 0.8481503125 0.4618698958333333 0.84814875 0.45555697916666665 0.84965 0.44954864583333337 0.8582280208333334 0.44217260416666665 0.8669390625 0.43931552083333336 0.8780830208333333 0.43871322916666666 0.8896521875 0.4402175 0.903183125 0.44592770833333334 0.9111623958333334 0.4518015625 0.9159632291666667 0.45675760416666666 0.9195779166666667 0.46578250000000004 0.9198771874999999 0.4737558333333334 0.9173156250000001 0.48233145833333335 0.9134066666666667 0.4859354166666667 0.9071028125 0.49014197916666663 0.9006311458333334 0.49285135416666664
1 0.2782204166666667 0.6921444791666667 0.26820656249999997 0.6886322916666666 0.2611866666666667 0.6829988541666666 0.25641739583333334 0.6770980208333334 0.25579802083333336 0.6700932291666667 0.256299375 0.6633226041666667 0.2588009375 0.6570428125000001 0.26130708333333336 0.6506654166666667 0.26681697916666663 0.6454026041666666 0.27521697916666665 0.6425157291666667 0.28862885416666667 0.6416367708333334 0.30817614583333336 0.6464041666666667 0.31619781249999995 0.651285625 0.3215842708333333 0.6581821875 0.32395833333333335 0.6640673958333333 0.32395833333333335 0.673460625 0.3220929166666667 0.6828704166666667 0.3189519791666667 0.6873826041666666 0.31305322916666667 0.6910140625000001 0.3031613541666667 0.6933883333333333 0.29339125 0.6945177083333333
1 0.011287916666666667 0.9403611458333334 0.020031770833333334 0.9334828125 0.032781875 0.9281065625 0.051531875 0.926246875 0.06441385416666666 0.9299991666666667 0.07428406250000001 0.9406077083333333 0.07666114583333333 0.9499861458333334 0.0719134375 0.9607388541666667 0.0586640625 0.9714882291666667 0.047156770833333334 0.9759992708333333 0.034036875 0.9762425 0.02340875 0.9726214583333334 0.015537291666666668 0.9678553125 0.011157604166666666 0.9608642708333334 0.009416354166666667 0.9514840625000001 0.009163020833333334 0.9458734375
1 0.5407653124999999 0.19050854166666667 0.53601 0.17492708333333334 0.5366513541666666 0.16235583333333334 0.541420625 0.150674375 0.5516018749999999 0.14351645833333335 0.562864375 0.14157166666666668 0.5715164583333333 0.1424453125 0.5884076041666667 0.15174239583333332 0.6009784375 0.16452645833333335 0.6063848958333333 0.18141052083333334 0.6052921875 0.19267083333333332 0.59815125 0.19982010416666668 0.5907986458333333 0.20523395833333333 0.5771528125 0.2084879166666667 0.5734609375 0.2084796875 0.5617759375 0.2056746875
1 0.7639652083333334 0.5575245833333333 0.7728060416666668 0.5477873958333334 0.7836372916666666 0.5400301041666666 0.800960625 0.5342555208333334 0.8154044791666667 0.5340672916666667 0.8260416666666667 0.5364359375000001 0.8321857291666667 0.5411288541666667 0.8336182291666667 0.547418125 0.8330746875 0.5559238541666667 0.8312808333333332 0.5634832291666666 0.827844375 0.5699888541666667 0.8159379166666666 0.5779384375000001 0.8072797916666666 0.5820936458333333 0.7935696875 0.5864040625 0.78003 0.5865765625 0.7691983333333333 0.5851583333333333 0.7637832291666666 0.58262875 0.7603575 0.5771995833333333 0.7603611458333333 0.5697916666666667 0.7610808333333333 0.5654839583333333
1 0.15108697916666666 0.8689170833333333 0.1500246875 0.8624609375 0.15002572916666665 0.8542103125 0.153331875 0.8456719791666667 0.16008239583333334 0.8390709375000001 0.16579947916666665 0.835918125 0.17479958333333334 0.8344186458333334 0.18047583333333334 0.8344183333333334 0.19082364583333333 0.8414601041666666 0.19774583333333334 0.854670625 0.19983291666666667 0.8695128125 0.20028083333333332 0.8818139583333333 0.19697531250000003 0.8917102083333333 0.19247020833333334 0.9002620833333334 0.18454708333333333 0.9026690625 0.17734052083333335 0.9022127083333333 0.17102677083333334 0.89995875 0.16429302083333336 0.8951763541666666 0.16157947916666665 0.8917094791666667 0.1593346875 0.8890194791666667
1 0.6771752083333333 0.60916375 0.6724717708333333 0.6015736458333334 0.6677915624999999 0.5916533333333334 0.6656214583333333 0.5833486458333332 0.666530625 0.5759479166666667 0.6719454166666666 0.5689248958333334 0.6780810416666667 0.5660280208333333 0.6876355208333333 0.5660248958333334 0.7006326041666667 0.5685598958333333 0.7150686458333334 0.5748677083333333 0.7248095833333333 0.579743125 0.734554375 0.5889453125 0.7392425 0.6021219791666667 0.7396080208333333 0.6096991666666667 0.7374436458333334 0.6165548958333333 0.7291421875 0.6228729166666667 0.718491875 0.6268433333333333 0.7085674999999999 0.6286478125 0.694135 0.6239516666666667 0.6834893750000001 0.6183635416666667
1 0.13457104166666667 0.20412927083333335 0.126793125 0.19861229166666666 0.120650625 0.187965625 0.12014781249999999 0.17806239583333333 0.12253447916666667 0.16840760416666667 0.12705125 0.16014239583333334 0.13368614583333333 0.15286760416666667 0.14132510416666666 0.15074635416666665 0.151485 0.1546340625 0.1631453125 0.16214479166666665 0.17052343749999999 0.17205052083333333 0.17616864583333333 0.1829475 0.17780052083333334 0.19185270833333332 0.17629177083333333 0.20124531250000002 0.17065468749999999 0.20914489583333334 0.16613833333333333 0.21290083333333334 0.160755625 0.21440395833333334 0.15499479166666666 0.21502302083333333 0.15073760416666668 0.21427979166666666 0.14633364583333333 0.21227979166666666
1 0.9139361458333333 0.860774375 0.9105532291666666 0.8580311458333333 0.9080601041666667 0.8495271875 0.9083054166666666 0.8446495833333334 0.9136820833333333 0.8373963541666666 0.9180609375 0.8340269791666667 0.923810625 0.8315244791666667 0.9311860416666666 0.831529375 0.9380584375000001 0.83502875 0.9443061458333334 0.8402771875 0.9468032291666667 0.8458962499999999 0.9463077083333334 0.8551537499999999 0.9445576041666667 0.8599037500000001 0.9399344791666666 0.8637767708333333 0.9355604166666667 0.8651466666666666 0.9294314583333333 0.8655225000000001 0.9234278125 0.8651469791666667
1 0.23206854166666666 0.27467375 0.224658125 0.2661965625 0.21708739583333334 0.2542715625 0.21401229166666666 0.2400296875 0.21474374999999998 0.2318975 0.2194271875 0.2232396875 0.22844958333333334 0.21602822916666667 0.23747187500000003 0.21421385416666666 0.2446975 0.21620635416666667 0.2562494791666667 0.2216146875 0.26454333333333335 0.22793229166666668 0.2703216666666667 0.23586635416666668 0.2733863541666667 0.24489239583333333 0.27302479166666666 0.25715958333333333 0.2706860416666667 0.265106875 0.26545395833333335 0.27196781249999996 0.25480114583333335 0.2764717708333333 0.25011333333333335 0.27846666666666664 0.24397520833333333 0.2788219791666667 0.24090677083333334 0.27881572916666664
1 0.05625 0.7263619791666667 0.048566250000000005 0.7233133333333334 0.037421666666666666 0.7158052083333334 0.03002854166666667 0.7055407291666668 0.028633229166666666 0.6963886458333334 0.0300284375 0.6844689583333333 0.035033749999999995 0.6735642708333334 0.04243604166666667 0.6686822916666666 0.05608416666666667 0.6656856250000001 0.07538302083333333 0.6659222916666666 0.09192833333333333 0.6709515625000001 0.1067203125 0.6809601041666667 0.11372541666666666 0.6911214583333333 0.11460125 0.698760625 0.11511822916666666 0.7060307291666666 0.10996697916666666 0.7167945833333333 0.10634166666666665 0.7238259374999999 0.10132041666666666 0.72732375 0.0913121875 0.7300842708333334 0.0743796875 0.731223125 0.0641053125 0.7292020833333334
1 0.1760634375 0.8055226041666667 0.16554072916666665 0.7995186458333333 0.15817583333333335 0.7916929166666667 0.15606645833333335 0.7799614583333334 0.15652229166666667 0.7688364583333333 0.15847385416666665 0.7628234375 0.16809729166666668 0.7547052083333334 0.18102593749999998 0.7516975 0.1865871875 0.7510989583333333 0.195761875 0.7524404166666667 0.20990041666666667 0.7590692708333333 0.2229871875 0.7695880208333333 0.22869645833333332 0.7777114583333333 0.23035385416666668 0.7861259374999999 0.22809666666666667 0.7992184375 0.21996875 0.8071815625000001 0.21320854166666667 0.8126 0.2084003125 0.8133455208333333 0.19560541666666667 0.8124567708333333 0.18458729166666668 0.8094806250000001
1 0.3022071875 0.4143026041666667 0.30129927083333335 0.4034846875 0.305360625 0.39024677083333337 0.313180625 0.38122625 0.3283726041666667 0.37596802083333336 0.3390416666666667 0.37611052083333335 0.3540788541666667 0.38243166666666667 0.3670134375 0.3884414583333333 0.37753468749999997 0.39746729166666667 0.3820529166666667 0.4091921875 0.38325010416666666 0.4210789583333333 0.379800625 0.432205625 0.3707796875 0.44047125 0.35829729166666663 0.44588572916666663 0.33964854166666664 0.4442332291666667 0.3274623958333333 0.4415310416666667 0.31573625 0.43325552083333335 0.310318125 0.4272433333333333
1 0.9222211458333334 0.5219946875 0.9308871875 0.5153139583333333 0.9426186458333333 0.512795625 0.9606578124999999 0.5156864583333334 0.9732957291666666 0.5218179166666667 0.9799725 0.528855 0.982685625 0.5369702083333333 0.983228125 0.5449129166666666 0.9779794791666667 0.5552066666666666 0.9644576041666666 0.56169875 0.9552455208333334 0.566026875 0.9435144791666666 0.5656744791666667 0.927095 0.5625985416666667 0.9195129166666667 0.5597109375 0.9144626041666667 0.55249875 0.9141067708333334 0.5407692708333334 0.9159110416666666 0.5322878125 0.9182566666666666 0.5274145833333334
1 0.3953161458333333 0.08793822916666666 0.39406260416666666 0.07692385416666667 0.39431625000000003 0.062132187500000005 0.399450625 0.05072489583333333 0.40684760416666665 0.04470895833333333 0.41623979166666664 0.03995427083333333 0.4250121875 0.03895604166666666 0.43467197916666667 0.04195354166666666 0.4408040625 0.04947708333333333 0.44544520833333334 0.06601239583333333 0.4472022916666667 0.08230447916666667 0.44544614583333336 0.09333781249999999 0.43854166666666666 0.10636916666666667 0.43091562499999997 0.10925041666666666 0.41462458333333335 0.11012947916666667 0.4059779166666667 0.10774885416666667 0.4001980208333333 0.09984916666666667
1 0.9376928125 0.3722564583333333 0.9261383333333334 0.3712069791666667 0.9102435416666667 0.36370375 0.9006395833333334 0.353651875 0.8955436458333333 0.34164875 0.8946402083333334 0.33295104166666667 0.8977977083333334 0.3283009375 0.9046933333333332 0.32065604166666667 0.9084405208333333 0.3187051041666667 0.9241936458333334 0.31750489583333336 0.9330501041666667 0.3175060416666666 0.9466895833333333 0.3229061458333333 0.95930125 0.3299532291666667 0.9646917708333334 0.33820052083333335 0.9683016666666667 0.34704583333333333 0.9687438541666666 0.35590489583333335 0.9651370833333334 0.3650440625 0.9576404166666667 0.37104499999999996 0.9450467708333333 0.37225239583333336
1 0.7382585416666667 0.32076020833333335 0.7360062500000001 0.31086322916666664 0.7375 0.29256208333333333 0.7417007291666666 0.28386208333333335 0.7488987500000001 0.2784578125 0.7611979166666667 0.27545520833333337 0.7685567708333333 0.27635729166666667 0.7780064583333334 0.28205916666666664 0.7826505208333334 0.2865590625 0.7877523958333333 0.2963119791666667 0.790004375 0.31536093750000005 0.7892564583333334 0.3296092708333333 0.7856482291666667 0.33755541666666666 0.7760577083333333 0.34460541666666666 0.7670611458333333 0.3477507291666667 0.7580533333333332 0.34625052083333335 0.7502507291666666 0.343705625 0.7450033333333334 0.337705
1 0.2703222916666667 0.7690796875 0.26405218750000004 0.7643798958333333 0.259774375 0.7581078125 0.2575747916666667 0.7528888541666666 0.257684375 0.7469320833333334 0.259254375 0.742129375 0.2642611458333333 0.7359770833333333 0.27188874999999996 0.7326294791666667 0.28253510416666666 0.730950625 0.29988072916666664 0.7321129166666667 0.30948864583333335 0.7349246875 0.31918854166666666 0.7414021875 0.3249457291666667 0.7477770833333334 0.3267098958333333 0.7514176041666667 0.32765458333333336 0.7604072916666667 0.32484322916666664 0.7680291666666667 0.31970833333333337 0.7711659375 0.31073125 0.7750272916666667 0.30081802083333337 0.7770127083333332 0.29360729166666666 0.7775360416666667 0.28619625 0.7774371875 0.2770066666666667 0.7734659374999999
1 0.7820965624999999 0.9059779166666666 0.7764764583333333 0.9018121874999999 0.7728235416666667 0.8923278124999999 0.7727228125 0.8857616666666667 0.7727222916666666 0.8788882291666666 0.776885625 0.8714965625000001 0.7834582291666667 0.8662860416666667 0.7933445833333334 0.8611776041666667 0.8011619791666666 0.8597220833333333 0.8138720833333333 0.8618042708333333 0.8300109375000001 0.8684688541666666 0.8392824999999999 0.8786788541666667 0.8415739583333333 0.8856641666666667 0.8402266666666667 0.8948283333333333 0.8350167708333333 0.9034788541666666 0.8278258333333334 0.9091011458333333 0.8232441666666667 0.9117072916666668 0.8175204166666667 0.9126422916666667 0.8111630208333334 0.9128490625 0.8014766666666666 0.9117009374999999 0.7935539583333333 0.909100625
1 0.9535895833333333 0.663173125 0.939341875 0.6576305208333333 0.932886875 0.6516350000000001 0.9306383333333332 0.6460758333333333 0.9288428125 0.6321313541666667 0.9291407291666667 0.6247735416666667 0.9360453125 0.6168311458333334 0.9435428125 0.612325 0.9548014583333334 0.6099259375 0.9697916666666667 0.6099170833333333 0.981194375 0.6120280208333334 0.9883901041666667 0.6153316666666666 0.9946932291666666 0.6213291666666667 0.9981446875 0.6264196875 0.9996453125 0.6303291666666666 1.0 0.6335101041666668 1.0 0.6465532291666667 0.9997942708333334 0.6480164583333334 0.996793125 0.6547807291666667 0.9933431250000001 0.6613811458333333 0.9898952083333333 0.6651107291666667 0.9846385416666668 0.6660239583333334 0.9667956249999999 0.66662625
1 0.40779802083333333 0.9752211458333334 0.413366875 0.9660652083333333 0.4216208333333333 0.9569238541666666 0.43404343749999996 0.9516752083333333 0.44575760416666665 0.9509196875 0.45476645833333335 0.9531710416666667 0.4612060416666666 0.9582735416666667 0.4645022916666666 0.9645695833333333 0.46659708333333333 0.972529375 0.46706687500000005 0.9779202083333334 0.46420875 0.9864761458333333 0.46076677083333334 0.9936692708333333 0.4514698958333333 1.0 0.40689437500000003 1.0 0.40495000000000003 0.9945719791666666 0.40451937499999996 0.9890285416666666 0.4052658333333333 0.9849706250000001
1 0.5930300000000001 0.30370427083333335 0.580568125 0.29470697916666666 0.5733701041666667 0.28719947916666666 0.5685723958333334 0.2782028125 0.5690230208333333 0.2702559375 0.57472375 0.26095708333333334 0.5907782291666667 0.25629593749999996 0.6035230208333334 0.25629291666666665 0.6183713541666667 0.26095604166666664 0.6296175 0.2693511458333333 0.6350239583333334 0.277299375 0.636524375 0.28450250000000005 0.6353144791666666 0.295755625 0.6305217708333333 0.3038459375 0.6233144791666666 0.3089534375 0.6129707291666667 0.3098440625 0.60607 0.30970572916666667
1 0.05261822916666667 0.5404007291666667 0.048111875 0.5337879166666667 0.04600135416666666 0.5197916666666667 0.0479653125 0.5118241666666666 0.0545809375 0.5029505208333334 0.062095520833333334 0.49874666666666667 0.07953791666666667 0.49844229166666665 0.09667989583333333 0.4997953125 0.104505 0.5070116666666666 0.11096479166666667 0.5160386458333334 0.113971875 0.5214489583333334 0.11471958333333333 0.5304730208333334 0.11262114583333332 0.54355375 0.10615427083333334 0.5531853125 0.09834114583333334 0.5581436458333333 0.0832996875 0.5596516666666667 0.07608052083333333 0.5581437499999999 0.06736104166666666 0.5548376041666666 0.0614909375 0.5507776041666667
1 0.24099239583333334 0.150593125 0.22983833333333334 0.14119239583333335 0.22319968750000002 0.13154677083333333 0.2194452083333333 0.1203884375 0.2198153125 0.11049333333333333 0.22733354166666667 0.09895833333333333 0.23536291666666667 0.09206614583333333 0.26305 0.09094645833333333 0.2710682291666667 0.093701875 0.2825991666666667 0.10108729166666668 0.2914938541666666 0.113745625 0.2975002083333333 0.1267909375 0.2977671875 0.14031291666666668 0.29149947916666663 0.14971552083333334 0.28334458333333334 0.15636322916666667 0.270069375 0.15848635416666665 0.25791270833333335 0.15748083333333335
1 0.4945146875 0.9189729166666667 0.5017159375 0.9084747916666667 0.5099584375 0.8967770833333333 0.5200208333333334 0.8885285416666666 0.5235991666666666 0.8862722916666667 0.5347129166666666 0.8852271875 0.54188125 0.8875 0.5507705208333333 0.8963222916666667 0.5551236458333333 0.9050227083333334 0.55704375 0.9140246875 0.5565971875 0.9215292708333334 0.5498479166666667 0.9351678125 0.533064375 0.9488183333333333 0.5206030208333333 0.9548177083333333 0.5053014583333334 0.9549754166666666 0.49809708333333336 0.9519730208333333 0.494511875 0.9450654166666667 0.49301395833333334 0.9359211458333333 0.4925422916666667 0.9255676041666666
1 0.9860561458333332 0.7389879166666666 0.9730871874999999 0.7362872916666666 0.9612153125 0.7235035416666666 0.9594143749999999 0.7152237499999999 0.9606675 0.70639875 0.9696672916666667 0.6939894791666668 0.9765195833333333 0.6885864583333333 0.9892984375 0.6840926041666666 0.9991902083333334 0.6828325 1.0 0.6829303125 1.0 0.7409121875
1 0.1240290625 0.028093020833333333 0.13217635416666668 0.022563125 0.14332697916666665 0.018560312500000002 0.15447135416666666 0.018178854166666664 0.16788427083333335 0.020441458333333332 0.18041072916666667 0.02444927083333333 0.18831083333333334 0.029966562500000002 0.19332895833333333 0.040490104166666666 0.19445197916666668 0.051760729166666665 0.18969416666666666 0.05940927083333333 0.18204635416666667 0.06731229166666666 0.17164000000000001 0.07057125 0.15810510416666668 0.07207156249999999 0.14719697916666666 0.07042020833333333 0.13489635416666665 0.067088125 0.12627885416666668 0.060031458333333336 0.12375854166666667 0.054695625000000005 0.12198072916666666 0.04459041666666667 0.12166875 0.03886072916666667 0.12115135416666667 0.03282
1 0.15332958333333335 0.4279938541666667 0.16159791666666665 0.4215272916666667 0.173025 0.41640916666666666 0.1879097916666667 0.4150621875 0.20536104166666666 0.41792229166666667 0.21573145833333335 0.4234840625 0.2256575 0.4302496875 0.22776979166666667 0.4380692708333333 0.22851270833333331 0.4467907291666667 0.22716395833333333 0.4531091666666667 0.22415458333333332 0.4579245833333333 0.21016979166666666 0.46633625 0.19272385416666668 0.4714519791666667 0.1806894791666667 0.47219958333333334 0.16550843750000002 0.46813708333333337 0.15288364583333333 0.45836760416666666 0.15106770833333333 0.4520544791666667 0.1500128125 0.44407406250000003 0.1500175 0.4344590625
1 0.004181770833333333 0.8775678125 0.0038782291666666665 0.8641788541666667 0.005088645833333334 0.8508017708333333 0.0083909375 0.841313125 0.0159090625 0.8282304166666666 0.026893645833333334 0.8202627083333333 0.03696427083333333 0.8147078125 0.04929302083333333 0.8121491666666666 0.057716250000000004 0.8132027083333334 0.0613321875 0.8177083333333334 0.063129375 0.8256837499999999 0.06387666666666666 0.83996375 0.05906895833333334 0.8595138541666666 0.054559375 0.8677848958333333 0.047339374999999996 0.8760610416666667 0.0350184375 0.8844828125 0.024786770833333336 0.8897432291666667 0.015911041666666667 0.8924567708333334 0.0113996875 0.8914040624999999 0.006144895833333333 0.8883917708333333 0.0044792708333333325 0.8831264583333333
1 0.5816505208333334 0.03139614583333333 0.580301875 0.02508427083333333 0.5819530208333333 0.013953958333333332 0.5884081250000001 0.007031979166666666 0.59999 0.003879270833333333 0.6120252083333334 0.004039479166666667 0.6238967708333334 0.009152500000000001 0.6357866666666666 0.0192234375 0.6417933333333333 0.03125 0.6422553125 0.045535208333333334 0.6389394791666666 0.05531010416666667 0.6312744791666667 0.061325520833333334 0.6231480208333333 0.06298541666666667 0.6163940625 0.06342864583333334 0.6069162499999999 0.0602771875 0.5984973958333334 0.05456208333333334 0.5900640625 0.045533124999999994
1 0.3253419791666667 0.0 0.32540791666666663 0.0033044791666666665 0.33010947916666666 0.01070625 0.34201468749999997 0.016475 0.35825 0.018827395833333333 0.3703446875 0.018467291666666667 0.3811758333333334 0.014852916666666667 0.38893729166666663 0.006912708333333333 0.3909238541666667 0.0
1 0.8394210416666666 0.8308589583333333 0.8284878125 0.8282573958333334 0.8200463541666667 0.8207591666666667 0.812864375 0.8129411458333333 0.8086928125 0.8018969791666667 0.8085861458333333 0.7932504166666666 0.811399375 0.7865871875 0.8171324999999999 0.7815928125 0.8263991666666667 0.7770082291666667 0.8348357291666667 0.7753394791666667 0.8456705208333334 0.7764829166666666 0.8605686458333334 0.7812719791666667 0.8709813541666667 0.787635 0.8800507291666667 0.7992982291666666 0.8832779166666668 0.8102344791666667 0.882965 0.8204401041666666 0.8774468750000001 0.8270094791666666 0.8715038541666666 0.8295070833333333 0.8660893749999999 0.8306528125 0.85379625 0.8313759375
1 0.5787216666666667 1.0 0.5830578125 0.9939032291666667 0.5945207291666667 0.98629375 0.6082639583333334 0.9807786458333333 0.6258719791666666 0.9771259375 0.6420133333333333 0.9759891666666667 0.6476360416666667 0.9769260416666667 0.6539895833333333 0.9805728125000001 0.6597196875000001 0.9845226041666667 0.6622291666666666 0.9885871875 0.6628465625000001 0.99421875 0.6631807291666667 1.0
1 0.38313447916666665 0.20523145833333334 0.3787992708333333 0.18921760416666666 0.3787933333333333 0.18207197916666665 0.3859430208333333 0.1723221875 0.39937197916666667 0.16625937500000001 0.4091046875 0.165829375 0.41777375 0.16841843750000002 0.4338002083333333 0.17989656250000002 0.44289447916666663 0.19483427083333332 0.44766489583333335 0.211733125 0.44505625000000004 0.22299552083333335 0.43856125 0.2303590625 0.42967937500000003 0.23339572916666668 0.41950322916666666 0.23403375 0.40868375 0.23165156250000002 0.39785302083333335 0.22472791666666667 0.39244677083333335 0.22060875
1 0.6647996875000001 0.12880250000000001 0.6743583333333334 0.11635958333333334 0.6878928125 0.11076864583333333 0.7007023958333334 0.11112614583333333 0.7063020833333333 0.11599510416666667 0.714236875 0.12916666666666668 0.7144110416666667 0.14053708333333334 0.7073834375000001 0.15407447916666667 0.69257375 0.16255854166666667 0.6810364583333333 0.16472 0.6752502083333333 0.16236510416666666 0.6707413541666667 0.15768354166666668 0.6649707291666667 0.15263364583333333 0.6635311458333334 0.14794145833333333 0.6620922916666667 0.14090479166666667 0.6620879166666668 0.1358470833333333
0 0.9532413151364765 0.5414857320099257 0.941351323407775 0.5407102977667494 0.932046112489661 0.5417442100909843 0.9310122001654261 0.5383839950372209 0.9369571960297767 0.5370916046319273 0.9405758891645989 0.5376085607940447 0.9522074028122416 0.5378670388751033 0.9560845740281224 0.5378670388751033 0.9584108767576509 0.5389009511993383 0.9599617452440034 0.5399348635235732 0.9591863110008272 0.5417442100909843 0.9578939205955336 0.5422611662531018
0 0.8511424731182796 0.8105614143920596 0.8343413978494624 0.8020316377171216 0.8299472704714641 0.7994468569065344 0.8283964019851117 0.7968620760959471 0.8294303143093467 0.7947942514474773 0.8338244416873449 0.7947942514474773 0.8377016129032259 0.797895988420182 0.8503670388751033 0.8048748966087677 0.8557950785773367 0.8084935897435898 0.8560535566583953 0.8113368486352358 0.8542442100909843 0.8118538047973533
0 0.4223273366418528 0.21296009098428453 0.4168992969396195 0.2067566170388751 0.4119882133995037 0.20132857733664186 0.40836952026468154 0.19615901571546734 0.40164909015715466 0.1878877171215881 0.4019075682382134 0.1850444582299421 0.40423387096774194 0.1840105459057072 0.4065601736972705 0.1847859801488834 0.41043734491315137 0.1899555417700579 0.4150899503722084 0.1977098842018197 0.42181038047973535 0.20623966087675766 0.42594602977667495 0.20985835401157982 0.4295647229114971 0.2165787841191067 0.42982320099255583 0.21838813068651777 0.4285308105872622 0.2194220430107527 0.4264629859387924 0.21890508684863524
0 0.2649141852770885 0.13412427626137305 0.2553504962779157 0.12740384615384617 0.2460452853598015 0.12171732837055418 0.23880789909015715 0.11706472291149712 0.23182899090157155 0.11137820512820513 0.23053660049627792 0.10646712158808934 0.23699855252274607 0.10595016542597188 0.24630376344086022 0.11473842018196857 0.2581937551695616 0.12352667493796528 0.271117659222498 0.13309036393713813 0.27447787427626136 0.13619210090984288 0.2765456989247312 0.13929383788254757 0.2760287427626137 0.14084470636889992 0.27318548387096775 0.1413616625310174 0.2706007030603805 0.13877688172043012
0 0.37172785006195785 0.2842123605947956 0.36708100991325904 0.2805336121437423 0.3632086431226766 0.2741442069392813 0.36146607806691455 0.26988460346964066 0.3610788413878563 0.2654313816604709 0.3630150247831475 0.26504414498141265 0.36475758983890955 0.26581861833952913 0.3668873915737299 0.2700782218091698 0.3699852850061958 0.2751122986369269 0.37347041511772 0.27879104708798025 0.3769555452292442 0.28266341387856264 0.3765683085501859 0.2853740706319703
0 0.3572064745972739 0.5256544299876085 0.34926812267658 0.5231373915737298 0.34113615241635686 0.5198458798017349 0.33261694547707565 0.5179096964064437 0.32758286864931846 0.5161671313506816 0.32584030359355637 0.5144245662949195 0.3256466852540273 0.5119075278810409 0.328357342007435 0.510358581164808 0.33068076208178443 0.5105521995043371 0.3339722738537795 0.5117139095415119 0.3426850991325898 0.5163607496902106 0.3537213444857497 0.5206203531598513 0.3616596964064437 0.5223629182156134 0.3641767348203222 0.5244927199504337 0.36475758983890955 0.5260416666666666 0.3641767348203222 0.5270097583643123
0 0.37037252168525403 0.6381466852540273 0.3603043680297398 0.6350487918215613 0.35314048946716237 0.634274318463445 0.3481064126394052 0.6334998451053284 0.3453957558859975 0.6319508983890955 0.34462128252788105 0.6286593866171004 0.3465574659231722 0.6261423482032219 0.3562383828996282 0.6284657682775713 0.37327679677819087 0.6336934634448574 0.38683008054522927 0.6373722118959109 0.38934711895910784 0.6395020136307311 0.38934711895910784 0.6414381970260223 0.38760455390334575 0.642406288723668 0.37927896530359356 0.6408573420074349
0 0.1924372676579926 0.4478198574969021 0.18624148079306074 0.4451092007434944 0.17849674721189593 0.4439474907063197 0.16900944857496905 0.4439474907063197 0.16552431846344487 0.4439474907063197 0.15836043990086743 0.4433666356877323 0.1579732032218092 0.44143045229244116 0.15836043990086743 0.4393006505576208 0.16145833333333337 0.437945322180917 0.16746050185873607 0.4369772304832714 0.1724945786864932 0.43833255885997524 0.1792712205700124 0.44007512391573733 0.1897266109045849 0.44239854399008677 0.1961160161090459 0.444334727385378 0.20153732961586124 0.44317301734820325 0.20502245972738542 0.44356025402726146 0.205990551425031 0.44627091078066916 0.20463522304832715 0.4474326208178439 0.2013437112763321 0.44878794919454773 0.19805219950433708 0.44917518587360594
0 0.12165267785771383 0.297761790567546 0.11141087130295763 0.29376498800959233 0.10116906474820145 0.2867705835331735 0.09317545963229416 0.28402278177458035 0.08518185451638689 0.27977617905675456 0.08518185451638689 0.2775279776179057 0.08767985611510792 0.27652877697841727 0.09442446043165467 0.27902677857713826 0.10341726618705036 0.28552158273381295 0.11465827338129496 0.2915167865707434 0.12490007993605116 0.29476418864908077 0.1286470823341327 0.29651278976818546 0.1296462829736211 0.29801159072741806 0.1281474820143885 0.3000099920063949
0 0.0885791366906475 0.536533273381295 0.08089778177458037 0.5305380695443646 0.0734037769784173 0.5252922661870504 0.06665917266187053 0.5228567146282974 0.06347422062350123 0.5213579136690647 0.06141336930455639 0.5181729616306955 0.06328687050359715 0.5164868105515588 0.06684652278177462 0.5161121103117506 0.0741531774580336 0.5185476618705036 0.07996103117505998 0.5213579136690647 0.08352068345323743 0.5252922661870504 0.08670563549160674 0.5279151678657075 0.09232613908872905 0.5329736211031175 0.0951363908872902 0.5352218225419665 0.09700989208633096 0.5380320743405276 0.09700989208633096 0.5406549760191847 0.0951363908872902 0.5408423261390888 0.09363758992805758 0.5402802757793765
0 0.8925359712230215 0.47437050359712235 0.8825439648281375 0.47087330135891287 0.8705535571542765 0.4653776978417266 0.8648081534772183 0.4606314948041567 0.8625599520383693 0.45813349320543567 0.8668065547561951 0.45688449240607515 0.8728017585931255 0.458882893685052 0.8852917665867306 0.4643784972022382 0.8950339728217427 0.4691247002398082 0.8990307753796962 0.4721223021582734 0.9000299760191847 0.47536970423661074 0.8970323741007195 0.4766187050359712
0 0.6212349397590361 0.04486696787148594 0.6099397590361445 0.034199297188755015 0.6008408634538152 0.027296686746987948 0.5961345381526103 0.024472891566265056 0.5948795180722891 0.022590361445783132 0.5961345381526103 0.021335341365461846 0.597703313253012 0.021335341365461846 0.6096260040160643 0.028865461847389553 0.6199799196787148 0.039219377510040156 0.6240587349397589 0.042356927710843366 0.6256275100401606 0.045180722891566265 0.6253137550200802 0.04737700803212851
0 0.3546060794044665 0.4223273366418528 0.34194065343258895 0.4156069065343259 0.3321184863523573 0.4075940860215054 0.3269489247311828 0.4034584367245657 0.32307175351530193 0.4021660463192721 0.31712675765095116 0.3993227874276261 0.3150589330024814 0.39751344086021506 0.3160928453267163 0.39570409429280395 0.31867762613730355 0.3949286600496278 0.3228132754342432 0.39570409429280395 0.33005066170388747 0.39958126550868484 0.34194065343258895 0.40836952026468154 0.3512458643507031 0.41379755996691475 0.3595171629445823 0.4189671215880893 0.3641697684036394 0.4223273366418528 0.365462158808933 0.42491211745244 0.365462158808933 0.42723842018196856 0.3636528122415219 0.42723842018196856
0 0.6914030190239868 0.3902760545905707 0.6665891232423491 0.3993227874276261 0.6616780397022333 0.4021660463192721 0.6583178246484699 0.4037169148056245 0.655474565756824 0.40423387096774194 0.6528897849462366 0.40423387096774194 0.6518558726220017 0.40294148056244833 0.6523728287841191 0.40087365591397844 0.6596102150537635 0.3980303970223325 0.6696908602150539 0.3938947477253929 0.6864919354838711 0.3861404052936311 0.6903691066997519 0.38381410256410253 0.6950217121588089 0.3822632340777502 0.6981234491315137 0.3822632340777502 0.6986404052936311 0.3848480148883375 0.6955386683209265 0.38820822994210086
0 0.6131535947712418 0.28656045751633985 0.6019199346405227 0.2834967320261438 0.5986519607843136 0.28308823529411764 0.5945669934640523 0.2822712418300653 0.5912990196078431 0.2808415032679738 0.588235294117647 0.2787990196078431 0.5861928104575163 0.2767565359477124 0.5839460784313725 0.27553104575163395 0.5816993464052287 0.2743055555555555 0.5861928104575163 0.2738970588235294 0.5972222222222221 0.2751225490196078 0.6098856209150326 0.2779820261437908 0.6203022875816993 0.28390522875816987 0.6237745098039215 0.2867647058823529 0.6241830065359476 0.2881944444444444 0.6211192810457516 0.2881944444444444 0.6174428104575163 0.28799019607843135
0 0.20149613899613902 0.7886904761904763 0.18782175032175033 0.7818532818532818 0.180984555984556 0.7802445302445303 0.17615830115830117 0.7798423423423423 0.17133204633204632 0.7798423423423423 0.16932110682110682 0.7782335907335908 0.16932110682110682 0.7750160875160875 0.17334298584298585 0.7738095238095238 0.17897361647361648 0.7742117117117117 0.19063706563706564 0.777027027027027 0.20551801801801803 0.7830598455598456 0.21195302445302447 0.785875160875161 0.21356177606177607 0.789494851994852 0.21155083655083656 0.7911036036036037 0.20712676962676962 0.7915057915057916
0 0.1125 0.9709770114942529 0.11781609195402298 0.9635057471264368 0.13347701149425287 0.9556034482758621 0.14798850574712644 0.9501436781609196 0.15301724137931036 0.9507183908045977 0.14612068965517241 0.9563218390804598 0.12557471264367817 0.9640804597701149 0.1153735632183908 0.9698275862068966
0 0.9647318708104815 0.6461380255941499 0.9675883607556368 0.6455667276051188 0.9708257160268129 0.6448049969530774 0.973491773308958 0.6444241316270567 0.975586532602072 0.6432815356489946 0.9812995124923828 0.6402346130408287 0.9816803778184034 0.6390920170627666 0.9816803778184034 0.6366163924436319 0.9799664838513102 0.6347120658135285 0.9752056672760513 0.6337599024984766 0.9689213893967094 0.6356642291285801 0.96397014015844 0.637187690432663 0.9616849482023156 0.637187690432663 0.9593997562461914 0.6343312004875076 0.9563528336380256 0.6339503351614869 0.9515920170627666 0.6339503351614869 0.9479737964655698 0.634521633150518 0.9456886045094455 0.6362355271176112 0.9456886045094455 0.638711151736746 0.9494972577696527 0.6409963436928703 0.9521633150517977 0.6419485070079219 0.9548293723339428 0.6429006703229738 0.9569241316270567 0.6438528336380256 0.961304082876295 0.6455667276051188
0 0.7068722289399436 0.6053506650544135 0.7080058444175736 0.6061064087061668 0.7117845626763403 0.6072400241837969 0.7131700927045547 0.607869810560258 0.7150594518339379 0.6086255542120114 0.7166968964127368 0.6088774687625959 0.717956469165659 0.6090034260378879 0.7187122128174124 0.6088774687625959 0.7193419991938735 0.6082476823861346 0.7199717855703346 0.6072400241837969 0.7198458282950424 0.6047208786779524 0.7192160419185812 0.603335348649738 0.718460298266828 0.602705562273277 0.716193067311568 0.6003123740427248 0.713925836356308 0.5982970576380492 0.7129181781539702 0.5974153567110037 0.7107769044740024 0.5957779121322048 0.7086356307940347 0.5940145102781137 0.7061164852881903 0.5923770656993148 0.703597339782346 0.5908655783958082 0.6993147924224103 0.5883464328899637 0.6971735187424426 0.5874647319629182 0.6950322450624749 0.5865830310358727 0.6916313986295849 0.5859532446594116 0.6892382103990327 0.5851975010076582 0.688860338573156 0.5883464328899637 0.6913794840790004 0.5922511084240226 0.6928909713825071 0.5942664248286981 0.6956620314389359 0.5986749294639259 0.6975513905683193 0.6009421604191858 0.6991888351471182 0.6023276904474002 0.7009522370012092 0.603335348649738 0.7044790407093914 0.6050987505038292
0 0.7643354769560557 0.9574289924973205 0.7690246516613076 0.9602759914255092 0.7723740621650589 0.9626205787781351 0.7752210610932476 0.9642952840300107 0.7780680600214362 0.9668073419078242 0.7814174705251876 0.9688169882100751 0.7839295284030011 0.9704916934619507 0.7857717041800644 0.9716639871382637 0.7881162915326902 0.9725013397642016 0.7902934083601286 0.9733386923901394 0.7944801714898179 0.9741760450160772 0.7961548767416935 0.9733386923901394 0.7963223472668811 0.9721663987138264 0.7961548767416935 0.969989281886388 0.7956524651661308 0.9678121650589497 0.7924705251875671 0.9639603429796356 0.7891211146838157 0.96228563772776 0.7839295284030011 0.9592711682743837 0.7819198821007503 0.9572615219721329 0.7800777063236871 0.9557542872454448 0.7765608252947481 0.9539121114683816 0.7725415326902465 0.9525723472668811 0.7668475348338694 0.9507301714898179 0.7646704180064309 0.9502277599142552 0.7608185959271168 0.9519024651661308 0.7608185959271168 0.9535771704180065 0.7626607717041801 0.9570940514469454
0 0.5241622281402575 0.6754882379050156 0.5273524189968931 0.6706335996449179 0.5302652019529517 0.6663337771859743 0.5322070572569907 0.6638371060807812 0.5342876165113182 0.6610630270750111 0.5362294718153573 0.6582889480692411 0.5381713271193964 0.6556535730137595 0.5406679982245894 0.6532956058588548 0.5416389258766089 0.6520472703062584 0.543025965379494 0.6507989347536618 0.544135596981802 0.6495505992010653 0.5462161562361296 0.6471926320461606 0.5473257878384377 0.6458055925432756 0.5477418996893032 0.6445572569906791 0.5478806036395916 0.6431702174877941 0.5481580115401686 0.641783177984909 0.5474644917887262 0.640118730581447 0.5442743009320906 0.6410896582334665 0.542748557478917 0.6430315135375057 0.5405292942743009 0.6460830004438526 0.5373391034176653 0.6499667110519308 0.5352585441633377 0.6530181979582779 0.5344263204616068 0.6546826453617399 0.5297103861517977 0.660785619174434 0.527907234798047 0.6631435863293387 0.5247170439414115 0.6663337771859743 0.5224977807367954 0.6696626719928983 0.5212494451841988 0.6717432312472259 0.5205559254327563 0.6734076786506881 0.5204172214824678 0.6746560142032845 0.5218042609853529 0.675349533954727
0 0.050154320987654315 0.6961218464841654 0.056696188942565756 0.6972960279119699 0.062063875469672576 0.6989734299516909 0.07078636607622114 0.7014895330112721 0.07531535158346753 0.703166935050993 0.07950885668276973 0.7040056360708534 0.08537976382179281 0.7051798174986581 0.09762479871175524 0.7065217391304348 0.09997316156736447 0.7055152979066023 0.09863123993558776 0.7029991948470209 0.0954441760601181 0.7021604938271605 0.09208937198067634 0.7009863123993559 0.08923778851315083 0.7003153515834676 0.08588298443370906 0.6988056897477187 0.08101851851851852 0.6972960279119699 0.07833467525496511 0.6967928073000537 0.07464439076757917 0.6961218464841654 0.07061862587224906 0.6959541062801933 0.06776704240472357 0.6956186258722491 0.0644122383252818 0.6947799248523886 0.06223161567364466 0.6937734836285561 0.05854133118625872 0.6927670424047235 0.05636070853462158 0.6920960815888352 0.053844605475040254 0.6912573805689747 0.05116076221148685 0.6902509393451423 0.04780595813204509 0.6902509393451423 0.046296296296296294 0.6910896403650028 0.04612855609232421 0.6925993022007515 0.047302737520128826 0.6944444444444444
