1 0.0 0.6810323958333334 0.0014352083333333333 0.6799226041666666 0.012603333333333333 0.6786628125 0.02392875 0.6788472916666667 0.033471979166666666 0.6864029166666668 0.034736875 0.6936088541666667 0.034737083333333335 0.7040454166666666 0.028801979166666665 0.717008125 0.017098645833333332 0.7323120833333333 0.0 0.7430103124999999
1 0.5735983333333333 0.2907651041666667 0.5672965624999999 0.28465385416666666 0.5622595833333333 0.2749170833333333 0.5613589583333333 0.26574145833333335 0.5619013541666666 0.2585422916666667 0.5687415625 0.2481059375 0.5786409375 0.24037031250000002 0.5878205208333332 0.23515395833333336 0.59375 0.23100479166666668 0.6015041666666666 0.228125 0.6182432291666667 0.22974302083333334 0.6326388541666667 0.23784708333333335 0.6432513541666667 0.24720281249999998 0.647038125 0.25854770833333335 0.647036875 0.2677290625 0.6450525 0.27726833333333334 0.6391219791666667 0.28483114583333335 0.6227445833333333 0.2929204166666667 0.6031203125 0.29706312500000004 0.5894436458333333 0.2976090625
1 0.43588229166666664 0.9092427083333334 0.4209403125 0.8959223958333333 0.4151828125 0.8878251041666666 0.4142834375 0.8772065625 0.4195046875 0.8698279166666667 0.42687625 0.8656771875 0.4364235416666667 0.8633474999999999 0.44722135416666664 0.8633486458333334 0.4650503125 0.8698242708333334 0.4772910416666667 0.8786470833333334 0.48664395833333335 0.8880078124999999 0.4907903125 0.8984413541666666 0.48609885416666665 0.9106857291666667 0.47079927083333334 0.9168083333333333 0.45784020833333333 0.9177080208333332 0.4517215625 0.917348125
1 0.7832942708333334 0.7498628125 0.7789817708333333 0.7426557291666666 0.7775321875 0.7349098958333333 0.7775369791666668 0.7273567708333334 0.7795202083333332 0.720153125 0.7838409375000001 0.7118774999999999 0.7905089583333333 0.7082763541666667 0.802206875 0.7084582291666667 0.8101146875 0.7106233333333333 0.8245142708333333 0.7181753125 0.8380139583333333 0.7358156250000001 0.8389255208333334 0.7451708333333333 0.8389220833333333 0.7532803124999999 0.8351378125 0.7597585416666667 0.82812125 0.7642529166666667 0.8182265624999999 0.7658778125 0.8072440625 0.7658798958333333 0.8000413541666667 0.763355 0.7937447916666667 0.759213125
1 0.31185739583333333 0.968859375 0.3131246875 0.9782252083333333 0.31005458333333336 0.9872263541666667 0.295686875 1.0 0.26344260416666665 1.0 0.256056875 0.9976664583333333 0.23842041666666666 0.9814663541666667 0.2305046875 0.9659857291666667 0.23086260416666665 0.9544661458333333 0.23409395833333332 0.94618625 0.24850479166666667 0.9373614583333333 0.26255135416666664 0.9361014583333334 0.27459677083333334 0.9378963541666666 0.2947653125 0.9469040625 0.306635625 0.9566230208333334
1 0.06110270833333333 0.7965491666666666 0.06721989583333333 0.7920509375000001 0.07785385416666667 0.7873736458333334 0.08900854166666666 0.7861133333333333 0.09981166666666666 0.7870024999999999 0.11096260416666667 0.7906138541666666 0.1156365625 0.7951090625 0.11906458333333333 0.80195625 0.12014322916666667 0.81617 0.11907166666666667 0.8226522916666668 0.115639375 0.8262442708333333 0.1093484375 0.8298529166666667 0.1032275 0.8325419791666667 0.0852221875 0.8343538541666666 0.06524947916666667 0.8350692708333334 0.056065000000000004 0.8298458333333334 0.050660625 0.8208521875 0.049945625 0.8125654166666667 0.051563125 0.8069798958333333
1 0.61856375 0.39538072916666667 0.6259425000000001 0.37648635416666665 0.6358493749999999 0.3674832291666667 0.6421409375 0.36261458333333335 0.64988125 0.3584822916666666 0.6597910416666667 0.358481875 0.6662623958333334 0.362268125 0.6682409375 0.3694625 0.6687859374999999 0.3849478125 0.6590666666666666 0.4124828125 0.649875 0.4252614583333333 0.6426822916666667 0.42922322916666666 0.6343970833333333 0.43011479166666666 0.6277457291666667 0.4277828125 0.6239583333333333 0.4241811458333334 0.6200026041666666 0.41716635416666664 0.6183830208333333 0.41158
1 0.7580727083333334 0.3287757291666667 0.7589589583333333 0.3205051041666667 0.7643544791666667 0.3097083333333333 0.7703026041666666 0.303219375 0.7796649999999999 0.3014264583333333 0.7892001041666667 0.3025072916666666 0.7992861458333334 0.30879989583333334 0.8045069791666666 0.32014291666666667 0.8068443750000001 0.33057447916666666 0.8075698958333334 0.35433593750000003 0.7982076041666667 0.37774239583333336 0.7857851041666667 0.38350781250000004 0.7739044791666667 0.38224541666666667 0.7659894791666667 0.37881583333333335 0.7591372916666667 0.36820614583333333 0.7569886458333334 0.3521822916666667 0.7555423958333333 0.34533739583333334
1 0.33924489583333334 0.2765417708333333 0.362103125 0.2635853125 0.3723591666666667 0.2594434375 0.3826160416666667 0.25926739583333336 0.3934197916666667 0.2610671875 0.40025125 0.2648496875 0.40403395833333333 0.2756471875 0.4047575 0.2848265625 0.4024215625 0.29706875 0.3921564583333333 0.3100245833333333 0.37794302083333337 0.3197409375 0.3626388541666667 0.32406583333333333 0.34500895833333334 0.3240694791666667 0.33725124999999995 0.3206503125 0.33005552083333334 0.31615510416666665 0.3257419791666667 0.3107451041666666 0.3234002083333333 0.30337260416666667 0.3257401041666667 0.295264375 0.3305996875 0.2869878125
1 0.4992278125 0.38404249999999995 0.5046222916666667 0.37288062499999997 0.5165089583333333 0.3610022916666667 0.5321571875 0.35470479166666663 0.5415263541666667 0.3521794791666667 0.5512429166666667 0.35326833333333335 0.5609665625000001 0.36298708333333335 0.5633027083333333 0.369103125 0.5633032291666668 0.3775527083333333 0.5609635416666666 0.3885416666666667 0.5521364583333334 0.4032996875 0.5397242708333334 0.4162627083333333 0.518846875 0.42526125000000004 0.5123597916666667 0.42616052083333333 0.5057033333333333 0.4240078125 0.4983240625 0.416793125 0.4948988541666666 0.40744104166666667 0.4947265625 0.394660625
1 0.6848432291666666 0.7502129166666667 0.6841208333333333 0.7370760416666666 0.687009375 0.7250152083333333 0.6889860416666667 0.7171038541666667 0.6940111458333333 0.7099010416666667 0.7010317708333333 0.7057527083333334 0.7096785416666667 0.705575625 0.7141789583333333 0.7073766666666667 0.7195746875 0.7133154166666666 0.7226445833333333 0.71925625 0.7257001041666666 0.7332980208333333 0.7265973958333334 0.7516475 0.7264260416666667 0.76281875 0.7238963541666668 0.7705613541666666 0.7194003124999999 0.7766688541666666 0.7102221875 0.7782957291666667 0.7037497916666666 0.7782934375 0.6987069791666667 0.7768570833333333 0.6934819791666667 0.7718194791666666 0.6897055208333334 0.7658804166666666
1 0.8682192708333333 0.39016208333333335 0.8718269791666666 0.37485854166666666 0.8777646874999999 0.36892572916666666 0.8849641666666667 0.36550302083333336 0.9022446875 0.36460010416666666 0.9094452083333333 0.36711489583333334 0.9139465625 0.3703596875 0.9206006250000001 0.37971927083333334 0.9260071875 0.3943010416666667 0.9290669791666667 0.401678125 0.9274464583333334 0.42112208333333334 0.9204217708333334 0.43785937500000005 0.9112403125 0.44650395833333334 0.9015242708333333 0.4474020833333333 0.8932478125000001 0.44559802083333333 0.8862258333333333 0.440921875 0.8790305208333333 0.4342675 0.8745262500000001 0.42562479166666667 0.8710963541666668 0.41446302083333336
1 0.49761395833333333 0.5150820833333333 0.4895021875 0.50302375 0.4853633333333333 0.48862395833333333 0.4871635416666667 0.4700754166666667 0.4911225 0.46396614583333334 0.49850343750000004 0.4587395833333333 0.5188541666666667 0.4538845833333333 0.53576375 0.45694447916666664 0.5570046875 0.469546875 0.5636635416666667 0.47835625 0.5674401041666666 0.48772645833333333 0.56835 0.49798177083333334 0.5620479166666666 0.5138201041666667 0.5512470833333333 0.5296621875 0.5283416666666667 0.530523125 0.5114583333333333 0.5226367708333333
1 0.9004652083333333 0.5890278124999999 0.9004644791666667 0.5804794791666666 0.9021121875 0.5680361458333334 0.9054165624999999 0.559331875 0.9079584374999999 0.5518247916666666 0.9148586458333334 0.5465784374999999 0.9234101041666667 0.5435752083333333 0.9309161458333333 0.5434369791666666 0.9394620833333334 0.5467386458333333 0.947269375 0.55378625 0.9555192708333333 0.5681791666666667 0.9589586458333332 0.5758255208333334 0.9612163541666666 0.5950401041666668 0.9604680208333334 0.6119888541666667 0.9523582291666667 0.622035 0.9421572916666666 0.6253296875000001 0.9270117708333333 0.6259295833333333 0.9210113541666666 0.6244283333333333 0.9151663541666667 0.6191772916666667 0.9103573958333333 0.6122892708333333 0.9072151041666667 0.6055364583333334
1 0.0347353125 0.07495197916666667 0.027547291666666664 0.07370447916666666 0.019317499999999998 0.06839250000000001 0.016195729166666666 0.0623490625 0.017649375000000002 0.0520403125 0.022543958333333333 0.044952708333333334 0.03181395833333333 0.03818135416666667 0.039630625 0.03536864583333333 0.049105416666666665 0.03432552083333333 0.06661281250000001 0.035370104166666666 0.07557062499999999 0.03838729166666666 0.07984197916666667 0.04099572916666667 0.08295927083333333 0.04557885416666666 0.08608354166666667 0.05515916666666667 0.08608958333333333 0.06328708333333334 0.08379489583333334 0.07058260416666666 0.07807218749999999 0.07547697916666667 0.06806302083333333 0.07859489583333333 0.0546334375 0.07953895833333333
1 0.6752753125000001 0.0 0.6760240625 0.0027520833333333334 0.6797007291666667 0.009675 0.6920145833333333 0.0187465625 0.7056188541666667 0.023279374999999998 0.7159898958333333 0.024786041666666665 0.7254970833333334 0.021984895833333334 0.7337057291666667 0.016576770833333334 0.7393192708333333 0.009239166666666666 0.7416666666666667 0.0
1 0.6026691666666667 0.7124015625 0.5951093749999999 0.6974551041666667 0.5931285416666667 0.6846861458333334 0.59276625 0.6724379166666666 0.5945642708333333 0.6641665625000001 0.6017609375 0.6587575 0.6114988541666667 0.6569579166666667 0.6197697916666667 0.6578559375 0.6375927083333334 0.6647027083333333 0.6503725 0.6776570833333333 0.6548680208333334 0.6913360416666666 0.6557642708333333 0.70249375 0.6527092708333334 0.7156405208333333 0.6465833333333334 0.7223016666666666 0.6350626041666667 0.7237379166666666 0.6224717708333334 0.7244521875000001 0.6129347916666668 0.7206869791666667
1 0.4127176041666667 0.023958333333333335 0.41920604166666664 0.015071250000000001 0.4351895833333333 0.004280625 0.44965635416666666 0.000383125 0.4688922916666666 0.00037729166666666667 0.47299208333333337 0.007728229166666667 0.4740711458333333 0.014644583333333332 0.47018406250000006 0.02651104166666667 0.46348364583333335 0.036666770833333334 0.45267822916666667 0.0453025 0.43865072916666664 0.04812270833333333 0.43086541666666667 0.050071875 0.4213690625 0.05070895833333333 0.41705135416666667 0.048988125 0.41381249999999997 0.04444 0.4099214583333334 0.036229791666666664
1 0.6191242708333333 0.9947416666666666 0.6071777083333333 1.0 0.5675258333333333 1.0 0.566200625 0.9997827083333333 0.5615296875 0.9866497916666667 0.5606196874999999 0.9736798958333334 0.5645785416666667 0.9636107291666666 0.5694377083333334 0.9553332291666667 0.5777276041666667 0.9497409375 0.6012947916666668 0.9443516666666666 0.6202036458333333 0.9434466666666667 0.6328011458333334 0.9490234375 0.6383852083333333 0.959284375 0.6400027083333334 0.97009 0.639095625 0.9796271875 0.6353160416666667 0.9852055208333332
1 0.4835990625 0.1784465625 0.48179510416666665 0.16691781249999998 0.4827065625 0.14945947916666666 0.486660625 0.13920072916666668 0.4933136458333333 0.13434656250000002 0.5100553125 0.12822427083333332 0.5235582291666667 0.12822302083333334 0.5367076041666666 0.13111302083333334 0.5502079166666667 0.13902114583333333 0.5626147916666666 0.15072708333333334 0.5676568750000001 0.1593746875 0.5685532291666667 0.16585229166666665 0.5662253125 0.17881166666666667 0.5514677083333334 0.19895833333333332 0.5451626041666666 0.20383239583333335 0.5284201041666666 0.2049021875 0.5032205208333334 0.2000485416666667 0.49170083333333336 0.19284500000000002
1 0.27903052083333335 0.0610759375 0.27146052083333333 0.04639447916666666 0.2710233333333333 0.03667125 0.2729759375 0.025874791666666667 0.2855079166666667 0.01701520833333333 0.3077551041666667 0.014855104166666666 0.3250221875 0.018303333333333335 0.3410125 0.027175729166666666 0.35462166666666667 0.04206260416666666 0.3574288541666667 0.052655208333333335 0.35721375 0.06366895833333333 0.34987260416666666 0.072098125 0.34381958333333335 0.07512166666666667 0.3265504166666667 0.07662854166666667 0.3055878125 0.07748979166666665 0.2965135416666667 0.07511625
1 0.0 0.2044291666666667 5.885416666666667e-05 0.20443520833333334 0.014160729166666667 0.2074278125 0.023302395833333333 0.2140409375 0.02643614583333333 0.22140906249999998 0.026976562500000002 0.23023677083333333 0.02481875 0.23851125 0.016709583333333333 0.24697739583333334 0.0053818749999999995 0.25327354166666666 0.0 0.25636031249999996
1 0.31511656250000003 0.17052385416666666 0.330419375 0.16314979166666665 0.34319958333333334 0.15846729166666668 0.35705916666666665 0.155399375 0.367313125 0.15593833333333332 0.3754215625 0.16152458333333333 0.3799215625 0.16963479166666667 0.37992291666666667 0.18240072916666666 0.37631270833333336 0.19500729166666667 0.36281572916666666 0.2054471875 0.34841875000000005 0.2128304166666667 0.32861479166666663 0.21569927083333335 0.314753125 0.21660791666666668 0.3077434375 0.2133740625 0.30234197916666666 0.2101321875 0.298746875 0.20292697916666666 0.29819937500000004 0.1950003125 0.30216041666666665 0.18637416666666665 0.3070132291666667 0.1797014583333333
1 0.3455023958333333 0.7893501041666667 0.36115583333333334 0.7815726041666667 0.37552125000000003 0.7785441666666666 0.390739375 0.7832342708333333 0.39448781250000003 0.7913626041666666 0.3944803125 0.8007379166666666 0.3883432291666667 0.8127094791666667 0.3770067708333333 0.8217451041666667 0.36710218749999995 0.8280504166666667 0.3584675 0.8312853125 0.3487494791666667 0.833269375 0.34082614583333337 0.8329113541666667 0.33416510416666667 0.8293075000000001 0.32966645833333336 0.8233652083333334 0.3271428125 0.8170626041666667 0.32696479166666664 0.81076375 0.32894427083333333 0.8035721875 0.3327234375 0.7996088541666667
1 0.93324375 0.8076432291666666 0.9362986458333334 0.7928786458333333 0.941335 0.784061875 0.9471020833333333 0.7784706250000001 0.9530341666666666 0.7755980208333334 0.959880625 0.7755984374999999 0.965644375 0.7777517708333334 0.9715815625 0.782435625 0.975 0.7966545833333334 0.975185625 0.8151977083333333 0.9679861458333333 0.8349958333333334 0.9597019791666667 0.8436425 0.9497978125 0.8457966666666666 0.9452929166666666 0.846155625 0.939179375 0.8403964583333334 0.9352246875 0.834280625 0.9332409375 0.8250979166666668
1 0.1547965625 0.5870434375 0.14867541666666667 0.5809213541666666 0.146798125 0.5715420833333333 0.14617052083333335 0.5640452083333333 0.14780072916666667 0.5539188541666668 0.14854354166666667 0.5520460416666667 0.15504270833333333 0.5471743750000001 0.16529458333333333 0.5471752083333333 0.17742427083333334 0.5514182291666666 0.1879209375 0.5609255208333334 0.19716802083333332 0.5746671875 0.20217197916666668 0.5891763541666666 0.20279770833333333 0.5962939583333333 0.20004833333333333 0.6002966666666667 0.19666791666666666 0.6051681250000001 0.18942333333333333 0.6076732291666667 0.18304510416666667 0.6082922916666667 0.17417145833333333 0.604418125 0.16779291666666665 0.5991684374999999
1 0.5356353125 0.0193909375 0.54102625 0.010099583333333334 0.5470784375 0.0021113541666666668 0.5510708333333334 0.0 0.5957633333333334 0.0 0.6008554166666666 0.0027515625 0.6030252083333333 0.010759895833333333 0.6021589583333333 0.018529479166666665 0.5965436458333334 0.028462083333333332 0.5842392708333333 0.04552177083333333 0.5706227083333334 0.054381875 0.5578805208333333 0.057406874999999996 0.5481613541666667 0.05783479166666667 0.5408152083333333 0.056750208333333337 0.535414375 0.052865312500000004 0.5313079166666667 0.044664895833333336 0.5308838541666667 0.037753125000000005
1 0.8506248958333333 0.6652557291666666 0.8561995833333333 0.6531888541666666 0.8635818749999999 0.6422166666666667 0.8713204166666666 0.6368141666666667 0.8768980208333333 0.6346477083333333 0.8876988541666667 0.6346505208333333 0.8931034375 0.6368223958333333 0.9002957291666667 0.6434746874999999 0.9053395833333333 0.6522998958333334 0.9080394791666666 0.6596690625 0.9075072916666667 0.6719140625000001 0.9019270833333334 0.6864939583333334 0.8914836458333333 0.7043188541666667 0.8866205208333333 0.7091672916666667 0.8716819791666667 0.7153014583333334 0.8626839583333333 0.7145758333333333 0.8544005208333334 0.7046729166666666 0.8495314583333333 0.6909998958333333 0.8491830208333333 0.6830753125
1 0.21410458333333335 0.7720697916666667 0.21320385416666668 0.7576705208333333 0.21589729166666669 0.7448870833333333 0.22093906249999998 0.7393020833333334 0.23085072916666668 0.7322889583333333 0.24163583333333336 0.7294086458333333 0.2518971875 0.7312073958333334 0.26035572916666666 0.7357061458333334 0.266665 0.7432669791666666 0.27512041666666665 0.7628859375 0.27980677083333333 0.7803442708333334 0.2760269791666667 0.7979821875 0.26900677083333335 0.8055416666666667 0.26054906250000004 0.8087847916666667 0.24830625 0.8069834375 0.24074895833333335 0.8032063541666666 0.23282427083333335 0.7979880208333333 0.22435572916666666 0.7918702083333333
1 0.7828559375 0.5288815625 0.7831647916666667 0.5174857291666667 0.7876651041666667 0.5042817708333334 0.7926110416666667 0.4934826041666666 0.7990578125 0.48748677083333336 0.8085159375 0.48538052083333333 0.8176609375 0.4876346875 0.8251607291666667 0.49392833333333336 0.8301075 0.5042813541666666 0.8311666666666666 0.5183753125 0.8286109375 0.5422311458333334 0.82035625 0.5546777083333333 0.8109091666666667 0.5575335416666667 0.8035601041666667 0.5582828125 0.7963625000000001 0.558129375 0.7912638541666667 0.5546861458333333 0.7863108333333333 0.5464352083333334 0.7840570833333333 0.5401283333333333
1 0.36909375 0.7259811458333334 0.36313666666666666 0.7331880208333333 0.35522187499999996 0.7369611458333334 0.342615 0.7364336458333334 0.3287670833333333 0.7322871875000001 0.31741697916666667 0.72437375 0.30914010416666665 0.7130225 0.30661875 0.7038503125 0.3082430208333333 0.6910628125 0.3127451041666667 0.6842215625 0.32678145833333333 0.6775692708333333 0.3422615625 0.6775628125 0.3550438541666667 0.681529375 0.36585114583333334 0.6901676041666666 0.3726804166666666 0.7018744791666667 0.37448729166666667 0.7108680208333333
1 0.8162123958333333 0.09109843749999999 0.8168585416666667 0.0790034375 0.8188075 0.06820666666666667 0.8239932291666666 0.058704791666666666 0.8326297916666667 0.051358125000000004 0.841053125 0.04876239583333333 0.8514180208333334 0.048764479166666666 0.8615792708333333 0.051141770833333336 0.8751814583333334 0.06345197916666666 0.8838225000000001 0.08354625 0.8853351041666666 0.10492052083333332 0.8827490625000001 0.11636479166666666 0.8769151041666666 0.12457937499999999 0.8669773958333333 0.13041385416666668 0.8600627083333333 0.13149041666666667 0.8496932291666667 0.1299875 0.8412779166666666 0.12652416666666666 0.8328528125 0.12156072916666667 0.8265740625000001 0.111615
1 0.6736357291666667 0.4524446875 0.6815695833333333 0.4355292708333333 0.687141875 0.4281380208333333 0.6950652083333334 0.425260625 0.7083794791666667 0.4241798958333333 0.7148613541666666 0.4295789583333333 0.7199059375 0.4369602083333334 0.72207 0.446681875 0.7220685416666667 0.46036249999999995 0.7121663541666667 0.48286260416666665 0.6902082291666667 0.49978447916666663 0.68030625 0.5010416666666667 0.67185125 0.5010416666666667 0.6669811458333333 0.49096875 0.6671586458333334 0.47674125 0.6691453125 0.4675559375
1 0.0690228125 0.8868860416666667 0.07604166666666666 0.8768039583333334 0.09224239583333334 0.8694359375 0.10502968750000001 0.869428125 0.1156409375 0.8723110416666666 0.1230225 0.8802361458333333 0.1273478125 0.8897674999999999 0.12841822916666665 0.9029086458333333 0.12464166666666668 0.92036875 0.10843802083333333 0.9372842708333333 0.10034510416666667 0.9425029166666667 0.09260291666666666 0.9446684375000001 0.07730552083333334 0.9452088541666667 0.0690265625 0.9416042708333333 0.06398708333333333 0.9363901041666666 0.062002395833333335 0.9266734375 0.061828125 0.913714375 0.06524385416666666 0.9002142708333333
1 0.12214208333333333 0.6293791666666666 0.1349171875 0.6360434375 0.155799375 0.6525992708333334 0.16407958333333333 0.6619607291666667 0.16894489583333333 0.6756422916666666 0.17092114583333334 0.6909435416666666 0.16570354166666668 0.7013773958333334 0.15004708333333333 0.7080495833333333 0.13383458333333334 0.7087617708333334 0.10881291666666668 0.6932838541666667 0.10054437499999999 0.6815804166666666 0.09640333333333334 0.6642926041666667 0.09622041666666667 0.6556591666666667 0.100905 0.6421633333333333 0.10738197916666666 0.6358610416666667 0.1136803125 0.6315500000000001
0 0.8040747549019608 0.5381944444444444 0.8030535130718953 0.5193014705882353 0.8030535130718953 0.5152165032679739 0.8030535130718953 0.5101102941176471 0.8066278594771242 0.5090890522875816 0.8091809640522877 0.5090890522875816 0.8102022058823529 0.5218545751633987 0.8096915849673202 0.5402369281045751 0.8061172385620915 0.5443218954248366
0 0.9271343954248366 0.5933415032679739 0.925091911764706 0.5780228758169934 0.9240706699346405 0.5678104575163399 0.9261131535947713 0.5621936274509804 0.9296875 0.562704248366013 0.9322406045751634 0.5713848039215687 0.934283088235294 0.5846609477124183 0.9373468137254902 0.6015114379084968 0.9373468137254902 0.607638888888889 0.9317299836601307 0.6081495098039215 0.9296875 0.6035539215686274
0 0.8959865196078431 0.4207516339869281 0.8919015522875817 0.3998161764705882 0.891390931372549 0.39164624183006536 0.8929227941176471 0.38705065359477125 0.8949652777777778 0.3824550653594771 0.8980290032679739 0.3824550653594771 0.9000714869281047 0.3931781045751634 0.9031352124183006 0.4279003267973856 0.9005821078431372 0.42994281045751637 0.8959865196078431 0.42687908496732024
0 0.7805861928104575 0.3569240196078431 0.778033088235294 0.3354779411764706 0.778033088235294 0.33139297385620914 0.778033088235294 0.32832924836601307 0.7821180555555556 0.32679738562091504 0.7856924019607843 0.3604983660130719 0.7846711601307189 0.36356209150326796 0.781607434640523 0.36356209150326796
0 0.6902062908496732 0.4789624183006536 0.6993974673202614 0.45496323529411764 0.7014399509803921 0.45087826797385616 0.7019505718954249 0.4467933006535948 0.7019505718954249 0.44424019607843135 0.6993974673202614 0.4437295751633987 0.6973549836601307 0.444750816993464 0.6942912581699346 0.45087826797385616 0.6886744281045751 0.46262254901960786 0.6856107026143792 0.4692606209150327 0.6840788398692811 0.47436683006535946 0.6830575980392157 0.4804942810457516
0 0.5370200163398693 0.5009191176470588 0.5257863562091504 0.4937704248366013 0.5160845588235294 0.4856004901960784 0.5140420751633987 0.4820261437908497 0.5160845588235294 0.4794730392156863 0.5186376633986928 0.4804942810457516 0.5293607026143792 0.4886642156862745 0.5416156045751634 0.49683415032679734 0.5431474673202614 0.49989787581699346
0 0.5921670751633987 0.26858660130718953 0.6141237745098039 0.26552287581699346 0.6222937091503268 0.26143790849673204 0.6228043300653595 0.25990604575163395 0.6151450163398693 0.25888480392156865 0.6039113562091504 0.2619485294117647 0.5957414215686274 0.2629697712418301 0.5880821078431373 0.26399101307189543 0.5855290032679739 0.2670547385620915
0 0.5268075980392157 0.17514297385620914 0.5155739379084967 0.16952614379084968 0.5109783496732027 0.16493055555555555 0.5084252450980392 0.16237745098039216 0.5053615196078431 0.15829248366013074 0.5084252450980392 0.15676062091503268 0.5150633169934641 0.1588031045751634 0.5211907679738562 0.1608455882352941 0.5257863562091504 0.16288807189542484 0.5354881535947713 0.16901552287581698 0.5385518790849673 0.17258986928104575 0.5400837418300654 0.17667483660130717 0.5375306372549019 0.1792279411764706 0.5324244281045751 0.1782066993464052
0 0.3276654411764706 0.1940359477124183 0.3506433823529412 0.18535539215686275 0.35626021241830064 0.183312908496732 0.3593239379084967 0.18178104575163398 0.3588133169934641 0.1787173202614379 0.35370710784313725 0.1782066993464052 0.34196282679738566 0.18229166666666666 0.3215379901960784 0.19046160130718953 0.317453022875817 0.19505718954248366 0.31847426470588236 0.19761029411764705 0.3220486111111111 0.1986315359477124
0 0.8536049836601307 0.1005923202614379 0.8444138071895425 0.08272058823529412 0.8403288398692811 0.0755718954248366 0.8398182189542484 0.07250816993464053 0.8423713235294117 0.06944444444444445 0.8479881535947713 0.07250816993464053 0.8551368464052287 0.08578431372549018 0.8607536764705883 0.09701797385620915 0.8612642973856209 0.10161356209150327 0.8633067810457516 0.10671977124183006 0.8638174019607843 0.11080473856209151 0.8612642973856209 0.1133578431372549 0.8582005718954249 0.11131535947712418 0.8536049836601307 0.1056985294117647
0 0.43949142156862747 0.030126633986928105 0.45532066993464054 0.020935457516339868 0.4588950163398693 0.01838235294117647 0.45736315359477125 0.015318627450980392 0.4522569444444445 0.015318627450980392 0.44051266339869277 0.021956699346405227 0.43285334967320266 0.027573529411764705 0.4308108660130719 0.030126633986928105 0.43285334967320266 0.031147875816993464
0 0.8091809640522877 0.742953431372549 0.7964154411764706 0.7327410130718953 0.7933517156862745 0.7306985294117647 0.7928410947712419 0.7271241830065359 0.7959048202614379 0.7250816993464053 0.8005004084967321 0.7271241830065359 0.8091809640522877 0.7352941176470588 0.8163296568627451 0.741421568627451 0.8168402777777778 0.7439746732026145
0 0.8714767156862745 0.6786151960784313 0.8781147875816994 0.6587009803921569 0.8796466503267975 0.6546160130718953 0.8847528594771242 0.6541053921568627 0.8837316176470588 0.6627859477124183 0.8786254084967321 0.6816789215686274 0.8714767156862745 0.6908700980392157 0.8704554738562091 0.6883169934640523 0.8704554738562091 0.6842320261437909
0 0.9475592320261438 0.8200571895424836 0.9506229575163399 0.8042279411764706 0.9511335784313726 0.798611111111111 0.9547079248366013 0.7975898692810457 0.9572610294117647 0.8037173202614378 0.9547079248366013 0.8154616013071896 0.9521548202614379 0.8236315359477123 0.9480698529411764 0.8256740196078431
0 0.6085069444444444 0.9747753267973855 0.5901245915032679 0.9783496732026145 0.5855290032679739 0.9788602941176471 0.5824652777777778 0.9788602941176471 0.5799121732026145 0.9778390522875817 0.5809334150326798 0.9742647058823529 0.5839971405228758 0.9696691176470588 0.5901245915032679 0.9666053921568627 0.5957414215686274 0.9650735294117647 0.6023794934640523 0.9640522875816994 0.6110600490196079 0.963031045751634 0.6171875 0.963031045751634 0.6207618464052287 0.9645629084967321 0.6192299836601307 0.9706903594771242 0.6151450163398693 0.9727328431372548
0 0.4604268790849673 0.8951184640522876 0.44459763071895425 0.8884803921568627 0.4348958333333333 0.8854166666666666 0.43387459150326796 0.8838848039215687 0.4359170751633987 0.8787785947712419 0.4410232843137255 0.8797998366013072 0.446640114379085 0.8818423202614378 0.46604370915032683 0.8905228758169934 0.4685968137254902 0.8930759803921569 0.46808619281045755 0.8966503267973855
0 0.2474979575163399 0.78125 0.23932802287581703 0.7664419934640523 0.23881740196078433 0.763888888888889 0.24137050653594772 0.7603145424836601 0.24647671568627452 0.7603145424836601 0.24902982026143794 0.7628676470588236 0.2551572712418301 0.7771650326797386 0.2592422385620915 0.7873774509803921 0.2546466503267974 0.789419934640523 0.250561683006536 0.785845588235294
0 0.0861417483660131 0.9145220588235293 0.09226919934640525 0.8971609477124183 0.09584354575163401 0.88796977124183 0.0983966503267974 0.8854166666666666 0.10094975490196081 0.8843954248366013 0.10299223856209154 0.8935866013071896 0.10248161764705885 0.9027777777777778 0.09737540849673204 0.9135008169934641 0.08920547385620917 0.9277982026143791 0.08665236928104578 0.9298406862745098 0.08460988562091505 0.9288194444444444 0.08563112745098041 0.9237132352941176
0 0.07592933006535948 0.8164828431372548 0.08716299019607844 0.8154616013071896 0.09380106209150328 0.8149509803921569 0.09737540849673204 0.8149509803921569 0.10043913398692812 0.8129084967320261 0.09737540849673204 0.8083129084967321 0.09329044117647062 0.8083129084967321 0.08971609477124186 0.8072916666666666 0.08512050653594774 0.8072916666666666 0.07899305555555557 0.8072916666666666 0.07133374183006538 0.8108660130718953 0.06622753267973859 0.8144403594771242 0.07031250000000003 0.8149509803921569
0 0.13924632352941177 0.6827001633986928 0.1256239600665557 0.6719356627842484 0.1162645590682196 0.6592831392124237 0.11453133666112031 0.6523502495840265 0.12319744869661671 0.6542567942318358 0.13260825163398693 0.6638071895424836 0.13567197712418302 0.6663602941176471 0.14333129084967322 0.6740196078431372 0.1484375 0.6791258169934641 0.14996936274509806 0.6837214052287581 0.14996936274509806 0.6862745098039215 0.14486315359477125 0.6862745098039215
0 0.1765216503267974 0.5826184640522876 0.16784109477124184 0.5729166666666666 0.16528799019607845 0.5652573529411764 0.16273488562091507 0.5606617647058824 0.16630923202614378 0.5606617647058824 0.17090482026143794 0.5632148692810457 0.18009599673202617 0.5739379084967321 0.18673406862745098 0.5810866013071896 0.18877655228758172 0.5861928104575164
0 0.060610702614379106 0.05718954248366013 0.044781454248366034 0.05565767973856209 0.0406964869281046 0.05514705882352941 0.0381433823529412 0.052083333333333336 0.0381433823529412 0.04953022875816993 0.044270833333333356 0.048508986928104576 0.052951388888888916 0.049019607843137254 0.061121323529411783 0.04953022875816993 0.06469566993464054 0.05157271241830065 0.06929125816993466 0.05667892156862745 0.06622753267973859 0.05821078431372549
0 0.2909375 0.04760416666666667 0.28635416666666663 0.034687499999999996 0.29375 0.033854166666666664 0.2992708333333333 0.034166666666666665 0.31687499999999996 0.041562499999999995 0.33625 0.0509375 0.34302083333333333 0.05864583333333333 0.3259375 0.0596875 0.3048958333333333 0.05385416666666667
0 0.5491363211951447 0.03486811391223155 0.560953548085901 0.018090569561157795 0.5745214752567693 0.006711017740429505 0.5818160597572362 0.005543884220354808 0.5838585434173669 0.008753501400560222 0.5790441176470588 0.017507002801120445 0.5666433239962652 0.03297152194211018 0.5575980392156862 0.04041199813258636 0.5507411297852474 0.03982843137254902
0 0.5161547776309995 0.40483267283135177 0.5127146631439894 0.399466094231616 0.5226221928665785 0.3851552179656539 0.5333553500660503 0.3766237340378688 0.5435380889476001 0.3718075737560546 0.544501321003963 0.373321224130339 0.5384467195068251 0.3851552179656539 0.5266127256715103 0.3985028621752532 0.5204205195948921 0.40373183619550856
0 0.0006586245146976788 0.699147254575707 0.007418191902384867 0.6949875207986689 0.010191347753743713 0.697067387687188 0.00880476982806429 0.7040002773155851 0.0010052689961175345 0.7143996117581808
0 0.639614855570839 0.40592044933516735 0.6437700596056855 0.4044876203576341 0.6456327372764786 0.4010488308115543 0.6464924346629987 0.3984697386519945 0.6473521320495185 0.39603392939018794 0.6489282439248051 0.39345483723062813 0.6499312242090783 0.3904458963778083 0.6507909215955984 0.3880100871160018 0.6512207702888583 0.38557427785419535 0.6516506189821183 0.38285190279688214 0.6516506189821183 0.380129527739569 0.6515073360843648 0.37654745529573586 0.6499312242090783 0.37425492893168266 0.6470655662540119 0.37626088950022923 0.6446297569922054 0.3791265474552957 0.6417640990371389 0.38170563961485554 0.6393282897753323 0.385001146263182 0.6371790463090325 0.3878668042182485 0.635602934433746 0.3908757450710683 0.634313388353966 0.39531751490142136 0.6337402567629528 0.3984697386519945 0.6338835396607061 0.40305479138010086 0.6340268225584593 0.40434433745988074 0.635173085740486 0.4052040348464007 0.6361760660247593 0.40577716643741396
