1 0.728773125 0.35801645833333334 0.7176727083333333 0.3610138541666667 0.7100273958333333 0.3619215625 0.7044779166666667 0.36071833333333336 0.6998144791666667 0.35651406249999995 0.6977280208333333 0.35276822916666667 0.6954759374999999 0.34706614583333334 0.6942752083333333 0.34076177083333337 0.6959228125 0.33357166666666666 0.70027125 0.3280165625 0.7092801041666666 0.31826197916666665 0.7208205208333334 0.307314375 0.7283136458333334 0.30326916666666665 0.7389753124999999 0.3020725 0.746026875 0.30551791666666667 0.7502209375 0.31166770833333335 0.7527711458333334 0.32081375 0.7532291666666667 0.3281751041666666 0.749478125 0.3371766666666666 0.7431729166666667 0.34646427083333337
1 0.08744125 0.3026921875 0.07589625 0.30149312500000003 0.06462708333333333 0.29504583333333334 0.05743395833333333 0.29054375000000005 0.05610125 0.286193125 0.05774885416666666 0.28079583333333336 0.06719708333333334 0.274045625 0.08040260416666666 0.2674461458333333 0.10034833333333333 0.26399947916666666 0.10799770833333334 0.264740625 0.11968447916666666 0.27255010416666664 0.124494375 0.2785457291666667 0.1244965625 0.28349625 0.11757875000000001 0.29430072916666666 0.11142927083333333 0.29909479166666664 0.09899770833333334 0.3022404166666667
1 0.5512407291666667 0.065865625 0.5458483333333334 0.0730815625 0.5395417708333333 0.07775260416666667 0.5332432291666667 0.08009635416666666 0.5201004166666666 0.07919239583333333 0.5134375 0.07901697916666667 0.5071355208333334 0.07397541666666667 0.4993997916666667 0.06821427083333333 0.4940057291666667 0.06010927083333333 0.49328197916666666 0.05237375 0.4963475 0.04482260416666666 0.5022867708333333 0.03779677083333333 0.50911625 0.03490802083333333 0.5215471875 0.03257395833333333 0.5336026041666667 0.03436489583333333 0.5485502083333333 0.0439128125 0.5543044791666667 0.05110572916666667 0.5552022916666667 0.061197916666666664
1 0.17173979166666667 0.3493455208333333 0.17293895833333334 0.33509489583333335 0.17757666666666666 0.32579166666666665 0.18674979166666666 0.3163483333333333 0.19559958333333333 0.3122940625 0.20429520833333334 0.3110996875 0.21719010416666668 0.3138005208333333 0.2279978125 0.3200985416666667 0.2332446875 0.3311969791666666 0.2339996875 0.34559375 0.22873989583333335 0.35998989583333335 0.22035322916666666 0.3722958333333333 0.21030031249999998 0.3772423958333333 0.20082322916666667 0.3786003125 0.19124364583333334 0.37649625 0.1837353125 0.373190625 0.17982583333333332 0.36899291666666667 0.17684395833333333 0.36435375000000003
1 0.7328129166666667 0.0827203125 0.7382235416666667 0.07641802083333334 0.7485714583333334 0.07131989583333334 0.7637236458333334 0.06742364583333332 0.7749744791666667 0.067273125 0.786671875 0.07056541666666667 0.796728125 0.07777437499999999 0.8061684375 0.08781864583333333 0.8117267708333333 0.10327729166666666 0.8138153124999999 0.11302770833333334 0.8069206250000001 0.12622822916666668 0.7893723958333333 0.14346885416666666 0.7682258333333334 0.15277166666666667 0.74947875 0.15367125 0.7305672916666667 0.14797135416666668 0.7202234375 0.13866781250000002 0.7139184375000001 0.12772843749999999 0.7136246875 0.12022739583333333 0.714974375 0.11241770833333334 0.7185633333333333 0.1014709375 0.7269697916666666 0.08767572916666667
1 0.44112364583333336 0.27262770833333333 0.4521247916666667 0.272628125 0.4688697916666667 0.27750166666666665 0.4752429166666667 0.28313489583333334 0.479619375 0.291001875 0.48149447916666666 0.2991353125 0.4811241666666667 0.3056265625 0.47712427083333336 0.3145057291666667 0.4722453125 0.3203815625 0.4608744791666667 0.324375625 0.4413713541666667 0.3256279166666667 0.4144976041666667 0.32325072916666664 0.40774145833333336 0.32012625 0.40262031249999997 0.3138757291666667 0.4016180208333333 0.30650937500000003 0.4036175 0.29775781250000005 0.40661583333333334 0.2926325 0.41787083333333336 0.2821307291666667 0.42899010416666666 0.27688062500000005
1 0.6374662499999999 0.8366846875 0.6234268749999999 0.8375854166666666 0.6072195833333333 0.8312817708333333 0.5895833333333333 0.8161728125 0.5841808333333333 0.7983472916666667 0.5840023958333334 0.7841345833333333 0.5834614583333334 0.7765645833333333 0.5897665624999999 0.7688282291666667 0.59824375 0.7646967708333333 0.6129871875 0.7623446875000001 0.6245022916666667 0.7664819791666667 0.6396202083333333 0.7796347916666666 0.6515066666666667 0.8017641666666666 0.6533090625 0.8150926041666666 0.6533115625 0.8231875 0.6505955208333333 0.8314666666666667
1 0.7775084375 0.9792467708333333 0.7793097916666666 0.9657410416666666 0.7906369791666666 0.9549539583333334 0.8068437500000001 0.9477496875 0.8279039583333333 0.9459496875000001 0.8395983333333333 0.9508119791666666 0.8455472916666668 0.9625 0.8450038541666667 0.9711546875 0.8412258333333333 0.9792476041666667 0.834375 0.9873508333333334 0.8278996875 0.9929371875 0.8169242708333333 0.9958064583333334 0.8061203124999999 0.9965265624999999 0.79370125 0.995985625 0.7870476041666666 0.9914880208333333 0.7838063541666667 0.9884336458333334
1 0.7215231249999999 0.9079622916666668 0.7118113541666666 0.9119301041666666 0.699740625 0.9139101041666666 0.6828332291666667 0.9101257291666667 0.6723762499999999 0.9056317708333333 0.6640941666666667 0.899331875 0.6597848958333333 0.8928526041666667 0.6585214583333333 0.8831253125 0.6587002083333334 0.8746717708333333 0.66230375 0.8687191666666667 0.67832625 0.862609375 0.7062269791666667 0.8635013541666667 0.7213472916666667 0.8644071875 0.7341194791666666 0.8683698958333333 0.7402451041666667 0.8719604166666667 0.7452894791666667 0.8793463541666667 0.7468961458333333 0.8865490625 0.7458242708333334 0.8923062500000001 0.7343120833333334 0.9022047916666666
1 0.034546875 0.8676320833333333 0.0399478125 0.8562254166666666 0.051041666666666666 0.8467749999999999 0.06859260416666667 0.8416816666666667 0.0840428125 0.8416836458333333 0.10144447916666667 0.8482746875 0.11508875 0.8599738541666666 0.1218425 0.8721330208333333 0.12454583333333333 0.884130625 0.12333572916666666 0.8952202083333333 0.11838906249999999 0.9075246875 0.10744166666666667 0.918469375 0.08914333333333334 0.9225288541666666 0.07354489583333333 0.9226808333333333 0.060188541666666664 0.9184714583333334 0.04563625 0.9096331249999999 0.039191770833333334 0.9015293750000001 0.03619708333333334 0.8919310416666666 0.03394520833333334 0.882021875
1 0.25968864583333334 0.9256702083333334 0.24949385416666667 0.9181845833333333 0.24379645833333333 0.9084371875 0.24379291666666666 0.8967201041666667 0.24724260416666669 0.8898310416666667 0.2509926041666667 0.8841338541666667 0.25804645833333334 0.8817275 0.26779729166666666 0.8814309375 0.27754854166666665 0.8826354166666667 0.29374072916666666 0.8901335416666666 0.305440625 0.8986821875000001 0.3127945833333333 0.9069283333333333 0.3136955208333333 0.9136861458333333 0.3127975 0.9205798958333333 0.30934364583333335 0.9249336458333333 0.29494760416666665 0.9316821875 0.28668947916666665 0.9331791666666667 0.2775460416666667 0.9327233333333333 0.2718420833333333 0.9316823958333333
1 0.1764388541666667 0.9525284374999999 0.18244749999999998 0.9423239583333333 0.19083729166666666 0.9364759374999999 0.2007459375 0.9360292708333334 0.22249052083333334 0.94052625 0.2419940625 0.9522269791666667 0.2509914583333333 0.9642277083333333 0.25430197916666664 0.9777221875 0.2517403125 0.9897252083333333 0.245301875 0.9961801041666667 0.238201875 1.0 0.22448552083333334 1.0 0.21574125000000002 0.9990221874999999 0.19579208333333334 0.9900298958333333 0.18229166666666666 0.9777267708333334 0.17884114583333333 0.9715819791666667 0.17719062500000002 0.964974375
1 0.33467604166666665 0.7358740625000001 0.3301709375 0.7274146874999999 0.3298069791666667 0.7175058333333334 0.3308916666666667 0.708873125 0.335746875 0.70184875 0.34024531249999995 0.6973460416666666 0.3486980208333333 0.6944783333333333 0.35500114583333336 0.6941145833333333 0.36509145833333334 0.6966312499999999 0.3787652083333333 0.7061696875 0.3852409375 0.7166145833333334 0.38938854166666664 0.728125 0.38974614583333334 0.7382102083333333 0.3868685416666667 0.7459482291666667 0.38165229166666664 0.7524340625 0.3712010416666667 0.7576460416666666 0.360950625 0.7578267708333333 0.34960677083333336 0.7522601041666667
1 0.2527461458333333 0.17940239583333334 0.25843958333333333 0.17279927083333335 0.267899375 0.16380156250000003 0.28590218749999996 0.15734427083333333 0.29444218749999995 0.15660010416666664 0.3071802083333333 0.1585509375 0.315575625 0.16140531249999998 0.32157708333333335 0.16514875 0.3298296875 0.17235083333333331 0.3341929166666667 0.1836021875 0.33494541666666666 0.19110156250000002 0.3334447916666667 0.19755125 0.33043510416666666 0.20354916666666664 0.32640312499999996 0.20893958333333332 0.3157492708333333 0.21404687500000003 0.3019375 0.21719604166666664 0.2909905208333334 0.21839916666666664 0.2791310416666667 0.21660239583333332 0.2707469791666667 0.21359458333333334 0.2647366666666667 0.20984947916666666 0.25844260416666665 0.20385010416666666 0.25349479166666666 0.1969378125 0.25124239583333335 0.19018989583333334
1 0.8702098958333334 1.0 0.8700295833333332 0.9976075000000001 0.870024375 0.9877018750000001 0.8729027083333333 0.9774521875000001 0.8793828124999999 0.9689888541666666 0.8829876041666667 0.9644869791666667 0.8880222916666667 0.9617814583333334 0.8968522916666667 0.9621513541666666 0.903145 0.9662901041666667 0.9087227083333332 0.9724103125 0.91232875 0.9882483333333333 0.9112477083333334 0.9990451041666667 0.9109384375 1.0
1 0.929406875 0.229148125 0.9222131250000001 0.22029697916666666 0.9168071875 0.20979708333333333 0.9148567708333334 0.19839666666666667 0.9168090625 0.18820510416666666 0.9213108333333333 0.18130166666666667 0.9348101041666667 0.175295 0.9451582291666667 0.17545291666666665 0.959554375 0.18309906250000002 0.9679645833333334 0.19360229166666668 0.9718643749999999 0.21010406250000002 0.9691611458333332 0.2205978125 0.9640558333333333 0.23004708333333335 0.9588021875 0.23454322916666664 0.9514596875 0.23679781249999998 0.9414097916666667 0.23590333333333333
1 0.10138916666666667 0.7473954166666666 0.0947225 0.7310021875 0.09472770833333333 0.7128330208333333 0.0977821875 0.7047384375 0.1017421875 0.6984326041666667 0.10715135416666667 0.6942828124999999 0.11164802083333333 0.6926719791666667 0.12046614583333333 0.6924972916666667 0.1278453125 0.6957303125000001 0.13756749999999998 0.7034699999999999 0.14674322916666668 0.7185853125 0.15196489583333334 0.7374951041666667 0.15268958333333332 0.7509993749999999 0.15052125000000002 0.7598052083333333 0.14585135416666667 0.7643078125 0.13793114583333335 0.7659363541666667 0.13234937500000002 0.766284375 0.1256975 0.7662822916666666 0.11902197916666667 0.765211875 0.1127246875 0.7623321875
1 0.7014710416666666 0.29727010416666666 0.6857197916666667 0.3056696875 0.67477375 0.3091228125 0.6672796875 0.30926291666666667 0.65917375 0.3074671875 0.6545278125 0.30445947916666666 0.6522755208333333 0.29952062500000004 0.6518216666666666 0.29067645833333333 0.6530228124999999 0.2821221875 0.6554222916666668 0.2741734375 0.6606672916666666 0.26742177083333335 0.6743130208333333 0.2561763541666667 0.684225625 0.25001510416666667 0.6981703125000001 0.24911958333333334 0.7088171875 0.25271322916666666 0.7170625 0.25841854166666667 0.7191746875 0.2627630208333333 0.7202251041666667 0.272515625 0.7161679166666667 0.28301302083333335 0.7089748958333334 0.28991677083333334
1 0.31166770833333335 0.35279416666666663 0.3124255208333333 0.3459192708333333 0.3156694791666667 0.3372938541666667 0.32304645833333334 0.32792302083333336 0.3314196875 0.321919375 0.3431710416666667 0.3174227083333333 0.3531684375 0.31917354166666667 0.36041666666666666 0.3237952083333333 0.36617520833333334 0.32904822916666665 0.36879604166666663 0.34104427083333333 0.36804666666666663 0.35055197916666664 0.36629572916666664 0.3572916666666667 0.3619229166666667 0.36529395833333334 0.35517291666666667 0.3715441666666666 0.34829333333333334 0.37604166666666666 0.3416666666666667 0.3799198958333333 0.33442500000000003 0.38216979166666665 0.32304364583333334 0.3825513541666667 0.3172925 0.3802991666666667 0.31254291666666667 0.37592041666666665 0.31054947916666664 0.36941739583333333
1 0.5363591666666667 0.4525479166666667 0.5260982291666667 0.4579575 0.5075608333333333 0.46100458333333333 0.4901041666666667 0.45902729166666667 0.4798407291666667 0.4523714583333333 0.47444458333333334 0.4433740625 0.4719246875 0.42771572916666667 0.4720976041666667 0.4176255208333333 0.4782089583333333 0.4086267708333333 0.4874032291666667 0.4032314583333333 0.4962128125 0.3998034375 0.51440375 0.3985502083333333 0.5275329166666667 0.4014272916666667 0.5374394791666667 0.40502697916666663 0.5417528125000001 0.4093463541666667 0.54535625 0.416370625 0.5476988541666666 0.4237603125 0.5484175 0.43256552083333333 0.54841875 0.44067229166666666 0.5466155208333333 0.44606406249999997
1 0.20282052083333332 0.6126236458333333 0.2073125 0.6005714583333333 0.21866208333333334 0.5917410416666667 0.23899375 0.5879620833333333 0.25412135416666665 0.5881390625 0.2677928125 0.5940871875 0.2793140625 0.6045247916666666 0.2874175 0.6192877083333334 0.28868645833333334 0.6288313541666667 0.2839907291666667 0.6410675 0.2748135416666667 0.6543835416666667 0.25771354166666666 0.6603294791666666 0.23305656249999998 0.6592448958333333 0.21560395833333335 0.6498845833333333 0.20695822916666667 0.6428581250000001 0.20192489583333334 0.6329620833333334 0.20192156249999998 0.6239583333333333
1 0.20083010416666666 0.24465197916666667 0.19228874999999998 0.25094333333333335 0.1838809375 0.2561896875 0.17457802083333332 0.259495 0.16482958333333333 0.26026635416666666 0.15553822916666665 0.2608536458333333 0.1493775 0.25919197916666664 0.14263270833333333 0.256494375 0.14007624999999999 0.2514084375 0.14112739583333334 0.23909822916666668 0.14878291666666668 0.2311540625 0.16453166666666666 0.215846875 0.17653729166666665 0.20984385416666665 0.1859853125 0.2078990625 0.19857760416666667 0.20924364583333332 0.20548354166666666 0.21194291666666668 0.20998375 0.21615927083333333 0.21163374999999998 0.22469520833333334 0.2099875 0.23266385416666668
1 0.7700208333333334 0.48235031250000004 0.7613197916666666 0.4913447916666666 0.7523178125 0.49584552083333333 0.7410846875 0.49720729166666666 0.7262346875 0.49270375000000005 0.7209789583333334 0.4860966666666667 0.71903625 0.4787517708333333 0.71931875 0.46959541666666665 0.7212854166666667 0.460456875 0.7244263541666667 0.45309666666666665 0.7280254166666666 0.4454491666666666 0.7337208333333333 0.44020499999999996 0.7431727083333333 0.43675749999999997 0.75159 0.43764968750000005 0.7622230208333334 0.4397604166666667 0.7680878124999999 0.44215218749999996 0.7727263541666667 0.44844843749999996 0.7757244791666668 0.45550562499999997 0.7772269791666666 0.4634510416666667 0.77722375 0.46885197916666665
1 0.8163699999999999 0.39640635416666664 0.8136759375 0.3829257291666667 0.8153220833333333 0.36312197916666666 0.8198141666666667 0.3533728125 0.8255248958333333 0.3493159375 0.8381159375 0.3440659375 0.8442744791666666 0.34826625 0.849816875 0.35486687499999997 0.8571758333333332 0.36641697916666666 0.8601741666666667 0.3856178125 0.8592732291666666 0.397616875 0.8531230208333334 0.4096184375 0.8460629166666667 0.41531875 0.8370656249999999 0.4163720833333333 0.8318130208333333 0.4165128125 0.8238685416666667 0.4118738541666667 0.81966875 0.40692093749999997
1 0.151331875 0.15152041666666666 0.14998239583333334 0.1416075 0.14998229166666668 0.13093947916666665 0.15208166666666667 0.12269 0.15732947916666667 0.11534927083333332 0.16423020833333332 0.11026395833333333 0.17248083333333333 0.10861125 0.18253124999999998 0.10994354166666667 0.19228302083333335 0.11640375 0.20098197916666666 0.12494520833333334 0.20623885416666665 0.13666541666666668 0.20623041666666667 0.15134531250000002 0.20203395833333332 0.1646878125 0.19798177083333332 0.17086427083333333 0.190481875 0.17384395833333333 0.1816310416666667 0.17593927083333333 0.17398677083333333 0.17565031250000002 0.1690353125 0.17416177083333334 0.16198145833333333 0.16874072916666666
1 0.012880729166666667 0.19665156250000002 0.016485 0.18599833333333335 0.022783541666666667 0.17699260416666668 0.03582864583333333 0.16904489583333332 0.04903864583333333 0.165900625 0.06283197916666666 0.16590458333333336 0.0722846875 0.17174458333333334 0.07828802083333333 0.1852428125 0.07625239583333333 0.198024375 0.07072177083333334 0.204684375 0.06374010416666667 0.20948479166666667 0.0477971875 0.21519885416666668 0.0374996875 0.21656531250000002 0.029687395833333335 0.21540666666666666 0.023105833333333332 0.2134303125 0.01727885416666667 0.2094865625 0.013937916666666666 0.20500270833333334
1 0.022299479166666667 0.5804258333333333 0.025158854166666668 0.5705044791666667 0.03164322916666667 0.5623961458333333 0.03991770833333333 0.5580846875 0.047657604166666666 0.5573576041666667 0.06349041666666667 0.5600685416666666 0.08095645833333333 0.5676158333333333 0.09499062500000001 0.5789612500000001 0.10544135416666665 0.5993036458333333 0.1074203125 0.616768125 0.10436125 0.6299011458333333 0.09770187500000001 0.6387234374999999 0.08473604166666666 0.6462884375000001 0.07411999999999999 0.6497032291666667 0.067456875 0.6495434375 0.052336145833333333 0.6428615625 0.041362499999999996 0.6329610416666667 0.03236229166666667 0.6210920833333333 0.026597395833333332 0.6111780208333334 0.021920833333333334 0.592095625
1 0.6256494791666667 0.0 0.6209038541666666 0.016907187499999997 0.6106420833333334 0.02645677083333333 0.6014678124999999 0.03095677083333333 0.5948072916666667 0.0332996875 0.57896 0.034912708333333334 0.5703254166666666 0.03347375 0.566725 0.0318465625 0.561330625 0.0277159375 0.5577288541666667 0.020519166666666665 0.5564592708333334 0.01619458333333333 0.5564635416666667 0.006301458333333333 0.5575178125 0.0
1 0.8838890625 0.05999989583333333 0.8939329166666667 0.04993770833333333 0.915540625 0.038998125 0.92618375 0.03794239583333334 0.9351785416666666 0.04035177083333333 0.9465929166666667 0.04769 0.95333375 0.059246875000000004 0.9555935416666668 0.06793999999999999 0.9552897916666667 0.07844635416666666 0.9468914583333333 0.093748125 0.9372889583333334 0.10230052083333334 0.9218436458333333 0.1101025 0.9075876041666666 0.11129447916666665 0.8966442708333333 0.10919427083333333 0.8834319791666666 0.101543125 0.8786444791666667 0.09674979166666667 0.8765322916666667 0.08879666666666666 0.8763859375 0.08024114583333333 0.8766785416666667 0.073046875
1 0.28649593749999996 0.30689875 0.2803535416666667 0.30810052083333334 0.2689430208333333 0.3101890625 0.26175 0.30884979166666665 0.2549984375 0.30674083333333335 0.24823333333333333 0.3043579166666667 0.24119052083333334 0.29986083333333335 0.23085260416666667 0.2911621875 0.22948052083333334 0.2881548958333333 0.22934802083333333 0.2811125 0.23563520833333335 0.2729902083333334 0.24149385416666666 0.26685885416666666 0.2554355208333333 0.26071510416666666 0.26038416666666664 0.25801083333333336 0.26790510416666663 0.25590406250000003 0.27569302083333336 0.25543822916666664 0.28724239583333333 0.25741291666666666 0.3037429166666667 0.26219197916666664 0.30735177083333337 0.2668613541666666 0.30915437500000004 0.279465625 0.3058535416666667 0.2918977083333333 0.29968781250000004 0.2992402083333333
1 0.2667772916666667 0.5571902083333333 0.2514667708333333 0.5610426041666667 0.24397916666666666 0.5598923958333334 0.24006697916666667 0.5562813541666666 0.23873229166666665 0.55058625 0.24127989583333334 0.5406779166666666 0.24803791666666666 0.5306458333333334 0.2528227083333333 0.5255376041666666 0.26271947916666666 0.5213380208333334 0.273223125 0.519678125 0.28072083333333336 0.5201448958333333 0.29316791666666664 0.5225344791666667 0.2976789583333333 0.526886875 0.29722145833333335 0.5331807291666667 0.28822291666666666 0.5427873958333334 0.27668385416666663 0.5519330208333333
1 0.8194885416666666 0.773549375 0.7996378125 0.7837707291666667 0.7731817708333334 0.7846689583333333 0.7593230208333334 0.7783686458333333 0.7510416666666667 0.7713492708333334 0.7483485416666666 0.7632486458333333 0.74978875 0.7484845833333333 0.7548294791666667 0.7391290625 0.7706627083333333 0.7254577083333333 0.78415875 0.7211305208333333 0.8043244791666667 0.7223928125000001 0.8140462500000001 0.7243738541666667 0.8235854166666667 0.7308529166666666 0.8282651041666667 0.7371502083333333 0.832041875 0.7472269791666667 0.8320421875 0.7538874999999999 0.8284478125 0.7639616666666667
1 0.5613653125 0.25714447916666666 0.5536156250000001 0.26337666666666665 0.5469971875 0.2677577083333333 0.5382488541666667 0.27025437500000005 0.529121875 0.27000822916666667 0.5229998958333334 0.2665065625 0.5178746875 0.26113447916666666 0.51549625 0.253125 0.5152463541666666 0.2443853125 0.5166247916666666 0.2366271875 0.51836875 0.2296290625 0.5317497916666667 0.21725885416666665 0.5469914583333334 0.21001031250000002 0.5559975 0.2071317708333333 0.5634992708333333 0.20663041666666665 0.5697448958333333 0.20812697916666664 0.5792407291666667 0.21313479166666666 0.585865 0.21925333333333336 0.5877403124999999 0.23025239583333335 0.5871178125000001 0.2355065625 0.584123125 0.24150927083333332 0.5788666666666666 0.2461290625
1 0.3614583333333333 0.60625 0.3597913541666667 0.6024873958333333 0.3588922916666667 0.5967863541666667 0.36353416666666666 0.5892840625000001 0.3732852083333333 0.5807375 0.3815341666666667 0.5771396875 0.3899270833333333 0.5748884375000001 0.40013875 0.5766847916666666 0.41064052083333336 0.5810371875 0.41542875 0.5847814583333334 0.4191846875 0.5919842708333333 0.41993552083333335 0.5999347916666667 0.41873177083333335 0.6066819791666667 0.41589572916666667 0.6122319791666667 0.41093166666666664 0.6185342708333333 0.40629000000000004 0.6212307291666667 0.3980355208333333 0.6236451041666666 0.39143052083333335 0.6236359375 0.38378354166666667 0.621988125 0.37614135416666666 0.6191355208333333 0.3707369791666667 0.6162895833333334 0.36728760416666667 0.6132873958333334
1 0.6734220833333333 0.45231166666666667 0.6634205208333334 0.46442677083333334 0.6486713541666667 0.4733032291666667 0.6337930208333333 0.47505031249999996 0.626168125 0.47218583333333336 0.6182947916666667 0.46442104166666665 0.6143015625 0.45792875 0.6121669791666666 0.44730135416666666 0.6139169791666668 0.43255083333333333 0.6236726041666666 0.4173025 0.63154625 0.41029864583333336 0.6444190625 0.4057954166666667 0.6515513541666667 0.40517458333333334 0.6619240625 0.40579291666666667 0.6690486458333333 0.407936875 0.6739263541666667 0.4116771875 0.6786740625000001 0.4206725 0.6799193750000001 0.4307992708333333 0.6799261458333333 0.437541875
1 0.2378134375 0.7867792708333333 0.24754885416666667 0.7740273958333332 0.253845 0.7677309375 0.2696951041666667 0.7625 0.28588739583333334 0.7644898958333334 0.29578770833333334 0.7677359375 0.3019134375 0.7787157291666666 0.30227 0.7904160416666667 0.2965028125 0.8035446875000001 0.2824675 0.8157870833333334 0.26896135416666667 0.8211920833333333 0.2502407291666667 0.8224553125 0.24178958333333334 0.8193931249999999 0.23566874999999998 0.8147102083333333 0.2326105208333333 0.8058916666666666 0.23260822916666665 0.8001294791666667
1 0.5438620833333334 1.0 0.5402708333333333 0.9940042708333333 0.5372013541666667 0.9851949999999999 0.5368482291666666 0.9796103125 0.5386451041666667 0.9727651041666667 0.542068125 0.9673667708333333 0.5462080208333333 0.9617847916666666 0.5510710416666667 0.959270625 0.5615064583333333 0.9580079166666666 0.5660045833333334 0.9580038541666667 0.5782472916666667 0.9643104166666667 0.5892275 0.9763709375 0.5901156249999999 0.9869895833333333 0.5867019791666667 0.9916666666666667 0.5712700000000001 1.0
1 0.0 0.47391875 0.0034036458333333336 0.46879604166666666 0.009027083333333333 0.4644253125 0.0126484375 0.46280489583333334 0.01977354166666667 0.4619326041666667 0.02952375 0.46530499999999997 0.0391471875 0.4747967708333333 0.042273958333333334 0.48693000000000003 0.042275625000000004 0.5028070833333333 0.04014770833333334 0.5140508333333333 0.035400208333333336 0.5213034375 0.0282778125 0.5236716666666666 0.023773958333333334 0.5225416666666667 0.017274062500000003 0.5185471875 0.0095296875 0.5134171875 0.0066475 0.51129375 0.0 0.5002925
1 0.6156389583333334 1.0 0.6245046875 0.9916666666666667 0.6369167708333333 0.9803311458333333 0.6536655208333334 0.9758291666666667 0.6736389583333333 0.974568125 0.68282875 0.9772620833333333 0.6884046875000001 0.9832038541666667 0.6920052083333333 0.9914817708333333 0.693464375 1.0
1 0.6029234375 0.34740604166666667 0.59125375 0.3642811458333333 0.5805685416666667 0.371520625 0.5738189583333334 0.37046218750000004 0.5646684375 0.36521572916666667 0.5555308333333334 0.35726656250000005 0.5522289583333334 0.3509677083333333 0.5511740625 0.34182208333333336 0.5526716666666667 0.3290625 0.5559739583333333 0.32126145833333336 0.5603215625 0.31556812500000003 0.5675267708333334 0.30956364583333335 0.5730722916666667 0.30657083333333335 0.5798195833333334 0.3035653125 0.5916666666666667 0.3034235416666667 0.597815 0.3047636458333333 0.6024772916666666 0.3094266666666667 0.6051676041666667 0.31541729166666665 0.6081733333333333 0.3253228125 0.6081666666666667 0.33101375
1 0.6813785416666666 0.7245459375000001 0.6664445833333333 0.71717 0.6579858333333333 0.704571875 0.6549177083333333 0.6946668749999999 0.6556354166666666 0.6869285416666667 0.6603244791666667 0.6782892708333333 0.6642832291666667 0.6739583333333333 0.6716659375 0.6707286458333334 0.6799453124999999 0.6710908333333333 0.6880464583333333 0.6752216666666667 0.6981173958333333 0.6856682291666666 0.7026209375000001 0.6914370833333333 0.7058633333333333 0.705655625 0.7058563541666667 0.7148321875 0.6997485416666667 0.7207708333333334 0.6943465625 0.7234603125
1 1.0 0.8283655208333334 0.995634375 0.826365625 0.9842915624999999 0.8182763541666667 0.9749333333333333 0.8058520833333334 0.9695275 0.7905554166666667 0.9686339583333333 0.7808336458333333 0.9682623958333333 0.7644542708333333 0.9709675 0.7523887499999999 0.975650625 0.7430319791666666 0.9826755208333334 0.7343860416666667 0.9896910416666667 0.7315191666666667 0.9986911458333334 0.7331284375 1.0 0.7340917708333333
0 0.2822745901639345 0.1914845173041895 0.2973588342440802 0.19091530054644812 0.3121584699453553 0.18977686703096544 0.31699681238615673 0.1892076502732241 0.31785063752276876 0.18750000000000003 0.316712204007286 0.18550774134790532 0.3135815118397086 0.1838000910746813 0.3098816029143899 0.18237704918032793 0.3053278688524591 0.18095400728597452 0.28796675774134795 0.18180783242258655 0.2780054644808744 0.1843693078324226 0.2734517304189436 0.1869307832422587 0.2708902550091076 0.1889230418943534 0.27259790528233163 0.19091530054644812 0.2762978142076503 0.1914845173041895
0 0.341188524590164 0.355134335154827 0.34631147540983614 0.3443192167577414 0.3480191256830602 0.3417577413479053 0.34972677595628426 0.340334699453552 0.3500113843351549 0.33862704918032793 0.3494421675774136 0.3366347905282332 0.3471653005464482 0.3357809653916212 0.3446038251366121 0.3363501821493626 0.342042349726776 0.34090391621129335 0.33720400728597455 0.34915755919854286 0.33407331511839716 0.3537112932604736 0.33492714025500914 0.3579804189435338 0.3374886156648452 0.35854963570127507
0 0.5728597449908926 0.3431807832422587 0.5768442622950821 0.32781193078324233 0.5785519125683061 0.32439663023679427 0.5813979963570127 0.32468123861566495 0.5822518214936249 0.32610428051001833 0.5811133879781422 0.3309426229508198 0.5788365209471767 0.33948087431693996 0.5774134790528234 0.3454576502732241 0.575136612021858 0.34659608378870677 0.573428961748634 0.34659608378870677
0 0.5617600182149364 0.23417577413479057 0.5472449908925319 0.2412909836065574 0.5421220400728598 0.24356785063752281 0.5372836976320584 0.24556010928961752 0.5338683970856103 0.24499089253187617 0.5324453551912569 0.24356785063752281 0.5341530054644809 0.23929872495446272 0.5378529143897998 0.23730646630236799 0.5412682149362478 0.23588342440801463 0.5466757741347906 0.2316142987249545 0.5569216757741349 0.22819899817850642 0.560336976320583 0.22819899817850642 0.5637522768670311 0.22819899817850642 0.5668829690346084 0.22876821493624774 0.5685906193078325 0.23104508196721316 0.5665983606557378 0.23189890710382519
0 0.5179303278688525 0.43454007285974505 0.5068306010928962 0.43454007285974505 0.5017076502732241 0.43311703096539167 0.497438524590164 0.43169398907103834 0.49402322404371596 0.43027094717668496 0.49117714025500914 0.4288479052823316 0.4937386156648452 0.4265710382513662 0.4997153916211294 0.42486338797814216 0.5039845173041895 0.4234403460837888 0.5093920765027323 0.4228711293260474 0.5142304189435338 0.4228711293260474 0.5184995446265939 0.4228711293260474 0.5233378870673954 0.4240095628415301 0.5264685792349727 0.42571721311475413 0.5287454462659381 0.4288479052823316 0.5276070127504554 0.43084016393442626 0.52533014571949 0.43169398907103834 0.5224840619307833 0.43454007285974505
0 0.6551115664845174 0.4336862477231331 0.6460040983606559 0.4425091074681239 0.6423041894353371 0.4453551912568307 0.6397427140255009 0.44677823315118403 0.640596539162113 0.44336293260473597 0.6423041894353371 0.43994763205828785 0.6445810564663024 0.43681693989071047 0.6465733151183971 0.4339708561020037 0.6491347905282332 0.431124772313297 0.6528346994535519 0.42770947176684887 0.6565346083788708 0.4245787795992715 0.6608037340619308 0.4234403460837888 0.6593806921675774 0.4274248633879782 0.6573884335154827 0.43027094717668496
0 0.25836748633879786 0.8014002732240437 0.26946721311475413 0.7959927140255009 0.27288251366120225 0.7942850637522769 0.2760132058287797 0.7914389799635703 0.27857468123861573 0.7891621129326047 0.28142076502732244 0.7851775956284154 0.2831284153005465 0.7820469034608379 0.2825591985428052 0.7794854280510018 0.2802823315118398 0.7783469945355193 0.2780054644808744 0.7803392531876139 0.27686703096539167 0.7851775956284154 0.27259790528233163 0.7900159380692169 0.26861338797814216 0.7925774134790529 0.2654826958105647 0.7942850637522769 0.26149817850637525 0.7965619307832423 0.2569444444444445 0.7974157559198543 0.25381375227686703 0.7979849726775956 0.25210610200364303 0.7988387978142076 0.25409836065573776 0.7999772313296903
0 0.08191029143898002 0.8947518214936248 0.07024134790528237 0.8893442622950821 0.06540300546448093 0.8870673952641166 0.06113387978142081 0.8853597449908926 0.06084927140255014 0.8836520947176685 0.06141848816029149 0.8808060109289618 0.06426457194899822 0.8793829690346084 0.0668260473588343 0.8785291438979964 0.06910291438979968 0.8785291438979964 0.07394125683060114 0.8790983606557378 0.07906420765027326 0.8799521857923498 0.081056466302368 0.8802367941712205 0.08390255009107474 0.8805214025500911 0.08845628415300551 0.8819444444444445 0.09272540983606563 0.8833674863387979 0.09471766848816034 0.8850751366120219 0.09614071038251372 0.8887750455373407 0.09642531876138438 0.8919057377049181 0.09443306010928967 0.8947518214936248 0.0907331511839709 0.8961748633879781 0.08703324225865214 0.8967440801457195
0 0.2708902550091076 0.2899590163934427 0.26377504553734066 0.2891051912568307 0.2600751366120219 0.28882058287796003 0.25836748633879786 0.2876821493624773 0.2563752276867031 0.28512067395264123 0.25523679417122047 0.28085154826958114 0.2580828779599272 0.2780054644808744 0.26519808743169404 0.275728597449909 0.2700364298724955 0.27515938069216767 0.27459016393442626 0.274874772313297 0.2791438979963571 0.274874772313297 0.28085154826958114 0.27515938069216767 0.2828438069216758 0.275728597449909 0.2868283242258653 0.27686703096539167 0.28882058287796003 0.2777208561020037 0.2868283242258653 0.28085154826958114 0.28426684881602926 0.2828438069216758 0.2825591985428052 0.2862591074681239 0.2799977231329691 0.28796675774134795 0.27515938069216767 0.2893897996357014
0 0.198884335154827 0.3494421675774136 0.20173041894353375 0.3428961748633881 0.20173041894353375 0.3369193989071039 0.20286885245901642 0.33407331511839716 0.20429189435336978 0.3337887067395265 0.20628415300546452 0.3352117486338798 0.20742258652094722 0.3374886156648452 0.20827641165755925 0.342042349726776 0.20770719489981787 0.3457422586520948 0.2057149362477232 0.34972677595628426 0.20429189435336978 0.35143442622950827 0.20144581056466307 0.3522882513661203 0.19945355191256833 0.352572859744991
0 0.7507399817850637 0.11577868852459021 0.7692395264116576 0.10439435336976326 0.774077868852459 0.10240209471766853 0.7766393442622951 0.10097905282331517 0.7769239526411659 0.09870218579234978 0.7757855191256832 0.09699453551912574 0.7729394353369764 0.09670992714025504 0.7672472677595629 0.09898679417122044 0.755009107468124 0.10467896174863392 0.7473246812386157 0.11065573770491807 0.744478597449909 0.1137864298724955 0.7433401639344264 0.11606329690346089 0.7430555555555556 0.11947859744990898 0.7478938979963571 0.11834016393442628
0 0.9240664845173042 0.07735655737704922 0.9123975409836066 0.08674863387978146 0.9081284153005466 0.08902550091074686 0.9035746812386157 0.09016393442622955 0.8993055555555556 0.09016393442622955 0.8975979052823316 0.08874089253187618 0.899020947176685 0.08589480874316945 0.9027208561020037 0.08048724954462665 0.9101206739526412 0.07479508196721317 0.9232126593806922 0.0656876138433516 0.926912568306011 0.06255692167577419 0.9314663023679418 0.05999544626593812 0.9343123861566485 0.05971083788706744 0.9354508196721312 0.06227231329690351 0.9283356102003643 0.07479508196721317
0 0.6838570127504554 0.2825591985428052 0.6926798724954464 0.2777208561020037 0.6969489981785064 0.2760132058287797 0.6992258652094718 0.27430555555555564 0.7003642987249545 0.27174408014571955 0.7003642987249545 0.2700364298724955 0.6978028233151184 0.2700364298724955 0.6935336976320584 0.27145947176684887 0.6889799635701276 0.27402094717668496 0.6858492714025501 0.2762978142076503 0.683287795992714 0.2777208561020037 0.6812955373406193 0.27971311475409844 0.6795878870673954 0.2828438069216758
0 0.720856102003643 0.33948087431693996 0.7279713114754098 0.3300887978142077 0.7308173952641166 0.3269581056466303 0.73224043715847 0.32496584699453557 0.7325250455373407 0.3232581967213115 0.7316712204007286 0.3218351548269582 0.7302481785063752 0.3218351548269582 0.7279713114754098 0.3232581967213115 0.7245560109289618 0.32781193078324233 0.7225637522768671 0.33065801457194904 0.7197176684881603 0.3335040983606558 0.7171561930783242 0.3357809653916212 0.7151639344262295 0.3374886156648452 0.7140255009107469 0.33976548269581064 0.7137408925318761 0.342042349726776 0.717440801457195 0.3423269581056467
0 0.7478938979963571 0.4706853369763207 0.7504553734061932 0.4647085610200365 0.7524476320582879 0.4612932604735884 0.7535860655737705 0.45873178506375234 0.7507399817850637 0.4578779599271403 0.7484631147540984 0.45958561020036437 0.7459016393442623 0.46300091074681243 0.744478597449909 0.46527777777777785 0.7433401639344264 0.4672700364298726 0.7430555555555556 0.46897768670309664 0.7433401639344264 0.4709699453551913
0 0.3594961240310077 0.7349806201550387 0.3525516795865633 0.7290051679586563 0.3541666666666667 0.7236757105943152 0.35771963824289404 0.7215762273901808 0.3633720930232558 0.7291666666666666 0.3633720930232558 0.7319121447028424
