1 0.5336210416666667 0.9599102083333333 0.5341636458333333 0.9662145833333333 0.5336155208333333 0.97665375 0.5312873958333334 0.9843969791666667 0.5273130208333333 0.9898002083333334 0.5213775 0.9917734374999999 0.5132867708333333 0.9908815625 0.4990614583333333 0.9784522916666667 0.485208125 0.9636929166666667 0.4807060416666667 0.9559485416666667 0.48070364583333336 0.9478580208333334 0.4841228125 0.9397576041666666 0.4887991666666667 0.9329163541666666 0.5039261458333333 0.9289542708333334 0.5105809375 0.9296686458333333 0.5194032291666667 0.9349005208333333 0.5275101041666667 0.9437095833333333 0.5309227083333333 0.9492967708333333
1 0.7045051041666667 0.320644375 0.6965514583333333 0.32603229166666664 0.6905488541666667 0.3291854166666666 0.6802078125000001 0.33068375 0.6725486458333333 0.33038895833333337 0.6632585416666666 0.3275403125 0.6580104166666667 0.3233357291666667 0.6552980208333333 0.3143390625 0.6551467708333334 0.30593604166666666 0.66429875 0.29483791666666664 0.6787019791666666 0.2898946875 0.6907043749999999 0.29109125 0.7002953125 0.29454145833333334 0.7075021874999999 0.30142895833333333 0.7106558333333334 0.31014135416666666 0.710048125 0.31343031250000003
1 0.40564072916666666 0.9310619791666667 0.39628697916666666 0.9460032291666667 0.38835968750000005 0.9517673958333333 0.37828458333333337 0.9548213541666667 0.36657395833333334 0.9557234375 0.3516430208333333 0.954463125 0.3397608333333333 0.9490609375 0.33724395833333337 0.9407842708333334 0.3370534375 0.9292679166666667 0.33939916666666664 0.9170270833333334 0.3417467708333334 0.9098204166666667 0.34534177083333334 0.9044176041666667 0.3521780208333333 0.8945226041666667 0.3633414583333333 0.88605875 0.377200625 0.8819176041666666 0.38205697916666664 0.8813805208333334 0.3942967708333333 0.8840755208333333 0.4043797916666667 0.8920065625 0.4081652083333333 0.8984895833333333 0.4115797916666667 0.9090968749999999 0.41176145833333333 0.9136021875
1 0.41428864583333336 0.5174959375 0.4045522916666667 0.5304485416666667 0.38836010416666666 0.5381908333333333 0.3754004166666667 0.5385607291666666 0.35866427083333335 0.5300939583333333 0.34984177083333334 0.522535 0.34478635416666664 0.5099320833333334 0.3440740625 0.496801875 0.3444247916666667 0.48994812499999996 0.35020510416666667 0.4775357291666667 0.3555952083333333 0.470336875 0.36135989583333333 0.4669155208333333 0.368555625 0.4658419791666667 0.38133364583333335 0.46619208333333334 0.3930265625 0.471055 0.401863125 0.4760989583333333 0.4065434375 0.4811314583333333 0.4099625 0.4858135416666666 0.41518677083333333 0.4957151041666667
1 0.6551671875 0.5052251041666667 0.6583194791666667 0.5140780208333333 0.65726375 0.5230798958333334 0.6533665625 0.5290830208333334 0.6446705208333333 0.5341691666666667 0.6334233333333333 0.5359777083333334 0.6152609375 0.5316335416666667 0.5995148958333334 0.5203783333333333 0.5891711458333333 0.504330625 0.5885671875 0.4929247916666667 0.5905119791666666 0.484375 0.5953226041666666 0.47821979166666667 0.6005710416666666 0.4752226041666667 0.6125624999999999 0.47266895833333333 0.6250167708333334 0.4758290625 0.6373218749999999 0.4813822916666667 0.6496206250000001 0.49292145833333334
1 0.29528499999999996 0.989299375 0.2935546875 0.9985889583333333 0.29201374999999996 1.0 0.24757552083333334 1.0 0.23955781250000002 0.99015625 0.23804489583333333 0.9715877083333333 0.24539291666666668 0.9577505208333333 0.2553253125 0.9491184374999999 0.26979166666666665 0.9508471875000001 0.27930343750000003 0.9588361458333333 0.28794041666666664 0.9687758333333334 0.2922648958333333 0.9759036458333333
1 0.5190820833333334 0.6974351041666667 0.5027495833333333 0.701579375 0.4871936458333333 0.7026041666666667 0.47604166666666664 0.7013127083333334 0.4649 0.6922446875 0.45738447916666664 0.6834322916666667 0.4542714583333333 0.67177 0.455308125 0.6621848958333333 0.46438250000000003 0.6536332291666667 0.47423875 0.6492203125 0.49030708333333334 0.6492244791666667 0.5066280208333334 0.6533734375000001 0.5229673958333333 0.6645157291666667 0.5273647916666666 0.6725476041666667 0.5286621874999999 0.6826546874999999 0.5278883333333334 0.6893948958333334
1 0.6884555208333333 0.4078740625 0.6741955208333333 0.4115373958333333 0.6592048958333333 0.41169083333333334 0.6452597916666666 0.4061383333333334 0.6417984375 0.40253729166666663 0.6360857291666666 0.3936921875 0.6366948958333333 0.3834839583333334 0.6455607291666666 0.37179927083333336 0.6548370833333333 0.36624375 0.6741962499999999 0.3632430208333333 0.68243875 0.36324677083333334 0.6961036458333333 0.36714625 0.7030088541666667 0.374036875 0.7051104166666666 0.38065072916666665 0.705863125 0.387695625 0.7049571875 0.3936978125 0.702099375 0.3980371875 0.6957988541666666 0.40329041666666665
1 0.6711198958333333 0.6001036458333334 0.6635692708333334 0.6144946875 0.65474125 0.6216942708333334 0.6441242708333333 0.6263836458333334 0.6369191666666667 0.6285339583333334 0.6293557291666667 0.6287187500000001 0.6228806250000001 0.6276355208333333 0.6153318750000001 0.6242159375 0.6120884375000001 0.6199022916666667 0.6113577083333334 0.6117986458333333 0.615325 0.6008154166666666 0.6277431250000001 0.5828201041666666 0.6450269791666667 0.5729135416666666 0.6547417708333333 0.5702153125 0.6579812500000001 0.5702169791666667 0.6653611458333334 0.5721930208333333 0.6696814583333333 0.5772305208333334 0.6720297916666667 0.5840770833333334
1 0.8664585416666667 0.9753204166666667 0.86643125 0.9867717708333333 0.8639088541666666 0.9959484375 0.8607932291666667 1.0 0.8261180208333333 1.0 0.82249 0.9952285416666666 0.8214349999999999 0.9804729166666667 0.8243101041666667 0.9682157291666668 0.8359951041666667 0.9525578125 0.8435715625 0.9504072916666666 0.8489583333333334 0.9504151041666666 0.8547116666666666 0.9538328125 0.8584915624999999 0.9574330208333334 0.8606670833333333 0.9603119791666667
1 0.788653125 0.36443854166666667 0.7865561458333333 0.37989520833333335 0.7813031250000001 0.38543041666666666 0.7708076041666666 0.38767979166666666 0.7573068749999999 0.3861848958333333 0.7485983333333334 0.3779296875 0.7433531250000001 0.3675879166666667 0.7401982291666667 0.35618406249999995 0.7393030208333333 0.34509072916666667 0.7415586458333333 0.33473447916666665 0.7474055208333333 0.32723572916666666 0.7543101041666667 0.3242348958333333 0.7633069791666667 0.32348916666666666 0.7703483333333333 0.3249871875 0.7777001041666666 0.32993302083333337 0.7826508333333333 0.3369863541666666 0.7873027083333334 0.347334375 0.7881986458333333 0.35542822916666666
1 0.7115363541666666 0.13057010416666667 0.7097344791666667 0.1382828125 0.7064911458333333 0.14242927083333334 0.7028935416666666 0.14496354166666667 0.6931721875 0.14639625 0.6848958333333334 0.14568187500000002 0.6704901041666667 0.13937125 0.6625808333333333 0.13415552083333332 0.6560985416666667 0.12588802083333334 0.6533876041666667 0.11776239583333334 0.6528447916666666 0.10735395833333333 0.6546554166666667 0.09921895833333334 0.6589784375 0.09438822916666667 0.6679761458333334 0.09293864583333335 0.6798510416666667 0.0929390625 0.6929964583333333 0.1001459375 0.7028913541666667 0.10912885416666666 0.7070339583333334 0.11507052083333333 0.7104567708333334 0.12210625
1 0.61198875 0.19375 0.6096466666666667 0.19822197916666667 0.6038884375 0.20885208333333333 0.598849375 0.21478395833333333 0.5902095833333333 0.21820260416666667 0.5767171875 0.21965447916666667 0.5657297916666667 0.21658614583333333 0.5597921874999999 0.21280458333333332 0.5558428125 0.20578854166666666 0.5540314583333333 0.19643604166666667 0.5538474999999999 0.18689385416666668 0.5621284375 0.16870104166666666 0.5695115625 0.1597040625 0.5792322916666667 0.15413208333333334 0.5876939583333333 0.15269541666666667 0.5979510416666667 0.15394958333333333 0.6035338541666667 0.15791385416666665 0.6082182291666667 0.16420739583333335 0.6105555208333333 0.175 0.6116341666666667 0.18382572916666667
1 0.8459919791666667 0.1132828125 0.8418522916666666 0.12354333333333334 0.8359128125 0.1266046875 0.8260171875 0.12805177083333333 0.8139532291666666 0.127500625 0.8067547916666666 0.11994385416666667 0.8036936458333332 0.10842666666666667 0.802253125 0.09402520833333333 0.8031540625000001 0.08124260416666668 0.8060398958333334 0.0718946875 0.8123400000000001 0.06594041666666667 0.8234971875 0.063420625 0.8319567708333333 0.06342031249999999 0.837345625 0.0664840625 0.8411308333333333 0.07080312500000001 0.8465321874999999 0.08233072916666666 0.8486880208333333 0.0929415625 0.8486936458333333 0.104111875
1 0.17582135416666667 0.08638802083333334 0.16847197916666667 0.09200114583333334 0.15810635416666668 0.09266635416666666 0.14104229166666665 0.08769239583333334 0.131315625 0.08099135416666667 0.12613958333333333 0.0727846875 0.12505572916666666 0.06089802083333333 0.12570656249999998 0.05486385416666666 0.13154020833333332 0.0468659375 0.13931572916666665 0.04190427083333333 0.1511882291666667 0.040172708333333335 0.16286447916666666 0.04189958333333333 0.17322749999999998 0.051180416666666666 0.17863458333333335 0.059387916666666665 0.18034520833333334 0.06889895833333333
1 0.10377885416666667 0.22824312500000002 0.09989489583333334 0.2431415625 0.09557510416666666 0.249840625 0.0869334375 0.2535176041666667 0.07463718750000001 0.25502614583333333 0.0644759375 0.25416322916666667 0.048053437500000004 0.25027583333333336 0.039414791666666664 0.24530916666666666 0.030557916666666667 0.23536489583333334 0.027750416666666666 0.22456447916666666 0.029266354166666668 0.20923729166666666 0.03727875 0.2010290625 0.053673020833333335 0.19367760416666666 0.0638209375 0.19368052083333334 0.07786135416666666 0.19864666666666667 0.09298458333333333 0.20750062500000002 0.09838447916666666 0.2146275 0.10097104166666666 0.21960197916666668
1 0.0772325 0.14918052083333333 0.07290635416666666 0.16473208333333333 0.06729281250000001 0.17079125 0.05715625 0.17424635416666667 0.04225 0.17121489583333332 0.027983854166666666 0.16366208333333335 0.019770833333333335 0.1558815625 0.014379791666666667 0.14767468749999998 0.013511145833333333 0.13535979166666667 0.019570104166666664 0.12239749999999999 0.033385520833333335 0.113105 0.04872135416666667 0.11181677083333333 0.058878125 0.11483364583333334 0.07139583333333334 0.12282541666666667
1 0.9532763541666667 0.17477541666666668 0.9514896875000001 0.1826921875 0.943375 0.1904365625 0.9309707291666667 0.19223072916666667 0.9156541666666667 0.1922340625 0.9090151041666666 0.18538979166666666 0.8976727083333333 0.16361354166666667 0.8949786458333333 0.15282197916666668 0.8967717708333333 0.13967552083333334 0.9038019791666667 0.12834270833333333 0.9093685416666666 0.12437260416666666 0.9160191666666667 0.12131677083333334 0.9264754166666667 0.12310770833333334 0.9313298958333333 0.12490635416666666 0.9381752083333333 0.13013375 0.9439317708333334 0.135891875 0.9494946875 0.14381916666666666 0.9539992708333334 0.15677114583333335 0.9549139583333334 0.164865625
1 0.46979166666666666 0.31469125 0.4667335416666667 0.32404666666666665 0.4586270833333333 0.33304239583333334 0.44638927083333335 0.33952374999999996 0.4334276041666667 0.34348510416666667 0.4255113541666667 0.34222197916666663 0.42317156250000004 0.3303508333333333 0.42389458333333335 0.31469552083333335 0.4307301041666667 0.29920468749999996 0.43632145833333336 0.29002916666666667 0.4424325 0.28372375 0.4532295833333333 0.2785095833333333 0.4586252083333333 0.2772475 0.4642163541666667 0.27940770833333334 0.4679933333333333 0.2819334375 0.4723175 0.2900246875 0.473574375 0.2988504166666667 0.473581875 0.3047827083333334
1 0.45090020833333333 0.7552321875000001 0.4532379166666667 0.7658553124999999 0.452723125 0.7749297916666666 0.4462423958333333 0.7814073958333334 0.43379520833333335 0.7904859375 0.4197916666666667 0.7881544791666666 0.40269125 0.7785525 0.3894734375 0.7671469791666666 0.38662239583333335 0.7539328125 0.38662052083333337 0.7425266666666667 0.3910238541666667 0.7339726041666667 0.39776770833333336 0.7272352083333333 0.4140994791666667 0.7223197916666667 0.41850916666666665 0.7223204166666667 0.43120125 0.7287993749999999 0.44313437499999997 0.7386427083333333
1 0.9704611458333333 0.5475561458333333 0.9639822916666667 0.5605158333333333 0.9520977083333333 0.5653658333333333 0.9344591666666666 0.5646514583333333 0.9250953125 0.5560191666666667 0.9182686458333333 0.5385614583333334 0.9170093749999999 0.5245147916666667 0.9193448958333333 0.5133525 0.9263588541666666 0.5066955208333334 0.9351785416666666 0.502011875 0.9504816666666667 0.5020165625 0.9575096875 0.5041666666666667 0.9639816666666667 0.5115564583333333 0.9677623958333333 0.5196464583333333 0.9724463541666667 0.5346034375
1 0.80364625 0.509275 0.8008205208333333 0.5155821875000001 0.7955672916666666 0.524720625 0.784763125 0.5329697916666667 0.7774166666666668 0.5368772916666666 0.763615625 0.5394260416666667 0.7511675 0.5383830208333333 0.742168125 0.5343303125 0.7354166666666667 0.5286271875 0.731369375 0.51947625 0.730318125 0.5083798958333333 0.7321226041666667 0.4974239583333333 0.7396217708333332 0.48092166666666664 0.7441218749999999 0.4731255208333333 0.7549222916666667 0.4663816666666667 0.76301375 0.46382677083333335 0.7745683333333333 0.46382541666666666 0.7853739583333332 0.46382520833333335 0.7906148958333333 0.465625 0.7958734375 0.46862624999999997 0.7991679166666666 0.4731302083333333 0.80186625 0.4782269791666666 0.8042657291666667 0.4887255208333333 0.8045709375 0.49666802083333333
1 1.0 0.10825697916666667 0.9862329166666667 0.096688125 0.9768970833333334 0.08673895833333334 0.9734823958333333 0.07802614583333334 0.9734823958333333 0.06869770833333333 0.98125 0.0609184375 1.0 0.059270312500000005
1 0.5547571875 0.36852479166666663 0.5479114583333333 0.38328489583333336 0.5394506250000001 0.3910035416666667 0.53045375 0.394783125 0.51875 0.3960519791666667 0.5079569791666666 0.39676947916666666 0.498053125 0.39370760416666667 0.49264885416666665 0.38578833333333334 0.491580625 0.371404375 0.4942795833333333 0.35914833333333335 0.5052502083333333 0.3463865625 0.5178491666666667 0.3382625 0.5333333333333333 0.3344816666666667 0.5437713541666667 0.3344819791666667 0.5488183333333333 0.33737239583333334 0.5545730208333333 0.34241125 0.5583438541666667 0.3501647916666667 0.5590798958333333 0.3571709375
1 0.5326073958333333 0.089159375 0.5245161458333334 0.10445739583333333 0.5164072916666667 0.11326833333333333 0.5065172916666667 0.12010989583333333 0.4968007291666667 0.121546875 0.4867126041666667 0.12011208333333333 0.47843458333333333 0.1129096875 0.4751959375 0.10356947916666666 0.47447385416666665 0.08968958333333334 0.4757353125 0.07907229166666667 0.48383333333333334 0.06360552083333333 0.49138729166666667 0.055328229166666666 0.5005823958333333 0.04865625 0.5092102083333333 0.048284479166666665 0.5174919791666667 0.05029145833333334 0.5254097916666667 0.05496395833333333 0.5306253125 0.06090375 0.5338688541666666 0.07061135416666667 0.5347738541666666 0.07548041666666667
1 0.1798384375 0.9372303125 0.16795760416666666 0.9540835416666666 0.158015 0.9618572916666667 0.1437628125 0.9653127083333334 0.12885489583333334 0.9648951041666667 0.11870208333333333 0.9575519791666667 0.11330625 0.9469669791666667 0.11265968750000001 0.9370251041666666 0.11718989583333334 0.9197471875000001 0.12432770833333334 0.9098121875 0.13425770833333334 0.901375625 0.1448378125 0.8994385416666667 0.15543093749999998 0.8990033333333333 0.16255822916666668 0.9007369791666666 0.17270229166666665 0.9037502083333333 0.17918979166666665 0.9121823958333334 0.18393760416666666 0.9212585416666667
1 0.24447375 0.40375374999999997 0.2457778125 0.414635625 0.24551302083333332 0.426830625 0.23930020833333332 0.437975 0.22789541666666666 0.4423801041666667 0.20948770833333336 0.43771625000000003 0.19808302083333332 0.42863552083333334 0.19134322916666668 0.4146458333333333 0.19082614583333332 0.4027209375 0.19108322916666667 0.39105791666666667 0.19990416666666666 0.38172666666666666 0.207668125 0.37810020833333335 0.21881572916666667 0.37965072916666665 0.22969874999999998 0.3835410416666667
1 0.2294984375 0.26128708333333334 0.22625520833333335 0.2666928125 0.21740177083333334 0.26884427083333334 0.20553531249999998 0.26690177083333333 0.1904015625 0.2567567708333333 0.17937875 0.24508510416666668 0.17527520833333332 0.23731958333333333 0.1739875 0.2301846875 0.1739873958333333 0.2217696875 0.18068708333333333 0.21246916666666668 0.19299625 0.20772385416666667 0.20141333333333333 0.2072846875 0.21005239583333332 0.20923375 0.2236578125 0.21959427083333333 0.2314453125 0.2351470833333333 0.23445947916666665 0.244446875 0.234680625 0.25286572916666666
1 1.0 0.38318458333333333 0.9931552083333333 0.3850469791666667 0.9786 0.38219770833333333 0.9688438541666666 0.3775485416666667 0.9635952083333332 0.3709409375 0.9613280208333334 0.36329385416666665 0.9611913541666667 0.355195625 0.9643444791666667 0.346193125 0.9684 0.3415515625 0.9734860416666666 0.33884906249999996 0.9851920833333333 0.33615385416666665 0.9979417708333334 0.33615385416666665 1.0 0.3366340625
1 0.8967717708333333 0.7651101041666667 0.894394375 0.7734515625 0.8846417708333333 0.7854545833333333 0.8793891666666667 0.7884578125 0.8648390625 0.7881576041666667 0.8489332291666667 0.7821611458333333 0.8373857291666666 0.7650622916666666 0.834531875 0.75695125 0.8339291666666667 0.7472034375 0.8369313541666668 0.73805625 0.8445888541666666 0.7314526041666666 0.8568918750000001 0.7235023958333334 0.8690394791666667 0.7236657291666667 0.8748897916666666 0.7254508333333334 0.8856822916666667 0.7311641666666666 0.8948345833333333 0.7403083333333333 0.8978410416666667 0.7469086458333333 0.8982813541666667 0.7505077083333334
1 0.08714322916666667 0.37913416666666666 0.081960625 0.4037553125 0.07365677083333333 0.4156811458333333 0.06666666666666667 0.4193067708333333 0.057336874999999995 0.42189697916666663 0.04619572916666667 0.4211241666666667 0.038153125 0.4143833333333333 0.03478916666666666 0.39909041666666667 0.034270312500000004 0.38613072916666663 0.034270416666666664 0.37757572916666665 0.036863958333333335 0.36928802083333334 0.04307552083333333 0.3625496875 0.053963125 0.3570946875 0.0690034375 0.35555052083333333 0.07677697916666666 0.356838125 0.08196802083333334 0.363315
1 0.9098091666666667 0.9613945833333334 0.8851403125 0.9529347916666667 0.872360625 0.94375 0.8682290625 0.9334903125 0.8680469791666667 0.9214291666666666 0.8732620833333333 0.9118909375 0.87776875 0.906848125 0.8845939583333333 0.9043279166666667 0.8925249999999999 0.9054078125 0.9015241666666667 0.9073877083333334 0.9112453125 0.9117153125 0.91952375 0.922511875 0.9249257291666667 0.9342139583333334 0.926725625 0.9430346875000001 0.926364375 0.9513055208333333 0.921326875 0.9594139583333334 0.9148470833333333 0.9626479166666667
1 0.9998046875 0.8506882291666666 0.9882883333333333 0.8519515625 0.9773118749999999 0.8508738541666666 0.9666864583333333 0.8449371874999999 0.9578602083333333 0.840256875 0.9513771875 0.8314372916666667 0.9503034375 0.8236948958333333 0.951198125 0.8146972916666667 0.9567876041666667 0.806774375 0.9701017708333333 0.7990376041666667 0.9809416666666666 0.79937875 0.9935466666666667 0.8030260416666667 1.0 0.8083260416666668 1.0 0.8498717708333333
1 0.8183603125 0.6207927083333333 0.8097211458333333 0.6249295833333334 0.7983838541666667 0.6267378125 0.7888522916666666 0.6279896875 0.7791228125 0.6247517708333333 0.7715640625 0.619168125 0.7677819791666667 0.6087304166666667 0.7681393750000001 0.5986522916666667 0.7722835416666667 0.5905529166666666 0.784525625 0.5808346875 0.7971159375 0.5770520833333334 0.8109834374999999 0.5770539583333334 0.8194403124999999 0.579936875 0.8241227083333332 0.5842560416666667 0.8275423958333333 0.58965 0.8302495833333333 0.5975741666666666 0.83079 0.6020795833333333 0.83078875 0.6072916666666667 0.8286213541666666 0.6117933333333333
1 0.7532946875000001 0.05945875 0.738536875 0.06268885416666667 0.7268352083333334 0.06269604166666667 0.7117181250000001 0.0583925 0.6956897916666667 0.0484815625 0.6856097916666666 0.03676197916666667 0.6818358333333333 0.026868333333333334 0.6827313541666666 0.01517625 0.6926334375 0.0011279166666666666 0.70275 0.0 0.7466088541666667 0.0 0.7586905208333333 0.005626979166666667 0.7660756249999999 0.013188958333333334 0.7718402083333333 0.023457083333333333 0.7727328124999999 0.03480229166666667 0.7711094791666666 0.04164770833333333 0.7667969791666667 0.05008614583333334
0 0.6826147642679902 0.3895006203473945 0.6715002067824649 0.3931193134822167 0.6668476013234078 0.3941532258064516 0.6619365177832921 0.3941532258064516 0.6575423904052936 0.39337779156327546 0.6526313068651779 0.3923438792390405 0.6510804383788255 0.39079301075268813 0.6526313068651779 0.3889836641852771 0.657283912324235 0.3863988833746898 0.6632289081885857 0.3851064929693962 0.6689154259718777 0.3851064929693962 0.6756358560794045 0.38407258064516125 0.678996071133168 0.38278019023986765 0.6820978081058726 0.3825217121588089 0.6870088916459884 0.38303866832092637 0.6883012820512822 0.38458953680727875 0.6877843258891647 0.387174317617866
0 0.6325301204819277 0.5145582329317269 0.6208165997322623 0.5061914323962516 0.6170515394912984 0.5032630522088353 0.6145414993306559 0.5011713520749664 0.6120314591700133 0.49740629183400265 0.6103580990629183 0.49447791164658633 0.6091030789825971 0.4902945113788487 0.610776439089692 0.48862115127175365 0.6132864792503346 0.48862115127175365 0.6166331994645248 0.4898761713520749 0.6203982597054886 0.4923862115127175 0.6258366800535474 0.4965696117804551 0.6296017402945113 0.4994979919678714 0.6312751004016063 0.502008032128514 0.6346218206157965 0.5074464524765729 0.637131860776439 0.510793172690763 0.6383868808567603 0.5137215528781793 0.6383868808567603 0.5153949129852744 0.6383868808567603 0.5170682730923695
0 0.13593829033889732 0.9482486090035407 0.13830930703085484 0.9352870510875063 0.1474772382397572 0.9232738998482549 0.15727744056651494 0.9163189175518462 0.16470662620131513 0.9161608497723824 0.16375821952453212 0.9182157309054123 0.15032245827010624 0.9368677288821448 0.13894157814871017 0.9484066767830046
0 0.9075240656851642 0.9422069648924122 0.8895927708569271 0.9330053793884484 0.8840482257455643 0.925219422423556 0.8862896375990938 0.9232139486598716 0.8937216874292185 0.926163174782937 0.9032771800679501 0.9338311627029067 0.9081139109097772 0.9393757078142695
0 0.7819791666666667 0.6036458333333333 0.7865625 0.5980208333333333 0.7971874999999999 0.5941666666666666 0.8075 0.5942708333333333 0.8114583333333333 0.5963541666666666 0.809375 0.6016666666666667 0.7967708333333333 0.6044791666666666 0.7891666666666667 0.606875 0.7840625 0.6052083333333333
0 0.3688373804267844 0.4980684326710817 0.369527225901398 0.5019775570272259 0.37182671081677704 0.506116629874908 0.3738962472406181 0.5107155997056659 0.37619573215599705 0.5146247240618101 0.37757542310522446 0.517154157468727 0.38056475349521707 0.5192236938925681 0.3888428991905813 0.5199135393671817 0.39045253863134655 0.5155445180279618 0.3911423841059602 0.510485651214128 0.39068248712288445 0.5070364238410596 0.387233259749816 0.5005978660779985 0.3840139808682855 0.4955389992641648 0.3821743929359823 0.49162987490802057 0.37987490802060336 0.4893303899926416 0.3738962472406181 0.48703090507726265 0.37113686534216334 0.48726085356880056 0.369527225901398 0.49116997792494477 0.3688373804267844 0.49484915378955113
