1 0.5813832291666666 0.2857635416666667 0.5833239583333333 0.26956062500000005 0.5863324999999999 0.26221041666666667 0.5891791666666666 0.25831010416666667 0.5993828125 0.2544134375 0.6094286458333333 0.2524677083333333 0.6182915625 0.253061875 0.6242831249999999 0.25515822916666664 0.6343274999999999 0.2715159375 0.6377909375 0.28695906250000003 0.6386813541666666 0.30331104166666667 0.6347905208333333 0.318463125 0.6250413541666667 0.3277675 0.6122912500000001 0.33241197916666665 0.6035778125 0.331805625 0.5968269791666666 0.32896739583333334 0.5900832291666667 0.32130687500000005 0.5846818749999999 0.31276041666666665 0.5818239583333333 0.3067684375
1 0.5798771875 0.5375782291666666 0.5582814583333333 0.5390210416666666 0.5368605208333334 0.5359685416666667 0.528941875 0.5312825 0.5244391666666667 0.5233563541666667 0.5258817708333333 0.5132871875 0.5303836458333333 0.505550625 0.5399228125000001 0.4997878125 0.5498145833333333 0.4970789583333334 0.5615292708333333 0.4970815625 0.5717834375 0.4997871875 0.5800594791666666 0.5055488541666667 0.5852876041666666 0.5136433333333333 0.5881616666666667 0.5231813541666667 0.5885259375 0.5296573958333333 0.5876153125 0.5339857291666666
1 0.2807292708333333 0.6268288541666667 0.2873425 0.61753375 0.2999353125 0.6077879166666666 0.3134330208333333 0.60132375 0.32123572916666665 0.601630625 0.329183125 0.6055341666666667 0.33818343749999996 0.6154282291666667 0.33968135416666667 0.6200773958333333 0.33968427083333336 0.6310354166666666 0.33413635416666665 0.6443829166666667 0.318685 0.66508 0.30623802083333335 0.6739326041666666 0.29843270833333335 0.6748254166666666 0.29168697916666664 0.6740819791666667 0.2856858333333333 0.6713842708333334 0.27998656250000004 0.6670338541666666 0.2762296875 0.6611826041666667 0.27459249999999996 0.6545829166666667 0.27413604166666666 0.6481326041666667 0.2744329166666667 0.640625
1 0.37239645833333335 0.6497817708333333 0.37465125000000005 0.645288125 0.3818508333333333 0.6401839583333333 0.39040583333333334 0.6365794791666667 0.399701875 0.6362857291666667 0.4066028125 0.6404815625 0.4117045833333333 0.6485822916666667 0.4130433333333333 0.6550416666666667 0.4128971875 0.6617827083333334 0.41034020833333334 0.6664315625 0.4017998958333333 0.6722821875 0.38890083333333336 0.6755757291666666 0.38229166666666664 0.6755833333333333 0.3762972916666667 0.6733279166666667 0.3721023958333333 0.6701842708333333 0.3693961458333333 0.6671858333333333 0.3683470833333333 0.6617895833333333 0.36835364583333335 0.6581792708333333
1 0.5935620833333334 0.16612979166666667 0.5827632291666667 0.17927406250000003 0.5728551041666667 0.18359802083333332 0.56385875 0.18449302083333335 0.5534256249999999 0.18286927083333332 0.5494596875000001 0.17927166666666666 0.5386352083333333 0.1631826041666667 0.5375452083333333 0.14806145833333334 0.5405641666666666 0.13185447916666665 0.5459710416666667 0.12257552083333333 0.5546062500000001 0.1143703125 0.5684344791666667 0.106370625 0.5757734375 0.10550999999999999 0.5846333333333333 0.10636802083333333 0.5919728125 0.10983333333333332 0.5947886458333334 0.11328395833333334 0.5984483333333334 0.12257781250000001 0.5997595833333332 0.137043125 0.5999754166666666 0.14978458333333336
1 0.49135125 0.6305513541666666 0.4950954166666667 0.6222929166666666 0.50485 0.6125458333333333 0.513850625 0.6083007291666667 0.5223509375000001 0.6066754166666667 0.5305979166666667 0.6074189583333334 0.5378454166666666 0.6107957291666666 0.5438520833333332 0.6210460416666667 0.5463539583333333 0.6342965625 0.5449770833333333 0.6480453125000001 0.5407271875 0.6586696875 0.5301005208333334 0.6724252083333333 0.5109727083333333 0.6805479166666667 0.5000954166666667 0.6824195833333333 0.49222427083333337 0.6769241666666667 0.4882261458333333 0.6664177083333332 0.48747875 0.6576696875 0.48747 0.6474186458333333 0.4873503125 0.6429169791666667
1 0.9168659375 0.9225690624999999 0.9003728125 0.9257275 0.8865655208333333 0.9258742708333333 0.875473125 0.9222782291666667 0.8655720833333334 0.9144763541666666 0.86497625 0.9009760416666667 0.8717213541666666 0.8898696875 0.8822265625 0.8828226041666666 0.8948210416666667 0.879375 0.90831625 0.8793660416666668 0.9212277083333333 0.8831190625 0.9296239583333333 0.8888165625000001 0.933228125 0.8957192708333334 0.9338185416666666 0.906368125 0.9293168749999999 0.9161213541666666 0.9209198958333332 0.9219791666666667
1 0.5701582291666667 1.0 0.5704044791666667 0.9912114583333334 0.5777579166666666 0.9724648958333333 0.5822508333333333 0.9634591666666666 0.5877944791666666 0.9589590625 0.59275125 0.9561121875 0.6034036458333334 0.9546052083333334 0.61210375 0.9547630208333333 0.619301875 0.9591095833333333 0.625896875 0.9655577083333333 0.6317516666666666 0.9816048958333333 0.634576875 1.0
1 0.06739374999999999 0.6441841666666667 0.05194385416666667 0.6468908333333334 0.03708395833333333 0.6422304166666667 0.03139572916666667 0.6357851041666667 0.030188645833333336 0.6236357291666667 0.039641666666666665 0.6095316666666667 0.0504475 0.6012815625000001 0.0603421875 0.5982905208333332 0.0786428125 0.5975361458333333 0.08433791666666667 0.6024866666666667 0.08914489583333333 0.6146385416666666 0.09033510416666667 0.6228957291666667 0.08794729166666666 0.6290415625 0.08194354166666667 0.6347353125
1 0.42944614583333335 0.21847875 0.4223179166666667 0.22603864583333333 0.41000281250000004 0.23381749999999998 0.4009373958333333 0.23662031249999999 0.39121385416666665 0.23684114583333335 0.38278406249999997 0.23229166666666667 0.37867875 0.22754979166666667 0.37631010416666666 0.21740020833333332 0.38063156249999996 0.20336343750000002 0.395740625 0.19082531249999998 0.4061207291666667 0.18802385416666667 0.41842854166666665 0.18803010416666668 0.42577489583333333 0.18953937499999998 0.43268 0.19299104166666667 0.4346267708333333 0.19903229166666667 0.43527270833333337 0.20573666666666668 0.43527499999999997 0.21112604166666668
1 0.9569826041666667 0.5077047916666666 0.950318125 0.49257333333333336 0.9470784375 0.4799840625 0.9467253125 0.46828375 0.954638125 0.45118614583333333 0.9597069791666667 0.4466861458333333 0.9686803125 0.4447034375 0.9762404166666666 0.44524989583333335 0.9845260416666667 0.45064489583333334 0.9928177083333334 0.4645086458333333 0.9983804166666667 0.477641875 1.0 0.4866225 1.0 0.49781677083333337 0.9971158333333333 0.5118380208333334 0.9915491666666667 0.5206605208333334 0.9830796875 0.5249796875 0.9735416666666666 0.5244455208333333 0.9683165625 0.5235509375 0.9614892708333334 0.5186770833333333
1 0.363773125 0.15324010416666667 0.362268125 0.15692697916666667 0.3536266666666667 0.15669906249999999 0.3354798958333333 0.15173072916666666 0.3240313541666667 0.14180104166666666 0.3160501041666667 0.129704375 0.3149666666666667 0.11890489583333334 0.31841833333333336 0.1100515625 0.3251203125 0.10486166666666666 0.3369932291666667 0.10269989583333333 0.3478002083333333 0.1061578125 0.356873125 0.1171678125 0.3616211458333333 0.12840302083333335 0.3637840625 0.13984697916666666 0.36464385416666667 0.14461125
1 0.2021296875 0.190521875 0.19332052083333334 0.1932228125 0.18504114583333334 0.19376864583333334 0.17154072916666668 0.18980864583333332 0.16505479166666664 0.18800604166666668 0.15857468749999998 0.1835 0.14723270833333332 0.17162104166666667 0.14363093750000003 0.15992166666666666 0.14561010416666667 0.15002916666666666 0.15156010416666668 0.14317968749999999 0.158218125 0.13939749999999998 0.16793666666666668 0.13867802083333333 0.18107479166666665 0.1394028125 0.19007416666666668 0.1433634375 0.19690645833333334 0.14930270833333334 0.2032171875 0.16100354166666667 0.20627614583333334 0.1694590625 0.20753947916666665 0.177563125
1 0.8237451041666667 0.0 0.8228032291666667 0.0053053125 0.8220866666666667 0.016464270833333332 0.8251541666666667 0.031768125 0.8316341666666667 0.04094572916666666 0.8350452083333334 0.043095625 0.8417088541666666 0.04345916666666667 0.847285 0.04094458333333333 0.8553909375 0.03409875 0.8624096875 0.023664375 0.8670835416666667 0.014848229166666668 0.8696127083333334 0.0078325 0.8702371875 0.0
1 0.3939097916666666 0.442038125 0.39165645833333335 0.46212854166666667 0.383714375 0.4787871875 0.37741114583333335 0.4852358333333333 0.3702107291666667 0.48703968750000004 0.3616595833333333 0.48612625 0.3559611458333333 0.4814860416666667 0.35221447916666665 0.4745802083333333 0.3487623958333333 0.4651273958333333 0.34711333333333333 0.457325 0.34651885416666667 0.44848041666666666 0.34696083333333333 0.44053468749999997 0.34876541666666666 0.432731875 0.3514666666666667 0.42403708333333334 0.3541592708333334 0.4186282291666667 0.35535625 0.41712947916666665 0.360165625 0.4103811458333333 0.3667671875 0.4049869791666667 0.3711117708333333 0.4033295833333333 0.378165625 0.40453312500000005 0.38416218750000003 0.40857322916666666 0.387606875 0.4133833333333333 0.39135427083333335 0.42253552083333334 0.393165625 0.43348145833333335
1 0.2668182291666667 0.7302771875 0.2476221875 0.7391164583333333 0.22721052083333332 0.7442189583333333 0.2152175 0.74378875 0.20771062499999998 0.7410876041666667 0.20156958333333333 0.7328375 0.20112479166666666 0.7239810416666667 0.20576333333333335 0.7148133333333334 0.21296510416666664 0.7076201041666667 0.23156802083333333 0.698475625 0.25211479166666667 0.695340625 0.2617159375 0.6953341666666667 0.2716147916666667 0.6984736458333334 0.2759613541666667 0.7050644791666667 0.27762031249999997 0.7148164583333333 0.27762031249999997 0.7211237500000001
1 0.7287533333333334 0.3746916666666667 0.7254079166666667 0.3642142708333333 0.7213578125000001 0.3489153125 0.7218072916666666 0.3379659375 0.7260196874999999 0.32865843749999996 0.7327685416666667 0.32326625 0.7401072916666667 0.3208567708333333 0.7494110416666667 0.32085541666666667 0.7590198958333333 0.32401708333333334 0.7687621875 0.333016875 0.777768125 0.34965729166666665 0.7813553125 0.3636121875 0.7806043749999999 0.3795177083333333 0.77310625 0.391966875 0.7621589583333334 0.39826666666666666 0.7492614583333334 0.3951058333333333 0.7374158333333334 0.38595906249999995
1 0.306711875 0.9540463541666667 0.2986114583333333 0.9643080208333333 0.29141552083333333 0.969893125 0.27377093750000003 0.974390625 0.2636911458333333 0.9743859374999999 0.25738958333333334 0.9706094791666667 0.2536044791666667 0.9644835416666666 0.2512783333333333 0.9536969791666666 0.2510997916666667 0.9450501041666667 0.2512788541666667 0.938385625 0.255778125 0.9302839583333333 0.26081750000000004 0.9230852083333333 0.26657458333333334 0.9173305208333333 0.27467447916666665 0.9122817708333333 0.28511312499999997 0.9095848958333334 0.2959102083333333 0.9095840625 0.302210625 0.9119286458333333 0.3061734375 0.9148108333333334 0.31049916666666666 0.9194848958333334 0.3128346875 0.9301053125000001
1 0.7245963541666666 0.4977964583333333 0.7165004166666668 0.5114833333333333 0.7087621875 0.5174227083333334 0.7008409375000001 0.5197707291666667 0.6927448958333334 0.522099375 0.6859037499999999 0.5177819791666667 0.6792470833333333 0.5030219791666667 0.6781641666666667 0.48466218749999995 0.678876875 0.4699005208333333 0.6833791666666666 0.4583817708333333 0.6877054166666666 0.45117739583333333 0.6932904166666667 0.4477660416666666 0.7024640625 0.44559604166666666 0.7116422916666667 0.4459651041666667 0.7168551041666666 0.4495560416666667 0.7224385416666668 0.45495979166666667 0.7251423958333334 0.4616191666666667 0.7265815624999999 0.4706208333333333 0.7282001041666667 0.4816013541666667
1 0.37133760416666667 0.33836239583333333 0.3555759375 0.34268708333333336 0.33310979166666665 0.34657187500000003 0.3166936458333333 0.3454846875 0.30568416666666665 0.3400872916666666 0.300059375 0.3314475 0.2996342708333334 0.32085458333333333 0.3017853125 0.31027968749999996 0.30978718749999995 0.3016434375 0.3285739583333333 0.29278979166666663 0.35103885416666664 0.2895508333333333 0.3702636458333333 0.2897542708333333 0.3860271875 0.2940753125 0.39402468749999997 0.30099354166666664 0.396178125 0.3076810416666667 0.3957428125 0.3167511458333333 0.38926854166666663 0.3292870833333333 0.38581937499999996 0.3325282291666667
1 0.5912260416666667 0.6769212499999999 0.6084739583333333 0.6819178125 0.6178477083333332 0.6919222916666666 0.6192188541666667 0.7005465625 0.6178462499999999 0.707669375 0.6113447916666667 0.7155436458333334 0.6025983333333333 0.7192922916666666 0.5960968750000001 0.721171875 0.5892233333333333 0.7206724999999999 0.5837197916666667 0.7183006249999999 0.5788512499999999 0.7164194791666667 0.5724773958333333 0.7120435416666666 0.56747125 0.7056669791666667 0.5650954166666666 0.6987928125 0.5662289583333333 0.6906673958333334 0.5692222916666666 0.6839267708333333 0.5753484375000001 0.6789228125 0.5832189583333334 0.6764240625000001
1 0.8052083333333333 0.32176593750000004 0.8010176041666667 0.3165192708333333 0.7984652083333333 0.30915916666666665 0.7984682291666666 0.3042158333333333 0.7998058333333333 0.2983573958333333 0.8058021875 0.2919159375 0.8197679166666667 0.2878570833333333 0.8280113541666666 0.28860833333333336 0.8364144791666667 0.29266479166666665 0.8431595833333334 0.298354375 0.8464632291666666 0.30721291666666667 0.8478120833333332 0.3216058333333333 0.84616625 0.3316585416666667 0.837765 0.3379685416666666 0.8298069791666667 0.3403635416666667 0.8230541666666666 0.34021833333333334 0.8134673958333334 0.3336109375
1 0.499595 0.9301580208333333 0.48955177083333334 0.9330126041666666 0.47304833333333335 0.9330175 0.4594035416666667 0.9315185416666666 0.45115197916666666 0.9291046875000001 0.4451478125 0.9217677083333334 0.44560249999999996 0.91081 0.45264812499999996 0.8992632291666667 0.45954875 0.8946090625 0.47109666666666666 0.8916047916666667 0.4850502083333333 0.8916065625 0.49614989583333335 0.8938559375 0.5065005208333333 0.8995539583333334 0.5117555208333333 0.9075140625 0.5125 0.9142686458333333 0.511155 0.9208634375
1 0.4727816666666667 0.5338089583333333 0.4603629166666667 0.5400954166666666 0.45190197916666663 0.5437061458333333 0.4396571875 0.5447839583333334 0.43498375 0.5393773958333333 0.43479812500000004 0.5321857291666666 0.4364192708333333 0.525529375 0.44290187499999994 0.5123777083333334 0.4518975 0.5077005208333333 0.4612605208333333 0.5060732291666666 0.4715288541666667 0.5080542708333333 0.47457520833333333 0.5120222916666667 0.4763825 0.5179679166666666 0.4765546875 0.5251564583333334
1 0.24605520833333333 0.28760197916666663 0.23526552083333332 0.2977535416666666 0.2216503125 0.3031477083333333 0.20394166666666666 0.30488333333333334 0.1948675 0.3046621875 0.18602020833333333 0.3013985416666667 0.1819148958333333 0.29492395833333335 0.18105177083333332 0.28673937499999996 0.1819103125 0.2776648958333333 0.18665822916666666 0.2683742708333333 0.19358124999999998 0.26255135416666664 0.20653458333333333 0.256271875 0.21754260416666668 0.2541247916666667 0.23267322916666666 0.25303729166666666 0.24432375 0.25605770833333336 0.2521083333333333 0.2627559375 0.25318979166666666 0.26599989583333333 0.2529715625 0.2711872916666667
1 1.0 0.07150229166666668 0.9936316666666667 0.0855884375 0.9776138541666667 0.09674270833333334 0.9605086458333333 0.09763875 0.9520427083333334 0.09259947916666667 0.9482706249999999 0.08378729166666667 0.9473675 0.07154395833333332 0.949711875 0.05948083333333333 0.9533107291666667 0.049944166666666664 0.959969375 0.0418525 0.9671752083333334 0.035546458333333336 0.9794077083333333 0.032657291666666664 0.9882322916666666 0.0326596875 0.9961492708333334 0.038785312499999995 1.0 0.04214895833333333
1 0.518414375 0.4177297916666667 0.51991 0.43618375 0.5166123958333333 0.44953510416666664 0.5080616666666666 0.45417729166666665 0.5001110416666666 0.45553614583333335 0.4911123958333333 0.4555371875 0.4830186458333333 0.4511809375 0.47626708333333334 0.4462365625 0.47010583333333333 0.4372346875 0.4668039583333333 0.4300340625 0.465770625 0.42178947916666665 0.46576270833333333 0.4129353125 0.4663586458333333 0.405736875 0.469361875 0.3977821875 0.4728116666666667 0.3925314583333333 0.4764111458333333 0.3904313541666667 0.4818034375 0.38998604166666667 0.4885536458333333 0.389984375 0.4957697916666667 0.391625625 0.5020539583333333 0.3952340625 0.5077673958333333 0.39987895833333337 0.513911875 0.4064833333333333
1 0.7315216666666667 0.12495572916666667 0.7362791666666666 0.113063125 0.7462183333333333 0.103125 0.7645728125000001 0.09082083333333334 0.7740803125000001 0.085846875 0.7842210416666667 0.08413416666666666 0.7924278124999999 0.08541666666666667 0.8045306249999999 0.09276604166666667 0.8120871875 0.10054208333333332 0.8157636458333334 0.10961395833333333 0.8153316666666667 0.1258190625 0.8086275 0.1398484375 0.7973987499999999 0.154108125 0.7822857291666666 0.17160687500000002 0.7686728125 0.17787270833333332 0.7580859375000001 0.17915760416666665 0.7410232291666666 0.17268666666666668 0.7345519791666667 0.16599072916666666 0.7304460416666667 0.1582175 0.7291403125 0.15 0.728715625 0.1463386458333333
1 0.6710486458333332 0.6178163541666667 0.6659520833333333 0.6219077083333333 0.6589438541666667 0.6240721874999999 0.6439901041666667 0.6217394791666667 0.627445625 0.6134566666666667 0.6202392708333334 0.6053517708333334 0.617363125 0.5981528125000001 0.6159175 0.5898701041666666 0.6150107291666667 0.5808728124999999 0.617354375 0.577271875 0.6231226041666668 0.5738442708333333 0.63121875 0.5718682291666667 0.6402138541666668 0.5718676041666666 0.6470598958333333 0.5722371875000001 0.6625326041666667 0.5801532291666667 0.6713578125 0.5889758333333333 0.6751420833333334 0.6003079166666667 0.6751455208333332 0.6073289583333333 0.6742304166666667 0.6125486458333333
1 0.25836885416666666 0.06727156249999999 0.25362270833333334 0.07807864583333333 0.24714197916666666 0.08175604166666667 0.23936604166666667 0.0804553125 0.23396666666666668 0.07721385416666667 0.22553364583333335 0.0662034375 0.22186958333333334 0.057129479166666663 0.221873125 0.04632885416666667 0.22229302083333333 0.03876947916666666 0.22553416666666667 0.03228458333333333 0.23136791666666667 0.026453333333333332 0.23698750000000002 0.023653958333333332 0.24864927083333335 0.0242928125 0.2551309375 0.025591354166666667 0.257941875 0.029473229166666667 0.25988375 0.0370371875 0.26054052083333334 0.04934677083333334
1 0.021853958333333333 0.369678125 0.025310833333333334 0.3601684375 0.030920104166666667 0.35369208333333335 0.037615625 0.3485005208333333 0.04583270833333333 0.3463271875 0.053394687499999996 0.3467892708333334 0.060949375 0.35067 0.06548020833333333 0.3556445833333333 0.06850770833333333 0.3642578125 0.0687259375 0.38026052083333334 0.06333177083333333 0.39602302083333335 0.048423958333333336 0.41048375 0.040434375 0.4122384375 0.033300416666666666 0.41177635416666664 0.0285440625 0.40769427083333337 0.02444197916666667 0.4001142708333333 0.0218540625 0.3917101041666667 0.019041979166666667 0.3828521875
1 0.9846912499999999 0.7308368749999999 0.9760416666666667 0.7188639583333334 0.9724626041666667 0.7066148958333333 0.9721028125 0.6979875 0.9737205208333334 0.6868173958333333 0.9778570833333333 0.6799844791666667 0.9832702083333333 0.675484375 0.9917266666666666 0.6742204166666668 0.9999870833333334 0.6783641666666667 1.0 0.6783940625 1.0 0.7433927083333334 0.9985566666666668 0.7435198958333333 0.9918960416666667 0.7404607291666667
1 0.24542927083333332 0.4300351041666667 0.2365815625 0.44293364583333333 0.224420625 0.4555354166666667 0.21408229166666667 0.4598835416666667 0.2055284375 0.4603302083333333 0.19757395833333333 0.45808208333333333 0.191424375 0.45282375 0.18722333333333332 0.4441276041666667 0.1870784375 0.4309321875 0.1891765625 0.41879083333333333 0.1974240625 0.40512822916666663 0.209280625 0.396875 0.22217375 0.3925327083333333 0.23297052083333333 0.39103645833333334 0.24182458333333334 0.3926840625 0.24646895833333332 0.3965829166666667 0.24917270833333335 0.4009326041666667 0.250523125 0.4073802083333333 0.2509646875 0.41129093749999995 0.2509651041666667 0.415625 0.2508296875 0.42088479166666665
1 0.4154958333333333 1.0 0.4140647916666667 0.9974820833333333 0.4134252083333333 0.987111875 0.41795656249999996 0.9767439583333334 0.42507416666666664 0.9698335416666667 0.434153125 0.9672454166666667 0.45985479166666665 0.9668033333333333 0.47239458333333334 0.9700461458333333 0.48102375 0.9737265625 0.48901229166666665 0.9786957291666667 0.49355864583333336 0.9840928125 0.49894958333333334 0.9953136458333333 0.4989528125 1.0
1 0.0726125 0.2906170833333333 0.05230395833333333 0.30184489583333335 0.034159999999999996 0.3052901041666667 0.018823541666666666 0.30163822916666666 0.014938020833333334 0.2942929166666667 0.016026458333333334 0.27874354166666665 0.022282604166666668 0.2685885416666667 0.033084895833333336 0.26102166666666665 0.04626947916666667 0.25562999999999997 0.06872333333333333 0.25454979166666664 0.07282416666666666 0.25627833333333333 0.0760675 0.26254520833333334 0.07757645833333333 0.27334114583333335 0.07714729166666667 0.2808815625
1 0.17673979166666667 0.6305395833333333 0.18289177083333333 0.6176377083333333 0.19504947916666668 0.604731875 0.2079453125 0.5994823958333334 0.21514166666666668 0.5985921875 0.22567375 0.6149960416666667 0.22717791666666667 0.6314269791666667 0.21898583333333335 0.6452384375 0.20018062499999997 0.6607920833333334 0.19046197916666668 0.6614366666666667 0.183545 0.6588628125 0.1790216666666667 0.6551803125000001 0.175761875 0.6519419791666666 0.1731859375 0.6454658333333333 0.1727534375 0.6402741666666666
1 0.49100802083333334 0.2606027083333333 0.47610281249999997 0.2739952083333333 0.4603316666666667 0.2804766666666667 0.4488775 0.280471875 0.44046729166666665 0.27569177083333335 0.4408903125 0.2694561458333334 0.4581733333333334 0.24915166666666666 0.4728578125 0.23921666666666666 0.4821491666666667 0.2377073958333333 0.48776729166666666 0.23770135416666666 0.49295374999999997 0.24094270833333334 0.495113125 0.2467790625 0.4959734375 0.250239375
1 0.8692698958333334 0.35986364583333336 0.8787155208333334 0.3496639583333333 0.8949115625 0.34110437499999996 0.9072179166666667 0.33841 0.9105145833333333 0.34035822916666664 0.9117092708333333 0.34501739583333335 0.9120130208333334 0.3561046875 0.9075198958333334 0.3699076041666667 0.8998558333333333 0.37785677083333336 0.8865159375 0.3885151041666666 0.8731570833333334 0.39346333333333333 0.8649148958333334 0.3942103125 0.86191 0.3930136458333333 0.8599636458333334 0.38896125000000004 0.8593560416666667 0.38521583333333337 0.8634078125 0.3673602083333333
1 0.9300277083333334 0.2673017708333333 0.9133908333333333 0.265783125 0.90476 0.2629726041666667 0.8950361458333334 0.25562583333333333 0.8885588541666666 0.25023260416666665 0.8850975 0.24460625 0.8835894791666666 0.2368404166666667 0.8829319791666667 0.225393125 0.8829334375 0.2189084375 0.8870394791666667 0.21437135416666667 0.8917923958333334 0.21307354166666667 0.9010732291666667 0.21307875 0.921381875 0.21675270833333335 0.9386629166666667 0.22473989583333334 0.9501133333333333 0.2409390625 0.9511896875 0.2491494791666667 0.9505501041666666 0.25735802083333337 0.9451408333333333 0.26188833333333333
1 0.6477434375000001 0.4794403125 0.6420084374999999 0.49402583333333333 0.6292068749999999 0.5019421875 0.6173211458333333 0.4988786458333333 0.6051020833333334 0.4853779166666667 0.5993148958333333 0.46774260416666663 0.5986034375 0.4569445833333334 0.6009626041666666 0.4475809375 0.6040126041666666 0.43983625 0.6085120833333334 0.43480208333333337 0.6146395833333334 0.43281625 0.6203827083333333 0.43281583333333334 0.6308144791666667 0.43461739583333336 0.6355155208333334 0.4375 0.6398182291666666 0.4420003125 0.644316875 0.45063729166666666 0.6471988541666666 0.4578420833333333 0.6481208333333334 0.4691803125
1 0.31560479166666666 0.07634541666666667 0.305030625 0.08023791666666667 0.28969406249999996 0.08045697916666666 0.2832132291666667 0.07613125 0.2780267708333334 0.06425479166666667 0.2778148958333333 0.050653437499999995 0.27846031250000003 0.03876625 0.28472875000000003 0.026452708333333335 0.2942303125 0.0212653125 0.30178666666666665 0.022125416666666668 0.30761739583333336 0.024081979166666666 0.3138813541666667 0.030995208333333336 0.31691010416666665 0.036175 0.3214388541666667 0.04373791666666667 0.32468375 0.05453510416666667 0.32468572916666666 0.06317645833333334 0.3244691666666667 0.06943802083333334
1 0.523859375 0.1055284375 0.5190914583333334 0.1109103125 0.4968359375 0.1130721875 0.4698432291666667 0.10226697916666666 0.45860500000000004 0.08909625 0.4538471875 0.0754878125 0.45666572916666665 0.06252916666666666 0.4631410416666667 0.05582729166666667 0.47760885416666665 0.051508854166666666 0.49381270833333335 0.05475104166666667 0.5117422916666666 0.06316770833333334 0.5225325 0.07397000000000001 0.526635625 0.083041875 0.5277214583333333 0.09233520833333334 0.52599125 0.100326875
1 0.15383177083333335 0.3254036458333333 0.14735333333333334 0.33598208333333335 0.13287968749999998 0.34483447916666665 0.11602322916666667 0.34657125 0.10588427083333334 0.344840625 0.09853177083333334 0.3383584375 0.09723687499999999 0.32950874999999996 0.101559375 0.31633041666666667 0.10739114583333334 0.3074740625 0.11646354166666667 0.3005530208333333 0.12985052083333332 0.29516552083333336 0.14519479166666666 0.29623364583333334 0.15642520833333334 0.3044379166666667 0.1592296875 0.3092014583333333 0.15923083333333335 0.31351072916666667
0 0.2968122489959839 0.6513554216867469 0.30340110441767065 0.6425702811244979 0.3118724899598393 0.630961345381526 0.3175200803212851 0.6243724899598393 0.31971636546184734 0.6215486947791165 0.3228539156626506 0.6190386546184737 0.32505020080321284 0.6159011044176705 0.32630522088353414 0.6137048192771084 0.32379518072289154 0.6127635542168675 0.32065763052208834 0.6143323293172691 0.31783383534136544 0.6177836345381525 0.3125 0.6240587349397589 0.3024598393574297 0.6369226907630522 0.294929718875502 0.646649096385542 0.2908509036144578 0.6529241967871485 0.28896837349397586 0.6563755020080321 0.28865461847389556 0.6604543172690762 0.2892821285140562 0.6623368473895581 0.29210592369477906 0.660140562248996 0.293988453815261 0.6570030120481928
0 0.330070281124498 0.32128514056224894 0.3435617469879518 0.32097138554216864 0.3614457831325301 0.3172063253012048 0.3758785140562249 0.31501004016064255 0.379957329317269 0.31406877510040154 0.3834086345381526 0.3125 0.3849774096385542 0.3112449799196787 0.3849774096385542 0.3093624497991968 0.38278112449799195 0.3087349397590361 0.3777610441767068 0.3093624497991968 0.37368222891566266 0.31061746987951805 0.3658383534136546 0.3125 0.3460717871485944 0.3153237951807229 0.33697289156626503 0.3159513052208835 0.3316390562248996 0.31563755020080314 0.3269327309236948 0.31469628514056225 0.31908885542168675 0.3143825301204819 0.31626506024096385 0.31626506024096385 0.31626506024096385 0.31783383534136544 0.3187751004016064 0.3200301204819277 0.3234814257028112 0.32097138554216864
0 0.6083709839357428 0.30277359437751 0.6077434738955823 0.2908509036144578 0.6071159638554217 0.28049698795180716 0.6068022088353413 0.2761044176706827 0.6068022088353413 0.2713980923694779 0.6068022088353413 0.2688880522088353 0.6105672690763052 0.2688880522088353 0.6111947791164659 0.2707705823293172 0.6118222891566264 0.2757906626506024 0.6111947791164659 0.2833207831325301 0.6118222891566264 0.2924196787148594 0.611508534136546 0.3008910642570281 0.6127635542168675 0.3087349397590361 0.61527359437751 0.3172063253012048 0.6159011044176705 0.3219126506024096 0.6155873493975903 0.32473644578313254 0.613391064257028 0.32316767068273095 0.6118222891566264 0.31971636546184734 0.6096260040160643 0.31626506024096385 0.6086847389558232 0.3128137550200803 0.6083709839357428 0.3087349397590361
0 0.8253566066066065 0.3176614114114114 0.8178490990990991 0.31109234234234234 0.8155030030030029 0.3085116366366366 0.8129222972972971 0.3061655405405405 0.8122184684684685 0.30405405405405406 0.8124530780780781 0.3026463963963964 0.8145645645645645 0.30241178678678676 0.8173798798798798 0.3045232732732732 0.8225412912912912 0.3085116366366366 0.8291103603603602 0.31484609609609604 0.830518018018018 0.3176614114114114 0.830518018018018 0.31953828828828823 0.8291103603603602 0.3200075075075075
0 0.7657657657657657 0.1438156906906907 0.7737424924924924 0.13091216216216214 0.7819538288288288 0.12152777777777776 0.7864114114114114 0.11777402402402401 0.7899305555555555 0.11402027027027026 0.7925112612612611 0.1102665165165165 0.7939189189189189 0.10651276276276275 0.7927458708708708 0.10557432432432431 0.7906343843843844 0.10557432432432431 0.7854729729729729 0.1102665165165165 0.7793731231231231 0.1147240990990991 0.7728040540540541 0.1224662162162162 0.7657657657657657 0.13185060060060058 0.76318506006006 0.13701201201201202 0.7610735735735735 0.14264264264264262 0.7575544294294294 0.14756944444444445 0.7542698948948948 0.15249624624624625 0.7526276276276275 0.1569538288288288 0.7547391141141141 0.15929992492492492 0.7570852102102101 0.15742304804804802 0.7608389639639639 0.15296546546546544 0.7641234984984985 0.1489771021021021
0 0.9673793859649122 0.08209325396825397 0.9689458020050125 0.07086727234753551 0.9720786340852129 0.0518092105263158 0.9756030701754385 0.042671783625731 0.9773000208855471 0.04345499164578113 0.9782137635756055 0.04737103174603176 0.9741671888053466 0.06342679615705932 0.9722091687552212 0.07648026315789475 0.9694679406850458 0.08287646198830409
1 0.4005208333333333 0.8896875000000001 0.3915625 0.888125 0.3830208333333333 0.8839583333333334 0.3765625 0.8722916666666667 0.37427083333333333 0.8567708333333334 0.380625 0.8467708333333334 0.39895833333333336 0.8436458333333333 0.40947916666666667 0.8498958333333333 0.416875 0.8620833333333333 0.42104166666666665 0.871875 0.4185416666666667 0.880625 0.41062499999999996 0.8885416666666667
0 0.9985720114239086 0.7179467564259486 0.9928345573235414 0.7133567931456548 0.9897745818033455 0.7023918808649531 0.9897745818033455 0.6997144022847818 0.9933445532435741 0.7037943696450429 0.9974245206038351 0.7146317829457364
0 0.9766889158576052 0.5033879449838188 0.9771945792880259 0.4955501618122977 0.9771945792880259 0.4904935275080906 0.9771945792880259 0.48619538834951453 0.9764360841423948 0.48139158576051777 0.9744134304207119 0.47405946601941745 0.9726436084142395 0.4692556634304207 0.9716322815533981 0.4659688511326861 0.9708737864077669 0.46268203883495146 0.9696096278317152 0.4591423948220064 0.9675869741100324 0.4556027508090615 0.9650586569579288 0.45105177993527507 0.9630360032362459 0.4485234627831715 0.9617718446601942 0.4490291262135922 0.9592435275080906 0.4540857605177993 0.9592435275080906 0.45787823624595464 0.9597491909385113 0.46394619741100324 0.9607605177993527 0.46849716828478966 0.9622775080906149 0.4745651294498382 0.9645529935275081 0.48139158576051777 0.9663228155339805 0.48796521035598706 0.967334142394822 0.49201051779935273 0.9693567961165048 0.4963086569579288 0.9723907766990291 0.502123786407767 0.9731492718446602 0.5038936084142395
