1 0.06658568904593644 0.0010674322732626953 0.06953032979976445 0.0058524734982332485 0.07026648998822146 0.010269434628975298 0.072843050647821 0.015422555948174354 0.08020465253239108 0.02020759717314491 0.09051089517078918 0.02278415783274444 0.09897673733804478 0.023152237926972942 0.10965106007067141 0.019839517078916406 0.1184849823321555 0.017262956419316876 0.1276869846878681 0.01395023557126034 0.1343124263839812 0.008429034157832777 0.13799322732626623 0.00511631330977624 0.1427782685512368 0.0006993521790341913
1 0.0015243902439023814 0.08536585365853652 0.007621951219512138 0.0838414634146341 0.015752032520325147 0.08333333333333327 0.02286585365853653 0.08587398373983736 0.0294715447154471 0.09247967479674792 0.032520325203251974 0.09756097560975605 0.03607723577235767 0.1072154471544715 0.038617886178861735 0.11331300813008126 0.04065040650406499 0.12195121951219506 0.03963414634146336 0.13058943089430888 0.0335365853658536 0.1341463414634146 0.027439024390243847 0.1387195121951219 0.02337398373983734 0.1417682926829268 0.01676829268292677 0.1417682926829268 0.012195121951219457 0.14126016260162597 0.0060975609756097 0.1377032520325203 0.0030487804878048205 0.13313008130081297 0.0005081300813007553 0.13058943089430888
1 0.06567938420348059 0.1844879518072289 0.07028112449799197 0.1803045515394913 0.0753012048192771 0.17946787148594376 0.08032128514056223 0.17904953145917 0.0874330655957162 0.18072289156626506 0.09872824631860774 0.18699799196787145 0.10542168674698794 0.19285475234270413 0.11295180722891565 0.2020582329317269 0.11880856760374832 0.21335341365461843 0.12215528781793841 0.22088353413654618 0.1234103078982597 0.22883199464524762 0.12048192771084336 0.23636211512717537 0.11922690763052209 0.24138219544846048 0.11420682730923694 0.24389223560910306 0.10667670682730922 0.24640227576974563 0.10123828647925032 0.24640227576974563 0.0962182061579652 0.24472891566265056 0.0874330655957162 0.23970883534136542 0.08324966532797858 0.23552543507362783 0.07781124497991967 0.23008701472556892 0.0732095046854083 0.22339357429718873 0.06818942436412316 0.21670013386880854 0.06316934404283801 0.20917001338688085 0.06233266398929049 0.2012215528781794 0.061495983935742966 0.19410977242302543 0.06316934404283801 0.18825301204819275
1 0.03806894243641232 0.2735943775100401 0.041834002677376164 0.2710843373493976 0.0502008032128514 0.2698293172690763 0.05982262382864792 0.2710843373493976 0.07153614457831324 0.2761044176706827 0.08157630522088354 0.28028781793842034 0.08910642570281123 0.28739959839357426 0.09287148594377509 0.29200133868808564 0.0949631860776439 0.29869477911646586 0.09538152610441766 0.30496987951807225 0.0949631860776439 0.3108266398929049 0.0916164658634538 0.31501004016064255 0.0874330655957162 0.3187751004016064 0.07739290495314591 0.32128514056224894 0.06818942436412316 0.3196117804551539 0.05814926372155287 0.3171017402945113 0.04936412315930387 0.3129183400267737 0.04392570281124498 0.30957161981258363 0.0393239625167336 0.30371485943775095 0.03430388219544846 0.294929718875502 0.03304886211512717 0.28990963855421686 0.03304886211512717 0.2823795180722891 0.03346720214190093 0.27861445783132527
1 0.05898594377510039 0.633785140562249 0.06693440428380186 0.6304384203480589 0.07488286479250333 0.6270917001338688 0.08199464524765729 0.625 0.08910642570281123 0.6241633199464525 0.09663654618473895 0.6245816599732261 0.10458500669344042 0.6279283801874163 0.10751338688085675 0.6342034805890227 0.10793172690763052 0.6413152610441767 0.10584002677376171 0.6509370816599732 0.1016566265060241 0.6526104417670683 0.09579986613119142 0.6555388219544845 0.08868808567603748 0.6588855421686746 0.08324966532797858 0.6605589022757697 0.0753012048192771 0.6639056224899598 0.06860776439089691 0.6655789825970548 0.061914323962516726 0.6651606425702811 0.056057563587684066 0.663487282463186 0.04978246318607764 0.6609772423025434 0.0447623828647925 0.6551204819277108 0.04392570281124498 0.6496820615796519 0.04685408299866131 0.6434069611780455 0.05061914323962516 0.6396419009370816 0.05312918340026773 0.6367135207496654
1 0.0004053177691309987 0.8098249027237354 0.0052691309987029835 0.8057717250324254 0.012159533073929963 0.8021238651102465 0.019860570687418935 0.7992866407263295 0.02918287937743191 0.7972600518806744 0.03850518806744488 0.7972600518806744 0.04296368352788586 0.7976653696498055 0.05025940337224385 0.7984760051880675 0.054312581063553834 0.7984760051880675 0.05998702983138781 0.7988813229571985 0.06322957198443581 0.8013132295719845 0.06849870298313879 0.8069876783398185 0.07052529182879377 0.8122568093385214 0.07052529182879377 0.8187418936446174 0.06849870298313879 0.8227950713359273 0.0640402075226978 0.8256322957198444 0.05958171206225681 0.8300907911802854 0.05633916990920883 0.8353599221789884 0.05188067444876784 0.8406290531776913 0.04458495460440986 0.8454928664072633 0.03728923476005188 0.8471141374837874 0.030804150453955903 0.8479247730220493 0.024319066147859926 0.8483300907911803 0.013780804150453957 0.8491407263294424 0.005674448767833982 0.8491407263294424 0.001621271076523995 0.8475194552529183
1 0.04580090791180285 0.9087224383916991 0.050664721141374845 0.9010214007782102 0.05877107652399482 0.8945363164721142 0.06768806744487679 0.8896725032425422 0.07741569390402075 0.8872405966277561 0.08592736705577173 0.8856193255512322 0.09403372243839171 0.8856193255512322 0.10335603112840468 0.8884565499351492 0.10862516212710767 0.8933203631647212 0.11105706874189365 0.9002107652399481 0.11105706874189365 0.9066958495460441 0.11105706874189365 0.9139915693904022 0.10659857328145267 0.919666018158236 0.1009241245136187 0.9257457846952011 0.09322308690012972 0.9293936446173802 0.08390077821011672 0.931825551232166 0.07619974059662776 0.9330415045395591 0.06768806744487679 0.9338521400778211 0.06039234760051881 0.9330415045395591 0.054312581063553834 0.931420233463035 0.04742217898832685 0.9269617380025941 0.04539559014267185 0.9220979247730221 0.04458495460440986 0.916018158236057
1 0.23193127962085305 0.040876777251184805 0.22403238546603474 0.03643364928909951 0.2161334913112164 0.03347156398104263 0.2097156398104265 0.03297788309636649 0.20033570300157974 0.03297788309636649 0.190955766192733 0.03544628751974721 0.18305687203791468 0.039395734597156375 0.17663902053712477 0.04482622432859397 0.17268957345971564 0.052231437598736156 0.17219589257503948 0.05963665086887834 0.17318325434439177 0.06704186413902051 0.17910742496050552 0.07247235387045811 0.18799368088467613 0.07592812006319113 0.20033570300157974 0.07740916271721957 0.21020932069510267 0.07740916271721957 0.22008293838862558 0.07592812006319113 0.23143759873617692 0.07049763033175353 0.23785545023696683 0.06654818325434438 0.2388428120063191 0.05864928909952605 0.23834913112164294 0.05124407582938386 0.2363744075829384 0.045813586097946266
1 0.19786729857819904 0.19589257503949445 0.18996840442338073 0.19144944707740916 0.18355055292259082 0.1865126382306477 0.17910742496050552 0.18404423380726698 0.17219589257503948 0.18305687203791468 0.16429699842022114 0.18305687203791468 0.15936018957345968 0.1845379146919431 0.1549170616113744 0.18996840442338073 0.1529423380726698 0.1963862559241706 0.15541074249605055 0.2047788309636651 0.15985387045813584 0.21119668246445497 0.163803317535545 0.218108214849921 0.16725908372827802 0.2235387045813586 0.17713270142180093 0.23193127962085305 0.18305687203791468 0.23588072669826224 0.18898104265402843 0.2388428120063191 0.1983609794628752 0.24032385466034753 0.2047788309636651 0.23933649289099526 0.21020932069510267 0.2368680884676145 0.21317140600315954 0.23242496050552922 0.21514612954186413 0.22847551342812006 0.2156398104265403 0.22304502369668244 0.2161334913112164 0.218108214849921 0.2136650868878357 0.2126777251184834 0.2097156398104265 0.20872827804107424 0.20428515007898893 0.20231042654028433
1 0.20509079118028536 0.3680285343709468 0.1945525291828794 0.36559662775616086 0.1876621271076524 0.3619487678339819 0.1815823605706874 0.3570849546044099 0.17631322957198445 0.3514105058365759 0.17226005188067448 0.34735732814526593 0.16901750972762647 0.3416828793774319 0.16861219195849547 0.33519779507133596 0.16861219195849547 0.32871271076523995 0.17307068741893647 0.321416990920882 0.17550259403372245 0.318174448767834 0.1815823605706874 0.31533722438391704 0.18847276264591442 0.314526588845655 0.1973897535667964 0.314526588845655 0.20428015564202337 0.317363813229572 0.21238651102464334 0.321416990920882 0.2168450064850843 0.32587548638132297 0.2200875486381323 0.331549935149157 0.2221141374837873 0.33357652399481197 0.2245460440985733 0.3396562905317769 0.22495136186770429 0.34452010376134895 0.2229247730220493 0.35019455252918286 0.2200875486381323 0.3550583657587549 0.21887159533073933 0.35992217898832685 0.21603437094682232 0.3639753566796369 0.21319714656290534 0.36559662775616086
1 0.26876335470085466 0.2637553418803419 0.27276976495726496 0.25674412393162394 0.2754407051282051 0.25006677350427353 0.2777777777777778 0.2467280982905983 0.28512286324786323 0.2423878205128205 0.29246794871794873 0.24138621794871795 0.3004807692307692 0.2437232905982906 0.304821047008547 0.24739583333333334 0.3081597222222222 0.25006677350427353 0.3108306623931624 0.2550747863247863 0.3121661324786325 0.2614182692307692 0.31183226495726496 0.27110042735042733 0.30749198717948717 0.2777777777777778 0.3031517094017094 0.28412126068376065 0.29881143162393164 0.2897970085470085 0.2941372863247863 0.29447115384615385 0.288795405982906 0.2958066239316239 0.28378739316239315 0.29614049145299143 0.27811164529914534 0.29447115384615385 0.27443910256410253 0.2931356837606838 0.27110042735042733 0.2897970085470085 0.26842948717948717 0.28478899572649574 0.2670940170940171 0.27944711538461536 0.2670940170940171 0.2734375 0.2670940170940171 0.26876335470085466
1 0.3986378205128205 0.10650373931623931 0.407318376068376 0.10450053418803419 0.4136618589743589 0.10516826923076922 0.42000534188034183 0.1078392094017094 0.4253472222222222 0.1141826923076923 0.4266826923076923 0.11919070512820512 0.4270165598290598 0.12620192307692307 0.4276842948717948 0.13187767094017094 0.4276842948717948 0.13855502136752135 0.4243456196581196 0.1469017094017094 0.4210069444444444 0.15458066239316237 0.4190037393162393 0.16025641025641024 0.41499732905982906 0.1659321581196581 0.40965544871794873 0.17027243589743588 0.4069845085470085 0.1736111111111111 0.40164262820512814 0.17594818376068375 0.39630074786324787 0.1769497863247863 0.3922943376068376 0.17728365384615383 0.38695245726495725 0.17427884615384615 0.3802751068376068 0.17027243589743588 0.3776041666666667 0.16526442307692307 0.3762686965811966 0.15758547008547008 0.37593482905982906 0.1502403846153846 0.37727029914529914 0.14222756410256412 0.38094284188034183 0.1345486111111111 0.38494925213675213 0.12853899572649571 0.3919604700854701 0.12419871794871794 0.3942975427350427 0.11919070512820512 0.3959668803418804 0.1141826923076923
1 0.39496527777777773 0.203659188034188 0.4006410256410256 0.20065438034188032 0.406650641025641 0.19998664529914528 0.41165865384615385 0.20065438034188032 0.41633279914529914 0.20232371794871795 0.4213408119658119 0.20566239316239315 0.4243456196581196 0.21000267094017092 0.4266826923076923 0.21668002136752135 0.4276842948717948 0.22536057692307693 0.4276842948717948 0.234375 0.42367788461538464 0.24606036324786323 0.4210069444444444 0.25440705128205127 0.4170005341880342 0.26175213675213677 0.41332799145299143 0.26742788461538464 0.40865384615384615 0.2707665598290598 0.40197649572649574 0.27276976495726496 0.3969684829059829 0.2731036324786325 0.3926282051282051 0.27243589743589747 0.38828792735042733 0.2704326923076923 0.3826121794871795 0.2670940170940171 0.37960737179487175 0.2627537393162393 0.3776041666666667 0.2547409188034188 0.3779380341880342 0.24305555555555552 0.3782719017094017 0.23137019230769232 0.38094284188034183 0.22302350427350426 0.3842815170940171 0.2156784188034188 0.3879540598290598 0.20833333333333334 0.390625 0.20532852564102563
1 0.49445779914529914 0.15992254273504272 0.4907852564102564 0.1549145299145299 0.48611111111111105 0.15324519230769232 0.48243856837606836 0.1529113247863248 0.4774305555555555 0.1529113247863248 0.4720886752136752 0.15524839743589744 0.46774839743589747 0.15758547008547008 0.4647435897435897 0.1625934829059829 0.46173878205128205 0.16659989316239315 0.4584001068376068 0.17761752136752135 0.45739850427350426 0.1893028846153846 0.4563969017094017 0.19497863247863248 0.45706463675213677 0.20198985042735043 0.45973557692307687 0.2110042735042735 0.46641292735042733 0.21768162393162394 0.47475961538461536 0.22102029914529914 0.4814369658119658 0.22135416666666666 0.4884481837606838 0.22001869658119658 0.493122329059829 0.21501068376068375 0.4974626068376068 0.20900106837606838 0.5011351495726496 0.2013221153846154 0.5041399572649572 0.1926415598290598 0.5034722222222222 0.18396100427350426 0.5031383547008547 0.17561431623931625 0.5021367521367521 0.16960470085470086 0.4991319444444444 0.16292735042735043
1 0.3773508430609598 0.32465953307393003 0.3850518806744488 0.324254215304799 0.3931582360570688 0.326280804150454 0.40045395590142674 0.33033398184176394 0.40531776913099876 0.33722438391699094 0.4077496757457847 0.3437094682230869 0.4093709468223087 0.3546530479896239 0.40856031128404674 0.3639753566796369 0.4065337224383917 0.37451361867704286 0.4041018158236057 0.3834306095979248 0.39761673151750976 0.3907263294422828 0.38788910505836577 0.3939688715953308 0.3797827496757458 0.3931582360570688 0.36924448767833984 0.38869974059662776 0.3619487678339819 0.3826199740596628 0.35911154345006485 0.3716763942931258 0.35627431906614787 0.36154345006485084 0.35667963683527887 0.3497892347600519 0.3603274967574579 0.3412775616083009 0.3635700389105059 0.3339818417639429 0.37046044098573283 0.32709143968871596
1 0.2691309987029831 0.46652075226977957 0.2780479896238651 0.4653047989623865 0.2877756160830091 0.46125162127107655 0.29466601815823606 0.4555771725032426 0.303583009079118 0.4458495460440986 0.30601491569390404 0.43976977950713364 0.30642023346303504 0.4308527885862517 0.30479896238651105 0.4215304798962387 0.30560959792477305 0.4158560311284047 0.301961738002594 0.4122081712062257 0.2975032425421531 0.41018158236057073 0.2910181582360571 0.41018158236057073 0.28331712062256814 0.4142347600518807 0.27521076523994814 0.41909857328145267 0.2711575875486381 0.4251783398184177 0.26507782101167315 0.4340953307392997 0.26264591439688717 0.43976977950713364 0.2614299610894942 0.44706549935149165 0.26305123216601817 0.45314526588845655 0.26548313878080415 0.4580090791180285 0.26750972762645914 0.46165693904020755
1 0.21802325581395351 0.5623183139534884 0.21802325581395351 0.555656492248062 0.22044573643410853 0.5459665697674418 0.22710755813953487 0.5371850775193798 0.23558624031007752 0.5308260658914729 0.2419452519379845 0.5262839147286822 0.2501211240310078 0.5220445736434108 0.2585998062015504 0.520530523255814 0.26980377906976744 0.5214389534883721 0.27616279069767447 0.5247698643410853 0.279796511627907 0.5296148255813954 0.28161337209302323 0.5359738372093024 0.28161337209302323 0.5420300387596899 0.2794937015503876 0.5486918604651163 0.2755571705426357 0.555656492248062 0.27101501937984496 0.5611070736434108 0.267078488372093 0.5653464147286822 0.2589026162790698 0.5698885658914729 0.25193798449612403 0.573219476744186 0.24164244186046513 0.5753391472868218 0.23558624031007752 0.5744307170542636 0.2301356589147287 0.5744307170542636 0.22438226744186046 0.5720082364341085 0.22044573643410853 0.5686773255813954
1 0.18584363957597178 0.6091357479387515 0.1873159599528858 0.6021422261484098 0.19210100117785636 0.5969891048292109 0.20314340400471145 0.5958848645465252 0.21271348645465257 0.5980933451118964 0.21897084805653713 0.6032464664310954 0.22191548881036519 0.6106080683156654 0.2241239693757362 0.618337750294464 0.22670053003533572 0.6260674322732627 0.22670053003533572 0.6363736749116607 0.22265164899882217 0.6444714369846878 0.21933892815076564 0.6488883981154299 0.21160924617196705 0.6499926383981154 0.204983804475854 0.6485203180212014 0.1990945229681979 0.6470479976442874 0.19320524146054183 0.6418948763250882 0.18952444051825681 0.6371098351001178 0.18547555948174327 0.6275397526501767 0.18400323910482927 0.619810070671378 0.18437131919905778 0.6142888692579506
1 0.18523022049286642 0.7024156939040208 0.1904993514915694 0.6951199740596629 0.19901102464332038 0.6906614785992218 0.20833333333333334 0.6878242542153049 0.22089818417639429 0.6870136186770428 0.22900453955901426 0.6866083009079118 0.23711089494163423 0.6874189364461738 0.2452172503242542 0.6906614785992218 0.2500810635538262 0.6943093385214009 0.25372892347600523 0.7003891050583657 0.2549448767833982 0.7080901426718548 0.2557555123216602 0.7157911802853437 0.25129701686121925 0.7230869001297017 0.23994811932555124 0.7287613488975356 0.23265239948119326 0.7315985732814527 0.22495136186770429 0.7328145265888456 0.21643968871595332 0.7336251621271077 0.20792801556420235 0.7340304798962387 0.20144293125810636 0.7328145265888456 0.1945525291828794 0.7287613488975356 0.1876621271076524 0.7234922178988328 0.18360894941634243 0.7186284046692607 0.1823929961089494 0.7101167315175098
1 0.19949825479930194 0.8915794066317626 0.18968150087260038 0.8844895287958114 0.18259162303664925 0.8768542757417103 0.1760471204188482 0.8714005235602094 0.17332024432809776 0.8610383944153578 0.17059336823734733 0.8523123909249563 0.16895724258289707 0.8414048865619547 0.1678664921465969 0.8326788830715532 0.17004799301919726 0.8223167539267016 0.1765924956369983 0.8130453752181501 0.18695462478184996 0.8092277486910995 0.19677137870855152 0.8092277486910995 0.20876963350785344 0.8119546247818499 0.2196771378708552 0.8184991273996509 0.22622164048865623 0.8244982547993018 0.23331151832460736 0.8321335078534031 0.2387652705061082 0.8403141361256544 0.2404013961605585 0.8512216404886562 0.2404013961605585 0.8604930191972077 0.23712914485165798 0.8746727748691099 0.23276614310645727 0.8833987783595113 0.22676701570680632 0.8893979057591623 0.2180410122164049 0.8932155322862129 0.20876963350785344 0.8926701570680627
1 0.3167539267015707 0.9597513089005235 0.31784467713787085 0.9526614310645724 0.3194808027923211 0.9461169284467713 0.3243891797556719 0.9401178010471204 0.34075043630017454 0.9335732984293194 0.3472949389179755 0.9324825479930191 0.35820244328097733 0.9324825479930191 0.3636561954624782 0.9341186736474695 0.3696553228621291 0.9373909249563699 0.3734729493891798 0.9433900523560209 0.37565445026178007 0.9515706806282722 0.3745636998254799 0.9608420593368237 0.3696553228621291 0.9662958115183246 0.3620200698080279 0.9722949389179756 0.35602094240837695 0.975567190226876 0.3483856893542757 0.9804755671902269 0.33856893542757416 0.981566317626527 0.3287521815008726 0.9804755671902269 0.3238438045375218 0.9772033158813263 0.32002617801047123 0.9744764397905759 0.3172993019197208 0.9684773123909249
1 0.3359812150279776 0.8240907274180655 0.33698041566746606 0.8158473221422862 0.34097721822541965 0.8071043165467626 0.3454736211031175 0.8003597122302158 0.34997002398081534 0.7941147082334133 0.35621502797761795 0.7891187050359713 0.36445843325339733 0.7853717026378898 0.37120303756994405 0.7876199040767385 0.37919664268585135 0.7913669064748202 0.38369304556354916 0.7971123101518784 0.3846922462030376 0.8026079136690647 0.3844424460431655 0.8135991207034372 0.38244404476418864 0.8213429256594724 0.37844724220623505 0.8303357314148682 0.3737010391686651 0.837330135891287 0.3684552358113509 0.8415767386091128 0.35996203037569946 0.8453237410071942 0.35221822541966424 0.8458233413269384 0.344224620303757 0.8438249400479616 0.3404776179056755 0.8403277378097521 0.33797961630695444 0.8353317346123101 0.33648081534772184 0.8308353317346123
1 0.33048561151079137 0.7456534772182254 0.3242406075139888 0.7481514788169464 0.3192446043165467 0.7499000799360511 0.31574740207833735 0.7486510791366907 0.31075139888089526 0.7461530775379697 0.30675459632294166 0.7434052757793765 0.30475619504396484 0.7394084732214228 0.3035071942446043 0.7326638689048761 0.30300759392486015 0.7241706634692247 0.30550559552358114 0.7164268585131894 0.3095023980815348 0.7089328537170264 0.31424860111910474 0.700689448441247 0.31874500399680256 0.6951938449240608 0.324740207833733 0.6906974420463629 0.3327338129496403 0.6876998401278978 0.33872901678657075 0.6876998401278978 0.3429756195043965 0.6899480415667466 0.3469724220623501 0.693195443645084 0.34897082334132695 0.6974420463629097 0.35121902478017586 0.7049360511590728 0.3502198241406874 0.7121802557953637 0.34797162270183857 0.7199240607513989 0.344224620303757 0.7286670663469225 0.33947841726618705 0.7356614708233413 0.33498201438848924 0.7414068745003998
1 0.3567146282973621 0.5410671462829736 0.361460831334932 0.5363209432454037 0.366207034372502 0.5325739408473221 0.3754496402877698 0.5315747402078338 0.38094524380495604 0.5315747402078338 0.3869404476418865 0.5333233413269385 0.39318545163868907 0.5380695443645085 0.39843125499600324 0.5443145483613109 0.40242805755395683 0.5523081534772183 0.40617505995203834 0.5613009592326139 0.40942246203037574 0.5740407673860911 0.4099220623501199 0.5820343725019984 0.4106714628297362 0.591027178257394 0.4084232613908873 0.5970223820943246 0.4049260591526779 0.603017585931255 0.3999300559552358 0.6070143884892086 0.3921862509992006 0.6085131894484412 0.385691446842526 0.6110111910471623 0.3804456434852118 0.6100119904076738 0.37420063948840926 0.607763788968825 0.36795563549160676 0.6040167865707434 0.36021183053557154 0.5935251798561151 0.35646482813749003 0.5865307753796962 0.3532174260591527 0.578537170263789 0.3524680255795364 0.571292965627498 0.3517186250999201 0.5613009592326139 0.351468824940048 0.5548061550759392 0.35296762589928055 0.5488109512390088 0.353966826538769 0.5458133493205436
1 0.38219424460431656 0.7426558752997603 0.3811950439648282 0.7354116706634692 0.3811950439648282 0.7294164668265388 0.38294364508393286 0.7224220623501199 0.3876898481215028 0.7149280575539568 0.39443445243804953 0.7084332533972822 0.4009292565947243 0.703187450039968 0.4084232613908873 0.6989408473221422 0.4179156674660272 0.6971922462030375 0.42491007194244607 0.6964428457234213 0.4339028776978417 0.6996902478017586 0.4376498800959233 0.7014388489208634 0.4411470823341327 0.7106814548361311 0.4416466826538769 0.7149280575539568 0.441896482813749 0.7219224620303757 0.4388988808952838 0.7274180655475619 0.4359012789768186 0.7331634692246204 0.4329036770583533 0.7376598721023182 0.4286570743405276 0.7419064748201439 0.42540967226219023 0.7456534772182254 0.4194144684252598 0.7499000799360511 0.41341926458832934 0.7531474820143884 0.4049260591526779 0.7553956834532374 0.39918065547561954 0.7553956834532374 0.392935651478817 0.7556454836131096 0.3891886490807354 0.754146682653877 0.3849420463629097 0.7511490807354116 0.38369304556354916 0.7476518784972022
1 0.5414090106007067 0.17627355712603068 0.5447217314487632 0.17112043580683162 0.5517152532391048 0.16891195524146058 0.5572364546525324 0.16854387514723207 0.5638618963486455 0.16854387514723207 0.5675426972909304 0.17112043580683162 0.5712234982332156 0.17627355712603068 0.5734319787985865 0.18437131919905778 0.5749042991755006 0.1891563604240283 0.5749042991755006 0.1965179623085984 0.573800058892815 0.20314340400471145 0.5719596584216725 0.20903268551236753 0.5679107773851589 0.2156581272084806 0.5634938162544169 0.21933892815076564 0.5576045347467609 0.22265164899882217 0.5524514134275618 0.22265164899882217 0.5476663722025913 0.22154740871613668 0.5421451707891637 0.21713044758539463 0.5406728504122497 0.21013692579505303 0.5392005300353356 0.20277532391048295 0.5373601295641932 0.1990945229681979 0.5369920494699646 0.19357332155477033 0.5351516489988221 0.1891563604240283 0.5369920494699646 0.18216283863368674
1 0.49392667844522975 0.296267667844523 0.49760747938751476 0.29148262661955243 0.5053371613663133 0.28780182567726736 0.5119626030624265 0.2859614252061249 0.5178518845700825 0.28559334511189644 0.5241092461719671 0.2859614252061249 0.5311027679623087 0.28964222614840995 0.5392005300353356 0.29700382803298003 0.5428813309776207 0.3062058303886926 0.5450898115429917 0.3165120730270907 0.5469302120141343 0.3293948763250884 0.5465621319199058 0.33565223792697296 0.5447217314487632 0.34264575971731454 0.5417770906949352 0.3522158421672556 0.5388324499411072 0.35884128386336867 0.533679328621908 0.3650986454652533 0.528526207302709 0.36767520612485277 0.522636925795053 0.37135600706713784 0.518956124852768 0.37430064782096584 0.5119626030624265 0.3754048881036514 0.5071775618374559 0.37577296819787986 0.5020244405182568 0.3731964075382804 0.4946628386336867 0.36767520612485277 0.4917181978798587 0.36362632508833925 0.48950971731448767 0.3577370435806832 0.4865650765606596 0.3507435217903416 0.4858289163722026 0.34301383981154304 0.4861969964664311 0.3367564782096585 0.4858289163722026 0.3301310365135454 0.48509275618374564 0.3238736749116608 0.4854608362779741 0.31798439340400475 0.48766931684334514 0.30951855123674915 0.49061395759717313 0.3051015901060071 0.4924543580683157 0.30031654888103654
1 0.4394508244994111 0.4401869846878681 0.43429770318021205 0.43908274440518263 0.4276722614840989 0.43540194346289757 0.4247276207302709 0.432089222614841 0.4236233804475854 0.4273041813898705 0.4236233804475854 0.42104681978798586 0.42583186101295645 0.4151575382803298 0.4324573027090695 0.40963633686690226 0.4409231448763251 0.40485129564193173 0.4490209069493522 0.40006625441696114 0.4578548292108363 0.39638545347467613 0.4670568315665489 0.3960173733804476 0.4747865135453475 0.39785777385159016 0.4784673144876325 0.4041151354534747 0.47920347467608954 0.4125809776207303 0.47699499411071855 0.4192064193168434 0.47257803297997647 0.42546378091872794 0.4659525912838634 0.430616902237927 0.4578548292108363 0.43466578327444055 0.4493889870435807 0.43871466431095407 0.4457081861012957 0.4394508244994111
1 0.45932714958775034 0.520428445229682 0.4563825088339223 0.5134349234393405 0.4552782685512368 0.5060733215547704 0.45564634864546527 0.49613515901060073 0.4567505889281508 0.49135011778563015 0.4582229093050648 0.4861969964664311 0.46227179034157834 0.47957155477031804 0.4670568315665489 0.47441843345111895 0.472209952885748 0.47110571260306244 0.477363074204947 0.46742491166077743 0.48398851590106007 0.4655845111896349 0.4902458775029447 0.4655845111896349 0.49576707891637223 0.46852915194346295 0.4983436395759718 0.4696333922261484 0.5031286808009423 0.47368227326266193 0.5060733215547704 0.48030771495877506 0.5064414016489989 0.48509275618374564 0.5071775618374559 0.4942947585394582 0.5053371613663133 0.5016563604240283 0.5031286808009423 0.5093860424028269 0.5016563604240283 0.5145391637220259 0.4983436395759718 0.5207965253239105 0.4953989988221437 0.5233730859835101 0.4924543580683157 0.5259496466431096 0.48509275618374564 0.528526207302709 0.48104387514723207 0.5296304475853947 0.47257803297997647 0.5292623674911661 0.470001472320377 0.527790047114252 0.4659525912838634 0.5248454063604241 0.46227179034157834 0.5241092461719671
1 0.4755226737338045 0.7272894581861012 0.47184187279151946 0.7254490577149588 0.470737632508834 0.7206640164899881 0.46852915194346295 0.714774734982332 0.46742491166077743 0.708149293286219 0.4670568315665489 0.701523851590106 0.46742491166077743 0.6937941696113074 0.46742491166077743 0.6875368080094229 0.47036955241460543 0.6812794464075382 0.47257803297997647 0.6772305653710247 0.47957155477031804 0.6750220848056537 0.4861969964664311 0.6750220848056537 0.49208627797408716 0.6772305653710247 0.49687131919905775 0.6816475265017667 0.5009202002355713 0.6875368080094229 0.5031286808009423 0.6930580094228505 0.5042329210836278 0.7004196113074205 0.5042329210836278 0.706676972909305 0.5031286808009423 0.714774734982332 0.5016563604240283 0.7214001766784452 0.4983436395759718 0.7254490577149588 0.4950309187279152 0.7287617785630153 0.48914163722025916 0.7306021790341578 0.4847246760895171 0.7306021790341578 0.48104387514723207 0.7298660188457008
1 0.40153857479387517 0.927893109540636 0.40264281507656074 0.9194272673733804 0.40485129564193173 0.9139060659599528 0.40890017667844525 0.9080167844522968 0.41221289752650175 0.9043359835100117 0.42104681978798586 0.9043359835100117 0.4247276207302709 0.9072806242638397 0.4295126619552415 0.9135379858657243 0.43356154299175503 0.921267667844523 0.4357700235571261 0.927893109540636 0.4368742638398116 0.9374631919905771 0.4368742638398116 0.9440886336866902 0.4361381036513546 0.9485055948174322 0.432825382803298 0.9569714369846878 0.4247276207302709 0.9591799175500589 0.4214148998822144 0.9584437573616018 0.41662985865724383 0.9551310365135454 0.41147673733804474 0.9529225559481742 0.4085320965842168 0.9492417550058893 0.40669169611307426 0.9440886336866902 0.4041151354534747 0.9385674322732627 0.4022747349823322 0.9330462308598351
1 0.5104902826855124 0.8943978209658422 0.5112264428739695 0.8903489399293286 0.5119626030624265 0.8866681389870436 0.5141710836277975 0.8837234982332156 0.522636925795053 0.8829873380447585 0.5307346878680801 0.8829873380447585 0.5355197290930506 0.8859319787985865 0.5403047703180212 0.8896127797408716 0.5450898115429917 0.8925574204946997 0.5487706124852767 0.8962382214369846 0.5524514134275618 0.9006551825677267 0.5542918138987043 0.9050721436984688 0.5568683745583038 0.9113295053003533 0.5572364546525324 0.9172187868080094 0.5572364546525324 0.9238442285041225 0.5546598939929328 0.927156949352179 0.5509790930506479 0.930837750294464 0.5480344522968198 0.9334143109540636 0.5436174911660777 0.9334143109540636 0.5377282096584216 0.930837750294464 0.5311027679623087 0.9275250294464075 0.5263177267373381 0.924212308598351 0.5222688457008245 0.9205315076560658 0.518219964664311 0.9153783863368669 0.5145391637220259 0.9087529446407537 0.5119626030624265 0.9028636631330976
1 0.46116755005889287 0.8483878091872792 0.46006330977620735 0.8413942873969376 0.4626398704358069 0.83587308598351 0.46779299175500594 0.8299838044758538 0.47368227326266193 0.8255668433451119 0.48509275618374564 0.8193094817432273 0.49392667844522975 0.8156286808009423 0.5057052414605419 0.8141563604240283 0.5138030035335689 0.8148925206124852 0.520428445229682 0.8185733215547704 0.528526207302709 0.8215179623085984 0.5318389281507656 0.8274072438162544 0.5329431684334511 0.8329284452296819 0.5303666077738517 0.8417623674911661 0.5259496466431096 0.8498601295641932 0.519692285041225 0.8550132508833922 0.5104902826855124 0.8586940518256773 0.5049690812720848 0.8612706124852767 0.4946628386336867 0.8623748527679622 0.48803739693757364 0.8627429328621907 0.4784673144876325 0.8623748527679622 0.47110571260306244 0.8594302120141342 0.4652164310954064 0.8568536513545346 0.46300795053003535 0.8531728504122497
1 0.5314708480565371 0.6319567137809188 0.5292623674911661 0.6301163133097761 0.5292623674911661 0.6249631919905771 0.5303666077738517 0.6209143109540636 0.5325750883392226 0.615393109540636 0.5362558892815076 0.6098719081272085 0.5421451707891637 0.6054549469964664 0.5491386925795053 0.6017741460541813 0.5550279740871614 0.5988295053003533 0.5620214958775028 0.5977252650176678 0.5660703769140164 0.5988295053003533 0.5697511778563016 0.6014060659599528 0.571591578327444 0.6069272673733804 0.572327738515901 0.6142888692579506 0.570855418138987 0.6216504711425206 0.5690150176678445 0.6275397526501767 0.565702296819788 0.6326928739693757 0.5601810954063604 0.6367417550058893 0.5557641342756183 0.6389502355712603 0.5484025323910482 0.6400544758539458 0.5439855712603062 0.6400544758539458 0.5369920494699646 0.6382140753828033 0.5340474087161365 0.6367417550058893
1 0.618920233463035 0.17144941634241245 0.6201361867704281 0.16455901426718547 0.622973411154345 0.1601005188067445 0.6266212710765241 0.1548313878080415 0.632295719844358 0.15158884565499353 0.639591439688716 0.14996757457846951 0.646076523994812 0.15158884565499353 0.6505350194552529 0.1544260700389105 0.6541828793774319 0.15766861219195852 0.6578307392996109 0.1621271076523995 0.6614785992217899 0.16901750972762647 0.6614785992217899 0.17590791180285342 0.660262645914397 0.1840142671854734 0.659857328145266 0.1900940337224384 0.6578307392996109 0.1973897535667964 0.656209468223087 0.20468547341115434 0.6537775616083009 0.21117055771725032 0.6497243839169909 0.2168450064850843 0.646076523994812 0.22049286640726332 0.639996757457847 0.2237354085603113 0.632701037613489 0.2245460440985733 0.6270265888456551 0.2233300907911803 0.6237840466926071 0.2192769130998703 0.62094682230869 0.21481841763942933 0.617704280155642 0.20954928664072633 0.6168936446173802 0.20387483787289234 0.6160830090791181 0.1969844357976654 0.6156776913099871 0.1900940337224384 0.6164883268482491 0.18360894941634243 0.617298962386511 0.17590791180285342
1 0.6164883268482491 0.33641374837872895 0.621352140077821 0.32871271076523995 0.625 0.322632944228275 0.62905317769131 0.317363813229572 0.634727626459144 0.3125 0.637564850843061 0.30804150453955903 0.642023346303502 0.30763618677042803 0.648103112840467 0.309662775616083 0.6545881971465629 0.311284046692607 0.6578307392996109 0.314526588845655 0.6614785992217899 0.318985084306096 0.6647211413748378 0.326280804150454 0.6647211413748378 0.33317120622568097 0.6614785992217899 0.3433041504539559 0.6582360570687419 0.3505998702983139 0.6537775616083009 0.35749027237354086 0.6505350194552529 0.3623540856031129 0.644049935149157 0.3664072632944228 0.63715953307393 0.37005512321660183 0.6314850843060961 0.37005512321660183 0.625405317769131 0.37005512321660183 0.618920233463035 0.36762321660181585 0.6144617380025941 0.3639753566796369 0.6132457846952011 0.35830090791180286 0.6124351491569391 0.35019455252918286 0.613651102464332 0.3437094682230869
1 0.603112840466926 0.5175907911802854 0.6002756160830091 0.5131322957198444 0.5986543450064852 0.5082684824902725 0.5982490272373542 0.5025940337224385 0.5990596627756162 0.4981355382619974 0.6027075226977952 0.49246108949416345 0.6059500648508431 0.49002918287937747 0.6128404669260701 0.4888132295719844 0.618514915693904 0.4888132295719844 0.624594682230869 0.4904345006485084 0.6310797665369651 0.49327172503242545 0.634727626459144 0.4977302204928664 0.6391861219195849 0.5029993514915694 0.643239299610895 0.5074578469520105 0.645671206225681 0.5123216601815824 0.647292477302205 0.5184014267185474 0.647697795071336 0.5244811932555123 0.645671206225681 0.5297503242542153 0.642023346303502 0.5350194552529183 0.634727626459144 0.5370460440985734 0.6302691309987031 0.5370460440985734 0.625405317769131 0.5362354085603113 0.6201361867704281 0.5329928664072633 0.6140564202334631 0.5301556420233463 0.6095979247730221 0.5277237354085603 0.6059500648508431 0.5236705577172504
1 0.7115765171503958 0.25065963060686014 0.7173482849604222 0.24818601583113456 0.7214709762532981 0.24653693931398418 0.7258685136323658 0.24626209322779244 0.728891820580475 0.24543755496921724 0.7324648197009674 0.24543755496921724 0.7382365875109939 0.24846086191732628 0.7426341248900615 0.25313324538258575 0.7470316622691293 0.2597295514511873 0.7497801231310466 0.26577616534740545 0.751429199648197 0.27402154793315747 0.7528034300791557 0.28474054529463505 0.7522537379067722 0.2899626209322779 0.7500549692172384 0.29518469656992086 0.7478562005277045 0.30040677220756373 0.7440083553210202 0.3034300791556728 0.7376868953386104 0.30535400175901495 0.7324648197009674 0.3056288478452067 0.7272427440633246 0.3048043095866315 0.7222955145118733 0.30205584872471414 0.716523746701847 0.2962840809146878 0.7140501319261214 0.29023746701846964 0.7110268249780123 0.2836411609498681 0.7096525945470537 0.27841908531222515 0.7091029023746702 0.2718227792436236 0.7088280562884784 0.26330255057167984 0.7085532102022867 0.2578056288478452 0.7093777484608619 0.25423262972735267
1 0.6654023746701847 0.4686125769569041 0.6648526824978013 0.46201627088830255 0.6654023746701847 0.4529463500439753 0.6665017590149517 0.44909850483729113 0.6697999120492525 0.4419525065963061 0.6741974494283202 0.43673043095866315 0.6816182937554969 0.4293095866314864 0.6862906772207563 0.42436235708003517 0.6915127528583993 0.4205145118733509 0.6967348284960423 0.4188654353562005 0.7055299032541776 0.4180408970976253 0.712401055408971 0.4180408970976253 0.7192722075637642 0.4199648197009675 0.723669744942832 0.42271328056288476 0.7255936675461742 0.4268359718557608 0.7283421284080914 0.4306838170624451 0.7305408970976254 0.43618073878627966 0.7310905892700088 0.44277704485488123 0.728891820580475 0.45102242744063326 0.726693051890941 0.4567941952506596 0.7239445910290238 0.46036719437115214 0.7176231310466138 0.4672383465259455 0.7135004397537379 0.4705364995602463 0.708278364116095 0.47383465259454705 0.7003078276165347 0.47740765171503957 0.6948109058927001 0.47905672823219 0.6871152154793315 0.4798812664907652 0.6791446789797713 0.47878188214599826 0.6714489885664029 0.47658311345646437 0.6676011433597185 0.4735598065083553
1 0.7789138082673703 0.4458003518029903 0.7827616534740545 0.4433267370272647 0.7874340369393139 0.4419525065963061 0.7937554969217239 0.4433267370272647 0.7984278803869833 0.44772427440633245 0.8014511873350922 0.454320580474934 0.8052990325417766 0.46119173262972735 0.8077726473175022 0.4683377308707124 0.8085971855760774 0.47383465259454705 0.8083223394898856 0.48043095866314867 0.8077726473175022 0.48510334212840805 0.8044744942832014 0.48977572559366755 0.8003518029903255 0.4933487247141601 0.7951297273526825 0.49527264731750215 0.7901824978012313 0.49499780123131043 0.7844107299912049 0.4933487247141601 0.7802880386983289 0.4908751099384345 0.7756156552330695 0.48675241864555846 0.7723175021987687 0.4823548812664908 0.7701187335092349 0.47575857519788917 0.7681948109058927 0.470811345646438 0.7673702726473175 0.4636653474054529 0.7676451187335093 0.45706904133685133 0.7684696569920845 0.4521218117854002 0.7725923482849605 0.44854881266490765
1 0.8108638743455497 0.400196335078534 0.8048647469458987 0.4007417102966841 0.7988656195462478 0.3969240837696335 0.793957242582897 0.39092495636998253 0.787958115183246 0.3843804537521815 0.7803228621291448 0.37674520069808026 0.7770506108202443 0.3729275741710297 0.7737783595113438 0.3658376963350785 0.768869982547993 0.35602094240837695 0.7672338568935426 0.34511343804537525 0.7672338568935426 0.33747818499127397 0.7732329842931936 0.3331151832460733 0.7825043630017452 0.3320244328097731 0.7912303664921466 0.33475130890052357 0.7972294938917975 0.3391143106457243 0.8026832460732984 0.34674956369982546 0.806500872600349 0.35602094240837695 0.8103184991273996 0.3620200698080279 0.8130453752181501 0.36856457242582896 0.8152268760907504 0.37783595113438045 0.8163176265270505 0.38492582897033156 0.8168630017452007 0.3920157068062827
1 0.7057396251673359 0.5555555555555555 0.7015562248995983 0.5526271753681392 0.698627844712182 0.5496987951807228 0.6944444444444444 0.5425870147255689 0.6927710843373494 0.5379852744310576 0.695281124497992 0.5317101740294511 0.7007195448460508 0.5254350736278447 0.7115963855421686 0.5187416331994644 0.7207998661311914 0.5137215528781793 0.7346050870147256 0.5116298527443105 0.7450635876840696 0.5116298527443105 0.7555220883534136 0.5128848728246318 0.7634705488621151 0.5149765729585006 0.7684906291834002 0.5191599732262382 0.7714190093708165 0.5237617135207496 0.7722556894243641 0.5304551539491298 0.7714190093708165 0.5375669344042837 0.7693273092369477 0.5446787148594378 0.7655622489959839 0.5496987951807228 0.7605421686746987 0.5534638554216866 0.7505020080321285 0.5576472556894243 0.7438085676037482 0.5593206157965194 0.7358601070950468 0.5609939759036143 0.7295850066934404 0.5618306559571619 0.7199631860776439 0.5618306559571619 0.7136880856760375 0.5597389558232931
1 0.7730923694779116 0.6296017402945113 0.7684906291834002 0.6216532797858098 0.7613788487282462 0.6162148594377509 0.7538487282463185 0.6132864792503346 0.7450635876840696 0.6103580990629183 0.7320950468540829 0.6099397590361445 0.726656626506024 0.610776439089692 0.7212182061579652 0.6141231593038821 0.7166164658634538 0.6203982597054886 0.7153614457831324 0.6258366800535474 0.717871485943775 0.6375502008032128 0.7237282463186077 0.6467536813922355 0.7312583668005354 0.6505187416331994 0.7392068273092369 0.654702141900937 0.7509203480589022 0.6576305220883534 0.7609605087014725 0.6576305220883534 0.7663989290495313 0.6542838018741632 0.7701639892904952 0.6484270414993306 0.7730923694779116 0.6425702811244979 0.7743473895582329 0.6362951807228915
1 0.8213141025641025 0.5876068376068376 0.8169738247863249 0.5825988247863249 0.814636752136752 0.578258547008547 0.8129674145299145 0.5725827991452992 0.8112980769230769 0.5652377136752136 0.8112980769230769 0.5585603632478633 0.8106303418803419 0.5522168803418803 0.8136351495726495 0.5432024572649573 0.8159722222222221 0.5365251068376068 0.8199786324786325 0.5318509615384615 0.8253205128205128 0.5308493589743589 0.8323317307692307 0.5308493589743589 0.8370058760683761 0.5351896367521367 0.8416800213675213 0.539863782051282 0.843349358974359 0.5452056623931624 0.8446848290598291 0.5505475427350427 0.8450186965811965 0.5575587606837608 0.8450186965811965 0.5625667735042735 0.844017094017094 0.568576388888889 0.8446848290598291 0.5735844017094017 0.8430154914529915 0.5769230769230769 0.8410122863247863 0.5812633547008547 0.8390090811965811 0.5839342948717949 0.836338141025641 0.586605235042735 0.8333333333333334 0.5879407051282051 0.8309962606837608 0.5879407051282051 0.8269898504273504 0.5886084401709402
1 0.81891785150079 0.9334518167456557 0.815462085308057 0.9295023696682466 0.8115126382306478 0.924565560821485 0.8095379146919431 0.9156793048973145 0.8095379146919431 0.9062993680884677 0.8100315955766194 0.8979067930489733 0.8129936808846762 0.890501579778831 0.8164494470774092 0.8845774091627173 0.8238546603475514 0.8801342812006321 0.8342219589257505 0.8801342812006321 0.8440955766192734 0.8840837282780412 0.8470576619273302 0.8890205371248026 0.8500197472353872 0.8964257503949448 0.8519944707740916 0.9023499210110586 0.8519944707740916 0.9082740916271723 0.8524881516587679 0.9151856240126383 0.8500197472353872 0.9211097946287521 0.8465639810426542 0.9290086887835703 0.8431082148499212 0.934439178515008 0.8376777251184835 0.9359202211690364 0.8317535545023698 0.9359202211690364 0.8268167456556083 0.9354265402843603
1 0.8966206395348838 0.9150920542635659 0.9011627906976744 0.9078246124031008 0.9087330426356589 0.9038880813953489 0.9156976744186046 0.9002543604651163 0.9238735465116279 0.8975290697674418 0.931140988372093 0.8954093992248062 0.9408309108527132 0.8951065891472869 0.9514292635658915 0.8963178294573644 0.9611191860465116 0.9002543604651163 0.9692950581395349 0.904796511627907 0.9756540697674418 0.9081274224806202 0.978984980620155 0.9126695736434108 0.9792877906976744 0.922359496124031 0.978984980620155 0.9320494186046512 0.9759568798449613 0.9396196705426356 0.970203488372093 0.9453730620155039 0.9620276162790697 0.9496124031007752 0.9514292635658915 0.9523376937984497 0.9390140503875969 0.9535489341085271 0.926296027131783 0.9514292635658915 0.9187257751937985 0.9499152131782946 0.9114583333333334 0.9477955426356589 0.9050993217054264 0.9441618217054264 0.9005571705426356 0.9393168604651163 0.8972262596899225 0.9320494186046512 0.8969234496124031 0.9238735465116279 0.8969234496124031 0.919937015503876
1 0.967781007751938 0.7873062015503877 0.9623304263565892 0.7903343023255814 0.9547601744186046 0.7921511627906976 0.9453730620155039 0.7918483527131782 0.9390140503875969 0.7906371124031008 0.9323522286821705 0.7879118217054264 0.9265988372093024 0.7833696705426356 0.9229651162790697 0.7794331395348838 0.916000484496124 0.7706516472868218 0.9150920542635659 0.7658066860465116 0.9150920542635659 0.7594476744186046 0.9163032945736433 0.7542999031007752 0.9193313953488372 0.7491521317829457 0.9217538759689923 0.7458212209302325 0.9299297480620156 0.7427931201550387 0.9359859496124031 0.7412790697674418 0.9456758720930233 0.7403706395348838 0.9532461240310077 0.7409762596899225 0.9617248062015504 0.7440043604651163 0.9695978682170543 0.7482437015503877 0.9732315891472869 0.7546027131782946 0.9765625 0.7588420542635659 0.9777737403100775 0.7648982558139535 0.9774709302325582 0.7709544573643411 0.9765625 0.7754966085271318 0.9744428294573644 0.7803415697674418 0.9720203488372092 0.783672480620155
1 0.998062015503876 0.8066860465116279 0.9904917635658915 0.8069888565891473 0.9847383720930233 0.8100169573643411 0.9795906007751938 0.8130450581395349 0.9765625 0.8175872093023256 0.9735343992248062 0.8248546511627908 0.9732315891472869 0.8293968023255814 0.9732315891472869 0.8363614341085271 0.9738372093023256 0.8415092054263567 0.9750484496124031 0.8457485465116279 0.9780765503875969 0.850593507751938 0.9820130813953489 0.8548328488372092 0.9874636627906976 0.8566497093023256 0.9920058139534884 0.8575581395348838 0.9959423449612402 0.856952519379845 0.9983648255813954 0.8548328488372092
1 0.6875447067238912 0.001296494992846965 0.6862035050071531 0.005320100143061557 0.6835211015736766 0.01113197424892708 0.6826269670958512 0.01649678111587987 0.6826269670958512 0.022755722460658122 0.6839681688125894 0.02946173104434911 0.6870976394849785 0.03393240343347644 0.6960389842632332 0.0375089413447783 0.7049803290414879 0.03795600858369103 0.716604077253219 0.03527360515021463 0.7237571530758227 0.03259120171673823 0.7309102288984264 0.028567596566523645 0.7371691702432045 0.023649856938483586 0.7402986409155937 0.015155579399141672 0.7407457081545065 0.006214234620887021 0.7394045064377682 0.0008494277539342324
0 0.47686621174524396 0.20313792390405297 0.4781586021505376 0.19409119106699751 0.47945099255583123 0.1847859801488834 0.47945099255583123 0.18090880893300249 0.47996794871794873 0.1772901157981803 0.4817772952853598 0.1741883788254756 0.482552729528536 0.17082816377171214 0.4828112076095947 0.1682433829611249 0.4828112076095947 0.16565860215053763 0.4817772952853598 0.1641077336641853 0.47996794871794873 0.1651416459884202 0.4791925144747725 0.16798490488006618 0.47686621174524396 0.17367142266335817 0.4747983870967742 0.18168424317617865 0.4737644747725393 0.19150641025641024 0.47324751861042186 0.20029466501240695 0.4729890405293631 0.20572270471464021 0.4729890405293631 0.21011683209263854 0.47453990901571547 0.2103753101736973 0.4763492555831265 0.20727357320099257
0 0.39958126550868484 0.2589691894127378 0.40500930521091816 0.2411342018196857 0.41043734491315137 0.22485008271298593 0.4114712572373863 0.21838813068651777 0.411729735318445 0.21476943755169564 0.411729735318445 0.21296009098428453 0.4109543010752688 0.2127016129032258 0.40992038875103387 0.21528639371381306 0.40862799834574026 0.2196805210918114 0.4052677832919768 0.23001964433416047 0.40164909015715466 0.24061724565756826 0.3980303970223325 0.25069789081885857 0.3964795285359802 0.2550920181968569 0.39596257237386273 0.2607785359801489 0.39725496277915634 0.26310483870967744
0 0.38303866832092637 0.5895626550868486 0.3804538875103391 0.5784480976013235 0.3776106286186931 0.5673335401157983 0.37450889164598844 0.5580283291976841 0.3721825889164599 0.5526002894954509 0.37166563275434245 0.5484646401985113 0.3732165012406948 0.5471722497932175 0.37502584780810583 0.54872311827957 0.3778691066997518 0.5559605045492142 0.3812293217535153 0.5662996277915633 0.3848480148883375 0.5787065756823822 0.38820822994210086 0.5898211331679074 0.38820822994210086 0.5939567824648471 0.3863988833746898 0.5947322167080231
0 0.39286083540115796 0.7410308105872622 0.40294148056244833 0.7312086435070306 0.4114712572373863 0.7237127791563276 0.4189671215880893 0.7195771298593879 0.4228442928039702 0.7188016956162119 0.42568755169561623 0.7175093052109182 0.4285308105872622 0.7141490901571548 0.427755376344086 0.7125982216708023 0.42594602977667495 0.7123397435897437 0.4223273366418528 0.7141490901571548 0.41405603804797353 0.7188016956162119 0.406043217535153 0.7239712572373863 0.39699648469809756 0.7317255996691482 0.39337779156327546 0.7353442928039703 0.39079301075268813 0.7381875516956163 0.38846670802315963 0.7405138544251447 0.3889836641852771 0.7418062448304384 0.39079301075268813 0.7425816790736146
0 0.335220223325062 0.9607371794871795 0.3478856492969396 0.9555676178660051 0.35331368899917287 0.9545337055417701 0.35822477253928864 0.9534997932175352 0.36158498759305213 0.9524658808933002 0.36442824648469807 0.9503980562448305 0.3646867245657568 0.9488471877584781 0.36236042183622824 0.9478132754342432 0.359775641025641 0.9475547973531845 0.35486455748552526 0.9488471877584781 0.34323304383788256 0.9524658808933002 0.3354787014061208 0.9550506617038875 0.3310845740281224 0.9573769644334161 0.32979218362282875 0.9597032671629446 0.33030913978494625 0.9625465260545906 0.3328939205955335 0.9620295698924732
0 0.9144696029776676 0.927135028949545 0.9335969809760133 0.9276519851116626 0.9408343672456575 0.9279104631927212 0.949881100082713 0.9289443755169562 0.9591863110008272 0.9312706782464847 0.9638389164598843 0.9312706782464847 0.9628050041356493 0.9279104631927212 0.9584108767576509 0.9261011166253101 0.952724358974359 0.9245502481389578 0.945228494623656 0.9237748138957816 0.9372156741108354 0.9232578577336642 0.9307537220843672 0.9232578577336642 0.9240332919768404 0.9232578577336642 0.9183467741935484 0.9232578577336642 0.9129187344913151 0.9227409015715468 0.9103339536807279 0.9237748138957816 0.912143300248139 0.9255841604631928
0 0.8273624896608768 0.9183467741935484 0.8296887923904053 0.9077491728701406 0.8307227047146403 0.9005117866004964 0.8314981389578163 0.8940498345740282 0.83279052936311 0.8919820099255583 0.8343413978494624 0.8917235318444996 0.8351168320926387 0.8945667907361456 0.8351168320926387 0.9023211331679074 0.8330490074441688 0.9118848221670802 0.8309811827956989 0.9206730769230769 0.8299472704714641 0.9242917700578991 0.8276209677419355 0.9248087262200165 0.8273624896608768 0.9222239454094293
0 0.7557640612076095 0.6381565343258891 0.7438740694789082 0.6324700165425973 0.7368951612903226 0.6285928453267163 0.732759511993383 0.6275589330024814 0.7291408188585609 0.6273004549214227 0.7278484284532672 0.6267834987593053 0.7281069065343259 0.6254911083540117 0.7301747311827957 0.624198717948718 0.732759511993383 0.6236817617866006 0.7371536393713813 0.6254911083540117 0.7433571133167908 0.6283343672456575 0.7547301488833748 0.633503928866832 0.7627429693961952 0.6366056658395369 0.7635184036393714 0.6378980562448305 0.7617090570719603 0.6389319685690654
0 0.7883322994210091 0.48074338296112484 0.7844551282051282 0.47324751861042186 0.7831627377998346 0.4670440446650124 0.7826457816377171 0.4623914392059553 0.7831627377998346 0.4577388337468982 0.7857475186104218 0.4572218775847808 0.7883322994210091 0.45954818031430933 0.7904001240694789 0.4634253515301902 0.7914340363937138 0.46756100082712987 0.7929849048800662 0.47557382133995035 0.793243382961125 0.47945099255583123 0.793243382961125 0.4828112076095947 0.7909170802315963 0.4838451199338296
0 0.188921629445823 0.22252377998345743 0.17832402812241524 0.2124431348221671 0.17341294458229942 0.20623966087675766 0.16850186104218365 0.20029466501240695 0.16695099255583126 0.19745140612076098 0.16669251447477254 0.19538358147229115 0.1690188172043011 0.19460814722911496 0.1710866418527709 0.19564205955334987 0.17367142266335817 0.1990022746071133 0.17832402812241524 0.20572270471464021 0.1881461952026468 0.21580334987593053 0.2005531430934657 0.22459160463192723 0.20132857733664186 0.22691790736145573 0.1990022746071133 0.2274348635235732 0.19564205955334987 0.22691790736145573 0.19098945409429283 0.22407464846980976
0 0.06666149710504551 0.6526313068651779 0.0824286600496278 0.6453939205955336 0.09044148056244831 0.6407413151364765 0.09328473945409431 0.6391904466501241 0.09354321753515303 0.637381100082713 0.0901830024813896 0.6368641439205955 0.08449648469809762 0.6397074028122416 0.07183105872622003 0.6459108767576509 0.06536910669975188 0.6490126137303558 0.06304280397022335 0.650563482216708 0.06226736972704717 0.6539236972704715 0.06407671629445826 0.6546991315136477
0 0.22614247311827956 0.7133736559139785 0.21735421836228289 0.7123397435897437 0.20623966087675766 0.7128566997518611 0.20158705541770058 0.7141490901571548 0.19796836228287842 0.7149245244003309 0.19538358147229115 0.7149245244003309 0.19460814722911496 0.7133736559139785 0.1948666253101737 0.7118227874276262 0.20029466501240695 0.7094964846980977 0.21140922249793218 0.7087210504549214 0.22691790736145573 0.7087210504549214 0.23079507857733664 0.7087210504549214 0.23389681555004135 0.7100134408602151 0.23467224979321755 0.7123397435897437 0.2333798593879239 0.7138906120760959
0 0.47989980449657865 0.4762341153470186 0.4765395894428152 0.48387096774193544 0.4722629521016618 0.4945625610948191 0.4716520039100684 0.5015884652981427 0.470124633431085 0.5086143695014662 0.4716520039100684 0.5110581622678396 0.47379032258064513 0.5089198435972629 0.4768450635386119 0.5037267839687194 0.4789833822091886 0.49639540566959917 0.4808162267839687 0.489980449657869 0.48203812316715544 0.48387096774193544 0.48234359726295206 0.4789833822091886
