1 0.11701907131011612 0.24813432835820898 0.1108001658374793 0.24450663349917082 0.10250829187396354 0.2413971807628524 0.09369817578772806 0.23932421227197348 0.08592454394693204 0.238287728026534 0.07504145936981761 0.24036069651741296 0.06623134328358211 0.24606135986733005 0.05586650082918743 0.2533167495854063 0.05016583747927035 0.2605721393034826 0.04187396351575459 0.26990049751243783 0.04031923714759538 0.27663764510779437 0.04031923714759538 0.28337479270315086 0.04550165837479273 0.2885572139303482 0.05379353233830849 0.2978855721393035 0.0615671641791045 0.3061774461028192 0.07400497512437813 0.3103233830845771 0.08592454394693204 0.31239635157545603 0.09939883913764515 0.31239635157545603 0.11028192371475957 0.3087686567164179 0.11857379767827532 0.3030679933665008 0.12168325041459373 0.29892205638474295 0.12531094527363187 0.29114842454394696 0.1258291873963516 0.28441127694859036 0.1258291873963516 0.27508291873963514 0.1258291873963516 0.26679104477611937 0.12375621890547266 0.2600538971807629
1 0.19877675840978595 0.24592252803261977 0.18858307849133535 0.2484709480122324 0.18157492354740062 0.25101936799184504 0.17456676860346584 0.25452344546381245 0.16851427115188583 0.2612130479102956 0.16341743119266056 0.26853975535168195 0.15863914373088683 0.27841488277268095 0.15672782874617738 0.2876529051987768 0.15609072375127422 0.2937054026503568 0.15704638124362894 0.30644750254842 0.15991335372069318 0.31632262996941896 0.16469164118246687 0.3230122324159021 0.1688328236493374 0.3252420998980632 0.1863532110091743 0.32141946992864423 0.20036952089704385 0.3147298674821611 0.2089704383282365 0.3093144750254842 0.21311162079510704 0.3007135575942915 0.21629714576962283 0.2898827726809378 0.21788990825688073 0.2803261977573904 0.21788990825688073 0.2720438328236493 0.21597859327217125 0.2596202854230377 0.2121559633027523 0.2529306829765545 0.20482925586136597 0.24815239551478083
1 0.30963302752293576 0.3156855249745158 0.2930682976554536 0.31727828746177367 0.2841488277268093 0.3201452599388379 0.27491080530071355 0.3242864424057085 0.2666284403669725 0.3316131498470948 0.26216870540265036 0.3379841997961264 0.2567533129459735 0.34562945973496434 0.2535677879714577 0.34881498470948014 0.25006371049949033 0.3551860346585117 0.24974515800203875 0.36729102956167176 0.254841997961264 0.38512996941896027 0.2628058103975535 0.3962793068297656 0.27045107033639143 0.4013761467889908 0.280644750254842 0.40105759429153925 0.29147553516819574 0.39978338430173294 0.30772171253822633 0.39468654434250766 0.32046381243628946 0.3870412844036697 0.3252420998980632 0.37812181447502546 0.3300203873598369 0.3698394495412844 0.3328873598369011 0.3653797145769623 0.334480122324159 0.3580530071355759 0.33416156982670747 0.350407747196738 0.3316131498470948 0.3446738022426096 0.3297018348623853 0.3386213047910296 0.32715341488277266 0.3328873598369011 0.32396788990825687 0.328427624872579 0.31600407747196735 0.3233307849133537 0.31281855249745155 0.32046381243628946
1 0.15927624872579 0.37748470948012236 0.15226809378185527 0.37812181447502546 0.1417558613659531 0.38162589194699287 0.13474770642201833 0.3841743119266055 0.12614678899082568 0.39309378185524974 0.12232415902140673 0.4001019367991845 0.11754587155963302 0.40742864424057085 0.11563455657492354 0.41698521916411824 0.11818297655453619 0.4364169215086646 0.12519113149847094 0.45075178389398574 0.13188073394495411 0.45839704383282365 0.14239296636085627 0.46126401630988784 0.14876401630988786 0.46285677879714576 0.1611875637104995 0.46062691131498473 0.16978848114169215 0.45744138634046894 0.175203873598369 0.4523445463812436 0.18221202854230378 0.4434250764525994 0.18412334352701323 0.436098369011213 0.18730886850152906 0.4265417940876656 0.18858307849133535 0.41602956167176347 0.1892201834862385 0.4048802242609582 0.18539755351681958 0.3953236493374108 0.18157492354740062 0.3889525993883792 0.1736111111111111 0.3838557594291539 0.16851427115188583 0.3806702344546381 0.16501019367991845 0.3793960244648318
1 0.3105886850152905 0.49662334352701326 0.31090723751274213 0.4880224260958206 0.30835881753312944 0.4803771661569826 0.3038990825688073 0.47496177370030584 0.2972094801223241 0.4708205912334353 0.2902013251783894 0.4660423037716616 0.2838302752293578 0.4634938837920489 0.2774592252803262 0.46190112130479105 0.27045107033639143 0.46062691131498473 0.2612130479102956 0.4609454638124363 0.2529306829765545 0.46190112130479105 0.24432976554536187 0.4644495412844037 0.23636595310907238 0.4676350662589195 0.22999490316004076 0.4730504587155963 0.22489806320081548 0.47878440366972475 0.22266819571865443 0.4838812436289501 0.22234964322120285 0.4912079510703364 0.22935779816513763 0.5061799184505607 0.23636595310907238 0.5150993883792049 0.24464831804281345 0.5217889908256881 0.254841997961264 0.5281600407747197 0.26376146788990823 0.5313455657492354 0.27172528032619775 0.5345310907237513 0.2803261977573904 0.5364424057084608 0.2857415902140673 0.5361238532110092 0.292749745158002 0.5345310907237513 0.30103211009174313 0.5297528032619776 0.30740316004077467 0.5227446483180428 0.3112257900101937 0.5154179408766565 0.31218144750254845 0.5100025484199796 0.31218144750254845 0.5007645259938838
1 0.3435061315496098 0.41631828316610925 0.35012541806020064 0.41666666666666663 0.3605769230769231 0.42189241917502784 0.3713768115942029 0.4323439241917502 0.374860646599777 0.441401895206243 0.3759057971014492 0.4542920847268673 0.3710284280936455 0.46578874024526196 0.36615105908584167 0.4738015607580825 0.3619704570791527 0.4772853957636566 0.3511705685618729 0.4800724637681159 0.3442028985507246 0.4800724637681159 0.33305462653288737 0.4741499442586399 0.32713210702341133 0.4671822742474916 0.31981605351170567 0.4588210702341137 0.3180741360089186 0.45255016722408026 0.31911928651059085 0.44662764771460417 0.32016443701226305 0.4400083612040133 0.32225473801560756 0.4323439241917502 0.3250418060200669 0.42398272017837235 0.32922240802675584 0.4201505016722408 0.3365384615384615 0.4177118171683389
1 0.4960089399744572 0.47725095785440613 0.49201787994891444 0.4688697318007663 0.4840357598978288 0.4628831417624521 0.4776500638569604 0.4580938697318008 0.47086526181353766 0.45210727969348663 0.464080459770115 0.4481162196679438 0.4580938697318008 0.4465197956577267 0.4493135376756066 0.446918901660281 0.4417305236270754 0.4465197956577267 0.4365421455938697 0.4477171136653895 0.4217752234993614 0.45490102171136654 0.41419220945083013 0.4616858237547892 0.40900383141762453 0.46727330779054915 0.40261813537675606 0.4776500638569604 0.3998243933588761 0.48603128991060024 0.3998243933588761 0.4980044699872286 0.40621008939974457 0.5139687100893997 0.4133939974457216 0.5267401021711366 0.4217752234993614 0.5359195402298852 0.4313537675606641 0.5435025542784164 0.4493135376756066 0.5458971902937421 0.4624840357598978 0.5454980842911877 0.475654533844189 0.5419061302681992 0.48243933588761173 0.5391123882503194 0.4892241379310345 0.5319284802043422 0.4940134099616858 0.5247445721583653 0.49680715197956576 0.5127713920817369 0.4988026819923371 0.5011973180076629 0.5 0.4912196679438059 0.4988026819923371 0.4848339719029374
1 0.4952107279693487 0.35672094508301405 0.5075830140485312 0.36031289910600256 0.5147669220945084 0.366698595146871 0.5264195583596215 0.3805205047318612 0.5326629863301788 0.39169295478443744 0.5333201892744479 0.39695057833859093 0.534963196635121 0.41502365930599366 0.5306913774973713 0.42849631966351215 0.5237907465825447 0.43408254468980023 0.512946898002103 0.43835436382754994 0.507360672975815 0.4360541535226078 0.5004600420609885 0.43243953732912727 0.4935594111461619 0.4288249211356467 0.4843585699263933 0.4238958990536278 0.4787723449001052 0.4189668769716089 0.4741719242902208 0.4120662460567823 0.4712145110410095 0.40450841219768663 0.46727129337539436 0.390378548895899 0.4669426919032597 0.38413512092534174 0.46727129337539436 0.3805205047318612 0.4745005257623554 0.37230546792849634 0.4820583596214511 0.36343322818086227 0.48698738170347 0.35949001051524715
1 0.4674727520435968 0.31590599455040874 0.46832425068119893 0.3215826521344233 0.46605358764759314 0.32839464123524065 0.4637829246139873 0.3335036330608538 0.45810626702997276 0.34116712079927336 0.4507266121707538 0.3462761126248865 0.44221162579473206 0.3496821071752952 0.4359673024523161 0.351952770208901 0.42801998183469575 0.3516689373297003 0.4186534968210717 0.348830608537693 0.40673251589464127 0.34570844686648505 0.40219118982742963 0.34372161671207996 0.39935286103542234 0.3383287920072661 0.39793369663941874 0.3318006357856494 0.400772025431426 0.32186648501362397 0.4044618528610354 0.3142029972752044 0.4064486830154405 0.3085263396911898 0.41099000908265215 0.3054041780199819 0.41496366939146234 0.30398501362397823 0.421491825613079 0.30114668483197093 0.430858310626703 0.2997275204359673 0.43795413260672117 0.29915985467756584 0.44504995458673935 0.29688919164396005 0.45129427792915533 0.29688919164396005 0.4555517711171662 0.2985921889191644 0.46037693006357855 0.30228201634877383 0.4646344232515895 0.3076748410535876
1 0.40510240112994356 0.025512005649717496 0.41393008474576276 0.031249999999999983 0.41701977401129947 0.040960451977401106 0.421875 0.05552612994350281 0.41878531073446335 0.07494703389830507 0.41172316384180796 0.08951271186440676 0.4011299435028249 0.09657485875706212 0.3923022598870057 0.10187146892655365 0.3808262711864407 0.10496115819209037 0.3640536723163842 0.10628531073446325 0.3521362994350283 0.10143008474576269 0.34463276836158196 0.09171963276836156 0.34595692090395486 0.07803672316384178 0.34948799435028255 0.06391242937853106 0.35346045197740117 0.0511122881355932 0.35963983050847464 0.04140183615819207 0.3697916666666667 0.034781073446327665 0.37729519774011305 0.03080861581920902 0.39141949152542377 0.025953389830508454 0.3984816384180791 0.025512005649717496
1 0.6383868808567603 0.14683734939759036 0.6551204819277108 0.15227576974564927 0.663487282463186 0.16189759036144577 0.6710174029451138 0.17653949129852745 0.6756191432396251 0.1886713520749665 0.6764558232931727 0.20456827309236944 0.6701807228915662 0.22046519410977242 0.6584672021419009 0.22966867469879518 0.6463353413654619 0.2292503346720214 0.6362951807228915 0.22506693440428377 0.6315281562216167 0.22252497729336967 0.6264191643960036 0.22025431425976386 0.6196071752951863 0.21514532243415077 0.6127951861943688 0.21003633060853769 0.6096730245231609 0.20521117166212532 0.6054155313351498 0.20123751135331516 0.6005903723887375 0.19584468664850135 0.5986035422343324 0.19073569482288827 0.6000227066303361 0.18420753860127156 0.6008742052679383 0.1771117166212534 0.5986035422343324 0.17313805631244325 0.6003065395095368 0.16575840145322435 0.6076861943687556 0.16036557674841054 0.6142143505903724 0.15752724795640327 0.623013169845595 0.15298592188919166 0.6289736603088102 0.1492960944595822
1 0.7537453183520599 0.22901061173533085 0.7377496878901373 0.22940074906367042 0.7237047440699127 0.22666978776529337 0.7159019975031211 0.21886704119850187 0.7096598002496879 0.21457553058676654 0.7034176029962548 0.20599250936329588 0.6956148564294632 0.19701935081148564 0.692103620474407 0.1896067415730337 0.6936641697877654 0.1802434456928839 0.6952247191011236 0.17322097378277154 0.696785268414482 0.16697877652933835 0.6999063670411985 0.15761548064918854 0.7030274656679152 0.15293383270911362 0.7135611735330837 0.1486423220973783 0.723314606741573 0.14903245942571786 0.7326779026217228 0.15137328339575531 0.7432116104868914 0.15566479400749064 0.7478932584269663 0.15761548064918854 0.7576466916354557 0.16502808988764045 0.7670099875156055 0.178292759051186 0.77208177278402 0.18414481897627966 0.7755930087390761 0.19038701622971288 0.7775436953807741 0.19818976279650438 0.7740324594257179 0.2087234706616729 0.7697409488139826 0.21418539325842695 0.7631086142322097 0.22276841448189763
1 0.7919000933706816 0.25005835667600373 0.785189075630252 0.23984593837535012 0.7819794584500467 0.22904995331465916 0.78343837535014 0.2173786181139122 0.7854808590102708 0.20804154995331464 0.7889822595704948 0.19899626517273575 0.794234360410831 0.1914098972922502 0.8018207282913165 0.18499066293183938 0.8129084967320261 0.17857142857142855 0.8178688141923435 0.17565359477124182 0.8231113707165109 0.17133956386292834 0.8269140989729225 0.17127684407096172 0.83625116713352 0.17156862745098037 0.8452964519140989 0.1733193277310924 0.8520074696545284 0.17827964519140987 0.8549253034547152 0.1838235294117647 0.8575513538748832 0.19461951447245562 0.8607609710550885 0.20249766573295985 0.863095238095238 0.21241830065359477 0.863970588235294 0.22058823529411764 0.863970588235294 0.23050887021475255 0.8607609710550885 0.2401377217553688 0.8578431372549019 0.2506419234360411 0.8528828197945845 0.2567693744164332 0.8482142857142857 0.25968720821661995 0.8426704014939309 0.2591036414565826 0.8377100840336134 0.26172969187675066 0.8295401493930904 0.26406395891690004 0.8239962651727357 0.26464752567693745 0.8164098972922501 0.2637721755368814 0.8079481792717086 0.26143790849673204 0.8012371615312791 0.2591036414565826 0.7971521942110177 0.25618580765639587
1 0.7738095238095237 0.0799486461251167 0.7843137254901961 0.07965686274509803 0.7913165266106442 0.08169934640522875 0.8009453781512604 0.08490896358543416 0.810282446311858 0.08986928104575162 0.8213702147525677 0.09658029878618114 0.8295401493930904 0.10679271708683473 0.8327497665732959 0.11379551820728291 0.8347922502334266 0.12517507002801118 0.8304154995331465 0.13363678804855275 0.8242880485527544 0.13859710550887022 0.8167016806722689 0.14239028944911297 0.8099906629318394 0.14618347338935575 0.7994864612511671 0.14589169000933705 0.7904411764705882 0.14472455648926236 0.7805205415499532 0.13888888888888887 0.7697245564892623 0.13130252100840337 0.7624299719887955 0.12371615312791782 0.7589285714285714 0.11671335200746964 0.757469654528478 0.10679271708683473 0.7577614379084967 0.10066526610644258 0.7630135387488328 0.09161998132586366 0.769140989729225 0.08432539682539682
1 0.6767494658119658 0.01001602564102564 0.6817574786324786 0.01702724358974359 0.6840945512820512 0.025373931623931624 0.6881009615384616 0.035723824786324784 0.6914396367521367 0.0500801282051282 0.6914396367521367 0.07244925213675213 0.6884348290598291 0.08713942307692307 0.6807558760683761 0.09248130341880342 0.6717414529914529 0.10049412393162394 0.6653979700854701 0.10216346153846154 0.657719017094017 0.10450053418803419 0.6443643162393162 0.1048344017094017 0.6360176282051282 0.1014957264957265 0.6219951923076923 0.09515224358974358 0.617321047008547 0.09081196581196581 0.6119791666666666 0.0797943376068376 0.6093082264957265 0.07077991452991453 0.6086404914529915 0.06443643162393162 0.6103098290598291 0.06076388888888888 0.608974358974359 0.052083333333333336 0.6093082264957265 0.043068910256410256 0.6113114316239316 0.033720619658119656 0.616653311965812 0.025373931623931624 0.6223290598290598 0.020365918803418804 0.625 0.015691773504273504 0.6270032051282051 0.01235309829059829 0.6363514957264957 0.009348290598290598 0.6500400641025641 0.006677350427350427 0.6627270299145299 0.00500801282051282 0.6714075854700854 0.007011217948717949
1 0.852363782051282 -0.00036057692307692434 0.8500267094017093 0.0063167735042735035 0.8473557692307693 0.013327991452991452 0.8443509615384616 0.019337606837606842 0.8350026709401709 0.02968750000000001 0.8233173076923077 0.03436164529914534 0.813969017094017 0.03536324786324791 0.8036191239316238 0.03436164529914534 0.7942708333333334 0.027016559829059837 0.7862580128205128 0.020339209401709406 0.7822516025641025 0.012660256410256409 0.7789129273504274 0.0036458333333333325 0.7785790598290598 -2.6709401709403004e-05
1 0.9947916666666666 0.0 0.9911941580756014 0.007517182130584193 0.9890463917525774 0.014497422680412372 0.9809922680412372 0.025773195876288662 0.9697164948453608 0.03436426116838488 0.9584407216494846 0.039733676975945015 0.9391108247422681 0.039733676975945015 0.9294458762886598 0.03436426116838488 0.9214743589743589 0.027203525641025638 0.9174679487179487 0.020526175213675214 0.9168002136752136 0.01017628205128205 0.9181356837606837 0.0034989316239316228 0.9188034188034188 0.00016025641025640898
1 0.5973895582329317 0.4615336345381526 0.5852793040293042 0.45707417582417587 0.5784111721611722 0.4524954212454213 0.5749771062271063 0.4456272893772894 0.5692536630036631 0.4349435286935287 0.56620115995116 0.4219703907203908 0.5650564713064714 0.41014194139194143 0.5692536630036631 0.39564255189255193 0.5730692918192919 0.38610347985347987 0.5787927350427352 0.37885378510378515 0.5829899267399269 0.37580128205128205 0.5879502442002443 0.37503815628815634 0.5967261904761905 0.37618284493284493 0.6077915140415141 0.38038003663003667 0.6196661646586344 0.389683734939759 0.6268825301204818 0.40066516064257024 0.6303338353413654 0.40819528112449793 0.6347264056224898 0.416039156626506 0.6369226907630522 0.4232555220883534 0.6369226907630522 0.4298443775100401 0.6347264056224898 0.441453313253012 0.6325301204819277 0.44678714859437746 0.6284513052208834 0.4521209839357429 0.6237449799196786 0.4558860441767068 0.6159011044176705 0.45965110441767065 0.6102535140562249 0.46121987951807225 0.6024096385542168 0.4615336345381526
1 0.6598268072289156 0.38152610441767065 0.6544929718875501 0.3840361445783132 0.6508219602977668 0.38872518610421836 0.6464278329197685 0.3923438792390405 0.6456523986765923 0.40035669975186106 0.6472032671629446 0.4073356079404466 0.6495295698924732 0.4127636476426799 0.6518558726220017 0.41845016542597185 0.6583178246484699 0.4264629859387924 0.6652967328370554 0.4321495037220844 0.6746019437551696 0.43731906534325893 0.6839071546732838 0.43706058726220015 0.6898521505376344 0.43706058726220015 0.6970895368072788 0.433441894127378 0.7009667080231596 0.42723842018196856 0.7032930107526882 0.4197425558312655 0.7025175765095121 0.4135390818858561 0.7017421422663358 0.40630169561621177 0.6994158395368074 0.39880583126550867 0.6963141025641025 0.3938947477253929 0.692178453267163 0.3892421422663358 0.6862334574028123 0.38562344913151364 0.6815808519437552 0.3820047559966915 0.6717586848635235 0.3804538875103391 0.6671060794044666 0.3804538875103391
1 0.030381944444444444 0.3043619791666667 0.020616319444444444 0.3087022569444445 0.01410590277777778 0.31792534722222227 0.008680555555555556 0.33257378472222227 0.00705295138888889 0.341796875 0.00705295138888889 0.3548177083333333 0.00922309027777778 0.3694661458333333 0.0146484375 0.37651909722222227 0.02387152777777778 0.38302951388888895 0.034722222222222224 0.3851996527777778 0.0439453125 0.38302951388888895 0.050455729166666664 0.3803168402777778 0.055338541666666664 0.37326388888888895 0.06239149305555556 0.36187065972222227 0.06673177083333333 0.3510199652777778 0.06456163194444445 0.33908420138888895 0.0634765625 0.3298611111111111 0.05750868055555556 0.3184678819444445 0.04665798611111112 0.3108723958333333 0.03797743055555556 0.3065321180555556
1 0.05971337579617834 0.5400743099787686 0.0690165876777251 0.5330766192733017 0.07494075829383884 0.5276461295418641 0.08580173775671403 0.5251777251184834 0.09616903633491308 0.523696682464455 0.10851105845181673 0.5261650868878357 0.11937203791469192 0.5315955766192733 0.12529620853080567 0.5375197472353872 0.12825829383886253 0.5523301737756714 0.129739336492891 0.5661532385466035 0.12430884676145339 0.5720774091627173 0.11789099526066349 0.5765205371248026 0.10900473933649286 0.5799763033175356 0.09567535545023695 0.5824447077409164 0.08827014218009475 0.5824447077409164 0.07938388625592416 0.5809636650868879 0.07000394944707738 0.578001579778831 0.0625987361769352 0.5691153238546605 0.05963665086887834 0.5597353870458137 0.05371248025276459 0.5528238546603477 0.05124407582938386 0.5459123222748816 0.05469984202211688 0.5414691943127963
1 0.39883268482490275 0.5589332036316473 0.39194228274967574 0.5516374837872893 0.3834306095979248 0.5471789883268483 0.3737029831387808 0.5451523994811933 0.3603274967574579 0.5459630350194552 0.3526264591439689 0.5471789883268483 0.3420881971465629 0.5520428015564203 0.33357652399481197 0.5625810635538263 0.32911802853437094 0.5735246433203632 0.32709143968871596 0.5812256809338521 0.329928664072633 0.5929798962386511 0.3396562905317769 0.6059500648508431 0.3493839169909209 0.6120298313878081 0.35911154345006485 0.6144617380025941 0.37086575875486383 0.6156776913099871 0.3862678339818418 0.6108138780804151 0.3947795071335928 0.6059500648508431 0.40126459143968873 0.5974383916990921 0.4041018158236057 0.5856841763942932 0.4024805447470817 0.5771725032425422 0.40004863813229574 0.5666342412451363
1 0.33681906614785995 0.7153858625162127 0.33033398184176394 0.7080901426718548 0.322227626459144 0.6987678339818418 0.308852140077821 0.6886348897535669 0.2991245136186771 0.6849870298313879 0.2837224383916991 0.6841763942931258 0.27237354085603116 0.6857976653696498 0.26345654993514916 0.6898508430609598 0.2561608300907912 0.6959306095979249 0.24845979247730224 0.7068741893644618 0.2517023346303502 0.7129539559014267 0.2565661478599222 0.7315985732814527 0.26629377431906615 0.7457846952010377 0.27196822308690016 0.7518644617380026 0.2885862516212711 0.7648346303501945 0.29709792477302205 0.7684824902723736 0.311284046692607 0.7660505836575876 0.31939040207522695 0.7607814526588846 0.326280804150454 0.7547016861219196 0.33033398184176394 0.7498378728923477 0.33519779507133596 0.7425421530479898 0.33681906614785995 0.7344357976653697 0.33762970168612194 0.7238975356679638
1 0.4838362068965517 0.6795977011494253 0.4780890804597701 0.6713362068965517 0.4741379310344828 0.6663074712643678 0.46659482758620696 0.6616379310344828 0.45797413793103453 0.6602011494252874 0.44612068965517243 0.6598419540229885 0.4331896551724138 0.6627155172413793 0.42528735632183906 0.6673850574712644 0.41522988505747127 0.6734913793103449 0.410919540229885 0.6795977011494253 0.4069683908045977 0.6889367816091954 0.4069683908045977 0.69683908045977 0.4130747126436782 0.7072557471264368 0.42097701149425293 0.7151580459770115 0.4306752873563218 0.7201867816091954 0.4468390804597701 0.7219827586206897 0.4586925287356322 0.7216235632183908 0.46731321839080464 0.7180316091954023 0.4780890804597701 0.7097701149425287 0.4816810344827587 0.7022270114942529 0.4849137931034483 0.6939655172413793 0.48599137931034486 0.6846264367816093
1 0.38890016233766234 0.8258590367965368 0.37841585497835506 0.8116544913419913 0.36962256493506496 0.8052286255411255 0.3591382575757576 0.8025229978354977 0.35068317099567103 0.8018465909090909 0.3435808982683983 0.8025229978354977 0.33715503246753253 0.8045522186147186 0.32836174242424243 0.8089488636363636 0.3212594696969697 0.8170657467532467 0.31787743506493515 0.8261972402597402 0.31821563852813856 0.832623106060606 0.32159767316017324 0.84276920995671 0.33005275974025977 0.8539299242424242 0.3408752705627706 0.8627232142857142 0.35102137445887455 0.8667816558441558 0.36860795454545464 0.8688108766233766 0.37740124458874463 0.8664434523809523 0.3858563311688312 0.8633996212121212 0.38856195887445893 0.8556209415584416 0.39295860389610393 0.8468276515151515 0.39194399350649356 0.8393871753246753 0.3902529761904762 0.8309320887445888
1 0.2610051789077213 0.7783074387947269 0.26718455743879477 0.7847810734463276 0.2701271186440678 0.789783427495292 0.2739524482109228 0.7930202448210922 0.2733639359698682 0.8000823917137476 0.2733639359698682 0.8062617702448212 0.2710098870056497 0.8127354048964218 0.2677730696798494 0.8168549905838042 0.2618879472693032 0.8230343691148776 0.2592396421845574 0.8265654425612053 0.2554143126177025 0.8298022598870056 0.2495291902071563 0.8324505649717514 0.2442325800376648 0.8348046139359699 0.237758945386064 0.8359816384180792 0.22687146892655366 0.8321563088512242 0.21774952919020715 0.8274482109227872 0.21274717514124294 0.8242113935969868 0.2071563088512241 0.814795197740113 0.20450800376647835 0.8065560263653484 0.20068267419962335 0.7968455743879473 0.20038841807909605 0.7903719397363465 0.2030367231638418 0.7847810734463276 0.20803907721280604 0.776541902071563 0.20951035781544255 0.772716572504708 0.21333568738229755 0.7665371939736346 0.2192208097928437 0.7627118644067797 0.22540018832391712 0.7597693032015066 0.23099105461393596 0.7630061205273069 0.23569915254237286 0.7662429378531074 0.24599811676082864 0.7674199623352166 0.2533545197740113 0.7703625235404896 0.2583568738229755 0.7741878531073446
1 0.4496527777777778 0.7715277777777777 0.4659722222222222 0.7729166666666667 0.4746527777777778 0.7746527777777777 0.484375 0.7809027777777777 0.4913194444444445 0.7885416666666667 0.4972222222222222 0.7982638888888889 0.5045138888888888 0.8125 0.5065972222222223 0.821875 0.50625 0.835763888888889 0.5041666666666667 0.8427083333333333 0.4986111111111111 0.851736111111111 0.4888888888888889 0.8534722222222223 0.4791666666666667 0.8506944444444444 0.46805555555555556 0.853125 0.46458333333333335 0.8496527777777777 0.46076388888888886 0.845486111111111 0.45555555555555555 0.8409722222222222 0.44756944444444446 0.836111111111111 0.4427083333333333 0.83125 0.4378472222222222 0.8222222222222223 0.4322916666666667 0.8118055555555556 0.42986111111111114 0.804513888888889 0.42986111111111114 0.796875 0.43333333333333335 0.7899305555555556 0.43645833333333334 0.784375 0.44375 0.7770833333333333
1 0.5357638888888889 0.7131944444444444 0.5454861111111111 0.7222222222222222 0.5489583333333333 0.726388888888889 0.5534722222222223 0.734375 0.5572916666666666 0.7434027777777777 0.5590277777777778 0.7513888888888889 0.5604166666666667 0.7600694444444444 0.5604166666666667 0.7708333333333334 0.5572916666666666 0.7767361111111111 0.5475694444444444 0.78125 0.5399305555555556 0.7815972222222223 0.528125 0.779513888888889 0.5204861111111111 0.7777777777777778 0.5152777777777778 0.773263888888889 0.5118055555555555 0.765625 0.5114583333333333 0.7586805555555556 0.5114583333333333 0.7538194444444444 0.5118055555555555 0.7458333333333333 0.5121527777777778 0.7385416666666667 0.5128472222222222 0.7288194444444444 0.5142361111111111 0.7225694444444444 0.5184027777777778 0.7163194444444444 0.5253472222222222 0.7131944444444444
1 0.5870949074074073 0.6362847222222222 0.599537037037037 0.640625 0.6070601851851851 0.646701388888889 0.611400462962963 0.6519097222222222 0.615451388888889 0.6603009259259259 0.6168981481481481 0.665798611111111 0.6168981481481481 0.673900462962963 0.6200810185185185 0.681423611111111 0.6206597222222222 0.6886574074074073 0.6174768518518517 0.6950231481481481 0.6096643518518517 0.7019675925925927 0.6012731481481481 0.7057291666666666 0.5899884259259259 0.7057291666666666 0.5789930555555556 0.7022569444444444 0.5694444444444444 0.6996527777777778 0.5598958333333334 0.6956018518518517 0.5552662037037037 0.6909722222222222 0.5517939814814814 0.6840277777777778 0.5494791666666666 0.6756365740740741 0.5520833333333334 0.666087962962963 0.5538194444444444 0.6597222222222222 0.5590277777777778 0.6519097222222222 0.5665509259259259 0.6438078703703703 0.5740740740740741 0.6380208333333334 0.5807291666666666 0.6377314814814814
1 0.0 0.584375 0.008039033457249071 0.5855018587360594 0.015009293680297398 0.5870508054522925 0.023915737298636924 0.5920848822800496 0.03320941759603469 0.5986679058240397 0.0436648079306072 0.6079615861214374 0.049860594795539045 0.6184169764560099 0.049860594795539045 0.6354553903345724 0.0502478314745973 0.6416511771995044 0.048311648079306095 0.6470724907063197 0.041728624535316 0.6544299876084262 0.03475836431226768 0.657140644361834 0.022366790582403966 0.6567534076827758 0.00842627013630731 0.6540427509293679 0.0 0.65
1 0.0 0.7971335697399529 0.004063238770685579 0.7915927895981089 0.007757092198581561 0.7875295508274233 0.00960401891252955 0.7768173758865249 0.014406028368794326 0.7675827423167849 0.016252955082742316 0.758348108747045 0.01773049645390071 0.750960401891253 0.016252955082742316 0.7483747044917258 0.015883569739952717 0.734338061465721 0.012928486997635935 0.7191932624113476 0.00591016548463357 0.7121749408983452 0.0 0.7041666666666667
1 -0.00047770700636942524 0.8280254777070063 0.005825371549893844 0.8276937367303608 0.011796709129511678 0.8303476645435243 0.02208067940552018 0.8349920382165604 0.029047239915074317 0.8419585987261146 0.03402335456475585 0.8489251592356688 0.03402335456475585 0.8565552016985137 0.03136942675159237 0.8645169851380042 0.030042462845010626 0.8684978768577494 0.0250663481953291 0.875796178343949 0.0194267515923567 0.8797770700636942 0.014782377919320596 0.8844214437367303 0.010469745222929937 0.8860801486199574 0.002839702760084927 0.8890658174097664 -0.00047770700636942524 0.8893975583864118
1 0.34656124497991964 1.0002259036144578 0.3517193775100401 0.9936621485943775 0.35517068273092367 0.987387048192771 0.3557981927710843 0.979543172690763 0.35517068273092367 0.9723268072289156 0.35234688755020077 0.9613453815261044 0.34858182730923687 0.9538152610441767 0.3451305220883534 0.9506777108433735 0.33996402275769744 0.9452490517626059 0.32977883757251225 0.9387675702811245 0.31079735609103076 0.9355268295403838 0.2973714301651048 0.9359897925033468 0.28950105979473445 0.9396934962070504 0.28255661535029003 0.9489527554663097 0.28116772646140115 0.95682312583668 0.2793158746095493 0.9665453480589022 0.28070476349843815 0.9753416443551985 0.2862603190539937 0.9883046073181615 0.29320476349843816 0.9957120147255689 0.2976029116465863 1.0002259036144578
1 0.43286411411411413 1.000290915915916 0.43721903379282895 0.9943672211367993 0.44067033901371244 0.9887196307753535 0.4422391141141141 0.9805620002532651 0.44318037917435504 0.9724043697311767 0.4434941341944354 0.9670705343898114 0.44161160407395345 0.9582853938275624 0.44004282897355185 0.9535790685263575 0.4369052787727486 0.9479314781649116 0.4343952386121061 0.9435389078837872 0.43000266833098155 0.9397738476428235 0.42655136311009806 0.9366362974420201 0.42247254784905386 0.935381277361699 0.4111773671261623 0.9375775625022611 0.4033334916241543 0.9400876026629038 0.39517586110206593 0.9441664179239478 0.3885870056803791 0.9507552733456347 0.3848219454394153 0.9548340886066788 0.3813706402185318 0.9601679239480442 0.37791933499764824 0.9689530645102933 0.3772918249574876 0.976483184992221 0.37760557997756794 0.9855820805745503 0.3798018651181302 0.9909159159159157 0.38231190527877273 1.000014811498245
1 0.525 1.000319069069069 0.52881006006006 0.9930555555555555 0.533033033033033 0.9846096096096095 0.5344406906906907 0.9761636636636636 0.5346753003003003 0.9679523273273272 0.5349099099099098 0.9613832582582582 0.5349099099099098 0.9552834084084083 0.5332676426426426 0.9484797297297296 0.5302177177177178 0.9416760510510509 0.5266985735735735 0.9365146396396395 0.5201295045045045 0.9299455705705705 0.5112143393393392 0.9259572072072071 0.4997184684684684 0.9247841591591591 0.48822259759759756 0.9280686936936936 0.4851726726726726 0.9318224474474472 0.47907282282282276 0.9358108108108107 0.4746152402402402 0.9468374624624623 0.4713307057057057 0.9508258258258258 0.4696884384384384 0.9576295045045045 0.47039226726726724 0.9681869369369368 0.47203453453453453 0.9763982732732732 0.47320758258258255 0.985548048048048 0.47602289789789787 0.9907094594594593 0.4776651651651651 0.9984515765765765 0.478125 1.000319069069069
1 0.8161360062893082 0.5768474842767295 0.8009040880503144 0.5748820754716981 0.7964819182389937 0.5724253144654088 0.7871462264150944 0.5719339622641509 0.7817413522012578 0.5763561320754716 0.7768278301886792 0.5807783018867924 0.7699488993710691 0.585691823899371 0.7645440251572327 0.5901139937106917 0.7601218553459119 0.5960102201257861 0.7566823899371068 0.6038718553459119 0.7561910377358491 0.6112421383647798 0.7552083333333334 0.6220518867924528 0.7547169811320754 0.6289308176100629 0.7561910377358491 0.6372838050314464 0.7596305031446541 0.6451454402515723 0.7679834905660378 0.6525157232704402 0.7787932389937107 0.6485849056603773 0.7876375786163521 0.6485849056603773 0.795499213836478 0.6480935534591195 0.8048349056603773 0.6421973270440251 0.8136792452830188 0.6348270440251571 0.8225235849056604 0.624508647798742 0.8244889937106917 0.61812106918239 0.8269457547169811 0.6048545597484277 0.8294025157232704 0.5955188679245284 0.8264544025157232 0.5866745283018867
1 0.9222289644012946 0.5940533980582524 0.9156553398058253 0.5854571197411004 0.9030137540453075 0.5793891585760519 0.8959344660194175 0.5768608414239483 0.8853155339805826 0.5758495145631068 0.8767192556634306 0.5778721682847897 0.8736852750809062 0.5834344660194175 0.870651294498382 0.5925364077669903 0.868628640776699 0.6016383495145631 0.8691343042071197 0.6097289644012946 0.8731796116504855 0.6208535598705502 0.8802588996763755 0.6269215210355987 0.8908778317152104 0.6309668284789645 0.9035194174757282 0.6355177993527509 0.9105987055016181 0.6385517799352751 0.9171723300970874 0.6390574433656958 0.9298139158576053 0.6319781553398058 0.930319579288026 0.6208535598705502 0.926779935275081 0.6092233009708738 0.9247572815533982 0.5996156957928803
1 0.8022598870056498 0.7461158192090396 0.7976694915254237 0.7372881355932203 0.7909604519774011 0.7348163841807909 0.7807203389830507 0.7316384180790959 0.774364406779661 0.728813559322034 0.7680084745762712 0.7281073446327683 0.7581214689265536 0.7298728813559322 0.7496468926553672 0.7344632768361581 0.7464689265536724 0.739406779661017 0.7450564971751412 0.7475282485875706 0.7447033898305084 0.7570621468926554 0.7450564971751412 0.7648305084745762 0.7489406779661016 0.7725988700564971 0.7567090395480226 0.777542372881356 0.7662429378531073 0.7835451977401129 0.775776836158192 0.784957627118644 0.792725988700565 0.7824858757062146 0.8008474576271186 0.7771892655367231 0.8050847457627117 0.7683615819209039 0.8064971751412429 0.7598870056497175 0.8054378531073446 0.7503531073446328
1 0.7421352074966533 0.8647088353413654 0.7521753681392235 0.8709839357429718 0.7567771084337348 0.8822791164658633 0.760123828647925 0.8990127175368138 0.760123828647925 0.9103078982597055 0.7559404283801874 0.9236947791164657 0.7509203480589022 0.930388219544846 0.7400435073627845 0.9408467202141899 0.7316767068273092 0.9412650602409638 0.7237282463186077 0.9358266398929049 0.7207998661311914 0.9362449799196786 0.7111780455153949 0.9345716198125836 0.707412985274431 0.9295515394912984 0.7049029451137885 0.9249497991967871 0.6961178045515394 0.9186746987951807 0.6919344042838017 0.9119812583668004 0.6919344042838017 0.900686077643909 0.6940261044176705 0.8860441767068272 0.6977911646586344 0.8751673360107095 0.7057396251673359 0.8663821954484604 0.714524765729585 0.8609437751004015 0.7304216867469879 0.8596887550200802
1 0.862548828125 0.81982421875 0.87353515625 0.8348795572916666 0.8759765625 0.8483072916666666 0.8719075520833334 0.869873046875 0.86376953125 0.8873697916666666 0.860107421875 0.8934733072916666 0.852783203125 0.8971354166666666 0.8422037760416666 0.89794921875 0.8279622395833334 0.89794921875 0.8190104166666666 0.8959147135416666 0.8104654947916666 0.89306640625 0.8031412760416666 0.886962890625 0.7986653645833334 0.87353515625 0.7974446614583334 0.8653971354166666 0.7982584635416666 0.850341796875 0.8006998697916666 0.8401692708333334 0.8055826822916666 0.8287760416666666 0.8108723958333334 0.823486328125 0.8218587239583334 0.8190104166666666 0.8365071614583334 0.8153483072916666 0.8426106770833334 0.8125 0.847900390625 0.8125 0.8580729166666666 0.8157552083333334
1 0.8857516077170418 1.00018756698821 0.885182207931404 0.9892383440514471 0.8821677384780278 0.9805298767416935 0.8778135048231511 0.9745009378349411 0.8714496248660235 0.9698117631296892 0.8637459807073955 0.9657924705251876 0.8530278670953912 0.9627780010718114 0.8413049303322615 0.9624430600214363 0.8346061093247588 0.9624430600214363 0.8272374062165059 0.9644527063236871 0.8181939978563773 0.969141881028939 0.8118301178992496 0.9751708199356913 0.8094855305466238 0.9838792872454448 0.8148445873526259 0.9935925777063237 0.8190849410503751 1.00018756698821
1 0.8920055220883534 0.675828313253012 0.8948293172690762 0.6802208835341365 0.8957705823293173 0.6846134538152611 0.8966346153846154 0.6883012820512822 0.8966346153846154 0.6970772283272285 0.895108363858364 0.7069978632478634 0.8924374236874237 0.7188263125763127 0.8893849206349207 0.7268391330891332 0.8859508547008548 0.7348519536019537 0.8798458485958487 0.7394307081807082 0.8725961538461539 0.7451541514041514 0.8683989621489623 0.7482066544566545 0.8649648962148964 0.7524038461538463 0.85618894993895 0.753166971916972 0.8455051892551892 0.750114468864469 0.8416895604395606 0.7443910256410257 0.8348214285714287 0.7279838217338218 0.8374923687423689 0.7134844322344324 0.8405448717948719 0.701655982905983 0.8451236263736265 0.6905906593406594 0.8530998995983935 0.6777108433734939 0.8606300200803213 0.6695532128514056 0.8672188755020079 0.6657881526104418 0.873180220883534 0.6648468875502008 0.8819653614457831 0.6673569277108433 0.8894954819277108 0.6701807228915662
1 0.973373724489796 0.7552083333333334 0.974170918367347 0.7650403911564626 0.973639455782313 0.7698235544217688 0.9701849489795918 0.7777954931972789 0.9643388605442177 0.7852359693877552 0.9606186224489797 0.7881590136054422 0.9568983843537414 0.7916135204081632 0.9499893707482994 0.7940051020408164 0.9436118197278912 0.7953337585034014 0.937234268707483 0.7958652210884354 0.9305909863945578 0.7953337585034014 0.9207589285714286 0.7870960884353742 0.9167729591836734 0.780452806122449 0.9149128401360545 0.7754039115646258 0.9165072278911565 0.7658375850340137 0.9173044217687074 0.7586628401360545 0.9196960034013606 0.7528167517006803 0.9212903911564626 0.745376275510204 0.9297937925170068 0.740061649659864 0.9324511054421768 0.7363414115646258 0.936702806122449 0.7339498299319728 0.9414859693877552 0.7339498299319728 0.9483949829931972 0.7342155612244898 0.9574298469387755 0.7363414115646258 0.9624787414965986 0.7387329931972789 0.9691220238095238 0.7440476190476191 0.9725765306122448 0.7501594387755102
1 1.0002488191632928 0.5370782726045884 0.9885543184885288 0.5402327935222672 0.98096322537112 0.545715249662618 0.9746373144399458 0.552041160593792 0.9683114035087718 0.5613191632928474 0.9653593117408905 0.5697537112010795 0.9666244939271255 0.5857793522267206 0.9725286774628878 0.5950573549257759 0.9826501349527664 0.6009615384615384 0.9931933198380565 0.6001180836707152 1.0002488191632928 0.5954116059379218
1 0.9955507759784076 0.6992240215924427 0.984164136302294 0.6928981106612685 0.97783822537112 0.6882591093117408 0.9719340418353576 0.6823549257759784 0.9677167678812414 0.6768724696356275 0.9660298582995951 0.6722334682860999 0.9646021870286577 0.6697775263951734 0.9634238310708899 0.6624717194570136 0.9627168174962293 0.651395173453997 0.9657805429864253 0.6455033936651584 0.9719340418353576 0.6422908232118759 0.9807903171390013 0.6414473684210527 0.991755229419703 0.6431342780026991 1.0009193657219972 0.6466767881241566 1.0009193657219972 0.7029267881241565
1 1.0002101141190736 0.8007561132561133 0.994981671390631 0.8011583011583012 0.9885466649556245 0.8047779922779923 0.9805029069118665 0.8096042471042472 0.9752744641834237 0.8136261261261262 0.9712525851615447 0.818050193050193 0.9672307061396658 0.8228764478764479 0.9652197666287262 0.8281048906048907 0.962002263411223 0.8397683397683398 0.9664263303352899 0.8506274131274131 0.9748722762812358 0.8598777348777349 0.9837204101293697 0.8630952380952382 0.9925685439775035 0.8634974259974261 1.000535886319846 0.8614583333333333
1 1.0001866570327553 0.9464354527938342 0.9894039993750976 0.9433305621889437 0.9817624292335274 0.9433305621889437 0.975729610700709 0.9441349379933196 0.9656749131460115 0.9489611928195744 0.9624574099285081 0.954591823450205 0.9628595978306962 0.9642443331027146 0.9684902284613268 0.975103406461788 0.9769361744072727 0.9835493524077339 0.9890018114729098 0.9895821709405525 1.0001866570327553 0.9953937861271676
0 0.7337072649572651 0.8996871184371185 0.7302731990231991 0.9096077533577535 0.724168192918193 0.9180021367521368 0.7211156898656899 0.9202915140415141 0.7184447496947498 0.9241071428571429 0.7165369352869354 0.9260149572649573 0.7161553724053725 0.9256333943833945 0.7150106837606838 0.9160943223443224 0.7161553724053725 0.9027396214896215 0.7203525641025642 0.8901480463980465 0.7226419413919415 0.8863324175824177 0.7260760073260074 0.8825167887667889 0.7283653846153847 0.8794642857142858 0.7317994505494506 0.8779380341880343 0.7333257020757021 0.8802274114774116 0.734088827838828 0.8844246031746033 0.7352335164835165 0.8912927350427352
0 0.7795440446650125 0.7627429693961952 0.7694633995037221 0.7598997105045492 0.7671370967741936 0.7586073200992556 0.7645523159636063 0.7570564516129032 0.7619675351530191 0.7539547146401985 0.7624844913151365 0.7518868899917287 0.764810794044665 0.7511114557485526 0.7676540529363111 0.7511114557485526 0.7715312241521919 0.7531792803970223 0.7743744830438379 0.7539547146401985 0.7769592638544253 0.7544716708023159 0.7813533912324235 0.7565394954507858 0.7839381720430108 0.7586073200992556 0.7852305624483045 0.7609336228287841 0.7844551282051282 0.7627429693961952
0 0.7958281637717123 0.6234232837055418 0.8030655500413565 0.612825682382134 0.8056503308519437 0.609982423490488 0.80642576509512 0.6073976426799008 0.8053918527708851 0.6055882961124898 0.8040994623655915 0.6045543837882548 0.8022901157981804 0.6042959057071962 0.8004807692307693 0.6050713399503722 0.7986714226633581 0.607139164598842 0.7966035980148883 0.6102409015715468 0.7947942514474773 0.612825682382134 0.7924679487179488 0.6154104631927212 0.7914340363937138 0.6179952440033085 0.7904001240694789 0.621355459057072 0.7911755583126552 0.6247156741108354 0.7942772952853598 0.6257495864350703
0 0.4484336228287841 0.697864971050455 0.436285153019024 0.6976064929693961 0.4321495037220844 0.6973480148883375 0.4290477667493796 0.6963141025641025 0.4282723325062035 0.6952801902398676 0.4274968982630273 0.6934708436724566 0.4280138544251447 0.691144540942928 0.4308571133167908 0.6903691066997519 0.4344758064516129 0.6895936724565758 0.45127688172043007 0.6875258478081059 0.4621329611248966 0.6864919354838711 0.4647177419354839 0.6864919354838711 0.46575165425971876 0.6883012820512822 0.4660101323407775 0.6903691066997519 0.46368382961124893 0.6926954094292804 0.460840570719603 0.6950217121588089 0.45696339950372206 0.6965725806451614
0 0.6011941687344913 0.43137406947890816 0.5999017783291977 0.42129342431761785 0.5988678660049628 0.4166408188585608 0.5983509098428453 0.41379755996691475 0.5983509098428453 0.40966191066997515 0.599643300248139 0.40862799834574026 0.6014526468155501 0.40966191066997515 0.6032619933829612 0.41328060380479736 0.6050713399503722 0.4168992969396195 0.6058467741935484 0.42258581472291146 0.6079145988420183 0.4324079818031431 0.6079145988420183 0.43550971877584777 0.6066222084367247 0.43731906534325893 0.6042959057071962 0.43680210918114143 0.6014526468155501 0.43395885028949543
0 0.741289288668321 0.19848531844499587 0.7335349462365592 0.19512510339123243 0.7309501654259719 0.19331575682382135 0.7291408188585609 0.191764888337469 0.7268145161290323 0.188921629445823 0.72526364764268 0.186078370554177 0.724229735318445 0.1829766335814723 0.724229735318445 0.17987489660876757 0.7268145161290323 0.17884098428453268 0.7299162531017369 0.17961641852770885 0.7348273366418528 0.18245967741935484 0.7381875516956163 0.1850444582299421 0.7415477667493796 0.188921629445823 0.7446495037220845 0.19331575682382135 0.7472342845326717 0.19564205955334987 0.7485266749379653 0.1977098842018197 0.748785153019024 0.19951923076923078 0.7474927626137303 0.2010700992555831 0.7462003722084367 0.2026209677419355 0.7441325475599669 0.20287944582299422
0 0.4947011993382961 0.9757289081885856 0.49444272125723737 0.9622880479735318 0.4947011993382961 0.9589278329197684 0.4952181555004136 0.9553091397849462 0.4962520678246484 0.9534997932175352 0.49780293631100087 0.9532413151364765 0.4990953267162945 0.9534997932175352 0.4996122828784119 0.9545337055417701 0.5003877171215881 0.9597032671629446 0.5006461952026469 0.9731441273779983 0.5003877171215881 0.9759873862696443 0.4988368486352357 0.980123035566584 0.49702750206782464 0.9814154259718777 0.4952181555004136 0.981932382133995 0.4947011993382961 0.9793476013234078
0 0.8312396608767577 0.8588968155500414 0.8338244416873449 0.8508839950372208 0.8361507444168734 0.84700682382134 0.8389940033085195 0.8444220430107526 0.8420957402812241 0.8420957402812241 0.8464898676592225 0.8408033498759305 0.8493331265508686 0.8405448717948718 0.8511424731182796 0.8433881306865179 0.8521763854425145 0.84700682382134 0.8529518196856907 0.8516594292803971 0.8529518196856907 0.8565705128205129 0.8521763854425145 0.8614815963606286 0.8495916046319272 0.8671681141439206 0.84700682382134 0.8713037634408602 0.844163564929694 0.8744055004135649 0.8405448717948718 0.8764733250620348 0.8348583540115798 0.879058105872622 0.8314981389578163 0.8795750620347395 0.8309811827956989 0.8782826716294458 0.8302057485525227 0.8756978908188586 0.8289133581472291 0.8723376757650951 0.8289133581472291 0.868718982630273 0.8294303143093467 0.8645833333333334
0 0.9982165012406948 0.8389940033085195 0.9907206368899917 0.844163564929694 0.9881358560794045 0.8451974772539289 0.9850341191066998 0.8451974772539289 0.9840002067824649 0.844163564929694 0.9842586848635235 0.8415787841191068 0.9865849875930521 0.838477047146402 0.9889112903225806 0.835633788254756 0.9909791149710505 0.8325320512820513 0.9935638957816377 0.8291718362282878 0.9958901985111662 0.8265870554177006 0.9989583333333333 0.824030276399228
0 0.18633684863523572 0.2972239454094293 0.19254032258064516 0.2892111248966088 0.19564205955334987 0.2855924317617866 0.19796836228287842 0.28197373862696445 0.1990022746071133 0.2793889578163772 0.19796836228287842 0.2780965674110835 0.19615901571546734 0.27706265508684863 0.19357423490488007 0.2765456989247312 0.191764888337469 0.27628722084367247 0.18943858560794044 0.27706265508684863 0.18711228287841192 0.2799059139784946 0.18556141439205956 0.28249069478908184 0.18245967741935484 0.28585090984284534 0.17961641852770885 0.2897280810587262 0.17832402812241524 0.29282981803143093 0.17806555004135652 0.2964485111662531 0.17806555004135652 0.29903329197684037 0.17987489660876757 0.30006720430107525
0 0.08692286036036037 0.27801238738738737 0.09589667792792793 0.27519707207207206 0.10117539414414416 0.27466920045045046 0.10399070945945946 0.27378941441441446 0.10434262387387387 0.2723817567567568 0.102759009009009 0.27115005630630634 0.09871199324324324 0.27097409909909914 0.09466497747747749 0.27115005630630634 0.09184966216216216 0.27167792792792794 0.08868243243243243 0.2723817567567568 0.08445945945945946 0.2732615427927928 0.08164414414414416 0.27414132882882886 0.08094031531531533 0.27502111486486486 0.08164414414414416 0.2760768581081081 0.08375563063063063 0.27748451576576577
0 0.30686936936936937 0.3586007882882883 0.2982474662162162 0.3679265202702703 0.2899774774774775 0.37461289414414417 0.2846987612612613 0.3776041666666667 0.2804757882882883 0.3779560810810811 0.27766047297297297 0.3774282094594595 0.2773085585585585 0.3749648085585585 0.27889217342342343 0.37162162162162166 0.2795960022522523 0.3672226914414415 0.2799479166666667 0.36335163288288286 0.28117961711711714 0.36018440315315314 0.282763231981982 0.35719313063063063 0.28505067567567566 0.3536739864864865 0.2876900337837838 0.35033079954954954 0.29120917792792794 0.34698761261261263 0.29543215090090086 0.34470016891891897 0.2991272522522523 0.34294059684684686 0.303174268018018 0.3420608108108108 0.3059895833333333 0.342236768018018 0.30810106981981983 0.34382038288288286 0.3095087274774775 0.34575591216216217 0.3096846846846847 0.35085867117117114 0.3086289414414415 0.35314611486486486
0 0.37549268018018017 0.5866413288288289 0.3679265202702703 0.5885768581081081 0.3645833333333333 0.5889287725225226 0.3615920608108108 0.5887528153153153 0.3586007882882883 0.5884009009009009 0.35613738738738737 0.5875211148648649 0.3534980292792793 0.5864653716216216 0.3517384572072072 0.5848817567567567 0.35103462837837834 0.5832981418918919 0.35085867117117114 0.5803068693693694 0.35209037162162166 0.5788992117117117 0.35613738738738737 0.578195382882883 0.37478885135135137 0.5757319819819819 0.3776041666666667 0.5755560247747747 0.38006756756756754 0.5759079391891893 0.381299268018018 0.5769636824324323 0.38182713963963966 0.578195382882883 0.38182713963963966 0.5804828265765766 0.380419481981982 0.5824183558558559
0 0.29138513513513514 0.7326858108108109 0.28399493243243246 0.7284628378378379 0.2817074887387387 0.7267032657657657 0.27924408783783783 0.724415822072072 0.27748451576576577 0.7219524211711712 0.2773085585585585 0.7198409346846847 0.2787162162162162 0.7177294481981983 0.2808277027027027 0.7172015765765766 0.28417088963963966 0.7180813626126127 0.28786599099099097 0.7198409346846847 0.29138513513513514 0.721776463963964 0.29420045045045046 0.7240639076576577 0.29631193693693697 0.7258234797297297 0.29807150900900903 0.7281109234234234 0.29877533783783783 0.7305743243243243 0.29842342342342343 0.7326858108108109 0.29666385135135137 0.7340934684684685 0.29437640765765766 0.7342694256756757
0 0.3689822635135135 0.8477618243243243 0.34909909909909914 0.8393158783783784 0.3448761261261261 0.8373803490990991 0.342236768018018 0.8354448198198199 0.34082911036036034 0.8335092905405406 0.34012528153153154 0.8301661036036037 0.34047719594594594 0.8277027027027027 0.3432925112612613 0.8273507882882883 0.3494510135135135 0.8284065315315315 0.3533220720720721 0.8284065315315315 0.3577210022522523 0.8282305743243243 0.3607122747747748 0.8282305743243243 0.3640554617117117 0.8298141891891893 0.36634290540540543 0.8322775900900901 0.3682784346846847 0.8343890765765766 0.3707418355855856 0.8375563063063063 0.37338119369369366 0.83984375 0.3758445945945946 0.8423071509009009 0.37707629504504503 0.8445945945945946 0.37690033783783783 0.8477618243243243 0.37549268018018017 0.8491694819819819 0.37250140765765766 0.8491694819819819
0 0.3207699887387387 0.9797297297297297 0.31425957207207206 0.971459740990991 0.31179617117117114 0.968820382882883 0.31074042792792794 0.9660050675675677 0.31126829954954954 0.9633657094594594 0.31390765765765766 0.961254222972973 0.31760275900900903 0.9616061373873873 0.32112190315315314 0.9640695382882883 0.32305743243243246 0.9672367680180181 0.3244650900900901 0.970579954954955 0.32516891891891897 0.9733952702702703 0.32516891891891897 0.9772663288288289 0.3244650900900901 0.9793778153153153 0.3228814752252252 0.9802576013513513
0 0.018588664421997754 0.6299102132435465 0.008066778900112233 0.6235970819304152 0.004208754208754208 0.6204405162738496 0.0014029180695847362 0.6158810325476992 0.001052188552188552 0.6127244668911336 0.0024551066217732885 0.611672278338945 0.005611672278338945 0.6109708193041526 0.009118967452300786 0.611672278338945 0.013678451178451177 0.6127244668911336 0.01648428731762065 0.6144781144781144 0.02104377104377104 0.61763468013468 0.023849607182940512 0.621492704826038 0.026304713804713806 0.6267536475869808 0.025953984287317617 0.6299102132435465 0.022095959595959596 0.6306116722783389
0 0.030387336093857853 0.357876121463078 0.02952467218771569 0.3439656659765356 0.03286749482401659 0.33728002070393376 0.037827812284334045 0.33684868875086266 0.03987663906142169 0.34040717736369913 0.04117063492063495 0.3478476535541753 0.0383669772256729 0.3575526224982747 0.03329882677708767 0.35970928226363014
0 0.4542736656596173 0.8072129909365559 0.4549030715005035 0.8040659617321249 0.4695367573011077 0.8160246727089627 0.47158232628398794 0.8243643001007049 0.4681205941591138 0.8256231117824773 0.45978096676737157 0.8147658610271903
0 0.37552083333333336 0.0684375 0.385 0.05979166666666667 0.38718749999999996 0.0615625 0.38510416666666664 0.0678125 0.38166666666666665 0.0709375 0.3775 0.07145833333333333
0 0.985 0.6649999999999999 0.9863541666666666 0.6603125 0.9923958333333334 0.6647916666666667 0.9989583333333333 0.6691979166666666 0.9989583333333333 0.6769791666666667 0.9902083333333334 0.6696875
0 0.15288978494623656 0.39751344086021506 0.1448252688172043 0.4025537634408602 0.14280913978494622 0.4096102150537634 0.14012096774193547 0.4166666666666667 0.13911290322580644 0.42876344086021506 0.14348118279569894 0.43548387096774194 0.15524193548387097 0.43548387096774194 0.16196236559139784 0.43313172043010756 0.1646505376344086 0.41969086021505375 0.1646505376344086 0.4122983870967742 0.16297043010752688 0.4025537634408602 0.16028225806451613 0.4015456989247312
0 0.8322132616487454 0.19433243727598568 0.8260528673835126 0.19853270609318996 0.8187724014336918 0.20469310035842295 0.8154121863799283 0.2119735663082437 0.8114919354838709 0.22065412186379926 0.8092517921146953 0.22933467741935484 0.8095318100358423 0.2349350358422939 0.8098118279569892 0.24109543010752688 0.8109318996415771 0.2469758064516129 0.8117719534050178 0.2511760752688172 0.8131720430107526 0.2531362007168459 0.8168122759856631 0.2528561827956989 0.8240927419354839 0.2492159498207885 0.8291330645161289 0.24165546594982076 0.8324932795698924 0.23633512544802868 0.835293458781362 0.23101478494623653 0.8378136200716846 0.22513440860215053 0.8383736559139784 0.22121415770609318 0.8383736559139784 0.21645385304659498 0.8383736559139784 0.2114135304659498 0.8378136200716846 0.2060931899641577 0.8369735663082437 0.20217293906810033 0.8361335125448028 0.19797267025089604
