1 0.06041666666666667 -0.0004790145985401432 0.055386178861788565 0.008159196783573621 0.05436991869918694 0.01832179840958988 0.05436991869918694 0.02797626995430533 0.055386178861788565 0.03712261141771996 0.060975609756097504 0.0462689528811346 0.06961382113821132 0.049825863450240294 0.07926829268292677 0.049825863450240294 0.08536585365853652 0.044744562637232164 0.09451219512195116 0.03610635125511834 0.09857723577235768 0.028484400035606143 0.10060975609756093 0.01679740816568744 0.10112530413625304 0.002182177615571779 0.1 -0.0004790145985401432
1 -0.0003953771289537708 0.06614963503649633 0.007968369829683698 0.06462895377128954 0.01899330900243309 0.06462895377128954 0.027357055961070558 0.06576946472019465 0.037621654501216545 0.06881082725060826 0.045225060827250606 0.07679440389294404 0.04902676399026763 0.08895985401459854 0.04788625304136253 0.09960462287104623 0.04598540145985401 0.1087287104622871 0.042183698296836984 0.11405109489051093 0.03420012165450122 0.11861313868613138 0.024695863746958636 0.121654501216545 0.017092457420924575 0.12203467153284671 0.009108880778588808 0.12203467153284671 0.0018856447688564482 0.1212743309002433 -0.000775547445255474 0.11975364963503649
1 0.1957877128953771 0.13153892944038928 0.18780413625304135 0.12849756690997566 0.1798205596107056 0.12697688564476886 0.1687956204379562 0.12697688564476886 0.15929136253041362 0.12887773722627735 0.1482664233576642 0.13420012165450118 0.13610097323600973 0.14218369829683697 0.13001824817518248 0.14978710462287104 0.12393552311435523 0.1581508515815085 0.1205139902676399 0.16347323600973235 0.12317518248175181 0.17601885644768853 0.12925790754257907 0.1821015815085158 0.1345802919708029 0.18666362530413624 0.14978710462287104 0.19160583941605838 0.16689476885644766 0.1919860097323601 0.17753953771289538 0.18894464720194645 0.18400243309002431 0.18438260340632603 0.19008515815085156 0.17906021897810218 0.19616788321167883 0.17373783454987832 0.20034975669099755 0.16499391727493914 0.20263077858880776 0.15054744525547442 0.19958941605839414 0.14408454987834549 0.19882907542579076 0.13838199513381996
1 0.1433242092457421 0.01710766423357664 0.14104318734793184 0.028512773722627734 0.14142335766423356 0.03915754257907542 0.14370437956204377 0.049422141119221406 0.14940693430656934 0.057405717761557166 0.15586982968369828 0.06158759124087591 0.16689476885644766 0.06310827250608272 0.17677919708029194 0.06196776155717761 0.1832420924574209 0.05474452554744525 0.18590328467153283 0.04752128953771289 0.18704379562043794 0.03801703163017031 0.1855231143552311 0.026992092457420923 0.17906021897810218 0.017487834549878345 0.1680352798053528 0.012925790754257906 0.1566301703163017 0.00988442822384428 0.14978710462287104 0.011785279805352798
1 0.24959334334334338 0.041260010010010034 0.24083458458458462 0.04876751751751754 0.23332707707707712 0.0600287787787788 0.23051176176176177 0.07003878878878882 0.22957332332332336 0.07817192192192195 0.23238863863863868 0.09068443443443445 0.23833208208208212 0.10038163163163166 0.24458833833833837 0.10444819819819821 0.2530342842842843 0.10538663663663667 0.26335710710710714 0.10163288288288291 0.2718030530530531 0.09819194194194196 0.27649524524524527 0.09256131131131133 0.28056181181181183 0.08223848848848851 0.28243868868868877 0.0722284784784785 0.28243868868868877 0.0575262762762763 0.2796233733733734 0.049393143143143164 0.27399274274274277 0.042511261261261285 0.26335710710710714 0.03719344344344347 0.25647522522522526 0.03750625625625628
1 0.018073080967402733 0.19946109358569925 0.0272739221871714 0.1912460567823344 0.03680336487907466 0.18927444794952683 0.04896161934805468 0.189931650893796 0.06079127234490011 0.19913249211356468 0.06342008412197687 0.2103049421661409 0.06243427970557309 0.22213459516298634 0.054219242902208205 0.23560725552050474 0.04567560462670873 0.2402076761303891 0.03516035751840168 0.24710830704521555 0.026288117770767613 0.24940851735015773 0.014129863301787593 0.2517087276550999 0.005586225026288119 0.24875131440588855 0.0003286014721345951 0.24415089379600421 0.0 0.217534174553102 0.0029574132492113567 0.2119479495268139 0.01084384858044164 0.20537592008412198
1 0.06957116788321167 0.277904501216545 0.05588503649635036 0.2790450121654501 0.04904197080291971 0.2839872262773723 0.04409975669099756 0.291970802919708 0.04105839416058394 0.3014750608272506 0.04295924574209245 0.31059914841849146 0.046760948905109484 0.32048357664233573 0.05512469586374695 0.3258059610705596 0.06424878345498783 0.33226885644768855 0.07527372262773721 0.3326490267639902 0.08553832116788321 0.3269464720194647 0.09010036496350364 0.3132603406326034 0.09010036496350364 0.3007147201946472 0.08895985401459854 0.2938716545012165 0.08249695863746957 0.2847475669099756 0.07565389294403892 0.2790450121654501
1 0.12293277491408931 0.2515302835051546 0.11568406357388313 0.25421499140893467 0.11004617697594497 0.2585105240549828 0.10575064432989686 0.26495382302405496 0.1027974656357388 0.2692493556701031 0.10064969931271475 0.27998818728522334 0.10226052405498277 0.29260631443298973 0.10467676116838484 0.2990496134020618 0.110583118556701 0.305492912371134 0.12320124570446732 0.30790914948453607 0.12937607388316147 0.3081776202749141 0.13340313573883159 0.304150558419244 0.13555090206185563 0.2998550257731959 0.14118878865979376 0.2947540807560137 0.1422626718213058 0.2893846649484536 0.14521585051546387 0.28133054123711343 0.14816902920962197 0.27515571305841924 0.14843749999999997 0.2695178264604811 0.14709514604810991 0.26441688144329895 0.14441043814432986 0.2587789948453608 0.14011490549828176 0.2552888745704467 0.13179231099656355 0.2523356958762886 0.12776524914089343 0.2512618127147766
1 0.16355994152046785 0.30366715399610134 0.1532041910331384 0.3103679337231969 0.14833089668615987 0.31432748538011696 0.14132553606237816 0.32133284600389866 0.13797514619883042 0.32772904483430804 0.13432017543859648 0.33656189083820665 0.13432017543859648 0.34417641325536064 0.1388888888888889 0.3536184210526316 0.14833089668615987 0.35971003898635473 0.15503167641325535 0.3600146198830409 0.16142787524366473 0.35971003898635473 0.171479044834308 0.35788255360623783 0.18183479532163743 0.35483674463937626 0.18853557504873295 0.34996345029239767 0.19493177387914232 0.34326267056530213 0.1970638401559454 0.33808479532163743 0.19980506822612085 0.3304702729044834 0.2010233918128655 0.3225511695906433 0.1995004873294347 0.31432748538011696 0.1970638401559454 0.30701754385964913 0.19188596491228072 0.3015350877192982 0.18213937621832357 0.29848927875243664 0.17269736842105263 0.29848927875243664
1 0.24818022088353411 0.40474397590361444 0.24316014056224897 0.4016064257028112 0.23657128514056225 0.39941014056224894 0.22715863453815258 0.39878263052208834 0.2199422690763052 0.40066516064257024 0.2124121485943775 0.40380271084337344 0.20111696787148592 0.4100778112449799 0.19829317269076305 0.416039156626506 0.19672439759036145 0.4220005020080321 0.19860692771084337 0.4342369477911646 0.20582329317269074 0.44270833333333326 0.21460843373493974 0.4439633534136546 0.22370732931726905 0.4445908634538152 0.23249246987951805 0.4430220883534136 0.24065010040160642 0.43957078313253006 0.2491214859437751 0.43517821285140557 0.25320030120481923 0.4282756024096385 0.2563378514056225 0.4220005020080321 0.25445532128514053 0.416039156626506 0.2522590361445783 0.40882279116465864
1 0.2662819069069069 0.3601257507507507 0.2646396396396396 0.36552177177177175 0.2634665915915916 0.3727946696696696 0.26370120120120116 0.38311749249249244 0.2658126876876877 0.3953171921921922 0.2690972222222222 0.4016516516516516 0.27707394894894893 0.40845533033033027 0.28340840840840836 0.4122090840840841 0.2923235735735735 0.4129129129129129 0.29936186186186187 0.411036036036036 0.3064001501501501 0.40493618618618615 0.3108577327327327 0.39789789789789787 0.31414226726726724 0.3901557807807807 0.3160191441441441 0.38124061561561556 0.3160191441441441 0.3697447447447447 0.313673048048048 0.3605949699699699 0.31179617117117114 0.3535566816816817 0.30827702702702703 0.3469876126126126 0.3049924924924925 0.3439376876876877 0.29959647147147145 0.34112237237237236 0.293262012012012 0.3399493243243243 0.2888044294294294 0.33948010510510507 0.28223536036036034 0.3408877627627627 0.2763701201201201 0.3434684684684684 0.2726163663663664 0.34769144144144143 0.268628003003003 0.35332207207207206
1 0.07460585585585584 0.5921546546546547 0.06099849849849849 0.5987237237237237 0.05536786786786786 0.6076388888888888 0.05161411411411411 0.6174924924924924 0.05067567567567567 0.6264076576576577 0.05114489489489489 0.6395457957957957 0.05583708708708709 0.6522147147147147 0.06006006006006005 0.6583145645645645 0.06522147147147146 0.6611298798798798 0.07695195195195194 0.6587837837837838 0.08680555555555555 0.6531531531531531 0.09478228228228228 0.6437687687687688 0.1004129129129129 0.6334459459459458 0.10182057057057056 0.6212462462462461 0.10088213213213212 0.6081081081081081 0.09431306306306306 0.597316066066066 0.08399024024024022 0.5916854354354354
1 0.11863425925925926 0.5552662037037037 0.12123842592592592 0.546875 0.1284722222222222 0.5402199074074073 0.13773148148148148 0.5361689814814814 0.15133101851851852 0.5338541666666666 0.16261574074074076 0.5361689814814814 0.16927083333333334 0.5384837962962963 0.17476851851851852 0.540798611111111 0.17939814814814817 0.544849537037037 0.18229166666666666 0.5506365740740741 0.18258101851851852 0.5561342592592593 0.1736111111111111 0.5627893518518517 0.16637731481481483 0.5659722222222222 0.15885416666666666 0.5697337962962963 0.15306712962962962 0.5717592592592593 0.14612268518518517 0.572048611111111 0.13744212962962962 0.5714699074074073 0.13049768518518517 0.5679976851851851 0.12268518518518517 0.564236111111111 0.1177662037037037 0.560763888888889
1 0.2388996138996139 0.6270109395109394 0.23753280839895013 0.6328740157480315 0.23616579177602798 0.636428258967629 0.23085585585585588 0.6439028314028314 0.22482303732303732 0.6499356499356499 0.21597490347490347 0.6547619047619048 0.20499781277340332 0.656933508311461 0.19506113256113258 0.6551640926640927 0.18822393822393824 0.6487290862290862 0.18500643500643502 0.6435006435006436 0.18339768339768342 0.6350546975546976 0.1842020592020592 0.6294240669240669 0.19103925353925355 0.620978120978121 0.19465894465894468 0.6153474903474904 0.2031048906048906 0.6105212355212355 0.21436615186615188 0.608510296010296 0.22723616473616476 0.6097168597168597 0.23487773487773492 0.6113256113256114 0.2380952380952381 0.6161518661518662 0.2393018018018018 0.6225868725868726
1 0.15566168327796243 0.6799557032115171 0.1528931339977852 0.6886074197120708 0.15150885935769665 0.6951827242524916 0.14770210409745302 0.7007198228128461 0.14181893687707647 0.7045265780730896 0.1348975636766335 0.7072951273532669 0.12555370985603548 0.7107558139534883 0.11620985603543747 0.7114479512735327 0.11101882613510526 0.7090254706533776 0.10305924695459585 0.7034883720930232 0.09717607973421932 0.6986434108527131 0.09579180509413072 0.6920681063122923 0.09752214839424146 0.6848006644518273 0.09890642303433007 0.6806478405315615 0.1013289036544851 0.6754568106312292 0.10444352159468444 0.6695736434108527 0.10825027685492807 0.6616140642303433 0.11517165005537104 0.6571151716500553 0.1293604651162791 0.6529623477297896 0.13974252491694358 0.6533084163898117 0.14874031007751942 0.6557308970099668 0.15323920265780738 0.6605758582502769 0.1563538205980067 0.6678433001107419 0.157045957918051 0.6747646733111848
1 0.10075689448441251 0.7789643285371703 0.09551109112709835 0.7872077338129496 0.0943869904076739 0.8010716426858513 0.09551109112709835 0.8168090527577937 0.10300509592326142 0.8336705635491607 0.10974970023980818 0.8370428657074341 0.11649430455635494 0.8377922661870503 0.1266112110311751 0.8374175659472421 0.1352293165467626 0.8317970623501199 0.13972571942446044 0.8276753597122303 0.14309802158273383 0.8168090527577937 0.14384742206235013 0.8014463429256594 0.14234862110311752 0.7864583333333334 0.13972571942446044 0.7774655275779376 0.1303582134292566 0.7729691247002397 0.12099070743405278 0.7710956235011991 0.11012440047961633 0.7733438249400479
1 0.2075464628297362 0.7564823141486811 0.19593075539568347 0.7628522182254197 0.1914343525179856 0.7740932254196642 0.19031025179856118 0.7842101318944844 0.19105965227817745 0.7928282374100719 0.1955560551558753 0.8010716426858513 0.20155125899280577 0.8066921462829736 0.21279226618705038 0.8119379496402878 0.22028627098321343 0.8119379496402878 0.23040317745803357 0.8093150479616307 0.24014538369304556 0.8044439448441246 0.24988758992805757 0.7995728417266187 0.255882793764988 0.7943270383693045 0.2596297961630695 0.7864583333333334 0.26037919664268583 0.7740932254196642 0.255882793764988 0.763601618705036 0.2502622901678657 0.7561076139088728 0.24389238609112712 0.7508618105515588 0.2341501798561151 0.7482389088729017 0.22403327338129497 0.7482389088729017 0.21316696642685853 0.7523606115107914
1 0.2307585825027686 0.8668327796234773 0.23179678848283505 0.8789451827242524 0.22972037652270216 0.8875968992248062 0.22556755260243638 0.8948643410852714 0.22106866002214845 0.9010935769656699 0.20791805094130683 0.9069767441860465 0.19649778516057592 0.9049003322259136 0.18888427464008867 0.9000553709856035 0.18403931339977855 0.892095791805094 0.18438538205980073 0.8813676633444075 0.18646179401993362 0.8737541528239202 0.1926910299003323 0.8657945736434108 0.20168881506090813 0.8599114064230343 0.20791805094130683 0.8574889258028793 0.21830011074197128 0.8581810631229235 0.2262596899224807 0.8606035437430786
1 0.2955357142857143 0.8410714285714286 0.30089285714285713 0.8363095238095238 0.30625 0.8327380952380953 0.31339285714285714 0.8294642857142858 0.3214285714285714 0.8267857142857142 0.33422619047619045 0.8270833333333333 0.3482142857142857 0.8303571428571428 0.35238095238095235 0.8360119047619048 0.35535714285714287 0.843452380952381 0.3574404761904762 0.8526785714285714 0.3568452380952381 0.8622023809523809 0.3508928571428571 0.8705357142857142 0.3443452380952381 0.8755952380952381 0.33154761904761904 0.8815476190476191 0.32321428571428573 0.8836309523809525 0.3101190476190476 0.8833333333333333 0.30029761904761904 0.8794642857142858 0.29375 0.8738095238095238 0.28958333333333336 0.8669642857142857 0.28898809523809527 0.8544642857142858 0.28898809523809527 0.8485119047619047
1 0.30180431547619047 0.6608072916666665 0.2938988095238095 0.6496465773809523 0.2869233630952381 0.6445312499999999 0.2785528273809524 0.6417410714285714 0.2673921130952381 0.6417410714285714 0.2576264880952381 0.6445312499999999 0.2501860119047619 0.6542968749999999 0.2487909226190476 0.667782738095238 0.25158110119047616 0.6845238095238095 0.265531994047619 0.6984747023809523 0.2841331845238095 0.6984747023809523 0.2985491071428571 0.6928943452380951 0.30552455357142855 0.6826636904761904 0.3050595238095238 0.6715029761904762
1 0.27291666666666664 1.000372023809524 0.2669270833333333 0.9923921130952381 0.26041666666666663 0.9840215773809523 0.2501860119047619 0.9765811011904761 0.24414062499999997 0.9719308035714285 0.23437499999999997 0.9705357142857143 0.22507440476190474 0.9770461309523809 0.22228422619047616 0.9807663690476189 0.21995907738095238 0.9914620535714285 0.22395833333333334 1.000372023809524
1 0.26871565934065933 0.9251945970695971 0.2644230769230769 0.9343521062271062 0.2638507326007326 0.9435096153846153 0.26842948717948717 0.9572458791208791 0.2750114468864469 0.9618246336996337 0.2824519230769231 0.966117216117216 0.29132326007326004 0.9686927655677656 0.29962225274725274 0.969551282051282 0.30706272893772896 0.969551282051282 0.32108516483516486 0.9655448717948718 0.3293841575091575 0.960679945054945 0.3313873626373626 0.953525641025641 0.3313873626373626 0.9440819597069597 0.3276671245421245 0.9332074175824175 0.32137133699633696 0.9226190476190476 0.31507554945054944 0.9186126373626373 0.3044871794871795 0.9163232600732601 0.29475732600732596 0.9143200549450549 0.2878891941391941 0.9151785714285714 0.2755837912087912 0.9188988095238095 0.26986034798534797 0.9223328754578755
1 0.4143099547511312 0.9466911764705883 0.4088895173453997 0.9358503016591252 0.4020550527903469 0.9301941930618401 0.3959276018099548 0.926659125188537 0.3909785067873303 0.9250094268476622 0.3853223981900452 0.924538084464555 0.37848793363499245 0.9250094268476622 0.3723604826546003 0.9283088235294118 0.36505467571644046 0.9327865761689291 0.3624622926093515 0.9346719457013575 0.3591628959276018 0.9431561085972852 0.3579845399698341 0.9518759426847663 0.360105580693816 0.9605957767722474 0.36505467571644046 0.9688442684766214 0.37047511312217196 0.9737933634992458 0.37825226244343896 0.9789781297134238 0.38791478129713425 0.9792138009049774 0.3945135746606335 0.9789781297134238 0.40323340874811464 0.9775641025641025 0.40794683257918557 0.9742647058823529 0.41195324283559576 0.969079939668175 0.4138386123680241 0.9622454751131222 0.41595965309200605 0.9547039969834087
1 0.44714228617106316 0.822591926458833 0.44364508393285373 0.8150979216626698 0.4366506794564348 0.8088529176658673 0.42940647482014394 0.8036071143085531 0.42116306954436455 0.7998601119104716 0.41341926458832934 0.7968625099920065 0.40817346123101517 0.7968625099920065 0.40117905675459636 0.798611111111111 0.39343525179856115 0.80085931254996 0.3886890487609912 0.8046063149480417 0.38594124700239807 0.8101019184652277 0.3846922462030376 0.8160971223021584 0.3876898481215028 0.8268385291766587 0.3926858513189449 0.8353317346123101 0.4009292565947243 0.8430755395683452 0.4086730615507594 0.8465727418065547 0.41641686650679455 0.84957034372502 0.42366107114308554 0.8505695443645085 0.429656274980016 0.8508193445243805 0.43839928057553956 0.8488209432454037 0.44364508393285373 0.8450739408473222 0.44739208633093525 0.8413269384492407 0.44839128697042363 0.8358313349320544 0.44914068745004 0.8273381294964028
1 0.3667835533553355 0.675845709570957 0.3544073157315732 0.6806586908690869 0.34650027502750275 0.6885657315731571 0.34409378437843785 0.6985354785478547 0.3447813531353135 0.7102241474147414 0.34959433443344334 0.7215690319031902 0.3585327282728273 0.7277571507150714 0.37090896589658967 0.7294760726072607 0.381222497249725 0.7281009350935093 0.39256738173817385 0.7232879537953795 0.403224697469747 0.7160684818481847 0.4087252475247525 0.7050673817381737 0.41216309130913087 0.6944100660066006 0.4111317381738174 0.6861592409240924 0.4004744224422442 0.6796273377337733 0.3908484598459846 0.6761894939493949 0.381222497249725 0.6741267876787678
1 0.3582818930041152 0.5915637860082305 0.3523662551440329 0.5972222222222222 0.3505658436213992 0.6041666666666666 0.35030864197530864 0.6111111111111112 0.35468106995884774 0.6219135802469136 0.35879629629629634 0.6291152263374487 0.3670267489711934 0.6340020576131687 0.3773148148148148 0.6373456790123456 0.3868312757201646 0.6368312757201646 0.3948045267489712 0.6358024691358025 0.4050925925925926 0.6324588477366255 0.4102366255144033 0.6291152263374487 0.4130658436213992 0.6229423868312758 0.4133230452674897 0.614454732510288 0.4130658436213992 0.6085390946502058 0.4094650205761317 0.6021090534979424 0.40586419753086417 0.5977366255144033 0.3986625514403292 0.5923353909465021 0.39171810699588483 0.5882201646090535 0.3845164609053498 0.5864197530864197 0.3734567901234568 0.5869341563786008 0.36496913580246915 0.587962962962963
1 0.42925096339113683 0.4461103082851638 0.42503612716763006 0.44309971098265893 0.4208212909441233 0.4412933526011561 0.4105852601156069 0.44370183044316 0.40546724470134876 0.44701348747591524 0.3994460500963391 0.45213150289017345 0.39974710982658956 0.45664739884393063 0.4003492292870906 0.4638728323699422 0.40335982658959535 0.47350674373795765 0.40667148362235067 0.4786247591522158 0.41028420038535646 0.48193641618497113 0.417509633911368 0.4840438342967245 0.42563824662813105 0.484344894026975 0.43165944123314065 0.48163535645472066 0.43376685934489406 0.4786247591522158 0.4370785163776494 0.4720014450867052 0.43737957610789985 0.4638728323699422 0.4358742774566474 0.45664739884393063
1 0.35759874759152216 0.4027577071290944 0.35699662813102123 0.4105852601156069 0.3585019267822736 0.4211223506743738 0.36121146435452794 0.4310573217726397 0.3666305394990366 0.43677745664739887 0.37174855491329484 0.43677745664739887 0.3825867052023122 0.43527215799614644 0.38860789980732174 0.43165944123314065 0.3967365125240848 0.42593930635838156 0.4003492292870906 0.4166064547206166 0.40245664739884396 0.409381021194605 0.4045640655105973 0.40065028901734107 0.4045640655105973 0.39222061657032753 0.40095134874759153 0.3852962427745665 0.39553227360308285 0.3801782273603083 0.38770472061657035 0.3756623314065511 0.3837909441233141 0.37475915221579964 0.37475915221579964 0.37776974951830444 0.3690390173410405 0.38138246628131023 0.36301782273603084 0.3904142581888247 0.35820086705202314 0.3985428709055877
1 0.49436134852801517 0.4189814814814815 0.4830840455840456 0.42432336182336183 0.47388414055080724 0.4323361823361823 0.47210351377018045 0.44420702754036084 0.4747744539411206 0.45489078822412155 0.4810066476733143 0.4602326685660019 0.4899097815764482 0.46854226020892686 0.4988129154795821 0.46913580246913583 0.5094966761633428 0.46676163342830007 0.5157288698955366 0.4626068376068376 0.5207739791073124 0.455187559354226 0.5222578347578347 0.4456908831908832 0.5225546058879392 0.4412393162393162 0.5210707502374169 0.4335232668566002 0.5169159544159544 0.426400759734093 0.5100902184235517 0.4228395061728395 0.503858024691358 0.4189814814814815
1 0.4396551724137931 0.32004310344827586 0.4285201149425288 0.32076149425287354 0.42061781609195403 0.32255747126436785 0.4119971264367816 0.3301005747126437 0.4076867816091954 0.33764367816091956 0.40804597701149425 0.3541666666666667 0.4119971264367816 0.3613505747126437 0.42097701149425293 0.3685344827586207 0.43139367816091956 0.375 0.44037356321839083 0.3760775862068966 0.45079022988505746 0.37464080459770116 0.459051724137931 0.3706896551724138 0.4655172413793104 0.36278735632183906 0.4676724137931034 0.3556034482758621 0.4691091954022989 0.3487787356321839 0.46659482758620696 0.34195402298850575 0.46048850574712646 0.33512931034482757 0.4536637931034483 0.3279454022988506 0.4482758620689655 0.32255747126436785
1 0.30854885057471265 0.2521551724137931 0.29920977011494254 0.257183908045977 0.2931034482758621 0.2629310344827586 0.2869971264367816 0.27011494252873564 0.28125 0.28089080459770116 0.28089080459770116 0.29346264367816094 0.28412356321839083 0.3035201149425288 0.2877155172413793 0.3103448275862069 0.2938218390804598 0.3175287356321839 0.3020833333333333 0.32076149425287354 0.3125 0.32040229885057475 0.32112068965517243 0.3182471264367816 0.3286637931034483 0.31429597701149425 0.3380028735632184 0.3081896551724138 0.34231321839080464 0.29813218390804597 0.3441091954022989 0.28556034482758624 0.3444683908045977 0.27586206896551724 0.3405172413793104 0.2683189655172414 0.3380028735632184 0.2614942528735632 0.3301005747126437 0.25395114942528735 0.3232758620689655 0.2514367816091954
1 0.3795373210633947 0.23095603271983645 0.3715490797546012 0.23479038854805728 0.3664366053169735 0.24213957055214727 0.36483895705521474 0.25108640081799594 0.3664366053169735 0.2584355828220859 0.37218813905930476 0.2657847648261759 0.37889826175869123 0.26898006134969327 0.3897622699386503 0.2712167689161555 0.3948747443762782 0.2708972392638037 0.4019043967280164 0.2667433537832311 0.40829498977505113 0.261950408997955 0.4143660531697341 0.25492075664621683 0.41756134969325154 0.2446958077709612 0.4169222903885481 0.23670756646216773 0.41149028629856854 0.22935838445807774 0.4015848670756646 0.2268021472392638 0.39167944785276076 0.22776073619631904 0.3836912065439673 0.22776073619631904
1 0.30713383838383834 0.11079545454545454 0.2989267676767676 0.11742424242424242 0.2932449494949495 0.1221590909090909 0.288510101010101 0.12815656565656564 0.28724747474747475 0.13857323232323232 0.29577020202020204 0.1515151515151515 0.30523989898989895 0.1581439393939394 0.31912878787878785 0.16098484848484848 0.33270202020202017 0.16130050505050506 0.34375 0.1581439393939394 0.3519570707070707 0.15404040404040403 0.3576388888888889 0.14678030303030304 0.3604797979797979 0.13825757575757575 0.3604797979797979 0.12973484848484848 0.3563762626262626 0.11963383838383838 0.35006313131313127 0.11332070707070706 0.3434343434343434 0.10890151515151514 0.3339646464646464 0.10479797979797979 0.32702020202020204 0.10479797979797979 0.31849747474747475 0.10542929292929291 0.3112373737373737 0.10858585858585858
1 0.3804012345679013 0.034625771604938356 0.3746141975308642 0.04330632716049391 0.3702739197530865 0.053915895061728475 0.37316743827160503 0.0669367283950618 0.3804012345679013 0.0804398148148149 0.3929398148148149 0.08429783950617292 0.408371913580247 0.08188657407407415 0.4170524691358025 0.06983024691358032 0.4156057098765433 0.053915895061728475 0.41078317901234573 0.03993055555555564 0.4006558641975309 0.0331790123456791 0.38811728395061734 0.030767746913580328
1 0.48794367283950624 0.09104938271604947 0.4758873456790124 0.09104938271604947 0.47058256172839513 0.0896026234567902 0.4647955246913581 0.08574459876543218 0.46141975308641986 0.07851080246913589 0.45997299382716056 0.06886574074074082 0.4594907407407408 0.06114969135802477 0.46045524691358036 0.048611111111111195 0.46334876543209885 0.03800154320987662 0.4681712962962964 0.030285493827160576 0.47540509259259267 0.024016203703703786 0.4850501543209877 0.023051697530864283 0.49614197530864207 0.026909722222222307 0.5019290123456791 0.0331790123456791 0.5057870370370371 0.04041280864197539 0.5072337962962964 0.05295138888888897 0.5062692901234569 0.06307870370370379 0.5024112654320988 0.07079475308641985 0.4975887345679013 0.08188657407407415 0.4951774691358025 0.08622685185185193
1 0.4917181978798587 0.2841210247349824 0.48766931684334514 0.28964222614840995 0.48509275618374564 0.2973719081272085 0.4854608362779741 0.30988663133097766 0.48803739693757364 0.32092903415783275 0.4935585983510012 0.3293948763250884 0.5009202002355713 0.33491607773851595 0.5082818021201414 0.3374926383981155 0.5149072438162544 0.3389649587750295 0.5207965253239105 0.339333038869258 0.5307346878680801 0.33528415783274446 0.5380962897526501 0.3286587161366314 0.5428813309776207 0.31872055359246176 0.5447217314487632 0.31062279151943467 0.5421451707891637 0.299212308598351 0.5380962897526501 0.29185070671378094 0.5311027679623087 0.2833848645465254 0.5230050058892816 0.27749558303886934 0.5160114840989399 0.27491902237926974 0.5090179623085984 0.2752871024734983 0.4990797997644288 0.27749558303886934
1 0.5722629009762901 0.3817991631799163 0.5639818688981869 0.3900801952580195 0.5587517433751743 0.4022838214783821 0.5570083682008368 0.4149232914923291 0.5604951185495117 0.43192119944211993 0.5683403068340307 0.44543235704323564 0.5783647140864713 0.4493549511854951 0.5875174337517434 0.4510983263598326 0.5975418410041841 0.4528417015341701 0.6049511854951185 0.4493549511854951 0.6145397489539749 0.4432531380753138 0.6210774058577405 0.4371513249651325 0.6232566248256625 0.4293061366806137 0.6232566248256625 0.4153591352859135 0.6210774058577405 0.40664225941422594 0.6162831241283123 0.39356694560669453 0.606694560669456 0.38354253835425384 0.5988493723849372 0.3796199442119944 0.5883891213389121 0.3770048814504881 0.577928870292887 0.37918410041841
1 0.6215902278177459 0.35068195443645084 0.6332059352517985 0.3645458633093525 0.6410746402877697 0.3716651678657074 0.6534397482014389 0.3757868705035971 0.6620578537170264 0.3757868705035971 0.6740482613908872 0.3757868705035971 0.683041067146283 0.3716651678657074 0.6897856714628297 0.3619229616306955 0.690535071942446 0.35143135491606714 0.6875374700239808 0.3409397482014389 0.683041067146283 0.33082284172661874 0.6781699640287769 0.32745053956834536 0.666179556354916 0.32407823741007197 0.6579361510791366 0.32257943645083936 0.65119154676259 0.32033123501199046 0.6421987410071942 0.32033123501199046 0.6362035371702638 0.32407823741007197 0.627210731414868 0.32819994004796166 0.6223396282973621 0.33194694244604317 0.6189673261390887 0.3375674460431655 0.6189673261390887 0.34618555155875297
1 0.6684286898839137 0.14137645107794364 0.6772388059701492 0.15018656716417914 0.6824212271973465 0.16003316749585408 0.6839759535655058 0.17247097844112771 0.6829394693200663 0.18128109452736318 0.6790123456790124 0.1911475869809203 0.6744528619528619 0.1957070707070707 0.6653338945005611 0.19746071829405162 0.6534090909090909 0.19851290684624018 0.64429012345679 0.19395342312008976 0.6390291806958472 0.1914983164983165 0.6334175084175084 0.18483445566778897 0.6302609427609427 0.1781705948372615 0.6278058361391694 0.1697530864197531 0.6278058361391694 0.15817901234567902 0.6306116722783389 0.14800785634118968 0.6376262626262627 0.1406425364758698 0.6449915824915825 0.13748597081930417 0.6555134680134679 0.13748597081930417 0.663229517396184 0.1378367003367003
1 0.6446408529741863 0.023148148148148147 0.6386784511784511 0.01964085297418631 0.6306116722783389 0.01999158249158249 0.6225448933782266 0.02244668911335578 0.613776655443322 0.02770763187429854 0.6043069584736251 0.03717732884399551 0.5990460157126823 0.050505050505050504 0.5976430976430975 0.05962401795735129 0.5986952861952861 0.06944444444444443 0.6018518518518517 0.08171997755331088 0.6099186307519641 0.08838383838383838 0.6179854096520763 0.08943602693602694 0.6242985409652076 0.08838383838383838 0.6316638608305275 0.08522727272727272 0.6365740740740741 0.08207070707070706 0.6432379349046015 0.07716049382716049 0.6484988776655443 0.06874298540965208 0.6513047138047138 0.05892255892255892 0.6527076318742985 0.0484006734006734 0.6527076318742985 0.03577441077441077 0.6488496071829405 0.028058361391694722
1 0.6996527777777778 0.0697337962962963 0.6929976851851851 0.07725694444444445 0.6875 0.0853587962962963 0.685763888888889 0.09346064814814814 0.685474537037037 0.10011574074074074 0.6875 0.10792824074074074 0.693287037037037 0.11747685185185185 0.701099537037037 0.12297453703703703 0.7068865740740741 0.12528935185185183 0.7146990740740741 0.12471064814814814 0.7201967592592593 0.12384259259259259 0.7251157407407407 0.12268518518518517 0.7303240740740741 0.1189236111111111 0.7349537037037037 0.11429398148148147 0.7387152777777778 0.10677083333333333 0.7413194444444444 0.09780092592592592 0.7410300925925927 0.09085648148148147 0.7390046296296297 0.08506944444444445 0.7340856481481481 0.07667824074074074 0.728587962962963 0.07175925925925926 0.7222222222222222 0.06770833333333333 0.7109375 0.06597222222222222 0.7063078703703703 0.06655092592592592
1 0.7629427792915531 0.2077656675749319 0.7603882833787466 0.1995345140781108 0.7561307901907358 0.19470935513169846 0.7476158038147139 0.18960036330608537 0.7410876475930972 0.18704586739327883 0.7328564940962762 0.18732970027247958 0.724625340599455 0.1898841961852861 0.7180971843778383 0.1938578564940963 0.7121366939146231 0.20294050862851953 0.7095821980018165 0.2077656675749319 0.7084468664850136 0.21429382379654857 0.7121366939146231 0.22252497729336967 0.7192325158946412 0.23018846503178927 0.7268960036330608 0.23416212534059946 0.7376816530426885 0.23700045413260673 0.7436421435059037 0.23614895549500453 0.7513056312443234 0.23274296094459584 0.7581176203451409 0.23018846503178927 0.7598206176203451 0.22564713896457766 0.7623751135331517 0.21911898274296096 0.7629427792915531 0.21259082652134423
1 0.8118239921337266 0.08204277286135693 0.8004547689282203 0.08634464110127826 0.7930801376597837 0.0943338249754179 0.7893928220255654 0.10508849557522124 0.7869346116027531 0.11522861356932153 0.7863200589970502 0.12813421828908556 0.7903146509341199 0.13950344149459193 0.7961529006882988 0.14503441494591937 0.8053711897738446 0.1456489675516224 0.8130530973451328 0.14503441494591937 0.8247295968534907 0.1404252704031465 0.8311823992133726 0.1330506391347099 0.8345624385447394 0.12598328416912488 0.8367133726647001 0.11799410029498524 0.8367133726647001 0.10939036381514257 0.8351769911504424 0.10232300884955751 0.8333333333333334 0.09648475909537856 0.8305678466076696 0.09064650934119961 0.8259587020648967 0.08603736479842675 0.8204277286135694 0.08327187807276303
1 0.7846542672028597 -0.00037701072386058985 0.7872263181411975 0.004063337801608604 0.7886226541554959 0.008252345844504046 0.7889019213583557 0.016909629133154625 0.7875055853440571 0.028359584450402167 0.7855507149240393 0.033107126899017 0.7813617068811438 0.039809539767649685 0.7771726988382484 0.043160746201966055 0.770191018766756 0.044557082216264525 0.7609752010723859 0.044557082216264525 0.7520386505808757 0.04260221179624666 0.7442191689008042 0.03897173815907061 0.73891309204647 0.035899798927613955 0.7347240840035745 0.030314454870420043 0.732489946380697 0.02444984361036642 0.7310936103663985 0.01607182752457554 0.7319314119749776 0.01020721626452192 0.7347240840035745 0.002667001787310124 0.736737600536193 -0.00037701072386058985
1 0.8366693899782135 0.17796840958605664 0.8230528322440087 0.18307461873638342 0.8118191721132898 0.19056372549019607 0.8046704793028322 0.20111655773420478 0.8056917211328976 0.21371187363834424 0.809776688453159 0.2205201525054466 0.8159041394335512 0.2266476034858388 0.8230528322440087 0.23141339869281047 0.8267973856209151 0.23175381263616554 0.8349673202614379 0.2307325708061002 0.8393927015250545 0.23005174291938996 0.8462009803921569 0.22800925925925924 0.8502859477124183 0.22460511982570805 0.8570942265795207 0.21779684095860566 0.8594771241830066 0.21269063180827885 0.8615196078431373 0.20690359477124182 0.8618600217864923 0.20281862745098037 0.8615196078431373 0.19669117647058823 0.8601579520697168 0.1929466230936819 0.8584558823529412 0.18647875816993462 0.8540305010893247 0.18035130718954248 0.8431372549019608 0.17728758169934639
1 0.9197916666666667 -0.000813413014608233 0.9237217795484728 0.00781872509960167 0.9245517928286853 0.01570385126162026 0.9228917662682604 0.02898406374501999 0.9204017264276229 0.036869189907038594 0.913761620185923 0.043924302788844696 0.905046480743692 0.04558432934926966 0.8892762284196548 0.044754316069057186 0.8822211155378487 0.04184926958831349 0.8747509960159363 0.036039176626826104 0.8689409030544489 0.02856905710491375 0.8668658698539177 0.024418990703851333 0.8668658698539177 0.016118857901726503 0.8668658698539177 0.008648738379814152 0.8676958831341303 0.0015936254980080439 0.86875 -0.000813413014608233
1 1.0006448412698412 0.04062500000000001 0.9893477182539683 0.042100694444444434 0.9732266865079365 0.049541170634920625 0.964546130952381 0.057601686507936505 0.9633060515873015 0.07186259920634921 0.9657862103174603 0.08178323412698413 0.9738467261904762 0.0904637896825397 0.9899677579365079 0.09356398809523808 1.0006448412698412 0.09166666666666666
1 0.9759024577572964 0.23473502304147467 0.9706221198156683 0.2275345622119816 0.9639016897081414 0.22129416282642092 0.956221198156682 0.2193740399385561 0.9485407066052228 0.21889400921658986 0.9394201228878649 0.21889400921658986 0.9293394777265745 0.2208141321044547 0.921178955453149 0.22369431643625193 0.9130184331797235 0.2294546850998464 0.9029377880184332 0.24145545314900155 0.8995775729646698 0.25105606758832566 0.897657450076805 0.26305683563748083 0.9000576036866359 0.27553763440860213 0.904857910906298 0.28513824884792627 0.913978494623656 0.2894585253456221 0.9202188940092166 0.29089861751152074 0.9298195084485407 0.29185867895545314 0.9437403993855608 0.28705837173579113 0.9533410138248848 0.28321812596006146 0.9624615975422427 0.27697772657450076 0.9687019969278035 0.2707373271889401 0.9744623655913979 0.2620967741935484 0.9783026113671275 0.24865591397849462
1 0.9053120063191155 0.3444905213270142 0.9033372827804108 0.3533767772511848 0.9028436018957346 0.36275671406003157 0.9092614533965245 0.37411137440758296 0.9255529225908373 0.38398499210110587 0.934439178515008 0.38546603475513425 0.9522116903633492 0.38447867298578203 0.9610979462875199 0.3825039494470774 0.9689968404423381 0.3770734597156398 0.975414691943128 0.3701619273301738 0.9734399684044235 0.36226303317535546 0.9680094786729859 0.3518957345971564 0.9546800947867299 0.3430094786729858 0.9467812006319115 0.33856635071090047 0.9354265402843603 0.33609794628751977 0.9211097946287521 0.33609794628751977 0.9132109004739337 0.33757898894154814
1 0.8730014534883721 0.40092054263565896 0.8587693798449613 0.39910368217054265 0.8484738372093024 0.40001211240310075 0.8415092054263567 0.40182897286821706 0.8348473837209303 0.40667393410852715 0.8318192829457364 0.41424418604651164 0.8293968023255814 0.4236312984496124 0.8293968023255814 0.43241279069767447 0.8329166666666666 0.4404166666666667 0.837875484496124 0.44331395348837205 0.8445373062015504 0.44422238372093026 0.8511991279069767 0.4439195736434109 0.8575581395348838 0.4411942829457364 0.865734011627907 0.43816618217054265 0.8711845930232559 0.43271560077519383 0.8763323643410853 0.42665939922480617 0.8787548449612402 0.4206031976744186 0.8796632751937985 0.41515261627906974 0.8781492248062015 0.4063711240310078 0.8760295542635659 0.40334302325581395
1 0.9162822878228781 0.4565651906519065 0.9078259532595325 0.45233702337023374 0.8997539975399753 0.45079950799507995 0.8866851168511685 0.4511838868388684 0.8763068880688806 0.4531057810578106 0.8651599015990159 0.4592558425584256 0.8578567035670356 0.46579028290282903 0.8547816728167281 0.4707872078720788 0.8536285362853628 0.48270295202952035 0.8563191881918819 0.4892373923739237 0.8651599015990159 0.49730934809348093 0.8720787207872078 0.5011531365313654 0.8813038130381303 0.5026906519065191 0.8912976629766297 0.5030750307503075 0.9043665436654366 0.5026906519065191 0.9139760147601476 0.4988468634686347 0.9197416974169741 0.4911592865928659 0.9232011070110702 0.48462484624846247 0.9243542435424353 0.47194034440344407 0.9212792127921279 0.4619464944649447
1 0.9674046740467405 0.5365159901599016 0.9616389913899138 0.5276752767527675 0.9562576875768758 0.5230627306273062 0.945110701107011 0.5203720787207872 0.9355012300123 0.5196033210332104 0.9316574415744157 0.5196033210332104 0.9247386223862238 0.5222939729397295 0.9151291512915128 0.5284440344403444 0.9105166051660516 0.5342097170971709 0.9093634686346863 0.5438191881918819 0.914360393603936 0.5553505535055351 0.9193573185731857 0.56150061500615 0.9297355473554735 0.5699569495694957 0.938960639606396 0.5726476014760148 0.9535670356703567 0.5726476014760148 0.960870233702337 0.5691881918819188 0.9685578105781057 0.5626537515375154 0.9720172201722017 0.5530442804428044 0.9712484624846247 0.5453567035670356
1 0.6249307862679956 0.6387735326688815 0.6114341085271318 0.6370431893687708 0.602782392026578 0.6394656699889257 0.5951688815060907 0.6450027685492802 0.5906699889258029 0.6512320044296788 0.5927464008859358 0.660921926910299 0.5968992248062015 0.6678433001107419 0.6048588039867109 0.6747646733111848 0.6141180727874276 0.6782206368899917 0.6214700996677741 0.6792635658914729 0.6290836101882614 0.6782253599114064 0.6389319685690654 0.6740849875930521 0.6438430521091812 0.6655552109181142 0.6439645625692136 0.6567691029900332 0.6418881506090808 0.6474252491694352 0.6353132754342432 0.6404828370554178
1 0.6465093411996067 0.7162610619469026 0.6412856440511308 0.713495575221239 0.6342182890855457 0.7122664700098329 0.6237708947885939 0.713495575221239 0.6179326450344149 0.7141101278269419 0.6096361848574238 0.7177974434611603 0.6037979351032449 0.720562930186824 0.5985742379547688 0.7248647984267453 0.5942723697148475 0.7316248770894788 0.5927359882005899 0.7368485742379548 0.5924287118977385 0.7460668633235005 0.5955014749262536 0.7543633235004916 0.6001106194690266 0.7574360865290068 0.6037979351032449 0.7611234021632252 0.60687069813176 0.765732546705998 0.6108652900688298 0.7684980334316618 0.6176253687315634 0.7727999016715831 0.6237708947885939 0.7734144542772862 0.6320673549655851 0.7727999016715831 0.6419001966568338 0.7694198623402163 0.6541912487708947 0.7632743362831858 0.6572640117994101 0.7562069813176008 0.6600294985250738 0.7488323500491643 0.6588003933136676 0.7380776794493609 0.6563421828908554 0.7294739429695182 0.651425762045231 0.720562930186824
1 0.616243961352657 0.8662439613526569 0.6153381642512077 0.8740942028985507 0.6177536231884058 0.8861714975845411 0.6201690821256037 0.8928140096618357 0.6246980676328503 0.9018719806763286 0.6310386473429952 0.9091183574879227 0.6367753623188405 0.9145531400966184 0.642512077294686 0.9166666666666666 0.6479468599033816 0.9172705314009661 0.6542874396135265 0.9154589371980676 0.660024154589372 0.9109299516908212 0.6633454106280193 0.9045893719806763 0.6645531400966184 0.8928140096618357 0.6615338164251207 0.8771135265700483 0.6591183574879227 0.8710748792270532 0.6554951690821256 0.8644323671497585 0.6521739130434783 0.8580917874396136 0.6461352657004831 0.8523550724637681 0.6391908212560387 0.848731884057971 0.6340579710144927 0.8484299516908212 0.6268115942028986 0.8505434782608695 0.6228864734299517 0.8529589371980676 0.6195652173913043 0.8577898550724636
1 0.7959739803094233 0.7838871308016877 0.7900404360056258 0.7790523909985935 0.7845464135021096 0.7757559774964838 0.7788326300984528 0.7733386075949367 0.7724595639943741 0.7715805203938115 0.7647679324894515 0.7709212376933896 0.7555379746835443 0.7713607594936709 0.7509229957805907 0.7722398030942335 0.7447696905766527 0.7750966947960619 0.7410337552742615 0.7788326300984528 0.7377373417721518 0.7845464135021096 0.7366385372714486 0.7928973277074542 0.7386163853727145 0.799270393811533 0.7430116033755273 0.8045446554149085 0.7460882559774965 0.8091596343178621 0.751362517580872 0.8122362869198312 0.7608122362869199 0.8190488748241912 0.766306258790436 0.8232243319268636 0.7720200421940928 0.8265207454289732 0.7786128691983122 0.8278393108298172 0.7867440225035162 0.8276195499296766 0.7920182841068917 0.8267405063291139 0.7994901547116736 0.8238836146272855 0.803006329113924 0.8225650492264417 0.8045446554149085 0.8199279184247538 0.807401547116737 0.814214135021097 0.8089398734177214 0.8085003516174402 0.8091596343178621 0.803006329113924 0.8063027426160337 0.7959739803094233 0.8027865682137834 0.7904799578059071 0.799270393811533 0.7867440225035162
1 0.700187969924812 0.85421888053467 0.6970551378446115 0.861267752715121 0.695749791144528 0.8696219715956558 0.6962719298245614 0.8769319131161236 0.6996658312447787 0.8871136173767752 0.7051482873851295 0.89546783625731 0.7176796157059314 0.9035609857978278 0.7257727652464495 0.9059106098579782 0.7349101921470341 0.9064327485380116 0.7443086883876356 0.9061716791979949 0.7531850459482038 0.902516708437761 0.7563178780284043 0.8978174603174602 0.7581453634085213 0.889985380116959 0.7571010860484544 0.8831975772765246 0.7550125313283208 0.8753654970760234 0.7526629072681704 0.8709273182957393 0.7443086883876356 0.8607456140350876 0.7369987468671678 0.8539578111946533 0.7262949039264829 0.8497807017543859 0.7189849624060151 0.8476921470342522 0.7101086048454469 0.8489974937343358 0.7061925647451963 0.8503028404344194
1 0.6637435040831476 0.9562917594654788 0.6653674832962138 0.9648756495916851 0.6672234595397178 0.9729955456570155 0.6693114328136599 0.9794914625092799 0.6739513734224202 0.9864513734224202 0.6802152932442465 0.9924832962138085 0.6881031922791387 0.9968912397921307 0.6916666666666667 0.9989583333333333 0.7201187824795843 0.9987472160356348 0.7242947290274684 0.9924832962138085 0.7261507052709725 0.9855233853006681 0.7261507052709725 0.9785634743875278 0.7235987379361544 0.9727635486265775 0.7210467706013363 0.9674276169265033 0.7173348181143281 0.961627691165553 0.7136228656273199 0.9560597624350408 0.7059669636228656 0.9500278396436526 0.7027190051967335 0.9472438752783964 0.6894951744617669 0.9432999257609502 0.6818392724573125 0.9416759465478841 0.6762713437268002 0.9430679287305122 0.668615441722346 0.9458518930957683 0.6667594654788418 0.9490998515219005
1 0.8415532879818595 0.9386337868480725 0.8394274376417233 0.9296579743008314 0.833994708994709 0.9206821617535904 0.8276171579743008 0.9135959939531368 0.8231292517006802 0.9098167044595616 0.8127362055933484 0.9065098261526833 0.807775888133031 0.9046201814058957 0.800453514739229 0.9039115646258503 0.7931311413454271 0.9048563869992441 0.7879346182917611 0.9083994708994709 0.7827380952380952 0.9140684051398337 0.7796674225245653 0.9202097505668935 0.7794312169312169 0.9334372637944066 0.7815570672713529 0.9417044595616024 0.7926587301587301 0.9570578231292516 0.8032879818594104 0.962962962962963 0.810374149659864 0.965088813303099 0.817224111866969 0.9646164021164021 0.8236016628873771 0.9615457294028722 0.8325774754346182 0.9577664399092971 0.8373015873015872 0.953042328042328 0.840844671201814 0.9457199546485261
1 0.8309311670160725 0.8418501048218029 0.8261268343815512 0.8468728162124388 0.8239430468204052 0.8518955276030747 0.8237246680642906 0.8604122990915443 0.8243798043326345 0.8665269042627533 0.8270003494060097 0.8728598881900768 0.8313679245283018 0.8785377358490565 0.8337700908455624 0.881595038434661 0.8390111809923131 0.8861809923130678 0.8468728162124388 0.8903301886792452 0.8512403913347308 0.8918588399720474 0.8532058001397623 0.8925139762403912 0.8580101327742836 0.8955712788259957 0.8630328441649195 0.8955712788259957 0.8669636617749824 0.8933874912648497 0.8737334032145352 0.8885831586303284 0.8774458420684835 0.8833420684835779 0.8791928721174004 0.8778825995807128 0.8800663871418588 0.8702393431167015 0.8787561146051711 0.8606306778476589 0.8756988120195666 0.8540793151642208 0.8715496156533892 0.8473095737246681 0.8652166317260656 0.842286862334032 0.8606306778476589 0.840103074772886 0.8532058001397623 0.8385744234800838 0.8451257861635219 0.8363906359189378 0.8379192872117399 0.8374825296995108 0.8324598183088748 0.8392295597484275
1 0.9637212643678161 0.7604166666666666 0.956896551724138 0.7503591954022989 0.9486350574712644 0.7449712643678161 0.9382183908045978 0.74066091954023 0.930316091954023 0.7385057471264368 0.9242097701149425 0.7377873563218391 0.9170258620689656 0.738146551724138 0.9102011494252874 0.7431752873563219 0.9058908045977012 0.7482040229885059 0.9037356321839081 0.7535919540229885 0.9044540229885059 0.7632902298850576 0.9109195402298851 0.7783764367816093 0.9188218390804598 0.7841235632183908 0.925646551724138 0.7887931034482759 0.9349856321839081 0.7913074712643678 0.9475574712643678 0.7909482758620691 0.9554597701149425 0.7880747126436781 0.9633620689655173 0.7816091954022989 0.9644396551724139 0.774066091954023 0.9655172413793103 0.7672413793103449
1 0.9222094801223242 0.6221330275229359 0.919979612640163 0.627229867482161 0.9187054026503567 0.6345565749235473 0.9215723751274211 0.6434760448521916 0.9282619775739042 0.6501656472986748 0.9349515800203874 0.6549439347604484 0.9438710499490316 0.6578109072375128 0.955020387359837 0.6594036697247706 0.9629841997961264 0.6597222222222222 0.9734964322120285 0.656855249745158 0.9820973496432212 0.6498470948012233 0.9871941896024464 0.6434760448521916 0.9875127420998981 0.6339194699286442 0.9859199796126402 0.6246814475025484 0.9811416921508666 0.6170361875637105 0.9744520897043834 0.6093909276248726 0.963302752293578 0.6062054026503567 0.9553389398572885 0.605249745158002 0.9492864424057085 0.6046126401630989 0.9375 0.6087538226299695 0.9317660550458715 0.6116207951070336 0.9247579001019368 0.6170361875637105
1 1.0003428270042194 0.4739583333333333 0.992879746835443 0.477914029535865 0.9862869198312236 0.48450685654008446 0.9849683544303797 0.4943960970464135 0.9895833333333333 0.5128560126582279 1.0003428270042194 0.5239583333333333
0 0.5898211331679074 0.4236197270471464 0.5867193961952027 0.4052677832919768 0.5872363523573202 0.40164909015715466 0.5890456989247312 0.40164909015715466 0.591113523573201 0.40707712985938793 0.5921474358974359 0.41379755996691475 0.5936983043837883 0.42594602977667495 0.5929228701406121 0.4285308105872622 0.5905965674110836 0.4274968982630273
0 0.3160928453267163 0.13619210090984288 0.3336693548387097 0.13696753515301904 0.3378050041356493 0.13722601323407776 0.33858043837882545 0.13593362282878413 0.33806348221670807 0.13334884201819686 0.3365126137303556 0.1328318858560794 0.3308260959470637 0.13334884201819686 0.3173852357320099 0.1317979735318445 0.31557588916459883 0.13231492969396197 0.31454197684036395 0.13412427626137305
0 0.6314361042183624 0.05192824648469812 0.6275589330024814 0.05942411083540118 0.6265250206782464 0.0625258478081059 0.6249741521918942 0.06614454094292806 0.6231648056244831 0.06795388751033914 0.6218724152191893 0.06898779983457404 0.6200630686517783 0.06795388751033914 0.619546112489661 0.06304280397022335 0.6210969809760133 0.056322373862696465 0.6231648056244831 0.05115281224152194 0.6249741521918942 0.04701716294458232 0.6273004549214227 0.04313999172870143 0.6293682795698925 0.04133064516129035 0.6319530603804798 0.04133064516129035 0.6332454507857734 0.044173904052936336 0.632728494623656 0.04805107526881723
0 0.7544716708023159 0.02246174524400333 0.7560225392886684 0.014448924731182818 0.7575734077750208 0.011088709677419376 0.7593827543424319 0.007728494623655937 0.7609336228287841 0.006436104218362306 0.7635184036393714 0.006694582299421032 0.764810794044665 0.00876240694789084 0.7653277502067826 0.012122622001654282 0.7653277502067826 0.01703370554177008 0.7645523159636063 0.019876964433416067 0.763001447477254 0.02272022332506206 0.7614505789909016 0.024788047973531863 0.7598997105045492 0.026855872622001675 0.7580903639371381 0.028148263027295305 0.7552471050454922 0.02788978494623658 0.7536962365591399 0.02582196029776677
0 0.6347963192721257 0.741289288668321 0.6280758891645989 0.7482681968569066 0.6244571960297767 0.7500775434243176 0.6203215467328371 0.7513699338296113 0.6169613316790736 0.7521453680727874 0.613859594706369 0.7524038461538463 0.6125672043010754 0.7505944995864351 0.6130841604631928 0.7474927626137303 0.6151519851116626 0.7441325475599669 0.6179952440033085 0.7407723325062036 0.6210969809760133 0.7379290736145575 0.6252326302729528 0.735602770885029 0.6283343672456575 0.7340519023986766 0.6322115384615384 0.732759511993383 0.6350547973531845 0.7322425558312655 0.637381100082713 0.7322425558312655 0.6389319685690654 0.7337934243176178 0.6389319685690654 0.7358612489660877 0.637381100082713 0.7381875516956163
0 0.7764423076923077 0.8040994623655915 0.7689464433416047 0.7984129445822995 0.7635184036393714 0.7963451199338297 0.7611921009098429 0.7929849048800662 0.760158188585608 0.7911755583126552 0.760158188585608 0.7888492555831266 0.7622260132340777 0.7872983870967742 0.7655862282878412 0.787556865177833 0.7692049214226634 0.7893662117452441 0.7735990488006618 0.79220947063689 0.776183829611249 0.795052729528536 0.7792855665839536 0.797895988420182 0.7810949131513648 0.7999638130686518 0.7826457816377171 0.802548593879239 0.781870347394541 0.8051333746898263 0.7795440446650125 0.8053918527708851
0 0.8537272539288668 0.8707868072787428 0.8436466087675766 0.863032464846981 0.8410618279569894 0.8594137717121588 0.8400279156327544 0.8570874689826303 0.8402863937138131 0.8552781224152193 0.8426126964433416 0.8550196443341604 0.8451974772539289 0.8583798593879239 0.8490746484698097 0.8607061621174524 0.8545026881720431 0.8656172456575683 0.8568289909015715 0.8684605045492142 0.8578629032258065 0.8707868072787428 0.8568289909015715 0.8720791976840364
0 0.9377326302729528 0.7694633995037221 0.9310122001654261 0.7650692721257237 0.927135028949545 0.764035359801489 0.9242917700578991 0.7624844913151365 0.9227409015715468 0.7598997105045492 0.9222239454094293 0.757314929693962 0.925325682382134 0.7565394954507858 0.9279104631927212 0.7562810173697271 0.9304952440033085 0.7570564516129032 0.9341139371381307 0.7593827543424319 0.9374741521918942 0.7614505789909016 0.9398004549214227 0.7637768817204301 0.9418682795698925 0.7655862282878412 0.9431606699751861 0.7679125310173698 0.9431606699751861 0.7702388337468983 0.941351323407775 0.7712727460711332
0 0.9568600082712987 0.6355717535153019 0.9491056658395369 0.6358302315963607 0.9408343672456575 0.6340208850289496 0.9390250206782464 0.6329869727047146 0.9385080645161291 0.6309191480562448 0.9390250206782464 0.6293682795698925 0.9408343672456575 0.6273004549214227 0.944194582299421 0.6267834987593053 0.950915012406948 0.6265250206782464 0.9591863110008272 0.6273004549214227 0.9628050041356493 0.6280758891645989 0.9643558726220017 0.6285928453267163 0.9656482630272953 0.6306606699751861 0.9659067411083541 0.632728494623656 0.9640973945409429 0.6340208850289496
0 0.9503980562448305 0.2509563688999173 0.9439361042183624 0.26155397022332505 0.9333385028949546 0.2687913564929694 0.9299782878411911 0.26956679073614553 0.9258426385442514 0.27008374689826303 0.921448511166253 0.27034222497932175 0.9193806865177833 0.27034222497932175 0.9186052522746072 0.2680159222497932 0.9209315550041357 0.2662065756823821 0.927135028949545 0.2607785359801489 0.9400589330024814 0.24837158808933005 0.946003928866832 0.2419096360628619 0.9485887096774194 0.23854942100909846 0.9503980562448305 0.23674007444168735 0.9534997932175352 0.23648159636062863 0.9550506617038875 0.23777398676592224 0.9547921836228288 0.24010028949545079 0.9540167493796526 0.24371898263027297
0 0.8118538047973533 0.12507754342431762 0.8162479321753515 0.11318755169561623 0.8180572787427626 0.10750103391232425 0.8180572787427626 0.10388234077750208 0.8170233664185278 0.10129755996691482 0.8144385856079405 0.1010390818858561 0.8115953267162944 0.102072994210091 0.809269023986766 0.10491625310173698 0.8072011993382961 0.10879342431761788 0.8056503308519437 0.11422146401985113 0.8043579404466501 0.11835711331679075 0.8033240281224152 0.12197580645161292 0.8040994623655915 0.12585297766749381 0.8066842431761787 0.12792080231596362
0 0.16591708023159638 0.33728804797353185 0.17548076923076925 0.3295337055417701 0.17858250620347393 0.3253980562448305 0.18065033085194376 0.32126240694789077 0.18090880893300249 0.3189361042183623 0.17935794044665015 0.3181606699751861 0.17806555004135652 0.3179021918941274 0.172895988420182 0.3210039288668321 0.16772642679900746 0.32436414392059554 0.16074751861042186 0.3295337055417701 0.1563533912324235 0.3336693548387097 0.1542855665839537 0.33728804797353185 0.1553194789081886 0.3390973945409429 0.15687034739454095 0.34038978494623656 0.1633322994210091 0.33858043837882545
0 0.21890508684863524 0.42594602977667495 0.22588399503722084 0.42517059553349873 0.23079507857733664 0.4236197270471464 0.23286290322580647 0.4210349462365591 0.2333798593879239 0.41793320926385447 0.23157051282051283 0.416382340777502 0.22821029776674936 0.4161238626964433 0.22381617038875104 0.4168992969396195 0.2212313895781638 0.41819168734491313 0.21890508684863524 0.4202595119933829 0.21683726220016544 0.4233612489660877
0 0.2848169975186104 0.3825217121588089 0.2837830851943755 0.37890301902398676 0.2835246071133168 0.37269954507857733 0.2840415632754343 0.3688223738626964 0.28610938792390406 0.36572063688999173 0.2894696029776675 0.3652036807278743 0.2938637303556658 0.36727150537634407 0.29489764267990076 0.37011476426799006 0.29489764267990076 0.37502584780810583 0.2938637303556658 0.37993693134822165 0.2925713399503722 0.38355562448304387 0.28998655913978494 0.3848480148883375
0 0.3179021918941274 0.2780965674110835 0.3132495864350703 0.2938637303556658 0.3098893713813069 0.29877481389578164 0.30756306865177835 0.29955024813895786 0.306012200165426 0.29877481389578164 0.30678763440860213 0.2933467741935484 0.30859698097601324 0.2876602564102564 0.3098893713813069 0.284300041356493 0.3122156741108354 0.2793889578163772 0.3140250206782465 0.27447787427626136 0.3150589330024814 0.2724100496277916 0.31686827956989244 0.2724100496277916 0.3181606699751861 0.2747363523573201
0 0.080360835401158 0.6270419768403639 0.0764836641852771 0.634537841191067 0.07441583953680729 0.6378980562448305 0.07260649296939621 0.6397074028122416 0.07105562448304385 0.640224358974359 0.07002171215880895 0.6394489247311828 0.06872932175351533 0.6358302315963607 0.06924627791563277 0.6293682795698925 0.07338192721257239 0.6172198097601325 0.07493279569892475 0.6133426385442515 0.07700062034739455 0.6120502481389579 0.07932692307692309 0.6130841604631928 0.08061931348221672 0.61566894127378 0.08113626964433417 0.6203215467328371
0 0.2985163358147229 0.9485887096774194 0.29205438378825477 0.946003928866832 0.2884356906534326 0.9444530603804798 0.28585090984284534 0.9426437138130688 0.2853339536807279 0.9392834987593053 0.28610938792390406 0.9369571960297767 0.2894696029776675 0.9361817617866006 0.2956730769230769 0.9369571960297767 0.29955024813895786 0.9382495864350703 0.30161807278742764 0.9400589330024814 0.3026519851116625 0.9426437138130688 0.30291046319272125 0.9465208850289496 0.30161807278742764 0.9488471877584781
0 0.6448791348600509 0.9045006361323155
0 0.6405980138169257 0.8923791018998274 0.6365500863557859 0.882394214162349 0.63493091537133 0.8780764248704663 0.634121329879102 0.8729490500863559 0.6338514680483592 0.8675518134715027 0.634121329879102 0.8632340241796201 0.6368199481865287 0.8626943005181348 0.6384391191709845 0.8656627806563041 0.6392487046632126 0.8689011226252159 0.6403281519861832 0.876727115716753 0.6424870466321244 0.882394214162349 0.6449158031088084 0.8891407599309155 0.6457253886010363 0.895077720207254 0.6449158031088084 0.8964270293609673
0 0.38881692573402415 0.9622733160621763 0.37991148531951635 0.956876079447323 0.3769430051813471 0.9530980138169257 0.37559369602763387 0.9493199481865287 0.3753238341968912 0.9463514680483593 0.37775259067357514 0.9452720207253886 0.3812607944732297 0.9452720207253886 0.38476899827288424 0.9468911917098447 0.38881692573402415 0.9498596718480139 0.3923251295336787 0.9530980138169257 0.39448402417962003 0.9571459412780657 0.3950237478411054 0.9611938687392055 0.3939443005181347 0.9620034542314336
0 0.6972689982728844 0.9819732297063904 0.687284110535406 0.9746869602763386 0.6843156303972366 0.9706390328151986 0.682426597582038 0.9668609671848015 0.6821567357512954 0.9647020725388601 0.6853950777202072 0.9641623488773748 0.6894430051813473 0.9668609671848015 0.6932210708117444 0.9690198618307427 0.6978087219343697 0.9717184801381694 0.7010470639032816 0.9749568221070812 0.7021265112262522 0.9784650259067359 0.7018566493955095 0.983052677029361
0 0.07260416666666666 0.027083333333333334 0.07437500000000001 0.014791666666666667 0.07791666666666666 0.003958333333333333 0.08093750000000001 0.007916666666666666 0.08010416666666667 0.018541666666666668 0.07791666666666666 0.026875 0.07385416666666668 0.02802083333333333
0 0.0003125 0.09385416666666666 0.015625 0.0915625 0.023125 0.091875 0.028333333333333332 0.095625 0.025 0.09822916666666666 0.0038541666666666668 0.09864583333333334 0.0010416666666666667 0.09677083333333333
0 0.24993176855895197 0.07855713245997091 0.25061408296943233 0.06695778748180498 0.255162845705968 0.0570642285298399 0.26107623726346435 0.05786026200873364 0.2586881368267831 0.06832241630276566 0.2588018558951965 0.07412208879184863 0.2563000363901019 0.07855713245997091
0 0.06150491192411924 0.3085831639566396 0.06383384146341463 0.29715023712737126 0.06711551490514905 0.297044376693767 0.06827997967479675 0.2972560975609756 0.06806825880758807 0.30434874661246614 0.06679793360433604 0.3084773035230352
0 0.515741604477612 0.32062344527363185 0.5081623134328358 0.31479322139303484 0.5029151119402985 0.3050761815920398 0.5066075870646766 0.2967195273631841 0.5126321517412935 0.29594216417910446 0.5184623756218906 0.30157804726368165 0.5194340796019901 0.30896299751243783 0.5182680348258707 0.31829135572139305
0 0.6382291666666667 0.34697916666666667 0.6391666666666667 0.3436458333333333 0.6507291666666667 0.34031249999999996 0.6585416666666667 0.3433333333333334 0.6670833333333334 0.3511458333333334 0.6665625 0.3541666666666667 0.6542708333333334 0.3575 0.64375 0.35375
0 0.13927083333333332 0.5537500000000001 0.145 0.5520833333333334 0.15885416666666666 0.5520833333333334 0.1564583333333333 0.5546875 0.15020833333333333 0.5572916666666666 0.1446875 0.5572916666666666 0.13958333333333334 0.5555208333333332
0 0.19817619856549637 0.6320663457908644 0.20006370328425818 0.6256960173650434 0.21068091732729327 0.6195616270290675 0.2194106266515666 0.619089750849377 0.2221239146847867 0.6245163269158172 0.21539967912419777 0.6288811815779539 0.2117426387315968 0.6285272744431861 0.20855747451868628 0.6331280671951679 0.20383871272178178 0.6338358814647036 0.19911995092487728 0.6338358814647036
0 0.3676041666666666 0.6113541666666666 0.3692708333333333 0.6084375000000001 0.37854166666666667 0.60875 0.3880208333333333 0.6152083333333334 0.38833333333333336 0.6180208333333332 0.3802083333333333 0.6180208333333332 0.36916666666666664 0.6144791666666667
0 0.11895833333333333 0.8192708333333333 0.11479166666666667 0.806875 0.11697916666666666 0.7946875 0.12093749999999999 0.7928125 0.12354166666666666 0.7982291666666667 0.12260416666666667 0.8141666666666667 0.12072916666666668 0.8186458333333333
0 0.6094791666666667 0.6586458333333333 0.6106250000000001 0.6548958333333333 0.6234375 0.65625 0.6261458333333334 0.6567708333333333 0.6264583333333333 0.6610416666666666 0.6153125 0.66125
0 0.7296228710462286 0.21395985401459852 0.7279501216545011 0.20726885644768853 0.7329683698296836 0.20544403892944038 0.7452858880778589 0.21046228710462286 0.7445255474452553 0.21380778588807783 0.7360097323600973 0.215632603406326
0 0.8283333333333334 0.2115625 0.8263541666666666 0.2071875 0.8372916666666667 0.19718750000000002 0.8411458333333334 0.1959375 0.8428125000000001 0.19697916666666665 0.841875 0.2021875 0.8363541666666666 0.20885416666666667 0.8320833333333333 0.21135416666666668
0 0.7078784570596798 0.1082378093158661 0.7023062227074236 0.10095978893740903 0.7037845705967977 0.08685862445414849 0.7120860625909753 0.08424308588064049 0.7166348253275109 0.08424308588064049 0.7191366448326055 0.09334061135371181 0.7182268922852983 0.0976619359534207 0.7117449053857351 0.10493995633187775
0 0.30723086900129704 0.8596789883268483 0.314526588845655 0.8621108949416343 0.32587548638132297 0.8617055771725034 0.33073929961089493 0.8588683527885863 0.33357652399481197 0.8552204928664072 0.33519779507133596 0.8503566796368354 0.33600843060959795 0.8454928664072633 0.33438715953307396 0.8418450064850843 0.32709143968871596 0.8442769130998703 0.321011673151751 0.8467088197146564 0.3125 0.8503566796368354 0.309662775616083 0.8527885862516213
0 0.20792801556420235 0.7867217898832685 0.20873865110246434 0.7814526588845656 0.21400778210116733 0.7761835278858625 0.2225194552529183 0.7721303501945526 0.22576199740596628 0.7705090791180286 0.23062581063553828 0.7684824902723736 0.23467898832684825 0.7684824902723736 0.23711089494163423 0.7680771725032426 0.24075875486381323 0.7705090791180286 0.23913748378728925 0.7757782101167315 0.23630025940337224 0.7802367055771725 0.23427367055771728 0.7838845654993515 0.2261673151750973 0.7887483787289236 0.21887159533073933 0.7911802853437095 0.21522373540856032 0.7911802853437095
0 0.11857807443365695 0.6821399676375405 0.12186488673139159 0.6770833333333334 0.12287621359223301 0.6730380258899676 0.12768001618122976 0.6689927184466019 0.13071399676375403 0.6687398867313915 0.13298948220064724 0.6694983818770227 0.13400080906148867 0.6727851941747572 0.13475930420711973 0.6753135113268608 0.13475930420711973 0.6778418284789643 0.13349514563106796 0.6796116504854369 0.13248381877022652 0.6821399676375405 0.13147249190938512 0.6839097896440128 0.12995550161812297 0.6856796116504854 0.12793284789644013 0.6869437702265373 0.12414037216828479 0.688207928802589 0.11984223300970873 0.688207928802589 0.11756674757281553 0.6869437702265373
0 0.022411072862880087 0.21837349397590358 0.027251864601262187 0.21335341365461843 0.028506884681583473 0.21245697074010325 0.03496127366609294 0.20905048766494547 0.03765060240963855 0.21227768215720022 0.038547045324153754 0.21496701090074583 0.038547045324153754 0.2189113597246127 0.035678427997705105 0.22357286288009176 0.03263052208835341 0.22751721170395867 0.028865461847389553 0.2285929432013769 0.025817555938037865 0.22913080895008603 0.02079747561675272 0.23038582903040733 0.017749569707401033 0.2305651176133104 0.020976764199655766 0.2232142857142857
0 0.4812047101449275 0.04030797101449275 0.48482789855072456 0.03872282608695652 0.4868659420289854 0.042346014492753624 0.4868659420289854 0.04461050724637681 0.4864130434782608 0.047554347826086946 0.4859601449275362 0.05117753623188405 0.48573369565217384 0.0541213768115942 0.48550724637681153 0.05706521739130434 0.4850543478260869 0.06000905797101449 0.48437499999999994 0.06544384057971014 0.48278985507246375 0.06748188405797101 0.4809782608695652 0.06997282608695651 0.47848731884057966 0.07065217391304347 0.47848731884057966 0.06748188405797101 0.4802989130434782 0.06295289855072463 0.4812047101449275 0.05932971014492753 0.4812047101449275 0.05457427536231883 0.4814311594202898 0.0504981884057971 0.4802989130434782 0.047780797101449266 0.4800724637681159 0.04528985507246376 0.4798460144927536 0.043025362318840576
0 0.3781130268199233 0.4013409961685823 0.38050766283524895 0.3984674329501915 0.38218390804597696 0.3975095785440612 0.3836206896551724 0.3984674329501915 0.38457854406130265 0.4013409961685823 0.3850574712643678 0.4039750957854406 0.3850574712643678 0.40660919540229884 0.38457854406130265 0.40852490421455934 0.3833812260536398 0.41068007662835243 0.38098659003831414 0.4135536398467432 0.37978927203065127 0.4149904214559387 0.3735632183908046 0.41570881226053635 0.3730842911877394 0.41211685823754785 0.3730842911877394 0.4104406130268199 0.37380268199233707 0.4080459770114942 0.3759578544061302 0.4042145593869731
0 0.914985180118559 0.354109667122663 0.9202576379388964 0.35296967624259 0.9253875968992247 0.3526846785225718 0.9303750569995439 0.35382466940264473 0.9336525307797536 0.35510715914272684 0.9379274965800273 0.35667464660282716 0.9416324669402644 0.3575296397628819 0.9470474236206109 0.3598096215230278 0.9514648882808937 0.36180460556315547 0.951892384860921 0.3626595987232102 0.9493274053807569 0.36465458276333784 0.9464774281805746 0.36479708162334695 0.9422024623803009 0.3639420884632923 0.9399224806201549 0.3632295941632467 0.9374999999999999 0.3632295941632467 0.9329400364797081 0.36180460556315547 0.9302325581395349 0.3606646146830825 0.9273825809393524 0.3599521203830369 0.9248176014591883 0.3592396260829913 0.9213976288189694 0.3589546283629731 0.9171226630186957 0.357672138622891 0.9164101687186502 0.3571021431828545 0.9148426812585498 0.35610465116279066
0 0.8482306563989732 0.42675100843417674 0.8502933626696003 0.4295012834616795 0.8532728272827282 0.4297304730473047 0.8570544554455446 0.42858452511917855 0.8588879721305464 0.42766776677667767 0.8600339200586725 0.4266364136413641 0.8610652731939861 0.42491749174917487 0.8612944627796113 0.4230839750641731 0.8612944627796113 0.420448294829483 0.8610652731939861 0.4191877521085442 0.8594609460946094 0.41850018335166855 0.8564814814814815 0.41804180418041803 0.8544187752108544 0.41804180418041803 0.8504079574624128 0.4186147781444811 0.8489182251558489 0.41941694169416943 0.8469701136780345 0.4207920792079208 0.8460533553355335 0.42319856985698573 0.8463971397139715 0.4253758709204254
