1 0.015264026402640265 0.13737623762376236 0.017533003300330034 0.12334983498349834 0.02495874587458746 0.11283003300330033 0.036303630363036306 0.10581683168316831 0.04558580858085808 0.10334158415841584 0.05858085808580858 0.10189768976897691 0.06373762376237624 0.11076732673267327 0.06332508250825082 0.1212871287128713 0.06002475247524753 0.12933168316831684 0.051361386138613865 0.1384075907590759 0.04393564356435643 0.14315181518151818 0.037128712871287134 0.14562706270627063 0.029702970297029705 0.14665841584158418 0.023721122112211224 0.14377062706270627
1 0.10024752475247525 0.13263201320132015 0.1051980198019802 0.12665016501650164 0.11262376237623763 0.1216996699669967 0.1307755775577558 0.1212871287128713 0.14830858085808582 0.1278877887788779 0.16233498349834985 0.13778877887788782 0.17202970297029702 0.15264026402640266 0.1740924092409241 0.15985973597359734 0.17182343234323433 0.1672854785478548 0.16584158415841585 0.1740924092409241 0.1542904290429043 0.180486798679868 0.14645214521452146 0.18151815181518152 0.13283828382838284 0.17863036303630364 0.1148927392739274 0.16893564356435645 0.10602310231023102 0.16295379537953797 0.10004125412541254 0.15573432343234325 0.09653465346534654 0.14562706270627063 0.09715346534653466 0.13778877887788782
0 0.1117986798679868 0.13634488448844886 0.12087458745874588 0.14129537953795382 0.12314356435643564 0.14459570957095708 0.13325082508250827 0.1514026402640264 0.14562706270627063 0.15717821782178218 0.14542079207920794 0.15903465346534654 0.13923267326732672 0.1602722772277228 0.13036303630363036 0.15573432343234325 0.12087458745874588 0.14851485148514854 0.11613036303630363 0.14356435643564358 0.11283003300330033 0.13943894389438943
1 0.0 0.21864686468646866 0.01051980198019802 0.2103960396039604 0.01608910891089109 0.20523927392739275 0.03259075907590759 0.19966996699669967 0.04517326732673267 0.20111386138613863 0.0558993399339934 0.20853960396039603 0.0655940594059406 0.22215346534653466 0.06806930693069307 0.22792904290429045 0.06167491749174917 0.24154290429042904 0.0492986798679868 0.25103135313531355 0.02929042904290429 0.257013201320132 0.013201320132013201 0.25474422442244227 0.00391914191419142 0.24938118811881188 0.00041254125412541255 0.24278052805280528
0 0.014232673267326733 0.2332920792079208 0.023721122112211224 0.22937293729372937 0.037541254125412545 0.22462871287128713 0.04744224422442245 0.22194719471947194 0.05012376237623763 0.2233910891089109 0.04702970297029704 0.22566006600660066 0.03506600660066007 0.22834158415841585 0.026196369636963698 0.23287953795379537 0.020627062706270627 0.23514851485148516 0.016295379537953795 0.23597359735973597
1 0.11654290429042906 0.21864686468646866 0.12046204620462046 0.2132838283828383 0.13263201320132015 0.20627062706270627 0.14562706270627063 0.20297029702970298 0.1613036303630363 0.20152640264026403 0.16934818481848185 0.20297029702970298 0.17780528052805283 0.21080858085808582 0.17986798679867988 0.21802805280528054 0.17924917491749173 0.2273102310231023 0.17821782178217824 0.23287953795379537 0.16831683168316833 0.2396864686468647 0.15614686468646866 0.24360561056105612 0.14067656765676567 0.24422442244224424 0.12726897689768976 0.24154290429042904 0.12087458745874588 0.23824257425742576 0.11654290429042906 0.22875412541254125
1 0.4189356435643565 0.030940594059405944 0.424917491749175 0.020008250825082508 0.4377062706270627 0.006188118811881188 0.4484323432343234 0.00041254125412541255 0.47483498349834985 0.0016501650165016502 0.48452970297029707 0.00783828382838284 0.48721122112211224 0.014026402640264028 0.48659240924092406 0.02351485148514852 0.4853547854785479 0.028877887788778877 0.48081683168316836 0.03527227722772277 0.4735973597359736 0.04187293729372938 0.4614273927392739 0.04806105610561056 0.4507013201320132 0.05156765676567657 0.4412128712871287 0.051773927392739276 0.4325495049504951 0.050948844884488455 0.42450495049504955 0.04496699669966997 0.42017326732673266 0.03836633663366337
1 0.5212458745874587 0.0 0.5829207920792079 0.00041254125412541255 0.579414191419142 0.007013201320132014 0.5736386138613861 0.014438943894389438 0.565387788778878 0.020627062706270627 0.5515676567656767 0.029496699669966996 0.5416666666666666 0.029702970297029705 0.5321782178217822 0.027021452145214522 0.5286716171617162 0.019801980198019802 0.5249587458745875 0.00825082508250825
1 0.43007425742574257 0.1283003300330033 0.43234323432343236 0.11592409240924093 0.43915016501650167 0.11035478547854785 0.45173267326732675 0.10664191419141915 0.46782178217821785 0.10911716171617163 0.4822607260726073 0.11427392739273928 0.4921617161716172 0.11963696369636964 0.5026815181518152 0.13325082508250827 0.5051567656765676 0.13902640264026403 0.5045379537953796 0.1503712871287129 0.5002062706270627 0.1575907590759076 0.4867986798679868 0.16274752475247525 0.4752475247524753 0.16316006600660066 0.46204620462046203 0.1608910891089109 0.4511138613861386 0.15614686468646866 0.4457508250825083 0.15202145214521454 0.4399752475247525 0.1481023102310231 0.43543729372937295 0.14500825082508254 0.4308993399339934 0.13634488448844886
1 0.537953795379538 0.07590759075907591 0.5406353135313532 0.06662541254125413 0.5488861386138614 0.06126237623762376 0.5589933993399341 0.0591996699669967 0.5695132013201321 0.06105610561056106 0.5800330033003301 0.06930693069306931 0.5847772277227723 0.07673267326732675 0.5915841584158416 0.08869636963696369 0.5955033003300331 0.10292904290429043 0.5967409240924092 0.11386138613861387 0.5950907590759076 0.1247937293729373 0.5882838283828383 0.13325082508250827 0.5757013201320133 0.13696369636963696 0.5691006600660066 0.13386963696369636 0.5589933993399341 0.12871287128712872 0.550536303630363 0.12046204620462046 0.5437293729372937 0.1051980198019802 0.5389851485148516 0.09323432343234324 0.537953795379538 0.08312706270627063
1 0.6293316831683169 0.04888613861386139 0.6328382838283828 0.040429042904290426 0.639026402640264 0.03135313531353136 0.6478960396039604 0.02660891089108911 0.6631600660066007 0.02784653465346535 0.6707920792079208 0.03197194719471948 0.6761551155115513 0.03877887788778878 0.6819306930693069 0.05445544554455446 0.6827557755775578 0.06745049504950495 0.6819306930693069 0.07900165016501651 0.676980198019802 0.08828382838283828 0.6738861386138614 0.0922029702970297 0.6701732673267328 0.0948844884488449 0.6633663366336634 0.09653465346534654 0.6538778877887789 0.0952970297029703 0.6435643564356436 0.08972772277227724 0.6363448844884488 0.08065181518151815 0.629950495049505 0.06476897689768978 0.6283003300330033 0.055074257425742575
1 0.9478135313531354 0.05321782178217822 0.9521452145214522 0.04702970297029704 0.9599834983498351 0.04228547854785479 0.9801980198019802 0.04084158415841584 0.9903052805280529 0.04393564356435643 0.9985561056105611 0.04909240924092409 0.9989583333333333 0.04981641914191416 0.9989583333333333 0.08869636963696369 0.9960808580858086 0.09467821782178218 0.9917491749174918 0.09756600660066007 0.9863861386138614 0.09756600660066007 0.9785478547854786 0.09694719471947195 0.9731848184818481 0.09405940594059407 0.9593646864686468 0.08725247524752476 0.9513201320132013 0.07941419141914192 0.94740099009901 0.06930693069306931 0.9455445544554455 0.06064356435643565
1 0.9168729372937293 0.1419141914191419 0.9224422442244224 0.13386963696369636 0.9333745874587459 0.12665016501650164 0.9482260726072608 0.12376237623762378 0.9641089108910891 0.12933168316831684 0.9766914191419143 0.13737623762376236 0.9874174917491749 0.15099009900990099 0.9890676567656767 0.16274752475247525 0.9855610561056106 0.17491749174917492 0.9795792079207921 0.18378712871287128 0.9672029702970298 0.1897689768976898 0.956476897689769 0.1905940594059406 0.9416254125412542 0.1875 0.9298679867986799 0.1800742574257426 0.9201732673267328 0.16914191419141916 0.9146039603960396 0.15676567656765675 0.9141914191419143 0.14830858085808582
0 0.9337871287128714 0.1542904290429043 0.9418316831683169 0.15305280528052806 0.9523514851485149 0.15511551155115513 0.9585396039603961 0.15717821782178218 0.9556518151815182 0.15985973597359734 0.9490511551155116 0.15882838283828385 0.9432755775577558 0.1577970297029703 0.9389438943894389 0.1569719471947195 0.9350247524752475 0.1569719471947195
1 0.7568069306930693 0.20606435643564358 0.7629950495049506 0.194513201320132 0.7679455445544555 0.18935643564356436 0.7720709570957095 0.18502475247524755 0.7770214521452146 0.18193069306930693 0.7869224422442245 0.18296204620462048 0.7990924092409241 0.18832508250825084 0.8058993399339934 0.19987623762376236 0.8073432343234324 0.21307755775577558 0.8061056105610561 0.22875412541254125 0.8036303630363036 0.24030528052805283 0.7949669966996701 0.25041254125412543 0.7817656765676568 0.2528877887788779 0.772483498349835 0.25165016501650167 0.7632013201320133 0.24690594059405943 0.7566006600660066 0.23432343234323433 0.7563943894389439 0.2172029702970297
1 0.6076732673267328 0.16996699669966997 0.6124174917491749 0.16233498349834985 0.6202557755775578 0.15222772277227722 0.629950495049505 0.14933993399339934 0.6394389438943894 0.14954620462046203 0.6483085808580858 0.15449669966996699 0.6536716171617162 0.16295379537953797 0.6561468646864687 0.17491749174917492 0.6555280528052806 0.1875 0.653052805280528 0.1969884488448845 0.6445957095709571 0.20482673267326731 0.6359323432343235 0.20833333333333334 0.6283003300330033 0.20895214521452146 0.6216996699669968 0.20730198019801982 0.6163366336633663 0.2044141914191419 0.6103547854785478 0.1967821782178218 0.6078795379537955 0.1870874587458746 0.6066419141914192 0.17780528052805283
1 0.3572607260726073 0.1831683168316832 0.35994224422442245 0.1716171617161716 0.3671617161716172 0.16295379537953797 0.3739686468646865 0.15924092409240925 0.3830445544554456 0.15882838283828385 0.3898514851485149 0.16254125412541257 0.39645214521452143 0.16852310231023102 0.4011963696369637 0.17553630363036304 0.40305280528052806 0.18193069306930693 0.40511551155115516 0.19657590759075907 0.40222772277227725 0.20957095709570958 0.39933993399339934 0.21864686468646866 0.3937706270627063 0.2235973597359736 0.3807755775577558 0.22566006600660066 0.37293729372937295 0.2229785478547855 0.36468646864686466 0.21802805280528054 0.3613861386138614 0.21266501650165018 0.3582920792079208 0.19822607260726072
1 0.4341996699669967 0.21060231023102313 0.442450495049505 0.20111386138613863 0.4488448844884489 0.19966996699669967 0.46080858085808585 0.20235148514851486 0.47689768976897695 0.2103960396039604 0.4903052805280528 0.22235973597359734 0.4960808580858086 0.23349834983498352 0.4985561056105611 0.2433993399339934 0.49463696369636967 0.25206270627062705 0.4898927392739274 0.25804455445544555 0.4834983498349835 0.26031353135313534 0.4696782178217822 0.2627887788778878 0.45565181518151815 0.25742574257425743 0.44533828382838286 0.25185643564356436 0.4381188118811881 0.24443069306930693 0.4313118811881188 0.23452970297029702 0.4306930693069307 0.2227722772277228
0 0.4502887788778878 0.2242161716171617 0.45090759075907594 0.22112211221122113 0.4568894389438944 0.22442244224422445 0.46307755775577564 0.22896039603960397 0.46988448844884495 0.23452970297029702 0.4793729372937294 0.24216171617161716 0.47400990099009904 0.24154290429042904 0.46947194719471946 0.23762376237623764 0.45998349834983504 0.23122937293729373 0.4544141914191419 0.2262788778877888
1 0.017533003300330034 0.3164191419141914 0.02351485148514852 0.30713696369636967 0.03259075907590759 0.2988861386138614 0.04661716171617162 0.29311056105610567 0.05528052805280528 0.2924917491749175 0.06373762376237624 0.2995049504950495 0.07198844884488449 0.3085808580858086 0.07363861386138613 0.3224009900990099 0.06745049504950495 0.33209570957095713 0.05734323432343234 0.33972772277227725 0.05115511551155116 0.3417904290429043 0.037953795379537955 0.3442656765676568 0.030321782178217824 0.34405940594059403 0.023721122112211224 0.34075907590759075 0.017326732673267328 0.3341584158415841 0.01567656765676568 0.3252887788778878
0 0.028052805280528056 0.3246699669966997 0.033003300330033 0.3207508250825083 0.03650990099009901 0.3201320132013201 0.04249174917491749 0.3166254125412541 0.04682343234323432 0.3158003300330033 0.04888613861386139 0.3166254125412541 0.04764851485148515 0.3197194719471947 0.03403465346534654 0.3263201320132013
1 0.052805280528052806 0.3780940594059406 0.053630363036303634 0.37149339933993397 0.06188118811881189 0.36468646864686466 0.07260726072607261 0.36303630363036304 0.09323432343234324 0.3688118811881188 0.10911716171617163 0.375 0.11695544554455446 0.37974422442244227 0.12293729372937294 0.38634488448844884 0.12541254125412543 0.3943894389438944 0.12541254125412543 0.4011963696369637 0.121493399339934 0.40635313531353134 0.11406765676567658 0.40924092409240925 0.1016914191419142 0.40903465346534656 0.08023927392739275 0.4042904290429043 0.06456270627062706 0.39542079207920794 0.05754950495049505 0.3888201320132013 0.054042904290429045 0.383457095709571
1 0.3353960396039604 0.34674092409240925 0.3382838283828383 0.3345709570957096 0.34756600660066006 0.3164191419141914 0.3543729372937294 0.31043729372937295 0.3613861386138614 0.3083745874587459 0.3747937293729373 0.3094059405940594 0.3811881188118812 0.3158003300330033 0.38675742574257427 0.33044554455445546 0.3859323432343234 0.3395214521452145 0.3826320132013201 0.3533415841584159 0.3762376237623763 0.3671617161716172 0.3648927392739274 0.37458745874587457 0.3510726072607261 0.3723184818481848 0.34344059405940597 0.3663366336633664 0.3386963696369637 0.35891089108910895
1 0.5988036303630363 0.24896864686468648 0.6012788778877888 0.24154290429042904 0.6084983498349835 0.23535478547854788 0.6173679867986799 0.23576732673267328 0.6303630363036304 0.23824257425742576 0.6437706270627063 0.24174917491749176 0.6575907590759076 0.24731848184818483 0.665016501650165 0.25804455445544555 0.6712046204620462 0.27021452145214525 0.6716171617161717 0.27805280528052806 0.6683168316831682 0.2898102310231023 0.6600660066006601 0.29723597359735976 0.6495462046204621 0.2997112211221122 0.628506600660066 0.2957920792079208 0.6148927392739274 0.2885726072607261 0.6062293729372937 0.2799092409240924 0.5988036303630363 0.2677392739273927 0.5971534653465347 0.25866336633663367
0 0.6179867986798679 0.2566006600660066 0.6303630363036304 0.2627887788778878 0.6429455445544555 0.2698019801980198 0.6485148514851485 0.27330858085808585 0.6481023102310232 0.2770214521452145 0.6394389438943894 0.27433993399339934 0.6303630363036304 0.2693894389438944 0.6254125412541254 0.2636138613861386 0.6167491749174918 0.26258250825082513
1 0.579414191419142 0.35602310231023104 0.5816831683168318 0.3452970297029703 0.5876650165016503 0.33910891089108913 0.5996287128712872 0.3341584158415841 0.6122112211221122 0.33395214521452143 0.6260313531353136 0.338490099009901 0.6384075907590759 0.34364686468646866 0.641914191419142 0.34777227722772275 0.6445957095709571 0.35664191419141916 0.6456270627062707 0.3663366336633664 0.6400577557755776 0.379950495049505 0.6318069306930693 0.3849009900990099 0.6171617161716172 0.3871699669966997 0.6037541254125413 0.3830445544554456 0.5895214521452146 0.3756188118811881 0.5835396039603961 0.3708745874587459 0.5798267326732673 0.3613861386138614
1 0.4645214521452145 0.38943894389438943 0.46534653465346537 0.3842821782178218 0.47813531353135313 0.3752062706270627 0.48803630363036304 0.3712871287128713 0.4952557755775578 0.36963696369636967 0.5096947194719472 0.3710808580858086 0.5249587458745875 0.379950495049505 0.5340346534653465 0.3912953795379538 0.5325907590759076 0.39933993399339934 0.5286716171617162 0.40944719471947194 0.5222772277227723 0.4166666666666667 0.5086633663366337 0.4238861386138614 0.49174917491749176 0.42326732673267325 0.48061056105610567 0.41955445544554454 0.47174092409240925 0.4127475247524753 0.46596534653465344 0.40449669966996704 0.463490099009901 0.3970709570957096
0 0.48205445544554454 0.3968646864686469 0.48370462046204626 0.3948019801980198 0.4933993399339934 0.39315181518151815 0.5047442244224423 0.39624587458745875 0.5086633663366337 0.3981023102310231 0.5094884488448845 0.40140264026402644 0.5061881188118812 0.40140264026402644 0.5016501650165017 0.39954620462046203 0.4923679867986799 0.3972772277227723 0.4851485148514852 0.3987211221122112
1 0.40635313531353134 0.4364686468646865 0.40738448844884495 0.4280115511551156 0.4110973597359736 0.41955445544554454 0.4166666666666667 0.41398514851485146 0.4226485148514852 0.41027227722772275 0.43213696369636967 0.41027227722772275 0.4416254125412541 0.41625412541254125 0.4496699669966997 0.42471122112211224 0.45544554455445546 0.43234323432343236 0.4581270627062706 0.4408003300330033 0.45874587458745875 0.45173267326732675 0.4511138613861386 0.46204620462046203 0.444513201320132 0.46699669966996704 0.4368811881188119 0.46699669966996704 0.42945544554455445 0.46596534653465344 0.4205858085808581 0.46183993399339934 0.4119224422442244 0.452970297029703 0.4088283828382838 0.44801980198019803
1 0.5406353135313532 0.47751650165016507 0.5443481848184819 0.46596534653465344 0.5556930693069307 0.45792079207920794 0.5666254125412542 0.4573019801980198 0.5775577557755776 0.46163366336633666 0.5858085808580858 0.46802805280528054 0.5938531353135315 0.4791666666666667 0.596947194719472 0.4884488448844885 0.6002475247524753 0.49463696369636967 0.6002475247524753 0.5012376237623762 0.5955033003300331 0.5099009900990099 0.5886963696369637 0.5121699669966997 0.5790016501650166 0.5134075907590759 0.5736386138613861 0.5129950495049506 0.5581683168316832 0.5051567656765676 0.5472359735973598 0.49463696369636967 0.5418729372937293 0.48452970297029707
0 0.5577557755775577 0.47462871287128716 0.5633250825082509 0.47586633663366334 0.57240099009901 0.48061056105610567 0.5820957095709571 0.4898927392739274 0.5841584158415841 0.4954620462046205 0.5777640264026402 0.49381188118811886 0.5759075907590759 0.4973184818481849 0.5701320132013201 0.49484323432343236 0.5608498349834984 0.48659240924092406 0.5585808580858086 0.47999174917491755
1 0.6445957095709571 0.45998349834983504 0.6483085808580858 0.45090759075907594 0.6580033003300331 0.4408003300330033 0.6676980198019802 0.43915016501650167 0.6800742574257426 0.4401815181518152 0.6922442244224423 0.4490511551155116 0.6976072607260727 0.4632838283828383 0.6976072607260727 0.4804042904290429 0.6938943894389439 0.4903052805280528 0.6887376237623762 0.5002062706270627 0.6786303630363036 0.5051567656765676 0.6648102310231023 0.5094884488448845 0.6549092409240925 0.5051567656765676 0.6464521452145214 0.4954620462046205 0.6437706270627063 0.48411716171617164 0.6429455445544555 0.47256600660066006 0.6437706270627063 0.46204620462046203
1 0.7815594059405941 0.4327557755775578 0.7877475247524753 0.42182343234323433 0.7914603960396039 0.41646039603960394 0.8025990099009902 0.40903465346534656 0.8139438943894389 0.40862211221122113 0.8248762376237624 0.41233498349834985 0.8325082508250825 0.41996699669966997 0.8386963696369637 0.4265676567656766 0.8397277227722773 0.43543729372937295 0.8380775577557756 0.4418316831683169 0.8296204620462047 0.4527640264026403 0.820957095709571 0.45895214521452143 0.810437293729373 0.46410891089108913 0.7997112211221122 0.46390264026402644 0.7902227722772277 0.4575082508250825 0.7854785478547854 0.449463696369637 0.780940594059406 0.44100660066006603
1 0.7508250825082509 0.5726072607260727 0.7572194719471947 0.551980198019802 0.7592821782178218 0.5462046204620462 0.7704207920792079 0.5352722772277227 0.7801155115511552 0.529496699669967 0.7920792079207921 0.5255775577557756 0.8011551155115513 0.5249587458745875 0.8133250825082509 0.5286716171617162 0.8232260726072608 0.5354785478547854 0.8296204620462047 0.5468234323432344 0.8333333333333334 0.5585808580858086 0.8287953795379539 0.5777640264026402 0.8195132013201321 0.5928217821782178 0.8079620462046205 0.6039603960396039 0.7891914191419143 0.6093234323432344 0.7749587458745875 0.6082920792079208 0.7681518151815182 0.6051980198019802 0.7586633663366338 0.5985973597359736 0.7512376237623762 0.5847772277227723
0 0.7772277227722773 0.5777640264026402 0.7792904290429042 0.5742574257425743 0.7914603960396039 0.5596122112211221 0.7997112211221122 0.5511551155115513 0.8032178217821783 0.5523927392739274 0.7982673267326733 0.5614686468646864 0.7887788778877888 0.5717821782178218 0.7825907590759076 0.5781765676567656
1 0.9249174917491749 0.6365511551155116 0.9311056105610561 0.6274752475247526 0.9395627062706271 0.6210808580858086 0.951526402640264 0.6194306930693069 0.9680280528052806 0.6216996699669968 0.9845297029702971 0.6256188118811881 0.9971122112211221 0.6311881188118812 0.9989583333333333 0.6321821845646103 0.9989583333333333 0.6648102310231023 0.9933993399339934 0.6697607260726073 0.9834983498349835 0.6740924092409241 0.9700907590759076 0.6753300330033003 0.9568894389438944 0.6738861386138614 0.9445132013201321 0.6705858085808581 0.9335808580858086 0.6648102310231023 0.9255363036303631 0.6542904290429042 0.9245049504950494 0.6429455445544555
0 0.9445132013201321 0.643976897689769 0.9527640264026402 0.6429455445544555 0.9601897689768977 0.6462458745874587 0.9705033003300331 0.6487211221122112 0.9777227722772277 0.6507838283828383 0.9814356435643565 0.6532590759075908 0.9744224422442245 0.6538778877887789 0.9659653465346535 0.6516089108910891 0.9581270627062707 0.6499587458745875 0.9480198019801981 0.6472772277227723
1 0.9247112211221122 0.7033828382838283 0.9298679867986799 0.6980198019801981 0.9408003300330033 0.6938943894389439 0.9606023102310232 0.699463696369637 0.9742161716171618 0.7048267326732673 0.9861798679867987 0.7132838283828383 0.9880363036303631 0.7293729372937293 0.9826732673267328 0.7378300330033003 0.9750412541254126 0.7425742574257426 0.9585396039603961 0.7433993399339934 0.94740099009901 0.7398927392739274 0.9337871287128714 0.7316419141914192 0.9278052805280529 0.7260726072607261 0.923473597359736 0.7143151815181519
1 0.40243399339933994 0.6295379537953796 0.4057343234323432 0.620049504950495 0.4119224422442244 0.6167491749174918 0.41955445544554454 0.6157178217821783 0.4308993399339934 0.6186056105610561 0.43791254125412543 0.627062706270627 0.4441006600660066 0.633457095709571 0.4465759075907591 0.6425330033003301 0.4471947194719472 0.6524339933993399 0.4469884488448845 0.6625412541254126 0.4438943894389439 0.6689356435643565 0.43935643564356436 0.6726485148514851 0.4341996699669967 0.6738861386138614 0.42533003300330036 0.673473597359736 0.41955445544554454 0.6709983498349835 0.4119224422442244 0.6639851485148516 0.4071782178217822 0.6557343234323433 0.40284653465346537 0.6396452145214522
1 0.4958745874587459 0.6712046204620462 0.49958745874587457 0.6641914191419143 0.5094884488448845 0.6571782178217822 0.5200082508250825 0.6553217821782179 0.5360973597359736 0.6569719471947195 0.543523102310231 0.6602722772277227 0.5573432343234324 0.6672854785478548 0.5643564356435643 0.6726485148514851 0.5670379537953796 0.6792491749174918 0.5672442244224423 0.6897689768976899 0.5635313531353136 0.7011138613861386 0.5536303630363036 0.7056518151815182 0.5381600660066007 0.7095709570957095 0.5216584158415842 0.7093646864686468 0.5099009900990099 0.7027640264026402 0.4997937293729373 0.6926567656765676 0.4962871287128713 0.6841996699669968 0.4952557755775578 0.6765676567656767
1 0.5666254125412542 0.7477310231023103 0.5713696369636964 0.7392739273927393 0.5818894389438944 0.7322607260726073 0.6000412541254126 0.7295792079207921 0.615924092409241 0.731023102310231 0.6254125412541254 0.7357673267326733 0.6316006600660066 0.7460808580858086 0.6313943894389439 0.7578382838283828 0.6256188118811881 0.766914191419142 0.6122112211221122 0.7720709570957095 0.5948844884488449 0.7743399339933994 0.5816831683168318 0.7698019801980198 0.5711633663366337 0.7648514851485149 0.567450495049505 0.7609323432343235 0.565387788778878 0.7543316831683169
1 0.6988448844884488 0.7887788778877888 0.69740099009901 0.7778465346534653 0.7025577557755776 0.7698019801980198 0.7143151815181519 0.7644389438943894 0.7244224422442245 0.7627887788778878 0.738861386138614 0.7714521452145214 0.7469059405940595 0.7792904290429042 0.7545379537953796 0.7929042904290429 0.7568069306930693 0.8030115511551156 0.7551567656765676 0.816006600660066 0.7502062706270627 0.8267326732673267 0.7386551155115513 0.8310643564356436 0.72483498349835 0.8287953795379539 0.7118399339933994 0.8188943894389439 0.7042079207920793 0.8044554455445545 0.6998762376237624 0.7947607260726073
0 0.5889026402640264 0.7516501650165016 0.5938531353135315 0.7481435643564357 0.6012788778877888 0.7497937293729373 0.6124174917491749 0.7497937293729373 0.6074669966996701 0.754950495049505 0.5973597359735974 0.7545379537953796
1 0.46018976897689773 0.7623762376237624 0.46514026402640263 0.7520627062706271 0.47277227722772275 0.7464933993399341 0.4822607260726073 0.7458745874587459 0.48721122112211224 0.7460808580858086 0.5014438943894389 0.7520627062706271 0.5136138613861386 0.7629950495049506 0.5218646864686469 0.7757838283828383 0.525990099009901 0.7867161716171618 0.5274339933993399 0.801980198019802 0.5235148514851485 0.8184818481848185 0.509075907590759 0.8261138613861386 0.4853547854785479 0.8219884488448845 0.47256600660066006 0.8147689768976899 0.4636963696369637 0.803424092409241 0.46018976897689773 0.7924917491749175 0.4581270627062706 0.7764026402640264
1 0.3333333333333333 0.7962046204620462 0.3395214521452145 0.7825907590759076 0.3479785478547855 0.7733085808580858 0.35870462046204626 0.7704207920792079 0.3756188118811881 0.7728960396039605 0.38675742574257427 0.7801155115511552 0.3941831683168317 0.7947607260726073 0.3943894389438944 0.8102310231023103 0.3917079207920792 0.8207508250825082 0.3813943894389439 0.8287953795379539 0.36695544554455445 0.8312706270627063 0.35004125412541254 0.829414191419142 0.34034653465346537 0.8242574257425743 0.3353960396039604 0.8155940594059407 0.3333333333333333 0.8054867986798679
1 0.3170379537953795 0.5754950495049506 0.3205445544554456 0.5639438943894389 0.327970297029703 0.5556930693069307 0.33745874587458746 0.551361386138614 0.3554042904290429 0.5497112211221122 0.3673679867986799 0.5556930693069307 0.3747937293729373 0.566006600660066 0.3803630363036304 0.5777640264026402 0.376443894389439 0.5922029702970296 0.3673679867986799 0.6006600660066007 0.35581683168316836 0.6054042904290429 0.34220297029702973 0.6035478547854786 0.3285891089108911 0.6012788778877888 0.3215759075907591 0.5915841584158416
0 0.3347772277227723 0.5808580858085809 0.3364273927392739 0.5750825082508251 0.3432343234323432 0.57240099009901 0.35519801980198024 0.5717821782178218 0.362417491749175 0.5761138613861386 0.36365511551155116 0.5792079207920793 0.35870462046204626 0.5808580858085809 0.35561056105610567 0.5781765676567656 0.35189768976897695 0.5785891089108911 0.34880363036303635 0.5816831683168318 0.34447194719471946 0.5827145214521452 0.33890264026402644 0.5827145214521452
1 0.2337046204620462 0.6235561056105611 0.24071782178217824 0.6132425742574257 0.2561881188118812 0.6033415841584159 0.27351485148514854 0.599009900990099 0.2887788778877888 0.6006600660066007 0.2995049504950495 0.6120049504950494 0.30321782178217827 0.6221122112211221 0.3015676567656766 0.6342821782178218 0.29702970297029707 0.6425330033003301 0.2858910891089109 0.6501650165016503 0.27186468646864687 0.6555280528052806 0.25742574257425743 0.6573844884488449 0.24236798679867988 0.6553217821782179 0.23246699669966997 0.6481023102310232 0.23081683168316833 0.6375825082508251 0.23205445544554457 0.6276815181518153
1 0.14665841584158418 0.5853960396039604 0.14521452145214522 0.5699257425742574 0.14913366336633663 0.5583745874587459 0.15903465346534654 0.548473597359736 0.17017326732673269 0.5416666666666666 0.1841996699669967 0.540016501650165 0.2009075907590759 0.5459983498349835 0.20523927392739275 0.5523927392739274 0.2070957095709571 0.564562706270627 0.2009075907590759 0.5785891089108911 0.19224422442244224 0.5901402640264026 0.18193069306930693 0.59983498349835 0.16955445544554457 0.6008663366336634 0.1582095709570957 0.5975660066006601 0.14913366336633663 0.5899339933993399
0 0.1641914191419142 0.5858085808580858 0.1672854785478548 0.5771452145214522 0.1712046204620462 0.5705445544554455 0.17636138613861388 0.5639438943894389 0.18234323432343233 0.5552805280528053 0.1841996699669967 0.5558993399339934 0.18213696369636964 0.5641501650165016 0.17739273927392737 0.5717821782178218 0.1712046204620462 0.5771452145214522 0.16749174917491752 0.5843646864686468
1 0.08436468646864687 0.6274752475247526 0.09034653465346534 0.6196369636963696 0.10437293729372937 0.6140676567656767 0.12396864686468648 0.6177805280528053 0.14294554455445546 0.6272689768976899 0.15202145214521454 0.6361386138613861 0.1547029702970297 0.6468646864686468 0.14933993399339934 0.6588283828382838 0.14480198019801982 0.665016501650165 0.12933168316831684 0.6679042904290429 0.1113861386138614 0.6670792079207921 0.09983498349834984 0.6621287128712872 0.08663366336633664 0.650990099009901 0.0818894389438944 0.6394389438943894
1 0.15614686468646866 0.7291666666666666 0.15676567656765678 0.7192656765676568 0.1600660066006601 0.7048267326732673 0.17017326732673269 0.6920379537953796 0.18523102310231024 0.6879125412541254 0.19513201320132015 0.695957095709571 0.20152640264026406 0.7106023102310232 0.1969884488448845 0.7304042904290429 0.18832508250825084 0.7378300330033003 0.1800742574257426 0.7436056105610561 0.1738861386138614 0.7456683168316832 0.16501650165016504 0.7423679867986799 0.15944719471947197 0.7357673267326733
1 0.0459983498349835 0.758457095709571 0.05445544554455446 0.7469059405940595 0.06084983498349835 0.7431930693069307 0.07755775577557757 0.7405115511551156 0.09405940594059407 0.7431930693069307 0.11076732673267327 0.7530940594059407 0.11674917491749176 0.7627887788778878 0.11695544554455446 0.7768151815181519 0.11365511551155115 0.7863036303630363 0.09880363036303631 0.7906353135313532 0.08415841584158416 0.7926980198019802 0.06765676567656766 0.78733498349835 0.053424092409240925 0.7755775577557756 0.04661716171617162 0.7683580858085809
1 0.0 0.6468646864686468 0.009694719471947196 0.6460396039603961 0.023721122112211224 0.6472772277227723 0.039603960396039604 0.6544966996699669 0.04455445544554456 0.6641914191419143 0.04414191419141914 0.6761551155115513 0.037747524752475246 0.6864686468646864 0.02764026402640264 0.6932755775577558 0.018151815181518153 0.6955445544554455 0.0 0.6930693069306931
1 0.14645214521452146 0.8170379537953796 0.15408415841584158 0.8098184818481848 0.17141089108910892 0.8067244224422442 0.1897689768976898 0.8110561056105611 0.2068894389438944 0.8242574257425743 0.21410891089108913 0.8393151815181519 0.2139026402640264 0.8500412541254126 0.20874587458745875 0.8580858085808581 0.20173267326732672 0.8661303630363036 0.18584983498349836 0.8692244224422442 0.16914191419141916 0.865924092409241 0.1499587458745875 0.8535478547854786 0.14315181518151818 0.8386963696369637 0.14397689768976898 0.8269389438943894
0 0.16274752475247525 0.8240511551155116 0.17636138613861388 0.8240511551155116 0.19286303630363036 0.8329207920792079 0.19822607260726072 0.8407590759075908 0.1934818481848185 0.843440594059406 0.183993399339934 0.8417904290429042 0.1716171617161716 0.8337458745874587 0.16584158415841585 0.8296204620462047
1 0.6346947194719472 0.8978960396039605 0.6373762376237624 0.8904702970297029 0.6481023102310232 0.883457095709571 0.665016501650165 0.8828382838283828 0.6806930693069307 0.8865511551155116 0.6949257425742574 0.8950082508250825 0.7060643564356436 0.9108910891089109 0.7126650165016503 0.926980198019802 0.7087458745874587 0.9372937293729373 0.6969884488448845 0.9434818481848185 0.6815181518151815 0.9438943894389439 0.6681105610561056 0.9395627062706271 0.6528465346534653 0.9323432343234325 0.641914191419142 0.9222359735973598 0.6357260726072608 0.9125412541254126 0.6344884488448845 0.9053217821782179
1 0.5323844884488449 0.9987623762376238 0.5286716171617162 0.9857673267326733 0.5274339933993399 0.9711221122112211 0.5292904290429044 0.9558580858085809 0.5381600660066007 0.9463696369636965 0.5503300330033003 0.9420379537953796 0.5678630363036304 0.9397689768976899 0.5837458745874587 0.9428630363036304 0.5891089108910891 0.9517326732673267 0.5940594059405941 0.9663778877887789 0.5952970297029704 0.9793729372937293 0.5936468646864687 0.9896864686468647 0.5901441602493583 0.9989583333333333
1 0.44863861386138615 0.8978960396039605 0.4511138613861386 0.8877887788778878 0.45709570957095713 0.8776815181518153 0.46864686468646866 0.8721122112211221 0.48122937293729373 0.8714933993399341 0.492986798679868 0.8764438943894389 0.4985561056105611 0.8824257425742574 0.5008250825082509 0.8929455445544555 0.5022689768976898 0.9086221122112211 0.49876237623762376 0.9209983498349835 0.4884488448844885 0.9327557755775578 0.47751650165016507 0.9364686468646864 0.46410891089108913 0.9346122112211221 0.4525577557755776 0.923473597359736 0.44781353135313534 0.9098597359735974
0 0.4702970297029703 0.9158415841584159 0.46802805280528054 0.9096534653465347 0.47091584158415845 0.900990099009901 0.4735973597359736 0.8929455445544555 0.47751650165016507 0.8882013201320133 0.47978547854785475 0.8921204620462047 0.4791666666666667 0.8972772277227723 0.4764851485148515 0.9024339933993399 0.47421617161716173 0.9077970297029704 0.4733910891089109 0.9117161716171618
1 0.3716996699669967 0.9793729372937293 0.3783003300330033 0.965552805280528 0.3927392739273927 0.9511138613861386 0.40594059405940597 0.9432755775577558 0.4148102310231023 0.9420379537953796 0.42471122112211224 0.9457508250825082 0.4313118811881188 0.9568894389438944 0.4329620462046205 0.9645214521452146 0.4302805280528053 0.9756600660066007 0.4205858085808581 0.9872112211221122 0.4110973597359736 0.9936056105610561 0.4003712871287129 0.997937293729373 0.3886138613861386 0.9983498349834984 0.3770627062706271 0.9952557755775578 0.37293729372937295 0.9911303630363036
1 0.28836633663366334 0.8976897689768978 0.29414191419141916 0.8871699669966997 0.30218646864686466 0.8813943894389439 0.3125 0.878506600660066 0.3254950495049505 0.8791254125412542 0.34014026402640263 0.8867574257425743 0.34591584158415845 0.8950082508250825 0.34777227722772275 0.905940594059406 0.34302805280528054 0.9253300330033004 0.3347772277227723 0.9333745874587459 0.3234323432343234 0.9368811881188119 0.3108498349834984 0.9329620462046205 0.30115511551155116 0.926980198019802 0.29414191419141916 0.9187293729372938 0.2885726072607261 0.9100660066006601 0.28671617161716173 0.9051155115511552
1 0.19162541254125415 0.9341996699669968 0.1932755775577558 0.9253300330033004 0.20379537953795382 0.9152227722772277 0.21534653465346534 0.91233498349835 0.23783003300330033 0.9137788778877888 0.24938118811881188 0.9222359735973598 0.2528877887788779 0.9341996699669968 0.25082508250825086 0.9480198019801981 0.24690594059405943 0.9591584158415841 0.24174917491749176 0.9659653465346535 0.23164191419141916 0.9707095709570958 0.20915841584158418 0.9665841584158416 0.20132013201320131 0.9626650165016503 0.1936881188118812 0.9537953795379539 0.19121287128712872 0.942450495049505
0 0.21225247524752477 0.9397689768976899 0.2124587458745875 0.9356435643564357 0.2200907590759076 0.935437293729373 0.2295792079207921 0.9356435643564357 0.23184818481848185 0.9393564356435644 0.2295792079207921 0.9418316831683169 0.2238036303630363 0.940387788778878 0.2172029702970297 0.9399752475247526
1 0.050948844884488455 0.8960396039603961 0.056724422442244224 0.8884075907590759 0.06889438943894391 0.8836633663366338 0.09137788778877888 0.8844884488448845 0.11117986798679867 0.8925330033003301 0.1186056105610561 0.9040841584158416 0.11943069306930694 0.9172854785478548 0.10849834983498349 0.9298679867986799 0.0948844884488449 0.9368811881188119 0.08292079207920793 0.9372937293729373 0.07013201320132013 0.9302805280528053 0.06167491749174917 0.9230610561056106 0.053836633663366336 0.9127475247524753 0.049711221122112216 0.9028465346534653
1 0.810064448441247 0.27349370503597126 0.8171837529976019 0.25869304556354916 0.8278627098321343 0.25063699040767384 0.8385416666666666 0.24820143884892085 0.856339928057554 0.24932553956834533 0.8718899880095923 0.26187799760191843 0.8763863908872902 0.2721822541966427 0.8767610911270983 0.28211181055155876 0.8730140887290168 0.28885641486810554 0.8606489808153477 0.2980365707434053 0.8503447242206235 0.30140887290167867 0.8404151678657074 0.30234562350119903 0.8271133093525179 0.2987859712230216 0.8173711031175059 0.2918540167865708 0.8125 0.2836106115107914
0 0.8280500599520384 0.27349370503597126 0.8338579136690647 0.27030875299760193 0.8374175659472421 0.272931654676259 0.854279076738609 0.27424310551558756 0.8559652278177459 0.2759292565947243 0.8520308752997602 0.27742805755395683 0.8387290167865707 0.2768660071942446 0.8317970623501199 0.2761166067146283
0 0.5567528735632183 0.983847793845013 0.5554783092324805 0.9729560622914348 0.553392658509455 0.9668149796069707 0.5545513533555803 0.9620643307378568 0.5564052651093808 0.9619484612532444 0.5584909158324064 0.9648451983685576 0.5599972191323693 0.971681497960697 0.5610400444938821 0.9787495365220615 0.5604606970708195 0.9828049684835001 0.5579115684093436 0.9833843159065628
0 0.7782721146545178 0.2348970197418375 0.7757806567957479 0.22765992786636294 0.7789839597570236 0.21721953302961275 0.7762552201974184 0.21425351176917232 0.7755433750949127 0.20606729309035685 0.7837295937737282 0.19716922930903566 0.7849160022779044 0.20298263097949884 0.7820686218678816 0.20867739179954442 0.7833736712224754 0.21935506833712984 0.7839668754745635 0.22540575170842822 0.7808822133637054 0.231337794229309
0 0.5547127831715211 0.08115898058252427 0.5557241100323626 0.07863066343042072 0.5585052588996764 0.07837783171521036 0.56103357605178 0.08343446601941748 0.5668487055016181 0.09354773462783171 0.5721581715210355 0.1084648058252427 0.5739279935275081 0.11301577669902912 0.5754449838187702 0.11781957928802589 0.5713996763754046 0.11655542071197411 0.5645732200647249 0.10998179611650485 0.5645732200647249 0.10113268608414239 0.5602750809061489 0.0907665857605178 0.5577467637540453 0.08722694174757281
0 0.7172101449275362 0.7786231884057971 0.7230072463768116 0.7822463768115941 0.7269927536231884 0.7865942028985508 0.7300724637681159 0.7902173913043478 0.7313405797101449 0.7914855072463768 0.7327898550724637 0.7934782608695652 0.7342391304347825 0.7954710144927536 0.7356884057971015 0.7969202898550726 0.7360507246376812 0.798731884057971 0.736231884057971 0.8018115942028986 0.736231884057971 0.8041666666666667 0.736231884057971 0.8065217391304348 0.7360507246376812 0.8092391304347826 0.7356884057971015 0.8117753623188406 0.735144927536232 0.8130434782608695 0.7269927536231884 0.8099637681159421 0.7233695652173913 0.8061594202898551 0.7202898550724638 0.8014492753623189 0.7172101449275362 0.7971014492753624 0.7153985507246376 0.7920289855072463 0.7143115942028986 0.7882246376811594 0.7141304347826087 0.7856884057971014 0.7141304347826087 0.7822463768115941 0.7152173913043478 0.7795289855072464
