1 0.0127023381294964 9.251858538542971e-19 0.020196342925659475 0.00749400479616307 0.0231939448441247 0.020233812949640287 0.021695143884892087 0.03597122302158273 0.015699940047961627 0.04571342925659472 -3.747002398081604e-05 0.05170863309352517 0.0007119304556354909 -0.000749400479616306
1 0.18862007168458786 0.02900985663082441 0.17629928315412188 0.02732974910394269 0.16397849462365596 0.03068996415770613 0.1510976702508961 0.03909050179211473 0.14885752688172046 0.04581093189964161 0.14941756272401435 0.05589157706093193 0.15613799283154126 0.062051971326164905 0.17181899641577064 0.06597222222222225 0.1846998207885305 0.06653225806451617 0.19814068100358426 0.06541218637992835 0.21102150537634412 0.060371863799283186 0.21494175627240147 0.04973118279569896 0.21158154121863804 0.039650537634408636 0.20486111111111113 0.03293010752688176
1 0.28854166666666664 -0.00042670682730923485 0.29618473895582326 0.01086847389558233 0.2978580990629183 0.02174531459170014 0.2978580990629183 0.031785475234270416 0.2940930388219545 0.036805555555555564 0.27443105756358765 0.037642235609103084 0.26146251673360105 0.03345883534136546 0.2505856760374832 0.026765394912985276 0.23845381526104417 0.012960174029451137 0.234375 -0.00042670682730923485
1 0.3841374269005848 0.11220760233918128 0.37719298245614036 0.10489766081871345 0.364766081871345 0.09649122807017545 0.3505116959064328 0.09393274853801169 0.33771929824561403 0.09649122807017545 0.3289473684210526 0.10087719298245613 0.32529239766081874 0.11038011695906433 0.32565789473684215 0.1206140350877193 0.33114035087719296 0.13157894736842105 0.34539473684210525 0.1440058479532164 0.36257309941520466 0.1472953216374269 0.38121345029239767 0.14546783625730994 0.3899853801169591 0.1381578947368421 0.3921783625730994 0.12609649122807018 0.3896198830409357 0.11915204678362573
1 0.26827485380116955 0.0935672514619883 0.25584795321637427 0.08845029239766082 0.2361111111111111 0.08918128654970761 0.22295321637426901 0.09576023391812866 0.22002923976608188 0.10160818713450293 0.22002923976608188 0.11001461988304094 0.22624269005847955 0.11695906432748537 0.23684210526315788 0.12244152046783625 0.25073099415204675 0.125 0.2638888888888889 0.12317251461988303 0.27521929824561403 0.11878654970760234 0.2799707602339181 0.10928362573099415 0.2777777777777778 0.10051169590643275
1 0.20103503184713375 0.12407112526539278 0.1930732484076433 0.12208067940552017 0.1854432059447983 0.1214171974522293 0.17814490445859874 0.11942675159235668 0.17051486199575372 0.11843152866242038 0.16520700636942676 0.11644108280254777 0.15625 0.11644108280254777 0.14828821656050956 0.11876326963906582 0.14065817409766454 0.12307590233545647 0.13800424628450106 0.1290472399150743 0.13833598726114651 0.1393312101910828 0.14530254777070065 0.1506104033970276 0.15193736730360935 0.15591825902335454 0.16222133757961782 0.16056263269639065 0.17748142250530785 0.16222133757961782 0.1864384288747346 0.16155785562632696 0.19406847133757962 0.1602308917197452 0.20335721868365178 0.15790870488322717 0.2070063694267516 0.15293259023354563 0.21231422505307854 0.14198513800424628 0.212645966029724 0.13700902335456475 0.21297770700636942 0.12937898089171973 0.20766985138004246 0.12440286624203821
1 0.24373490338164255 0.23316727053140102 0.23769625603864739 0.22637379227053145 0.23128019323671503 0.22259963768115948 0.22297705314009666 0.22108997584541068 0.20976751207729472 0.22033514492753628 0.1965579710144928 0.22184480676328505 0.1780646135265701 0.22977053140096623 0.16938405797101455 0.23694142512077299 0.16372282608695657 0.24335748792270537 0.16259057971014498 0.2531702898550725 0.16825181159420297 0.26185084541062803 0.1791968599033817 0.2690217391304348 0.19165157004830924 0.2705314009661836 0.20523852657004837 0.271286231884058 0.22033514492753628 0.26751207729468607 0.2342995169082126 0.26260567632850246 0.24260265700483094 0.2543025362318841 0.24524456521739132 0.24562198067632854 0.24562198067632854 0.24033816425120777
1 0.30940519323671506 0.3082729468599034 0.2969504830917875 0.31129227053140096 0.2890247584541063 0.31884057971014496 0.2848731884057971 0.3237469806763285 0.2803442028985508 0.3278985507246377 0.2761926328502416 0.3358242753623189 0.27543780193236717 0.34186292270531404 0.27657004830917875 0.3497886473429952 0.2810990338164252 0.35582729468599034 0.2894021739130435 0.3614885265700484 0.2999698067632851 0.36564009661835756 0.3109148550724638 0.36224335748792275 0.31846316425120774 0.3584692028985508 0.32601147342995174 0.3509208937198068 0.3286533816425121 0.345637077294686 0.33054045893719813 0.3384661835748793 0.3316727053140097 0.3328049516908213 0.3301630434782609 0.32450181159420294 0.3271437198067633 0.31884057971014496 0.32223731884057977 0.31166968599033823 0.3158212560386474 0.3097826086956522
1 0.3480339105339105 0.22357503607503604 0.34758297258297255 0.233044733044733 0.35254329004329 0.24657287157287155 0.35840548340548334 0.2560425685425685 0.37824675324675316 0.2682178932178932 0.3994408369408369 0.2745310245310245 0.41747835497835495 0.27498196248196244 0.4319083694083694 0.2718253968253968 0.44047619047619047 0.2650613275613275 0.444083694083694 0.2524350649350649 0.4418290043290043 0.24071067821067818 0.43235930735930733 0.22898629148629146 0.4197330447330447 0.2177128427128427 0.4053030303030303 0.20869408369408365 0.38906926406926406 0.20463564213564212 0.3728354978354978 0.2037337662337662 0.36201298701298695 0.20959595959595959 0.3543470418470418 0.21500721500721498
1 0.05072463768115942 0.3653381642512077 0.04227053140096618 0.37379227053140096 0.041666666666666664 0.3819444444444444 0.043478260869565216 0.39100241545893716 0.050120772946859904 0.39794685990338163 0.057065217391304345 0.39975845410628014 0.06914251207729467 0.3985507246376811 0.08454106280193235 0.39553140096618356 0.10084541062801931 0.39100241545893716 0.10839371980676328 0.3867753623188406 0.11171497584541062 0.37922705314009664 0.11262077294685989 0.3719806763285024 0.11050724637681159 0.36443236714975846 0.10507246376811594 0.3596014492753623 0.09631642512077294 0.35628019323671495 0.08816425120772946 0.3544685990338164 0.0769927536231884 0.35567632850241543 0.06914251207729467 0.3580917874396135 0.057971014492753624 0.36141304347826086
1 0.16359289617486336 0.4043715846994535 0.16086065573770492 0.4125683060109289 0.15915300546448086 0.4221311475409836 0.15949453551912565 0.4351092896174863 0.16325136612021857 0.4433060109289617 0.1683743169398907 0.4508196721311475 0.1765710382513661 0.45286885245901637 0.1888661202185792 0.4521857923497267 0.19398907103825136 0.4491120218579235 0.19740437158469945 0.4433060109289617 0.19911202185792348 0.4395491803278688 0.2004781420765027 0.4313524590163934 0.2001366120218579 0.42418032786885246 0.19706284153005463 0.41461748633879775 0.1926229508196721 0.4074453551912568 0.18715846994535518 0.4023224043715847 0.18374316939890709 0.399931693989071 0.1799863387978142 0.3978825136612022 0.16939890710382513 0.3995901639344262
1 0.03697519083969465 0.4862436386768447 0.03538486005089059 0.47789440203562333 0.03737277353689567 0.46676208651399487 0.04055343511450381 0.46040076335877855 0.04532442748091602 0.4524491094147582 0.051912568306010924 0.44672131147540983 0.05685432569974555 0.4440998727735368 0.06758905852417302 0.4421119592875317 0.07673346055979643 0.4421119592875317 0.08587786259541987 0.4456902035623409 0.09144402035623408 0.44966603053435106 0.09502226463104325 0.45801526717557245 0.0962150127226463 0.46715966921119584 0.09263676844783714 0.47670165394402025 0.08667302798982189 0.48505089058524165 0.07633587786259541 0.4957856234096692 0.06202290076335878 0.5025445292620865 0.05526399491094147 0.5029421119592875 0.04731234096692112 0.4993638676844784 0.04095101781170483 0.495388040712468
1 0.27538047512991837 0.425018559762435 0.26775956284153 0.42588797814207646 0.26169265033407574 0.42710653303637713 0.2561247216035635 0.43012249443207123 0.2510245901639344 0.4354508196721311 0.2459016393442623 0.440915300546448 0.24146174863387976 0.4497950819672131 0.2390710382513661 0.4549180327868852 0.2383879781420765 0.4603825136612022 0.2390710382513661 0.4658469945355191 0.2435109289617486 0.47267759562841527 0.24863387978142076 0.47643442622950816 0.2540983606557377 0.47848360655737704 0.2599043715846994 0.4781420765027322 0.2667349726775956 0.4750683060109289 0.27364864864864863 0.4712837837837837 0.2767454954954955 0.4681869369369369 0.27927927927927926 0.46311936936936937 0.2832207207207207 0.45608108108108103 0.28519144144144143 0.4501689189189189 0.28631756756756754 0.44453828828828823 0.28721232368225685 0.43661841128433554 0.28674832962138086 0.4338344469190794 0.2855883444691908 0.43035449146250926 0.28257238307349664 0.4273385300668151 0.28025241276911655 0.42617854491462503
1 0.156781462585034 0.5048894557823129 0.14694940476190477 0.505686649659864 0.14136904761904762 0.5080782312925171 0.13446003401360546 0.5133928571428572 0.1288796768707483 0.5229591836734694 0.12569090136054423 0.5317283163265306 0.12356505102040817 0.5426232993197279 0.12542517006802723 0.550595238095238 0.1294111394557823 0.5580357142857143 0.13472576530612246 0.5641475340136054 0.14349489795918366 0.5676020408163266 0.15093537414965985 0.5662733843537414 0.1594387755102041 0.5622874149659864 0.16608205782312926 0.5540497448979592 0.17006802721088435 0.545014880952381 0.17272534013605442 0.5365114795918368 0.17299107142857145 0.5280080782312926 0.1716624149659864 0.5197704081632654 0.17033375850340135 0.5141900510204082 0.1676764455782313 0.5091411564625851 0.16209608843537415 0.506218112244898
1 0.07614942528735633 0.5923132183908046 0.07076149425287356 0.5994971264367817 0.0581896551724138 0.6045258620689655 0.04669540229885058 0.605603448275862 0.03412356321839081 0.605603448275862 0.024784482758620687 0.6038074712643678 0.015086206896551723 0.5998563218390804 0.01257183908045977 0.5955459770114943 0.010775862068965518 0.5862068965517242 0.01257183908045977 0.5797413793103449 0.017241379310344827 0.5768678160919541 0.03125 0.5725574712643678 0.04741379310344828 0.5725574712643678 0.05495689655172414 0.5721982758620691 0.06429597701149425 0.574712643678161 0.07147988505747126 0.5801005747126436 0.07543103448275863 0.5858477011494253
1 0.14080459770114945 0.6278735632183908 0.14475574712643677 0.6404454022988506 0.14188218390804597 0.6505028735632183 0.13326149425287356 0.6569683908045978 0.12284482758620689 0.6623563218390804 0.10524425287356323 0.6677442528735632 0.08584770114942529 0.6691810344827586 0.07507183908045977 0.6691810344827586 0.06824712643678162 0.6645114942528736 0.06501436781609196 0.65625 0.06357758620689655 0.6451149425287357 0.06896551724137931 0.6361350574712644 0.0851293103448276 0.6278735632183908 0.09734195402298851 0.6235632183908046 0.11386494252873564 0.6228448275862069 0.12464080459770116 0.6224856321839081 0.13685344827586207 0.6242816091954023
1 0.2733953613807983 0.6627562028047466 0.2713727076591155 0.6550026968716289 0.2656418554476807 0.6469120819848976 0.25451725997842506 0.6384843581445524 0.24575242718446602 0.6330906148867314 0.23665048543689324 0.6300566343042071 0.22046925566343042 0.6307308522114348 0.20395091693635384 0.6357874865156419 0.19586030204962243 0.6388214670981662 0.19248921251348436 0.6448894282632147 0.1935005393743258 0.6526429341963323 0.19720873786407767 0.6620819848975189 0.2029395900755124 0.6691612729234089 0.21338996763754048 0.6752292340884574 0.22451456310679613 0.6799487594390506 0.23496494066882417 0.6843311758360302 0.24743797195253506 0.6856796116504854 0.2588996763754045 0.6833198489751887 0.26395631067961167 0.6826456310679612 0.27069848975188787 0.6782632146709816 0.27406957928802594 0.6708468176914779
1 0.2936218985976268 0.5457793959007552 0.28047464940668826 0.5387001078748652 0.26968716289104644 0.5376887810140238 0.26024811218985977 0.5366774541531824 0.25047195253505933 0.5366774541531824 0.24137001078748652 0.5407227615965481 0.23496494066882417 0.5467907227615966 0.2319309600862999 0.5542071197411004 0.23361650485436894 0.5622977346278317 0.23901024811218988 0.5707254584681769 0.25047195253505933 0.5761192017259978 0.26361920172599784 0.5764563106796117 0.28182308522114347 0.5734223300970874 0.2885652642934196 0.5680285868392665 0.29328478964401294 0.5599379719525351 0.2936218985976268 0.5518473570658037
1 0.15304746494066884 0.7423139158576053 0.14799083063646173 0.7487189859762676 0.1432713052858684 0.7554611650485438 0.13282092772384035 0.7632146709816613 0.12607874865156418 0.7665857605177994 0.11697680690399137 0.7696197411003236 0.10652642934196334 0.7692826321467099 0.09978425026968717 0.7642259978425028 0.09742448759439051 0.7561353829557713 0.0970873786407767 0.7456850053937434 0.10214401294498382 0.73388619201726 0.10753775620280476 0.72680690399137 0.11731391585760517 0.7197276159654801 0.12843851132686085 0.7133225458468178 0.1436084142394822 0.7089401294498382 0.15001348435814457 0.709277238403452 0.15574433656957928 0.7109627831715211 0.15877831715210355 0.7187162891046387 0.15911542610571736 0.725121359223301 0.15911542610571736 0.7315264293419633
1 0.25676751592356684 0.768312101910828 0.24980095541401273 0.7626725053078557 0.24250265392781317 0.7603503184713375 0.23022823779193205 0.7623407643312101 0.22060774946921444 0.7643312101910827 0.20368895966029724 0.7729564755838642 0.2003715498938429 0.7756104033970276 0.19141454352441611 0.7885483014861996 0.19041932059447983 0.7958466029723991 0.1937367303609342 0.806462314225053 0.20468418259023352 0.8180732484076433 0.22359341825902332 0.8200636942675159 0.23785828025477704 0.8207271762208067 0.2494692144373673 0.8184049893842887 0.256104033970276 0.8134288747346071 0.261411889596603 0.8057988322717622 0.26472929936305734 0.7955148619957537 0.26506104033970274 0.7848991507430997 0.26340233545647557 0.775942144373673
1 0.31994047619047616 0.7373511904761904 0.31051587301587297 0.7375992063492063 0.30257936507936506 0.7393353174603174 0.296875 0.7452876984126984 0.2946428571428571 0.7522321428571428 0.29538690476190477 0.7646329365079365 0.2996031746031746 0.7777777777777778 0.30530753968253965 0.7891865079365079 0.31374007936507936 0.7998511904761904 0.32465277777777773 0.8075396825396824 0.3323412698412698 0.8092757936507937 0.3405257936507936 0.8070436507936507 0.34771825396825395 0.8003472222222221 0.34771825396825395 0.7926587301587301 0.3464781746031746 0.7874503968253969 0.34598214285714285 0.7810019841269841 0.34598214285714285 0.7765376984126984 0.3457341269841269 0.7710813492063492 0.3447420634920635 0.7678571428571428 0.3420138888888889 0.7643849206349206 0.33978174603174605 0.7601686507936507 0.33754960317460314 0.7569444444444444 0.3350694444444444 0.7522321428571428 0.3323412698412698 0.7470238095238095 0.3296130952380952 0.7460317460317459 0.3236607142857143 0.7388392857142857
1 0.41020114942528735 0.723778735632184 0.401580459770115 0.7223419540229885 0.3958333333333333 0.7234195402298851 0.3875718390804598 0.7273706896551725 0.379669540229885 0.7385057471264368 0.3757183908045977 0.7496408045977012 0.37212643678160917 0.7629310344827586 0.37104885057471265 0.7747844827586208 0.3739224137931034 0.7880747126436781 0.379669540229885 0.7974137931034483 0.38900862068965514 0.7966954022988506 0.39762931034482757 0.7938218390804598 0.40337643678160917 0.7938218390804598 0.41343390804597707 0.7902298850574713 0.4224137931034483 0.7794540229885059 0.427801724137931 0.7650862068965517 0.4281609195402299 0.7543103448275862 0.42672413793103453 0.7435344827586208 0.42420977011494254 0.7352729885057471 0.4188218390804598 0.72808908045977
1 0.4670253863134658 0.6494895143487859 0.45909216335540837 0.6494895143487859 0.45081401766004414 0.6553532008830022 0.44667494481236203 0.6619067328918322 0.4432257174392936 0.6691501103752759 0.4418460264900662 0.675703642384106 0.44219094922737306 0.6829470198675497 0.44391556291390727 0.6863962472406181 0.4504690949227373 0.6922599337748345 0.4586943069306931 0.6966790429042905 0.465398102310231 0.7008044554455445 0.4744224422442244 0.7000309405940595 0.47932136963696365 0.6971947194719471 0.4818997524752475 0.695647689768977 0.4860251650165016 0.6863655115511551 0.4873143564356435 0.6819822607260726 0.4867986798679868 0.6737314356435643 0.48576732673267325 0.6688325082508251 0.48447813531353134 0.6652227722772277 0.4829311056105611 0.6595503300330032 0.48009488448844884 0.6564562706270627 0.4762273102310231 0.6528465346534653
1 0.366388201320132 0.6007632013201321 0.35813737623762376 0.5997318481848185 0.34911303630363033 0.5999896864686468 0.34137788778877887 0.6043729372937293 0.333384900990099 0.6131394389438944 0.3297751650165016 0.6219059405940595 0.32951732673267325 0.6322194719471947 0.32951732673267325 0.6363448844884488 0.3308065181518152 0.6466584158415841 0.3362211221122112 0.6520730198019802 0.34318275577557755 0.6556827557755776 0.3509179042904291 0.654651402640264 0.36303630363036304 0.6494946369636964 0.3692244224422442 0.6445957095709571 0.37412334983498347 0.6363448844884488 0.37670173267326734 0.6273205445544555 0.3774752475247525 0.6193275577557756 0.3764438943894389 0.6108188943894389 0.37283415841584155 0.6051464521452146
1 0.5062664907651715 0.7368623570800352 0.49774626209322775 0.7332893579595426 0.48592788038698326 0.7357629727352683 0.4785070360598065 0.7393359718557607 0.4686125769569041 0.7492304309586632 0.4644898856640281 0.7613236587510993 0.4653144239226033 0.7695690413368513 0.4686125769569041 0.7800131926121371 0.47795734388742306 0.7824868073878627 0.49197449428320145 0.7786389621811786 0.5021437994722955 0.7731420404573439 0.5068161829375549 0.7659960422163589 0.5103891820580475 0.7572009674582234 0.5106640281442393 0.7489555848724714 0.5092897977132805 0.7418095866314863
1 0.5620602462620933 0.6632036059806509 0.5549142480211081 0.6670514511873351 0.549967018469657 0.6739226033421285 0.5472185576077397 0.6799692172383465 0.5466688654353562 0.6871152154793315 0.5472185576077397 0.6994832893579594 0.5496921723834653 0.7093777484608619 0.5518909410729991 0.7209212840809146 0.5557387862796833 0.7261433597185576 0.566457783641161 0.733014511873351 0.5722295514511873 0.7365875109938435 0.5802000879507475 0.737137203166227 0.5895448548812665 0.734938434476693 0.5953166226912928 0.728891820580475 0.5980650835532102 0.7206464379947229 0.5986147757255936 0.7129507475813545 0.5991644678979771 0.7049802110817942 0.5988896218117854 0.6975593667546174 0.5964160070360598 0.6887642919964819 0.5947669305189094 0.6827176781002638 0.5922933157431839 0.6772207563764291 0.5859718557607739 0.6689753737906773 0.5763522427440633 0.6643029903254177 0.5686565523306949 0.6632036059806509
1 0.6500109938434477 0.6104331574318382 0.6431398416886543 0.6071350043975374 0.6346196130167105 0.6065853122251539 0.6244503078276166 0.6093337730870713 0.6159300791556728 0.6137313104661389 0.6090589270008795 0.6175791556728232 0.601363236587511 0.6255496921723834 0.5986147757255936 0.6310466138962182 0.5988896218117854 0.6387423043095866 0.6019129287598944 0.6511103781882146 0.6041116974494283 0.6552330694810905 0.6098834652594547 0.6607299912049253 0.6162049252418645 0.6599054529463501 0.6313214599824098 0.6579815303430079 0.6387423043095866 0.6571569920844327 0.6436895338610378 0.6541336851363238 0.6519349164467898 0.6475373790677221 0.654958223394899 0.6420404573438874 0.6574318381706244 0.6357189973614775 0.6574318381706244 0.628023306948109 0.6571569920844327 0.6206024626209322 0.6546833773087072 0.6162049252418645
1 0.6214270008795074 0.5087401055408971 0.6159300791556728 0.5136873350923483 0.6115325417766051 0.521108179419525 0.6090589270008795 0.5288038698328935 0.6079595426561126 0.5384234828496042 0.6107080035180299 0.5496921723834653 0.6148306948109058 0.5593117854001759 0.6206024626209322 0.5653583992963941 0.6315963060686016 0.5703056288478453 0.6436895338610378 0.5700307827616535 0.6508355321020229 0.5653583992963941 0.6579815303430079 0.5595866314863677 0.6596306068601583 0.5474934036939314 0.6568821459982409 0.537598944591029 0.653858839050132 0.5288038698328935 0.6508355321020229 0.5219327176781002 0.6453386103781882 0.5139621811785401 0.6398416886543535 0.5106640281442393 0.634344766930519 0.5076407211961301 0.6269239226033422 0.5076407211961301
1 0.45541996481970093 0.5271547933157431 0.45184696569920846 0.5351253298153034 0.45047273526824977 0.541721635883905 0.45157211961301674 0.5477682497801232 0.4532211961301671 0.5571130167106421 0.4556948109058927 0.5656332453825857 0.46174142480211083 0.5760773966578715 0.4688874230430959 0.5823988566402815 0.47575857519788917 0.5856970096745823 0.48675241864555846 0.5870712401055409 0.49664687774846084 0.5840479331574319 0.5010444151275286 0.5755277044854881 0.5018689533861038 0.5681068601583114 0.5010444151275286 0.5573878627968337 0.4980211081794195 0.549967018469657 0.49609718557607735 0.5447449428320141 0.49005057167985927 0.5337510993843447 0.48208003518029907 0.5263302550571679 0.47575857519788917 0.522207563764292 0.4697119613016711 0.5208333333333334 0.46394019349164467 0.5213830255057168 0.4589929639401935 0.5241314863676342
1 0.5304529463500439 0.4183157431838171 0.5263302550571679 0.4229881266490765 0.523306948109059 0.4279353562005277 0.5219327176781002 0.43425681618293754 0.5244063324538258 0.44360158311345643 0.5301781002638523 0.4521218117854002 0.5362247141600703 0.4581684256816183 0.5422713280562885 0.46201627088830255 0.5540897097625329 0.4644898856640281 0.5639841688654353 0.4664138082673703 0.5714050131926122 0.4664138082673703 0.5818491644678979 0.4653144239226033 0.5889951627088831 0.46201627088830255 0.5955914687774846 0.4576187335092348 0.6010883905013192 0.4521218117854002 0.6032871591908531 0.44525065963060684 0.6032871591908531 0.43755496921723835 0.6030123131046614 0.4304089709762533 0.5980650835532102 0.42436235708003517 0.5939423922603342 0.4196899736147757 0.5810246262093227 0.4141930518909411 0.5719547053649957 0.4125439753737907 0.5598614775725593 0.4125439753737907 0.5494173262972736 0.4125439753737907 0.5400725593667546 0.4144678979771328
1 0.35911779835390945 0.42052469135802467 0.34786522633744854 0.4240612139917695 0.34272119341563784 0.4285622427983539 0.3385416666666667 0.43499228395061723 0.335326646090535 0.44624485596707814 0.33500514403292175 0.45556841563786005 0.33661265432098764 0.4681069958847736 0.34239969135802467 0.47903806584362135 0.3501157407407407 0.48771862139917693 0.35783179012345673 0.48868312757201643 0.37069187242798346 0.4854681069958848 0.3771219135802469 0.48000257201646085 0.38162294238683125 0.47196502057613166 0.38515946502057613 0.4616769547325103 0.38515946502057613 0.45042438271604934 0.3835519547325103 0.44142232510288065 0.3793724279835391 0.43209876543209874 0.3751929012345679 0.4263117283950617 0.36876286008230447 0.4221322016460905
1 0.5433130699088146 0.31724924012158057 0.5423632218844985 0.3096504559270517 0.5363475177304964 0.30300151975683887 0.5296985815602837 0.2992021276595745 0.5195668693009119 0.29540273556231 0.5091185410334347 0.2925531914893617 0.4989868287740628 0.29097011144883483 0.48632218844984804 0.29350303951367784 0.4787234042553192 0.2969858156028369 0.47270770010131713 0.3020516717325228 0.471757852077001 0.3096504559270517 0.47270770010131713 0.3153495440729483 0.47619047619047616 0.3207320162107396 0.47998986828774065 0.3273809523809524 0.4853723404255319 0.3324468085106383 0.49328774062816616 0.33529635258358664 0.500886524822695 0.33814589665653494 0.5132345491388045 0.33846251266464034 0.5230496453900709 0.33814589665653494 0.5322315096251267 0.3362462006079027 0.5382472137791287 0.33181357649442755 0.5423632218844985 0.3257978723404255
1 0.5418447293447294 0.033475783475783526 0.5314577397910731 0.033772554605887996 0.5228513770180437 0.0361467236467237 0.516025641025641 0.040301519468186185 0.5136514719848053 0.04356600189933529 0.5115740740740741 0.04890788224121563 0.5115740740740741 0.054249762583095974 0.5148385565052231 0.061965811965812016 0.5192901234567902 0.0693850902184236 0.5267094017094017 0.07383665716999054 0.5353157644824312 0.07472697056030395 0.5439221272554605 0.07383665716999054 0.5554962013295346 0.0750237416904084 0.5697412155745489 0.07294634377967715 0.5750830959164293 0.06968186134852807 0.5777540360873694 0.06255935422602095 0.5759734093067427 0.05068850902184241 0.5727089268755935 0.04415954415954421 0.5682573599240265 0.03763057929724602 0.5596509971509972 0.03317901234567906 0.5507478632478633 0.032585470085470136
1 0.6565040650406504 0.1544715447154471 0.6488821138211383 0.15853658536585363 0.6326219512195123 0.1610772357723577 0.6209349593495935 0.15701219512195116 0.614329268292683 0.149390243902439 0.6011178861788619 0.13668699186991864 0.5965447154471545 0.12754065040650403 0.5950203252032521 0.11737804878048776 0.5960365853658537 0.10213414634146337 0.6026422764227644 0.09502032520325199 0.6148373983739838 0.09095528455284548 0.6244918699186993 0.08993902439024384 0.638719512195122 0.09349593495934955 0.646849593495935 0.10010162601626012 0.6554878048780489 0.10873983739837394 0.6620934959349594 0.12093495934959345 0.6651422764227644 0.13262195121951215 0.6636178861788619 0.14481707317073164
1 0.773241991991992 0.08786911911911914 0.7729291791791791 0.07817192192192195 0.7694882382382382 0.07379254254254257 0.7660472972972973 0.07191566566566569 0.7587365591397849 0.07157258064516132 0.7436155913978494 0.07549283154121868 0.7290546594982079 0.08221326164874557 0.7166228728728729 0.08818193193193195 0.7031719219219218 0.10350975975975979 0.7028591091091091 0.10914039039039042 0.7056744244244244 0.11258133133133136 0.7078641141141141 0.1160222722722723 0.7109922422422421 0.1185247747747748 0.7272585085085085 0.12008883883883886 0.7416478978978979 0.11821196196196199 0.7548163082437276 0.1102150537634409 0.7657344844844844 0.10100725725725729
1 0.7644832332332332 0.16888763763763767 0.7582269769769769 0.16356981981981986 0.7472785285285285 0.16294419419419423 0.7435247747747747 0.16356981981981986 0.7353916416416416 0.16607232232232236 0.7278841341341341 0.16857482482482486 0.7203766266266266 0.1720157657657658 0.7159972472472471 0.17514389389389393 0.7122434934934935 0.18014889889889893 0.7100538038038038 0.18703078078078084 0.7100538038038038 0.1932870370370371 0.7141203703703703 0.2014201701701702 0.7194381881881882 0.2057995495495496 0.7253816316316316 0.2061123623623624 0.734766016016016 0.206737987987988 0.7444632132132132 0.20486111111111116 0.7572885385385385 0.2011073573573574 0.7679241741741741 0.19516391391391394 0.7707394894894894 0.18953328328328334 0.7710523023023023 0.18233858858858862 0.7701138638638638 0.17639514514514518
1 0.8789569805194806 0.18868371212121213 0.8735457251082251 0.19477137445887446 0.8637378246753246 0.19882981601731603 0.8532535173160174 0.20018262987012989 0.8414163961038962 0.19950622294372297 0.8295792748917749 0.19477137445887446 0.8261972402597402 0.19172754329004332 0.8234916125541125 0.18699269480519481 0.8224770021645021 0.17921401515151517 0.824506222943723 0.17312635281385283 0.8339759199134199 0.16906791125541126 0.8444602272727272 0.16906791125541126 0.8525771103896104 0.16906791125541126 0.8657670454545454 0.17380275974025977 0.8732075216450216 0.17853760822510825 0.8782805735930735 0.18361066017316022
1 0.8665058724832215 0.07546840044742732 0.8570679530201343 0.08210989932885909 0.8514751118568233 0.08945050335570473 0.8483291387024608 0.10063618568232664 0.8472804809843401 0.11356963087248324 0.8518246644295303 0.12230844519015663 0.8549706375838927 0.13174636465324388 0.8647581096196869 0.1380383109619687 0.8682536353467561 0.14048517897091725 0.8755942393736018 0.1397860738255034 0.885731263982103 0.13594099552572708 0.8920232102908279 0.13069770693512306 0.8972664988814318 0.12230844519015663 0.8990142617449665 0.1030830536912752 0.8976160514541387 0.08910095078299779 0.8923727628635347 0.08036213646532442 0.8867799217002238 0.07476929530201344 0.8734969239373602 0.07441974272930652
1 0.9714528867102395 0.05712145969498909 0.9694104030501088 0.06733387799564268 0.9694104030501088 0.07856753812636162 0.9700912309368191 0.08707788671023962 0.9758782679738561 0.10001361655773418 0.9847290305010893 0.10784313725490194 0.9932393790849673 0.11022603485838776 0.9976647603485839 0.11056644880174289 1.0006399782135076 0.10833333333333334 1.0006399782135076 0.05416666666666667 0.9966435185185184 0.049632352941176454 0.9905160675381263 0.04827069716775598 0.984048202614379 0.04861111111111109 0.9775803376906318 0.05167483660130718
1 0.9047391857506362 0.23441475826972014 0.8896310432569975 0.22487277353689572 0.8816793893129771 0.22407760814249367 0.8665712468193385 0.22805343511450385 0.8514631043256997 0.2360050890585242 0.8371501272264632 0.24634223918575066 0.8443066157760815 0.2598600508905853 0.8546437659033079 0.26383587786259544 0.8840648854961832 0.25826972010178123 0.9015585241730281 0.254293893129771 0.9079198473282444 0.24554707379134863
1 0.8936915887850466 0.32564252336448596 0.8786020249221184 0.31542056074766356 0.8698403426791277 0.3125 0.8571845794392523 0.310066199376947 0.8464758566978193 0.3125 0.834793613707165 0.3159073208722741 0.821651090342679 0.3241822429906542 0.8182437694704049 0.3348909657320872 0.821651090342679 0.3412188473520249 0.833820093457944 0.347059968847352 0.8445288161993769 0.3509540498442367 0.8532904984423676 0.35144080996884736 0.8654595015576323 0.35144080996884736 0.8781152647975078 0.3499805295950155 0.8854166666666666 0.34803348909657317 0.8922313084112149 0.338785046728972
1 0.7890381619937694 0.3655568535825545 0.7744353582554517 0.35776869158878505 0.7622663551401868 0.3563084112149532 0.7437694704049844 0.3597157320872274 0.7296534267912772 0.36653037383177567 0.7213785046728971 0.3748052959501557 0.7160241433021806 0.38161993769470404 0.7135903426791277 0.39476246105919 0.7150506230529595 0.4001168224299065 0.7291666666666666 0.4069314641744548 0.7427959501557632 0.4108255451713395 0.7598325545171339 0.4083917445482866 0.7739485981308412 0.4006035825545171 0.7856308411214953 0.3898948598130841 0.7890381619937694 0.37918613707165105
1 0.826058201058201 0.375 0.8214285714285714 0.3802910052910053 0.8197751322751323 0.38888888888888895 0.8237433862433863 0.3991402116402117 0.8300264550264551 0.40244708994709 0.8416005291005291 0.4060846560846561 0.8508597883597884 0.4060846560846561 0.8644179894179894 0.4037698412698413 0.8713624338624338 0.40145502645502645 0.8746693121693122 0.39616402116402116 0.8746693121693122 0.392526455026455 0.8736772486772487 0.3862433862433862 0.8657407407407407 0.3792989417989418 0.857473544973545 0.3766534391534392 0.8482142857142858 0.3746693121693122 0.8392857142857143 0.3726851851851852 0.8326719576719577 0.37334656084656087
1 0.900462962962963 0.44543650793650796 0.8898809523809524 0.45006613756613756 0.8855820105820107 0.45436507936507936 0.8812830687830687 0.46296296296296297 0.8822751322751323 0.4732142857142857 0.8842592592592593 0.4828042328042328 0.8865740740740741 0.48974867724867727 0.8912037037037037 0.49636243386243384 0.8974867724867724 0.4996693121693122 0.904431216931217 0.5006613756613757 0.9133597883597884 0.4980158730158731 0.919973544973545 0.4914021164021164 0.9222883597883598 0.482473544973545 0.9236111111111112 0.47189153439153436 0.9229497354497355 0.4616402116402117 0.9196428571428572 0.4530423280423281 0.9130291005291006 0.4464285714285714 0.9047619047619048 0.44477513227513227
1 0.7902486910994764 0.45347949389179754 0.7894306282722513 0.46493237347294936 0.7907940663176265 0.4720222513089005 0.7946116928446771 0.4802028795811518 0.8014288830715531 0.48811082024432806 0.8093368237347295 0.4946553228621291 0.8175174520069807 0.5003817626527051 0.8286976439790574 0.5011998254799301 0.8363328970331588 0.4992910122164049 0.8475130890052356 0.49410994764397903 0.8499672774869109 0.4862020069808028 0.8499672774869109 0.4769306282722513 0.8466950261780105 0.46874999999999994 0.8406958987783594 0.46166012216404884 0.8325152705061082 0.45511561954624774 0.8259707678883071 0.45020724258289696 0.819153577661431 0.4472076788830715 0.8134271378708551 0.4458442408376963 0.8093368237347295 0.4450261780104711 0.8011561954624782 0.4461169284467713 0.7967931937172774 0.4482984293193717
1 0.8253424657534246 0.5587084148727984 0.820450097847358 0.5519814090019569 0.8165769732550554 0.5472928897586431 0.8120923026744944 0.5426043705153294 0.8055691454664057 0.5397504892367906 0.8000652315720809 0.5368966079582518 0.7968036529680365 0.5332273320287019 0.7896689497716894 0.5326157860404436 0.7839611872146118 0.5315965427266798 0.7770303326810175 0.5318003913894326 0.7719341161121983 0.5336350293542075 0.7676532941943901 0.5364889106327462 0.7645955642530985 0.5383235485975212 0.7588878016960209 0.5428082191780822 0.7574608610567514 0.5472928897586431 0.7578685583822569 0.5542237442922374 0.7613339856490541 0.5585045662100456 0.7670417482061318 0.5633969341161121 0.7729533594259621 0.5666585127201565 0.7813111545988257 0.5701239399869537 0.7859996738421395 0.5709393346379648 0.795376712328767 0.5723662752772342 0.8037345075016307 0.5717547292889759 0.8131115459882583 0.5699200913242009 0.8188193085453359 0.5678816046966731 0.8228962818003913 0.565231572080887
1 0.6952131043256997 0.47733778625954204 0.6893818914334182 0.4813136132315522 0.6864662849872774 0.4871448261238338 0.6856711195928753 0.4948314249363868 0.685406064461408 0.5046384648006785 0.6875265055131468 0.5128551738761663 0.691502332485157 0.5250477099236641 0.69918893129771 0.5383004664970313 0.7055502544529263 0.5467822307039865 0.7113814673452078 0.5481075063613231 0.7188030110262935 0.5494327820186599 0.7302003816793893 0.5459870653095844 0.7347063189143342 0.5417461832061069 0.7373568702290076 0.5348547497879559 0.7381520356234097 0.5263729855810009 0.7357665394402036 0.5131202290076337 0.7309955470737913 0.5006626378286684 0.724634223918575 0.48740988125530116 0.7177427905004241 0.47972328244274814 0.7132368532654793 0.47707273112807463 0.7034298134011875 0.47574745547073793
1 0.7385416666666667 0.6131944444444444 0.732638888888889 0.617361111111111 0.7309027777777778 0.6260416666666667 0.7347222222222223 0.6371527777777778 0.742361111111111 0.6427083333333333 0.7552083333333334 0.6461805555555556 0.7701388888888889 0.6454861111111111 0.7850694444444444 0.6430555555555556 0.7975694444444444 0.6385416666666667 0.8024305555555556 0.6305555555555556 0.804861111111111 0.6211805555555556 0.7996527777777778 0.6121527777777778 0.7923611111111111 0.6069444444444444 0.7802083333333333 0.6055555555555556 0.7677083333333333 0.6052083333333333 0.7555555555555556 0.60625 0.7489583333333333 0.6079861111111111
1 0.8322339489885664 0.7016820580474934 0.831684256816183 0.6915127528583993 0.827561565523307 0.6854661389621811 0.8215149516270889 0.6796943711521547 0.8138192612137203 0.6752968337730871 0.8003518029903255 0.6728232189973615 0.7943051890941073 0.6739226033421285 0.7866094986807387 0.6788698328935795 0.7830364995602462 0.6851912928759895 0.7827616534740545 0.6970096745822338 0.7866094986807387 0.7085532102022867 0.7899076517150395 0.7154243623570801 0.7959542656112577 0.7198218997361477 0.8036499560246262 0.722570360598065 0.809971416007036 0.723669744942832 0.814094107299912 0.7242194371152154 0.8228891820580474 0.719547053649956 0.8292106420404574 0.7121262093227793 0.8322339489885664 0.7052550571679859
1 0.6475373790677221 0.7099274406332454 0.6436895338610378 0.7137752858399297 0.6417656112576957 0.7198218997361477 0.6401165347405453 0.7250439753737906 0.640391380826737 0.731915127528584 0.6425901495162709 0.7363126649076518 0.6467128408091469 0.7451077396657871 0.649736147757256 0.7536279683377309 0.6519349164467898 0.7593997361477572 0.6566072999120492 0.7670954265611257 0.6621042216358839 0.7709432717678101 0.6761213720316622 0.7706684256816183 0.6805189094107299 0.7657211961301671 0.6838170624450307 0.7615985048372911 0.6860158311345647 0.7544525065963061 0.6884894459102903 0.7467568161829375 0.6884894459102903 0.7368623570800352 0.6851912928759895 0.7286169744942832 0.6807937554969217 0.7187225153913808 0.6785949868073878 0.7126759014951627 0.6750219876868954 0.7077286719437115 0.6648526824978013 0.7058047493403694 0.6533091468777485 0.7069041336851363
1 0.7081918025362318 0.7710314764492753 0.707625679347826 0.7769757699275363 0.7101732336956521 0.7823539402173912 0.716117527173913 0.788581295289855 0.724609375 0.7925441576086956 0.7333842844202898 0.7956578351449275 0.7427253170289855 0.7965070199275363 0.7526324728260868 0.796790081521739 0.7614073822463767 0.7965070199275363 0.7690500452898551 0.7939594655797101 0.7730129076086956 0.7880151721014492 0.7721637228260868 0.7786741394927535 0.7684839221014492 0.7707484148550724 0.7628226902173912 0.7653702445652173 0.7540477807971014 0.7602751358695651 0.7469712409420289 0.7574445199275363 0.7398947010869565 0.7560292119565217 0.7333842844202898 0.7568783967391304 0.7231940670289855 0.7591428894927535 0.7149852807971014 0.7619735054347826 0.7090409873188405 0.7670686141304348
1 0.5754841549295775 0.8028902582159625 0.5776848591549296 0.8120598591549296 0.5758509389671361 0.8208626760563381 0.5751811594202898 0.8309178743961352 0.5721618357487922 0.8378623188405797 0.5667270531400966 0.8475241545893719 0.5628019323671497 0.8523550724637681 0.5546497584541062 0.8547705314009661 0.5452898550724637 0.8553743961352657 0.538647342995169 0.8535628019323671 0.5320048309178743 0.8469202898550724 0.529891304347826 0.8387681159420289 0.529891304347826 0.8291062801932367 0.5323067632850241 0.8203502415458936 0.5338164251207729 0.8140096618357487 0.5374396135265701 0.8061594202898551 0.5434782608695652 0.8004227053140096 0.548611111111111 0.7983091787439613 0.557367149758454 0.796195652173913 0.5643115942028986 0.7967995169082125 0.5703502415458938 0.7995169082125603
1 0.6219170403587443 0.7994207772795217 0.6153774289985052 0.8029241405082213 0.6116405082212257 0.8073617339312407 0.6083707025411061 0.8139013452914798 0.6058015695067264 0.8188060538116592 0.6048673393124065 0.8248785500747383 0.6046337817638266 0.8346879671150972 0.6058015695067264 0.8419282511210763 0.6083707025411061 0.8533725710014948 0.610005605381166 0.858744394618834 0.6137425261584454 0.8641162182361734 0.6181801195814649 0.8701887144992526 0.6219170403587443 0.875326980568012 0.6275224215246636 0.8776625560538117 0.6335949177877429 0.8828008221225709 0.6392002989536621 0.8828008221225709 0.6473748131539612 0.8799981315396114 0.6536808669656203 0.8713565022421524 0.6595198056801196 0.8613135276532138 0.6625560538116592 0.8540732436472347 0.6632567264573991 0.8426289237668161 0.6625560538116592 0.8337537369207773 0.6597533632286995 0.8237107623318386 0.6574177877428998 0.8192731689088191 0.6520459641255606 0.8141349028400597 0.6476083707025411 0.8073617339312407 0.640601644245142 0.8008221225710014 0.6277559790732437 0.7996543348281017
1 0.7014912868632707 0.8143152368185881 0.709590035746202 0.8165493744414657 0.7134997765862378 0.8193420464700626 0.7174095174262735 0.8224139857015192 0.719643655049151 0.8257651921358355 0.7213192582663092 0.8324676050044684 0.7232741286863271 0.8386114834673816 0.7241119302949062 0.8416834226988382 0.7246704647006256 0.8562053172475425 0.725228999106345 0.861232126899017 0.7255082663092047 0.8718442806076855 0.725228999106345 0.8799430294906166 0.7207607238605898 0.8902759159964254 0.716013181411975 0.8944649240393208 0.7093107685433423 0.8944649240393208 0.7028876228775692 0.8911137176050045 0.6967437444146559 0.8877625111706882 0.6939510723860589 0.884132037533512 0.6886449955317248 0.8779881590705988 0.6866901251117068 0.8698894101876675 0.684735254691689 0.8587187220732797 0.6841767202859697 0.8503407059874888 0.6841767202859697 0.8433590259159964 0.684735254691689 0.836377345844504 0.6886449955317248 0.8212969168900804 0.6908791331546024 0.8165493744414657 0.6956266756032171 0.8137567024128687
1 1.0003472222222223 0.9447916666666667 0.9902777777777778 0.9361111111111111 0.9798611111111112 0.9333333333333333 0.9618055555555556 0.9326388888888889 0.9520833333333333 0.9347222222222222 0.9444444444444445 0.9402777777777778 0.9423611111111112 0.9520833333333333 0.9555555555555556 0.9736111111111111 0.9701388888888889 0.9805555555555556 0.9909722222222223 0.9805555555555556 1.0003472222222223 0.9760416666666667
1 0.44265292553191493 0.4193816489361702 0.4415447695035461 0.4299091312056738 0.4432070035460993 0.44265292553191493 0.4481937056737589 0.45207225177304966 0.4576130319148936 0.458167109929078 0.46537012411347517 0.4609375 0.4770057624113475 0.458167109929078 0.4786679964539007 0.44653147163120566 0.47811391843971635 0.4376662234042553 0.47257313829787234 0.4249224290780142 0.466478280141844 0.417719414893617 0.4603834219858156 0.41273271276595747 0.4542885638297873 0.4110704787234043 0.4470855496453901 0.41439494680851063
0 0.5738579317269076 0.44208082329317266 0.5540913654618473 0.4383157630522088 0.5434236947791165 0.4370607429718875 0.5412274096385541 0.4354919678714859 0.5412274096385541 0.43360943775100397 0.5434236947791165 0.43266817269076296 0.5475025100401606 0.43329568273092367 0.5653865461847389 0.4370607429718875 0.580133032128514 0.4386295180722891 0.5829568273092369 0.43957078313253006 0.5835843373493976 0.44208082329317266 0.5817018072289156 0.44364959839357426
0 0.35705321285140557 0.4649849397590361 0.3576807228915662 0.4489834337349397 0.35705321285140557 0.441453313253012 0.3583082329317269 0.43957078313253006 0.3617595381526104 0.4389432730923694 0.36458333333333326 0.44019829317269077 0.3648970883534136 0.4445908634538152 0.36395582329317266 0.45682730923694775 0.36207329317269077 0.46843624497991965 0.3605045180722891 0.4709462851405622 0.35799447791164657 0.47126004016064255 0.3561119477911647 0.46874999999999994
0 0.30622489959839355 0.3363453815261044 0.30340110441767065 0.34136546184738953 0.3024598393574297 0.34230672690763053 0.29900853413654616 0.3445030120481928 0.2977535140562249 0.344816767068273 0.29743975903614456 0.34136546184738953 0.2977535140562249 0.3385416666666667 0.2983810240963855 0.33414909638554213 0.30057730923694775 0.33069779116465864 0.3024598393574297 0.32818775100401604 0.30496987951807225 0.3259914658634538 0.30747991967871485 0.32536395582329314 0.30810742971887545 0.3310115461847389
0 0.7115963855421686 0.5214608433734939 0.7087725903614458 0.5133032128514056 0.7056350401606425 0.5051455823293173 0.7043800200803213 0.5026355421686747 0.7021837349397589 0.4966741967871486 0.7024974899598393 0.494164156626506 0.7053212851405621 0.49447791164658633 0.7084588353413654 0.4973017068273092 0.7109688755020079 0.501066767068273 0.7128514056224898 0.5060868473895582 0.7141064257028111 0.5123619477911646 0.7150476907630522 0.5151857429718876 0.7163027108433735 0.5189508032128514 0.7172439759036143 0.5236571285140562 0.717871485943775 0.528363453815261 0.7131651606425702 0.5249121485943775
0 0.778426204819277 0.6256275100401606 0.7668172690763052 0.6271962851405621 0.759914658634538 0.6275100401606425 0.754894578313253 0.6275100401606425 0.7520707831325301 0.6275100401606425 0.753012048192771 0.6256275100401606 0.7555220883534136 0.6243724899598393 0.7658760040160641 0.6234312248995983 0.7762299196787148 0.6215486947791165 0.7799949799196786 0.6215486947791165 0.7840737951807228 0.622176204819277 0.7834462851405621 0.6243724899598393
0 0.5700928714859437 0.7050075301204818 0.5666415662650602 0.6943398594377509 0.5657003012048192 0.6874372489959839 0.5657003012048192 0.6827309236947791 0.5688378514056224 0.6821034136546184 0.5707203815261044 0.6830446787148594 0.5722891566265059 0.6877510040160643 0.5729166666666666 0.6918298192771084 0.5738579317269076 0.6974774096385541 0.5773092369477911 0.7109688755020079 0.5776229919678715 0.7159889558232931 0.5766817269076304 0.7175577309236947 0.5738579317269076 0.7150476907630522 0.5719754016064257 0.710027610441767
0 0.5446787148594378 0.8323920682730923 0.5512675702811245 0.8239206827309237 0.5540913654618473 0.8192143574297188 0.5559738955823293 0.8157630522088353 0.5572289156626505 0.8129392570281124 0.5584839357429718 0.8129392570281124 0.5581701807228915 0.8173318273092369 0.5569151606425702 0.8229794176706826 0.5553463855421686 0.8273719879518071 0.552836345381526 0.8323920682730923 0.5496987951807228 0.8358433734939759 0.5462474899598393 0.8383534136546184 0.544051204819277 0.8386671686746987
0 0.39627259036144574 0.7730923694779116 0.4041164658634538 0.7583458835341365 0.4059989959839357 0.7520707831325301 0.40631275100401604 0.7473644578313253 0.4066265060240964 0.7423443775100401 0.4066265060240964 0.7407756024096385 0.398468875502008 0.7476782128514056 0.3940763052208835 0.7570908634538152 0.3915662650602409 0.7646209839357428 0.3909387550200803 0.7686997991967871 0.3899974899598393 0.7737198795180722 0.3899974899598393 0.7781124497991967 0.3915662650602409 0.7768574297188754
0 0.4722013052208835 0.5484437751004017 0.47000502008032125 0.5453062248995983 0.46937751004016065 0.5421686746987951 0.47000502008032125 0.5399723895582329 0.4725150602409638 0.5418549196787148 0.475652610441767 0.5462474899598393 0.4809864457831325 0.5566014056224898 0.4838102409638554 0.5660140562248995 0.48286897590361444 0.5675828313253012 0.47879016064257024 0.5638177710843374 0.475652610441767 0.5600527108433735 0.4731425702811245 0.5559738955823293
0 0.8248619477911646 0.48035893574297184 0.8148217871485942 0.4740838353413654 0.8119979919678714 0.4709462851405622 0.8116842369477911 0.46874999999999994 0.8116842369477911 0.46686746987951805 0.8141942771084337 0.4662399598393574 0.8189006024096385 0.4690637550200803 0.8220381526104418 0.47126004016064255 0.8276857429718875 0.476593875502008 0.8298820281124498 0.48035893574297184 0.8283132530120482 0.48130020080321284
0 0.7312781531531531 0.18909534534534533 0.7383164414414414 0.1867492492492492 0.7430086336336336 0.18534159159159158 0.7455893393393392 0.18463776276276275 0.7474662162162161 0.18299549549549546 0.7488738738738738 0.18158783783783783 0.7493430930930931 0.17994557057057053 0.748170045045045 0.17877252252252251 0.7462931681681682 0.17853791291291288 0.7401933183183182 0.17947635135135134 0.7343280780780781 0.18135322822822822 0.7319819819819818 0.1832301051051051 0.7301051051051051 0.1858108108108108 0.7291666666666665 0.18721846846846846
0 0.14874249249249247 0.5464057807807807 0.15249624624624625 0.5332676426426426 0.15390390390390388 0.5250563063063063 0.15343468468468469 0.5227102102102101 0.1522616366366366 0.5215371621621621 0.15038475975975976 0.522240990990991 0.1492117117117117 0.5250563063063063 0.14827327327327328 0.5313907657657657 0.14498873873873871 0.5410097597597597 0.14287725225225226 0.5464057807807807 0.14334647147147145 0.5487518768768768 0.14545795795795793 0.5499249249249248
0 0.1783033033033033 0.43168168168168164 0.17642642642642642 0.4187781531531531 0.1768956456456456 0.4129129129129129 0.17806869369369369 0.41197447447447444 0.18064939939939936 0.415259009009009 0.18299549549549546 0.4208896396396396 0.1834647147147147 0.42863175675675674 0.1834647147147147 0.43332394894894893 0.18229166666666663 0.43426238738738737
0 0.09314001501501501 0.6519801051051051 0.10651276276276275 0.6468186936936937 0.1100319069069069 0.6456456456456455 0.11402027027027026 0.6440033783783784 0.11660097597597598 0.6421265015015014 0.1173048048048048 0.6411880630630631 0.11660097597597598 0.640015015015015 0.11448948948948948 0.6395457957957957 0.10862424924924924 0.640015015015015 0.10393205705705705 0.6409534534534534 0.09736298798798798 0.6435341591591591 0.09220157657657656 0.6470533033033032 0.08915165165165165 0.6503378378378378 0.0884478228228228 0.6529185435435435
0 0.25958333333333333 0.00010416666666666667 0.2659375 0.0003125 0.27395833333333336 0.01 0.2788541666666667 0.0190625 0.26833333333333337 0.014375 0.2640625 0.005625000000000001
0 0.48841059602649006 0.3119826158940397 0.4992756622516556 0.31232753863134655 0.519453642384106 0.31698399558498896 0.5234202538631346 0.32043322295805743 0.511692880794702 0.32146799116997793 0.49617135761589404 0.3166390728476821 0.4887555187637969 0.3143970750551876
0 0.9014583333333334 0.4867708333333333 0.90375 0.4630208333333333 0.9045833333333333 0.46010416666666665 0.9063541666666667 0.46437500000000004 0.9065624999999999 0.474375 0.9051041666666666 0.48374999999999996 0.9029166666666666 0.4867708333333333
0 0.21423303834808258 0.6513643067846607 0.2193952802359882 0.6539454277286135 0.2275073746312684 0.6557890855457227 0.23396017699115043 0.6580014749262536 0.23949115044247785 0.6600294985250736 0.24594395280235987 0.6629793510324483 0.2527654867256637 0.6646386430678466 0.2553466076696165 0.6627949852507374 0.25202802359882004 0.6603982300884955 0.24723451327433627 0.6587389380530974 0.24317846607669616 0.6567109144542773 0.23930678466076696 0.655051622418879 0.23414454277286134 0.6533923303834808 0.23082595870206488 0.6522861356932153 0.22769174041297935 0.6517330383480825 0.22418879056047197 0.650626843657817 0.2208702064896755 0.6500737463126843 0.21755162241887904 0.6498893805309734
