1 0.0574712643678161 0.06151221264367816 0.0475933908045977 0.060614224137931036 0.03457255747126437 0.057920258620689655 0.021102729885057472 0.052083333333333336 0.014816810344827588 0.04669540229885058 0.009428879310344829 0.04265445402298851 0.008979885057471266 0.03726652298850575 0.007632902298850576 0.03277658045977012 0.011224856321839081 0.02918462643678161 0.021551724137931036 0.029633620689655176 0.033674568965517244 0.030980603448275863 0.04310344827586207 0.033674568965517244 0.05118534482758621 0.03726652298850575 0.05926724137931035 0.04265445402298851 0.06241020114942529 0.0475933908045977 0.06285919540229885 0.05163433908045977 0.06285919540229885 0.05522629310344828 0.06241020114942529 0.05836925287356322
1 0.044899425287356326 0.22764008620689655 0.038613505747126436 0.21910919540229887 0.03457255747126437 0.20968031609195403 0.030531609195402303 0.19980244252873564 0.030082614942528736 0.1903735632183908 0.030980603448275863 0.18049568965517243 0.0354705459770115 0.17331178160919541 0.040858477011494254 0.16927083333333334 0.04894037356321839 0.16927083333333334 0.05522629310344828 0.17061781609195403 0.06151221264367816 0.1760057471264368 0.06510416666666667 0.1854346264367816 0.06690014367816093 0.19980244252873564 0.06824712643678162 0.20788433908045978 0.06869612068965518 0.21461925287356323 0.06510416666666667 0.2249461206896552 0.06196120689655173 0.2298850574712644 0.05477729885057472 0.23033405172413796
1 0.0008979885057471265 0.38927801724137934 0.007183908045977012 0.3861350574712644 0.016163793103448277 0.38254310344827586 0.0220007183908046 0.3771551724137931 0.030531609195402303 0.37266522988505746 0.0390625 0.3681752873563219 0.04265445402298851 0.36009339080459773 0.04310344827586207 0.3515625 0.0390625 0.34437859195402304 0.030082614942528736 0.33988864942528735 0.024694683908045977 0.33988864942528735 0.017061781609195404 0.33988864942528735 0.009428879310344829 0.3421336206896552 0.0013469827586206897 0.34752155172413796
1 0.1724137931034483 0.36278735632183906 0.16612787356321843 0.36009339080459773 0.15939295977011494 0.3578484195402299 0.15220905172413793 0.35605244252873564 0.14816810344827586 0.3524604885057471 0.1454741379310345 0.348419540229885 0.14771910919540232 0.34348060344827586 0.15625 0.3385416666666667 0.1625359195402299 0.33450071839080464 0.16927083333333334 0.33045977011494254 0.18229166666666666 0.3295617816091954 0.19261853448275862 0.33225574712643685 0.19980244252873564 0.3349497126436782 0.2087823275862069 0.33764367816091956 0.21237428160919541 0.34123563218390807 0.21327227011494257 0.34617456896551724 0.2087823275862069 0.35021551724137934 0.2015984195402299 0.3542564655172414 0.19216954022988508 0.3591954022988506 0.1854346264367816 0.361889367816092 0.1773527298850575 0.3623383620689655
1 0.16163793103448276 0.4346264367816092 0.15669899425287356 0.43417744252873564 0.14951508620689655 0.4305854885057471 0.14457614942528738 0.42878951149425293 0.141882183908046 0.42340158045977017 0.14143318965517243 0.41801364942528735 0.14322916666666666 0.4108297413793104 0.14457614942528738 0.40589080459770116 0.14951508620689655 0.40184985632183906 0.15625 0.39915589080459773 0.16388290229885058 0.39780890804597707 0.17286278735632185 0.39780890804597707 0.18363864942528738 0.39960488505747127 0.1908225574712644 0.40409482758620696 0.1930675287356322 0.4108297413793104 0.1903735632183908 0.4198096264367816 0.18723060344827588 0.42474856321839083 0.18004669540229887 0.42968750000000006 0.1710668103448276 0.4323814655172414 0.16792385057471265 0.43417744252873564
1 0.1284123563218391 0.8063936781609196 0.12975933908045978 0.7983117816091955 0.1333512931034483 0.7924748563218391 0.13963721264367818 0.7879849137931035 0.1468211206896552 0.78753591954023 0.1611889367816092 0.7933728448275862 0.1647808908045977 0.7996587643678161 0.1697198275862069 0.8077406609195403 0.1724137931034483 0.816271551724138 0.17331178160919541 0.8248024425287357 0.17196479885057472 0.8342313218390806 0.16657686781609196 0.8423132183908046 0.15625 0.8454561781609196 0.1468211206896552 0.8463541666666666 0.13963721264367818 0.8423132183908046 0.13469827586206898 0.8333333333333334 0.13110632183908047 0.8207614942528737 0.12975933908045978 0.8140265804597703
0 0.15518448232951723 0.8316574669937661 0.150660569105691 0.8211382113821138 0.14789585259190788 0.8152580500841451 0.14577000225177184 0.8113100423096067 0.14485892353457067 0.8067546487236009 0.14668108096897298 0.805539877100666 0.14911062421484278 0.8100952706866719 0.15245124617791372 0.8189023649529498 0.15579186814098467 0.8267983805020265
1 0.10079567541302238 0.9827198736637511 0.09745505344995144 0.9763423226433431 0.0928996598639456 0.9669278425655976 0.08986273080660839 0.9602465986394557 0.08895165208940721 0.9514395043731778 0.08834426627793977 0.9444545675413021 0.09016642371234211 0.9392917881438289 0.09441812439261422 0.9371659378036928 0.10292152575315842 0.9377733236151602 0.11294339164237126 0.9417213313896987 0.12175048590864919 0.9471878036929057 0.12660957240038875 0.9526542759961126 0.13025388726919343 0.9584244412050534 0.1329871234207969 0.9678389212827987 0.13389820213799808 0.9748238581146744 0.13389820213799808 0.9821124878522837 0.13116496598639457 0.9881863459669582 0.12205417881438292 0.990615889212828 0.11355077745383871 0.9900085034013605 0.10535106899902821 0.9863641885325557
1 0.11485157367668102 0.7322514306151645 0.12200464949928473 0.7367221030042919 0.13273426323319032 0.7389574391988556 0.14167560801144496 0.739851573676681 0.15195815450643782 0.7367221030042919 0.15955829756795428 0.7268866237482118 0.16492310443490704 0.7179452789699571 0.16805257510729618 0.7076627324749641 0.16760550786838344 0.7000625894134477 0.16179363376251793 0.694697782546495 0.15151108726752507 0.6920153791130186 0.14256974248927043 0.689780042918455 0.13273426323319032 0.689780042918455 0.12558118741058658 0.6902271101573677 0.11708690987124466 0.694697782546495 0.11172210300429188 0.7009567238912733 0.10859263233190276 0.7085568669527897 0.10859263233190276 0.7139216738197425 0.10814556509299002 0.7206276824034334 0.10814556509299002 0.7264395565092989
1 0.19026060070671383 0.08020465253239108 0.18621171967020028 0.072843050647821 0.18400323910482927 0.06253680800942289 0.18289899882214375 0.05627944640753832 0.18363515901060076 0.0463412838633687 0.1891563604240283 0.040083922261484134 0.1979902826855124 0.03529888103651358 0.20645612485276799 0.03235424028268555 0.21271348645465257 0.03272232037691405 0.22301972909305068 0.03787544169611311 0.23148557126030628 0.04413280329799767 0.23443021201413433 0.05259864546525327 0.23516637220259132 0.06695376914016493 0.23553445229681982 0.07726001177856305 0.23074941107184926 0.08683009422850414 0.21933892815076564 0.09308745583038872 0.20314340400471145 0.09271937573616021 0.19320524146054183 0.08719817432273265
1 0.33049911660777387 0.09934481743227329 0.3286587161366314 0.09455977620730273 0.3286587161366314 0.0831492932862191 0.3319714369846879 0.07100265017667848 0.339333038869258 0.06069640753828036 0.34779888103651363 0.05223056537102477 0.3566328032979977 0.04560512367491169 0.3617859246171967 0.04670936395759721 0.3647305653710248 0.050022084805653746 0.36620288574793874 0.05627944640753832 0.36620288574793874 0.06437720848056541 0.36436248527679627 0.07431537102473501 0.35884128386336867 0.08572585394581864 0.3522158421672556 0.09897673733804478 0.3448542402826856 0.10339369846878683 0.33528415783274446 0.10376177856301534
0 0.334663811007269 0.09268994461751476 0.33423113534094845 0.078087140879197 0.33786071849234395 0.06805800942285044 0.34338191990577155 0.06180064782096588 0.3503754416961131 0.05627944640753831 0.3581364659051575 0.052126600899965445 0.3567302699896159 0.058400398061613075 0.34742774316372455 0.0722460193838699 0.3394232433367948 0.08555079612322608
1 0.37282832744405187 0.1622865135453475 0.3698836866902238 0.1512441107184924 0.36804328621908133 0.13799322732626623 0.3702517667844523 0.12327002355712606 0.37577296819787986 0.11185954063604243 0.38313457008244994 0.10486601884570085 0.38902385159010605 0.10118521790341581 0.40006625441696114 0.10118521790341581 0.40485129564193173 0.10486601884570085 0.40669169611307426 0.11222762073027094 0.4077959363957598 0.12032538280329802 0.40521937573616024 0.13173586572438165 0.39785777385159016 0.1446186690223793 0.39049617196702 0.15455683156654892 0.3864472909305065 0.1622865135453475 0.37687720848056544 0.16523115429917554
1 0.3224013545347468 0.26682126030624265 0.3224013545347468 0.25651501766784457 0.32350559481743235 0.2432641342756184 0.32755447585394587 0.2322217314487633 0.33602031802120147 0.22301972909305068 0.34338191990577155 0.21786660777385164 0.3529520023557126 0.21676236749116612 0.36068168433451125 0.22007508833922265 0.3647305653710248 0.22706861012956422 0.3658348056537103 0.23516637220259132 0.36546672555948173 0.24694493521790348 0.3595774440518257 0.2613000588928151 0.3533200824499411 0.27160630153121323 0.3455904004711426 0.2752871024734983 0.3374926383981155 0.27639134275618377 0.32829063604240283 0.2738147820965843
1 0.3665709658421673 0.784709952885748 0.35479240282685515 0.7802929917550059 0.3503754416961131 0.7710909893992933 0.3455904004711426 0.7640974676089517 0.34264575971731454 0.7545273851590105 0.341541519434629 0.746797703180212 0.3411734393404005 0.7375957008244994 0.3496392815076561 0.7287617785630153 0.35516048292108365 0.7239767373380448 0.3610497644287397 0.7228724970553592 0.37098792697290933 0.7269213780918727 0.3761410482921084 0.7339148998822143 0.38460689045936397 0.7479019434628975 0.38791961130742053 0.7567358657243816 0.38939193168433456 0.7703548292108362 0.3864472909305065 0.7780845111896348 0.38055800942285045 0.7832376325088339 0.37246024734982336 0.7836057126030624
1 0.2613000588928151 0.8277753239104829 0.26424469964664316 0.8126840400471143 0.27307862190812726 0.7946481154299174 0.2793359835100118 0.7854461130742049 0.2859614252061249 0.7799249116607773 0.29221878680800945 0.7758760306242638 0.29589958775029446 0.7799249116607773 0.29773998822143705 0.7894949941107184 0.29700382803298003 0.8005373969375735 0.29332302709069497 0.8112117196702002 0.28964222614840995 0.8196775618374558 0.28117638398115435 0.8285114840989398 0.27344670200235577 0.8340326855123674 0.26424469964664316 0.8344007656065959
1 0.3327075971731449 0.9345185512367491 0.3231375147232038 0.9337823910482921 0.31835247349823326 0.9297335100117786 0.3131993521790342 0.9249484687868079 0.3113589517078917 0.9150103062426383 0.31908863368669027 0.9024955830388692 0.32902679623085984 0.892189340400471 0.34338191990577155 0.8844596584216725 0.3536881625441696 0.8822511778563016 0.36362632508833925 0.8822511778563016 0.3706198468786808 0.886300058892815 0.37209216725559485 0.8932935806831566 0.36693904593639576 0.9058083038869257 0.3536881625441696 0.9175868669022378 0.34448616018845707 0.9245803886925794 0.33786071849234395 0.9304696702002355
1 0.21911127167630057 0.6592605973025047 0.228143063583815 0.6442076107899807 0.2401854527938343 0.6297567437379575 0.2534320809248555 0.6231334296724469 0.2690871868978805 0.621929190751445 0.2763126204238921 0.6249397880539499 0.2769147398843931 0.6387885356454721 0.2733020231213873 0.6496266859344894 0.26005539499036606 0.6598627167630057 0.2431960500963391 0.6682923892100193 0.2299494219653179 0.6682923892100193
1 3.7007434154171884e-18 0.6686961359800452 0.018063583815028886 0.6692982554405461 0.03251445086705203 0.6692982554405461 0.040944123314065536 0.670502494361548 0.045158959537572256 0.6741152111245537 0.04756743737957612 0.6819427641110664 0.050578034682080934 0.6939851533210856 0.04937379576107901 0.7060275425311049 0.04395472061657033 0.7114466176756136 0.03251445086705203 0.7126508565966154 0.023482658959537536 0.7126508565966154 0.016257225433525993 0.7060275425311049 0.009031791907514453 0.6994042284655942 0.001204238921001932 0.6957915117025884
1 0.06436657032755297 0.852540944123314 0.05111994219653178 0.8513367052023121 0.04148603082851636 0.8483261078998072 0.031249999999999986 0.8447133911368016 0.025830924855491315 0.8398964354527938 0.02342244701348746 0.8308646435452793 0.02342244701348746 0.8218328516377649 0.028239402697495166 0.8121989402697495 0.03365847784200384 0.8037692678227359 0.04389450867052022 0.801962909441233 0.05653901734104045 0.8043713872832369 0.06978564547206163 0.8091883429672446 0.07640895953757225 0.8115968208092484 0.07941955684007705 0.8200264932562621 0.07881743737957608 0.8320688824662813 0.07640895953757225 0.8429070327552987 0.07279624277456646 0.8501324662813102
1 0.4500534188034188 0.12319711538461538 0.44871794871794873 0.11384882478632478 0.4513888888888889 0.09915865384615384 0.454059829059829 0.08880876068376067 0.45739850427350426 0.0794604700854701 0.4647435897435897 0.07111378205128206 0.47275641025641024 0.06810897435897437 0.4777644230769231 0.06777510683760683 0.4851095085470085 0.06911057692307691 0.4894497863247863 0.07445245726495726 0.4911191239316239 0.09081196581196581 0.4884481837606838 0.10750534188034187 0.485443376068376 0.1171875 0.4801014957264957 0.12319711538461538 0.47309027777777773 0.12787126068376067 0.46407585470085466 0.13020833333333334 0.4563969017094017 0.12887286324786323
1 0.49879807692307687 0.2013221153846154 0.4907852564102564 0.19831730769230768 0.4864449786324786 0.19163995726495728 0.484107905982906 0.18095619658119658 0.48210470085470086 0.16993856837606838 0.48210470085470086 0.15625 0.4831063034188034 0.14523237179487178 0.48611111111111105 0.1375534188034188 0.4917868589743589 0.1328792735042735 0.5001335470085471 0.13054220085470086 0.5088141025641025 0.13087606837606838 0.5184962606837606 0.13855502136752135 0.5241720085470085 0.15090811965811965 0.5275106837606838 0.16326121794871795 0.5288461538461539 0.17795138888888887 0.5245058760683761 0.19130608974358976 0.5174946581196581 0.1986511752136752 0.508480235042735 0.20065438034188032
1 0.5031383547008547 0.44971955128205127 0.49212072649572647 0.445713141025641 0.4827724358974359 0.44304220085470086 0.476428952991453 0.4397035256410256 0.47275641025641024 0.4320245726495726 0.4710870726495726 0.4210069444444444 0.4724225427350427 0.41399572649572647 0.47609508547008544 0.40865384615384615 0.48577724358974356 0.4063167735042735 0.4971287393162393 0.4063167735042735 0.5054754273504273 0.406650641025641 0.5151575854700855 0.40865384615384615 0.5208333333333334 0.4113247863247863 0.5265090811965812 0.4216746794871795 0.5271768162393162 0.4283520299145299 0.525173611111111 0.43903579059829057 0.5235042735042735 0.4440438034188034 0.5174946581196581 0.44871794871794873 0.5094818376068376 0.4503872863247863
1 0.5679086538461537 0.564236111111111 0.5779246794871794 0.5662393162393162 0.5836004273504274 0.5635683760683761 0.5872729700854701 0.5592280982905983 0.5889423076923077 0.5528846153846153 0.5899439102564102 0.546207264957265 0.5859375 0.5375267094017093 0.5749198717948718 0.5275106837606838 0.5652377136752136 0.523170405982906 0.5542200854700854 0.5221688034188035 0.5485443376068376 0.5258413461538461 0.5442040598290598 0.5325186965811965 0.5422008547008547 0.5388621794871794 0.5408653846153846 0.5458733974358975 0.5408653846153846 0.5512152777777778 0.5485443376068376 0.5585603632478633 0.5588942307692307 0.5618990384615384
1 0.5228365384615384 0.7615518162393162 0.5151575854700855 0.7698985042735043 0.5061431623931624 0.7772435897435896 0.49879807692307687 0.7822516025641025 0.48978365384615385 0.7855902777777778 0.4827724358974359 0.7862580128205128 0.47442574786324787 0.7839209401709402 0.4690838675213675 0.7782451923076923 0.46774839743589747 0.7695646367521367 0.46975160256410253 0.7638888888888888 0.47609508547008544 0.7555422008547008 0.4827724358974359 0.7461939102564102 0.4951255341880342 0.7375133547008547 0.5038060897435898 0.7328392094017093 0.5108173076923077 0.7321714743589743 0.5178285256410257 0.7321714743589743 0.5235042735042735 0.7328392094017093 0.5265090811965812 0.7401842948717949 0.5275106837606838 0.7461939102564102 0.5265090811965812 0.7532051282051282
1 0.5872729700854701 0.797275641025641 0.585269764957265 0.7859241452991452 0.5876068376068376 0.7732371794871794 0.5916132478632478 0.7655582264957265 0.5952857905982907 0.7602163461538461 0.6009615384615384 0.757545405982906 0.608974358974359 0.757545405982906 0.6183226495726495 0.7602163461538461 0.6223290598290598 0.7642227564102563 0.6266693376068376 0.7719017094017093 0.6293402777777778 0.7792467948717949 0.6300080128205128 0.7889289529914529 0.6286725427350427 0.796607905982906 0.6203258547008547 0.8069577991452992 0.6133146367521367 0.8099626068376068 0.603298611111111 0.8086271367521367 0.5952857905982907 0.8059561965811965 0.5902777777777778 0.8002804487179487
1 0.625667735042735 0.891426282051282 0.6253338675213675 0.8971020299145299 0.6239983974358975 0.9014423076923077 0.6209935897435898 0.9047809829059829 0.6136485042735043 0.9037793803418803 0.608974358974359 0.899105235042735 0.6053018162393162 0.891426282051282 0.601963141025641 0.8777377136752136 0.601963141025641 0.8660523504273504 0.6022970085470085 0.8580395299145299 0.6053018162393162 0.8533653846153846 0.6079727564102565 0.8503605769230769 0.6133146367521367 0.8506944444444444 0.6176549145299145 0.8553685897435896 0.6209935897435898 0.8627136752136751 0.6226629273504274 0.8700587606837608 0.6233306623931624 0.8807425213675213
1 0.5165059347181009 0.9989583333333333 0.5242334322453017 0.9889651335311573 0.5339700791295746 0.9812376360039565 0.5457158753709199 0.9733555885262117 0.5558894230769231 0.970219017094017 0.5644164193867458 0.9684099901088031 0.5701347675568744 0.9679463402571711 0.5783259149357072 0.9702645895153313 0.5773986152324431 0.9829376854599406 0.5727621167161226 0.9917470326409495 0.5673528684470821 0.9989583333333333
1 0.5858020231213872 0.040281791907514436 0.5803829479768786 0.02884152215799613 0.5779744701348747 0.01800337186897879 0.5815871868978806 0.007165221579961451 0.5864041425818882 0.0011440269749518168 0.6171122350674374 0.0005419075144508533 0.6249397880539499 0.007165221579961451 0.6261440269749519 0.013788535645472048 0.6273482658959537 0.02462668593448939 0.623735549132948 0.03365847784200384 0.6153058766859344 0.0408839113680154 0.60627408477842 0.04389450867052022 0.5948338150289018 0.04449662813102118
1 0.6147037572254335 0.17154383429672446 0.6074783236994219 0.16010356454720615 0.6074783236994219 0.1426421001926782 0.6098868015414258 0.12698699421965318 0.6159079961464353 0.11735308285163776 0.6231334296724469 0.11253612716763003 0.6339715799614644 0.11434248554913293 0.639390655105973 0.12518063583815028 0.6424012524084778 0.13902938342967242 0.6424012524084778 0.15348025048169556 0.6363800578034682 0.16492052023121387 0.6309609826589594 0.1727480732177264 0.6231334296724469 0.17335019267822735
1 0.6065285852713179 0.2501211240310078 0.594718992248062 0.2464874031007752 0.5832122093023256 0.24133963178294576 0.5753391472868218 0.23588905038759692 0.5695857558139535 0.22710755813953487 0.5665576550387598 0.22014292635658916 0.5668604651162791 0.21287548449612403 0.5714026162790697 0.20803052325581398 0.5786700581395349 0.2031855620155039 0.5889656007751938 0.2031855620155039 0.5989583333333334 0.20530523255813954 0.6095566860465116 0.210453003875969 0.618640988372093 0.21469234496124032 0.6240915697674418 0.22014292635658916 0.625 0.22741036821705427 0.6262112403100775 0.23498062015503876 0.6240915697674418 0.24315649224806204 0.6189437984496123 0.24739583333333334 0.6128875968992248 0.24921269379844962
1 0.6086482558139535 0.3894137596899225 0.6013808139534884 0.3918362403100775 0.5971414728682171 0.3918362403100775 0.5913880813953489 0.38759689922480617 0.5868459302325582 0.3845687984496124 0.5832122093023256 0.3803294573643411 0.583515019379845 0.3733648255813954 0.5892684108527131 0.36609738372093026 0.5956274224806202 0.3612524224806201 0.6031976744186046 0.3548934108527132 0.6107679263565892 0.3527737403100775 0.6216690891472869 0.3536821705426357 0.6268168604651163 0.3573158914728682 0.6304505813953489 0.3636749031007752 0.6304505813953489 0.3712451550387597 0.6262112403100775 0.37699854651162795 0.6198522286821705 0.38244912790697677 0.6147044573643411 0.38759689922480617
1 0.6298449612403101 0.46481346899224807 0.625 0.4530038759689923 0.6243943798449613 0.4387718023255814 0.628936531007752 0.4239341085271318 0.6362039728682171 0.4166666666666667 0.6407461240310077 0.4115188953488372 0.6471051356589148 0.4115188953488372 0.6540697674418605 0.4133357558139535 0.6589147286821705 0.4181807170542636 0.6628512596899225 0.4239341085271318 0.6631540697674418 0.43665213178294576 0.6607315891472869 0.4530038759689923 0.6564922480620156 0.4645106589147287 0.651344476744186 0.4699612403100775 0.6434714147286822 0.47147529069767447 0.6368095930232559 0.47147529069767447 0.6340843023255814 0.46875
0 0.6477107558139535 0.4569404069767442 0.6416545542635659 0.45270106589147285 0.6392320736434108 0.4472504844961241 0.6383236434108528 0.4414970930232558 0.6410489341085271 0.43362403100775193 0.6434714147286822 0.42575096899224807 0.646499515503876 0.4318071705426357 0.6486191860465116 0.4402858527131783 0.648921996124031 0.4478561046511628
1 0.7453593996840443 0.1919431279620853 0.747334123222749 0.17663902053712477 0.7552083333333334 0.164596688034188 0.7608840811965811 0.15725160256410256 0.7702323717948718 0.1515758547008547 0.7759081196581196 0.1499065170940171 0.7822516025641025 0.1499065170940171 0.7889289529914529 0.15257745726495728 0.7946047008547008 0.15758547008547008 0.797275641025641 0.163928952991453 0.7976095085470085 0.17160790598290598 0.7915998931623932 0.18429487179487178 0.7829193376068376 0.19564636752136752 0.7765758547008547 0.20198985042735043 0.7682291666666666 0.20599626068376067 0.759548611111111 0.20599626068376067 0.751201923076923 0.20399305555555552 0.7478632478632478 0.19965277777777776
1 0.6804220085470085 0.35256410256410253 0.673076923076923 0.34822382478632474 0.6674011752136751 0.34555288461538464 0.664730235042735 0.3392094017094017 0.663394764957265 0.3318643162393162 0.6627270299145299 0.3225160256410256 0.6690705128205128 0.3148370726495726 0.6784188034188035 0.3111645299145299 0.6874332264957265 0.30782585470085466 0.6964476495726495 0.30649038461538464 0.7094684829059829 0.30782585470085466 0.7224893162393162 0.3104967948717949 0.7325053418803419 0.31550480769230765 0.7375133547008547 0.32084668803418803 0.7391826923076923 0.329193376068376 0.736511752136752 0.3388755341880342 0.7308360042735043 0.34688835470085466 0.7224893162393162 0.3515625 0.7047943376068376 0.35623664529914534 0.6917735042735043 0.35556891025641024 0.6854300213675213 0.3549011752136752
0 0.7199240607513989 0.334482414068745 0.7224220623501199 0.3354816147082334 0.7244204636290967 0.3354816147082334 0.7254196642685852 0.3307354116706635 0.7169264588329336 0.33023581135091923 0.7004396482813748 0.3277378097521983 0.6874500399680256 0.324740207833733 0.6807054356514788 0.3232414068745004 0.6752098321342926 0.3232414068745004 0.6737110311750599 0.32598920863309355 0.6767086330935252 0.3264888089528377 0.6834532374100719 0.32598920863309355 0.690947242206235 0.3287370103916867 0.7049360511590728 0.33123501199040767 0.7159272581934453 0.3332334132693845
1 0.7481971153846153 0.4787660256410256 0.7348424145299145 0.4787660256410256 0.7234909188034188 0.4787660256410256 0.7134748931623932 0.4767628205128205 0.7094684829059829 0.4737580128205128 0.7047943376068376 0.46641292735042733 0.7027911324786325 0.4584001068376068 0.703792735042735 0.45072115384615385 0.7094684829059829 0.4440438034188034 0.7234909188034188 0.4397035256410256 0.736511752136752 0.43669871794871795 0.751201923076923 0.4350293803418804 0.7598824786324786 0.43536324786324787 0.7645566239316238 0.44137286324786323 0.765892094017094 0.44971955128205127 0.7678952991452992 0.45739850427350426 0.7655582264957265 0.46641292735042733 0.7618856837606837 0.4710870726495726 0.7562099358974359 0.4740918803418804
1 0.7997585836909872 0.06612124463519317 0.808252861230329 0.060756437768240384 0.8118293991416309 0.054944563662374865 0.8113823319027182 0.04510908440629475 0.8042292560801144 0.03840307582260376 0.7912643061516451 0.03393240343347644 0.7756169527896996 0.03393240343347644 0.7648873390557941 0.034379470672389174 0.7554989270386266 0.04287374821173109 0.751475321888412 0.0527092274678112 0.7523694563662374 0.06209763948497858 0.7617578683834049 0.0679095135908441 0.7782993562231759 0.06835658082975683 0.7872407010014306 0.06835658082975683
1 0.7930525751072961 0.2681956366237482 0.7863465665236051 0.2664073676680973 0.7796405579399142 0.26372496423462094 0.7747228183118741 0.2592542918454936 0.7738286838340487 0.25299535050071537 0.7747228183118741 0.24494814020028616 0.7800876251788268 0.23511266094420605 0.785005364806867 0.2315361230329042 0.7912643061516451 0.22661838340486412 0.8042292560801144 0.22527718168812594 0.8136176680972818 0.22527718168812594 0.8221119456366238 0.22974785407725326 0.8256884835479256 0.23377145922746786 0.8270296852646638 0.24047746781115886 0.8256884835479256 0.24852467811158802 0.8212178111587982 0.25567775393419173 0.8127235336194564 0.2623837625178827 0.8069116595135909 0.26372496423462094 0.8006527181688126 0.26551323319027187
1 0.8927485693848355 0.2096298283261803 0.88693669527897 0.21812410586552222 0.8703952074391988 0.22080650929899862 0.8596655937052933 0.22080650929899862 0.8502771816881259 0.21678290414878404 0.8458065092989986 0.21052396280400576 0.8449123748211732 0.20202968526466383 0.8449123748211732 0.19398247496423468 0.8511713161659513 0.18727646638054368 0.8587714592274678 0.1832528612303291 0.8654774678111588 0.1819116595135909 0.8744188125894135 0.18146459227467815 0.8815718884120172 0.18146459227467815 0.8909603004291846 0.1832528612303291 0.8940897711015736 0.18504113018598004 0.8981133762517882 0.18951180257510733 0.8994545779685265 0.19487660944206014 0.8990075107296137 0.20202968526466383
1 0.7872407010014306 0.3848801859799714 0.7814288268955651 0.3826448497854077 0.7760640200286123 0.37862124463519314 0.7702521459227468 0.3732564377682403 0.7662285407725322 0.3674445636623748 0.766675608011445 0.3576090844062947 0.7711462804005722 0.34956187410586553 0.7787464234620887 0.34687947067238917 0.7934996423462088 0.34509120171673824 0.808252861230329 0.34509120171673824 0.8225590128755366 0.3491148068669528 0.8297120886981403 0.35537374821173107 0.8310532904148784 0.3616326895565093 0.8297120886981403 0.3710211015736767 0.8256884835479256 0.37951537911301864 0.8131706008583691 0.3848801859799714 0.7988644492131616 0.3853272532188841
1 0.9030311158798283 0.4081276824034335 0.890066165951359 0.4085747496423462 0.8797836194563663 0.40455114449213164 0.8748658798283261 0.39560979971387694 0.878442417739628 0.3826448497854077 0.8927485693848355 0.3719152360515022 0.9034781831187411 0.3674445636623748 0.913760729613734 0.3674445636623748 0.9231491416309012 0.37012696709585124 0.9285139484978541 0.3781741773962804 0.9294080829756796 0.3848801859799714 0.925384477825465 0.3933744635193133 0.9128665951359084 0.4032099427753934
1 0.8498301144492132 0.5033530042918455 0.8645833333333334 0.49619992846924177 0.8730776108726752 0.49038805436337624 0.8779953505007153 0.4814467095851216 0.8775482832618026 0.4720582975679542 0.8744188125894135 0.46624642346208867 0.868606938483548 0.46401108726752505 0.8543007868383404 0.46177575107296137 0.8386534334763949 0.46177575107296137 0.8323944921316165 0.4635640200286123 0.8247943490701001 0.46848175965665234 0.8194295422031473 0.47518776824034337 0.8194295422031473 0.4818937768240344 0.821664878397711 0.4872585836909871 0.8252414163090128 0.4926233905579399 0.8364180972818311 0.49754113018598 0.8453594420600858 0.4997764663805436
1 0.7676718547341116 0.5921692607003891 0.7624027237354086 0.5937905317769131 0.7538910505836577 0.5921692607003891 0.7482166018158236 0.5905479896238651 0.7417315175097277 0.5860894941634242 0.7376783398184177 0.5824416342412452 0.7328145265888456 0.5771725032425422 0.7303826199740597 0.5719033722438392 0.7303826199740597 0.5650129701686122 0.7324092088197146 0.5573119325551232 0.7356517509727627 0.5508268482490273 0.7409208819714657 0.5463683527885863 0.7530804150453957 0.5459630350194552 0.7611867704280155 0.5463683527885863 0.7696984435797666 0.5508268482490273 0.7737516212710766 0.5560959792477302 0.7778047989623865 0.5605544747081712 0.7802367055771725 0.5662289234760053 0.7810473411154345 0.5723086900129702 0.7806420233463035 0.5800097276264592 0.7782101167315176 0.5840629053177692 0.7745622568093385 0.5901426718547341
1 0.9058621453900709 0.5983488475177304 0.8897938829787234 0.5928080673758865 0.8742796985815603 0.5872672872340426 0.8648603723404255 0.5789561170212766 0.8615359042553191 0.5684286347517731 0.862644060283688 0.5573470744680851 0.8704011524822695 0.5506981382978723 0.8792664007092198 0.5484818262411347 0.892010195035461 0.5506981382978723 0.9014295212765957 0.5545766843971631 0.908632535460993 0.5595633865248227 0.9141733156028368 0.5678745567375887 0.9191600177304964 0.5778479609929078 0.9197140957446808 0.5856050531914894 0.9152814716312057 0.5911458333333334 0.9119570035460993 0.5950243794326241
1 0.7773160460992907 0.8648603723404255 0.7839649822695036 0.8537788120567377 0.784519060283688 0.8443594858156028 0.7839649822695036 0.8343860815602837 0.7756538120567377 0.832169769503546 0.765126329787234 0.832169769503546 0.754044769503546 0.8360483156028369 0.7473958333333334 0.8426972517730497 0.7418550531914894 0.8476839539007093 0.7374224290780141 0.854332890070922 0.735760195035461 0.859873670212766 0.7352061170212766 0.8681848404255319 0.741300975177305 0.8742796985815603 0.754044769503546 0.8764960106382979 0.7662344858156028 0.8692929964539007
1 0.7208209693372898 0.9319362017804154 0.7270029673590505 0.9214268051434223 0.7362759643916913 0.9181812561819981 0.752658259149357 0.9198813056379822 0.7667223046488625 0.9311634520276953 0.770895153313551 0.9426001483679526 0.7688860039564787 0.9504821958456974 0.7614676063303659 0.9599097428288823 0.7475581107814046 0.9609915924826904 0.7382851137487635 0.9605279426310583 0.7288575667655786 0.9577460435212661 0.7225210187932739 0.9503276458951533 0.7202027695351138 0.9426001483679526
1 0.6656794662309369 0.7764842047930284 0.6726579520697168 0.7700163398692811 0.6815087145969498 0.7679738562091504 0.6886574074074073 0.7679738562091504 0.6975081699346405 0.7703567538126362 0.7046568627450981 0.7756331699346405 0.7080610021786492 0.7839733115468409 0.7068695533769063 0.7935049019607843 0.7053376906318083 0.7996323529411764 0.697337962962963 0.8072916666666666 0.6896786492374728 0.811376633986928 0.6757216775599129 0.8079724945533769 0.6653390522875817 0.8028662854030502 0.6631263616557734 0.7975898692810457 0.663636982570806 0.7844839324618735
0 0.19761379370024235 0.05612885081343031 0.19923632744894432 0.04985505365178268 0.2039957597784701 0.04293224299065426 0.20929603669089655 0.05310012114918662 0.21373096227068192 0.06391701280719977 0.2157861716857044 0.07202968155070964 0.21513715818622364 0.07797897196261688 0.20702448944271376 0.07321953963309108 0.20172421253028733 0.0687846140533057 0.19739745586708204 0.05969842506057465
0 0.1559154175588865 0.34796573875803 0.16316470378301212 0.34372769450392576 0.173982869379015 0.33948965024982153 0.18703158458244112 0.3391550678087081 0.19762669521770165 0.3414971448965025 0.20442987152034262 0.34406227694503927 0.1898197715917202 0.35164614561027835 0.17498661670235546 0.3533190578158459 0.16216095645967166 0.3510885082084226
0 0.7372775305895439 0.9321700037078234 0.7422599184278827 0.9321700037078234 0.7539627363737487 0.9371523915461624 0.7616101223581757 0.9445680385613644 0.7534992584352984 0.949666295884316 0.7441138301816834 0.9480441230997404 0.7386679644048944 0.9443362995921394 0.7358870967741935 0.9398173896922507 0.7363505747126436 0.9348350018539118
