1 0.04146039603960396 0.0 0.091996699669967 0.00041254125412541255 0.09096534653465346 0.01113861386138614 0.08993399339933994 0.02103960396039604 0.08085808580858085 0.038572607260726074 0.07466996699669967 0.04806105610561056 0.0655940594059406 0.050948844884488455 0.05631188118811881 0.050948844884488455 0.04785478547854785 0.04476072607260726 0.041254125412541254 0.03506600660066007 0.038160066006600664 0.019595709570957093 0.03877887788778878 0.007632013201320132
1 0.17636138613861388 0.06311881188118812 0.1903877887788779 0.051773927392739276 0.20627062706270627 0.04393564356435643 0.21864686468646866 0.04476072607260726 0.23308580858085812 0.04826732673267327 0.24381188118811883 0.056518151815181515 0.2522689768976898 0.06827557755775578 0.2524752475247525 0.07797029702970297 0.2506188118811881 0.08807755775577558 0.24463696369636964 0.09756600660066007 0.23494224422442248 0.10478547854785479 0.22483498349834985 0.10994224422442245 0.21142739273927394 0.11097359735973597 0.19801980198019803 0.1087046204620462 0.18770627062706272 0.10334158415841584 0.17574257425742573 0.09117161716171616 0.17326732673267328 0.08436468646864687 0.17347359735973597 0.07549504950495049
0 0.19987623762376236 0.08374587458745876 0.20297029702970298 0.07590759075907591 0.21617161716171618 0.07240099009900991 0.2207095709570957 0.07343234323432343 0.2238036303630363 0.07508250825082509 0.22524752475247525 0.07962046204620463 0.2264851485148515 0.08333333333333333 0.22112211221122113 0.08622112211221124 0.2163778877887789 0.08787128712871287 0.20606435643564358 0.08601485148514851
1 0.5726072607260727 0.01608910891089109 0.5792079207920793 0.007632013201320132 0.5922029702970296 0.0012376237623762376 0.6072607260726073 0.0010313531353135313 0.6223184818481848 0.005775577557755776 0.6326320132013201 0.01216996699669967 0.6406765676567656 0.02351485148514852 0.6423267326732673 0.03836633663366337 0.6417079207920793 0.04847359735973598 0.6388201320132013 0.057755775577557754 0.6326320132013201 0.07322607260726073 0.6258250825082509 0.08292079207920793 0.6204620462046205 0.08683993399339934 0.6091171617161717 0.0922029702970297 0.5955033003300331 0.08601485148514851 0.5812706270627063 0.07590759075907591 0.5717821782178218 0.06373762376237624 0.5684818481848185 0.0556930693069307 0.5680693069306931 0.04249174917491749 0.5678630363036304 0.028877887788778877
0 0.600453795379538 0.025783828382838284 0.6056105610561056 0.029084158415841586 0.6107673267326733 0.039603960396039604 0.6122112211221122 0.04950495049504951 0.6128300330033003 0.05940594059405941 0.6120049504950494 0.06641914191419142 0.6097359735973598 0.05796204620462046 0.6072607260726073 0.04207920792079208 0.6035478547854786 0.03238448844884489
1 0.9240924092409241 0.028052805280528056 0.9315181518151815 0.0165016501650165 0.9434818481848185 0.005775577557755776 0.9552392739273928 0.0026815181518151814 0.9657590759075908 0.001443894389438944 0.9806105610561056 0.0018564356435643566 0.9882425742574258 0.006600660066006601 0.9896864686468647 0.018770627062706272 0.9882425742574258 0.03052805280528053 0.9861798679867987 0.04084158415841584 0.9814356435643565 0.05053630363036304 0.9735973597359736 0.06043729372937294 0.9643151815181519 0.06827557755775578 0.952970297029703 0.07260726072607261 0.9436881188118812 0.07466996699669967 0.9329620462046205 0.07446369636963697 0.926980198019802 0.07033828382838284 0.9228547854785478 0.0591996699669967 0.9201732673267328 0.04785478547854785 0.9212046204620462 0.037953795379537955
1 0.8483910891089109 0.19533828382838286 0.852516501650165 0.18729372937293728 0.8582920792079208 0.180486798679868 0.8622112211221122 0.17801155115511552 0.8745874587458746 0.17594884488448848 0.8873762376237624 0.17801155115511552 0.9001650165016503 0.1806930693069307 0.9131600660066007 0.1897689768976898 0.9212046204620462 0.20503300330033003 0.9255363036303631 0.22607260726072606 0.9214108910891089 0.24731848184818483 0.9133663366336634 0.25783828382838286 0.8995462046204621 0.2594884488448845 0.8851072607260727 0.2566006600660066 0.8716996699669968 0.24855610561056105 0.8624174917491749 0.24071782178217824 0.8539603960396039 0.22896039603960397 0.8483910891089109 0.21431518151815182 0.8477722772277227 0.2068894389438944
0 0.8714933993399341 0.19657590759075907 0.8747937293729373 0.19801980198019803 0.8795379537953796 0.20606435643564358 0.8877887788778878 0.21782178217821785 0.8929455445544555 0.22586633663366337 0.8987211221122113 0.23205445544554457 0.900990099009901 0.23597359735973597 0.8964521452145214 0.23432343234323433 0.8900577557755776 0.2266914191419142 0.8803630363036304 0.2139026402640264 0.8743811881188119 0.20462046204620463 0.8723184818481848 0.20070132013201322
1 0.655940594059406 0.2607260726072607 0.6610973597359736 0.2524752475247525 0.6695544554455446 0.24236798679867988 0.6782178217821783 0.2367986798679868 0.6945132013201321 0.23205445544554457 0.7103960396039605 0.23473597359735973 0.7205033003300331 0.23906765676567657 0.7242161716171618 0.246493399339934 0.721947194719472 0.26216996699669964 0.711427392739274 0.27764026402640263 0.6998762376237624 0.2885726072607261 0.691006600660066 0.29352310231023104 0.6782178217821783 0.29599834983498347 0.6639851485148516 0.2947607260726073 0.6557343234323433 0.2885726072607261 0.6522277227722773 0.27743399339933994 0.6547029702970296 0.265470297029703
0 0.6730610561056106 0.27805280528052806 0.6720297029702971 0.27805280528052806 0.6742986798679867 0.27103960396039606 0.6773927392739274 0.2667079207920792 0.6833745874587459 0.2607260726072607 0.6912128712871287 0.2553630363036304 0.6990511551155116 0.25350660066006603 0.7029702970297029 0.25391914191419146 0.7017326732673267 0.2557755775577558 0.6978135313531354 0.2596947194719472 0.6938943894389439 0.26258250825082513 0.6868811881188119 0.2687706270627063 0.6802805280528053 0.2737211221122112
1 0.4597772277227723 0.17491749174917492 0.47421617161716173 0.1608910891089109 0.49401815181518155 0.15243399339933994 0.5061881188118812 0.15057755775577558 0.5218646864686469 0.1542904290429043 0.5319719471947194 0.16192244224422442 0.5342409240924092 0.17842409240924093 0.5319719471947194 0.1879125412541254 0.525990099009901 0.19925742574257427 0.5142326732673267 0.20833333333333334 0.4989686468646865 0.2124587458745875 0.4867986798679868 0.21431518151815182 0.47586633663366334 0.21431518151815182 0.46493399339933994 0.2128712871287129 0.4560643564356436 0.20792079207920794 0.4521452145214521 0.2002887788778878 0.451526402640264 0.19306930693069307 0.4552392739273927 0.18213696369636964
0 0.47751650165016507 0.19245049504950495 0.4834983498349835 0.1866749174917492 0.49071782178217827 0.18254950495049505 0.4983498349834984 0.17821782178217824 0.5039191419141914 0.17533003300330033 0.509075907590759 0.17450495049504952 0.5088696369636964 0.1771864686468647 0.5043316831683169 0.1806930693069307 0.5008250825082509 0.1844059405940594 0.49484323432343236 0.1870874587458746 0.48865511551155116 0.1897689768976898 0.4851485148514852 0.19162541254125415 0.47978547854785475 0.1932755775577558
1 0.3452970297029703 0.2761963696369637 0.34900990099009904 0.26485148514851486 0.35952970297029707 0.24896864686468648 0.3735561056105611 0.24071782178217824 0.38366336633663367 0.23783003300330033 0.39603960396039606 0.23514851485148516 0.40552805280528054 0.24092409240924093 0.4088283828382838 0.25165016501650167 0.40924092409240925 0.26051980198019803 0.40759075907590764 0.2708333333333333 0.40449669966996704 0.27805280528052806 0.4007838283828383 0.2838283828382838 0.39521452145214525 0.2918729372937294 0.386963696369637 0.299917491749175 0.37850660066006603 0.3052805280528053 0.3710808580858086 0.3075495049504951 0.35952970297029707 0.3079620462046205 0.35457920792079206 0.3046617161716172 0.3479785478547855 0.2976485148514852 0.34467821782178215 0.28650990099009904
1 0.0006188118811881188 0.3970709570957096 0.008457095709570957 0.39768976897689773 0.016295379537953795 0.40140264026402644 0.024752475247524754 0.40738448844884495 0.030115511551155116 0.41522277227722776 0.034447194719471955 0.42553630363036304 0.03547854785478548 0.43399339933993397 0.033003300330033 0.4414191419141914 0.023102310231023104 0.4457508250825083 0.008457095709570957 0.44863861386138615 0.0020627062706270625 0.4455445544554456 0.0 0.4447194719471947
1 0.2838283828382838 0.46204620462046203 0.2869224422442244 0.4507013201320132 0.2955858085808581 0.4416254125412541 0.3085808580858086 0.43626237623762376 0.3248762376237624 0.4337871287128713 0.331476897689769 0.43523102310231027 0.3364273927392739 0.4408003300330033 0.3415841584158416 0.45709570957095713 0.3415841584158416 0.47153465346534656 0.33807755775577564 0.48246699669966997 0.33271452145214525 0.49195544554455445 0.3193069306930693 0.5026815181518152 0.3114686468646865 0.5074257425742574 0.29455445544554454 0.5074257425742574 0.2869224422442244 0.49793729372937295 0.28197194719471946 0.4834983498349835 0.28094059405940597 0.47153465346534656
1 0.38675742574257427 0.45709570957095713 0.3877887788778878 0.445957095709571 0.3935643564356436 0.4381188118811881 0.40284653465346537 0.43172442244224424 0.4141914191419142 0.430486798679868 0.42223597359735976 0.4333745874587459 0.4288366336633664 0.4397689768976898 0.4337871287128713 0.45008250825082513 0.43543729372937295 0.4581270627062706 0.4341996699669967 0.46885313531353134 0.4306930693069307 0.4791666666666667 0.4278052805280528 0.48432343234323433 0.4228547854785479 0.4890676567656766 0.41398514851485146 0.4933993399339934 0.40470297029702973 0.49174917491749176 0.39830858085808585 0.4861798679867987 0.3917079207920792 0.47566006600660066 0.3877887788778878 0.46699669966996704
1 0.4451320132013201 0.3323019801980198 0.45173267326732675 0.3213696369636964 0.4674092409240924 0.30899339933993397 0.47875412541254125 0.30734323432343236 0.4923679867986799 0.3065181518151815 0.5051567656765676 0.313943894389439 0.5088696369636964 0.32508250825082513 0.5092821782178218 0.3413778877887789 0.5041254125412541 0.35952970297029707 0.48205445544554454 0.3772689768976898 0.46947194719471946 0.3807755775577558 0.45853960396039606 0.3818069306930693 0.4502887788778878 0.3783003300330033 0.4428630363036304 0.3663366336633664 0.4412128712871287 0.35148514851485146 0.4420379537953796 0.34014026402640263
0 0.46575907590759075 0.3554042904290429 0.46555280528052806 0.35004125412541254 0.4674092409240924 0.34055280528052806 0.47174092409240925 0.3347772277227723 0.4764851485148515 0.3312706270627063 0.48184818481848185 0.3285891089108911 0.4828795379537954 0.3316831683168317 0.47896039603960394 0.3382838283828383 0.47421617161716173 0.34570957095709576 0.47174092409240925 0.3510726072607261 0.46844059405940597 0.35478547854785475
1 0.5608498349834984 0.35251650165016507 0.5684818481848185 0.33580858085808585 0.5771452145214522 0.32301980198019803 0.5829207920792079 0.3205445544554456 0.5948844884488449 0.3193069306930693 0.6043729372937293 0.3234323432343234 0.613861386138614 0.3372524752475247 0.6196369636963696 0.3502475247524753 0.6194306930693069 0.37458745874587457 0.610973597359736 0.3927392739273927 0.6027227722772277 0.4018151815181518 0.5942656765676568 0.408003300330033 0.5792079207920793 0.4088283828382838 0.570957095709571 0.4049092409240924 0.5649752475247526 0.3906765676567657 0.560437293729373 0.3747937293729373 0.5596122112211221 0.36365511551155116
0 0.5870462046204621 0.3844884488448845 0.584983498349835 0.3791254125412541 0.5856023102310232 0.3642739273927393 0.586427392739274 0.35148514851485146 0.5891089108910891 0.34405940594059403 0.5895214521452146 0.3417904290429043 0.5917904290429042 0.34199669966996704 0.593440594059406 0.35189768976897695 0.5928217821782179 0.3620049504950495 0.5922029702970296 0.3712871287128713 0.5893151815181519 0.3828382838283828
1 0.7772277227722773 0.33395214521452143 0.780940594059406 0.3197194719471947 0.7860973597359736 0.3108498349834984 0.7918729372937293 0.306930693069307 0.7992986798679867 0.3063118811881188 0.8094059405940595 0.30672442244224424 0.8164191419141915 0.31126237623762376 0.8219884488448845 0.31724422442244227 0.8287953795379539 0.3310643564356436 0.8302392739273928 0.34364686468646866 0.8302392739273928 0.35891089108910895 0.8261138613861386 0.3673679867986799 0.8178630363036304 0.3719059405940594 0.804042904290429 0.3700495049504951 0.7939356435643565 0.36448019801980197 0.7871287128712872 0.3572607260726073 0.780940594059406 0.34900990099009904 0.778052805280528 0.3393151815181518
0 0.7982673267326733 0.3277640264026403 0.7995049504950494 0.326526402640264 0.8015676567656767 0.32693894389438943 0.804042904290429 0.3325082508250825 0.8048679867986799 0.3378712871287129 0.8083745874587459 0.34220297029702973 0.8094059405940595 0.34405940594059403 0.8085808580858086 0.3481848184818482 0.8058993399339934 0.35045379537953797 0.8028052805280529 0.3413778877887789 0.7997112211221122 0.33518976897689773 0.7982673267326733 0.32982673267326734
1 0.9676155115511552 0.3805693069306931 0.9705033003300331 0.36922442244224424 0.9781353135313532 0.36056105610561057 0.985973597359736 0.35911716171617164 0.9956683168316832 0.362417491749175 0.9987623762376238 0.3671617161716172 0.9987623762376238 0.4290429042904291 0.9936056105610561 0.4290429042904291 0.9865924092409241 0.42636138613861385 0.9791666666666666 0.4205858085808581 0.971947194719472 0.4088283828382838 0.9680280528052806 0.39913366336633666 0.9667904290429044 0.3886138613861386
0 0.9865924092409241 0.3801567656765677 0.9898927392739274 0.3791254125412541 0.9925742574257426 0.38242574257425743 0.9933993399339934 0.3950082508250825 0.9950495049504952 0.3970709570957096 0.9944306930693069 0.4038778877887789 0.991542904290429 0.4067656765676568 0.989480198019802 0.4057343234323432 0.9867986798679867 0.40264026402640263 0.9882425742574258 0.39933993399339934 0.9880363036303631 0.3908828382838284 0.9874174917491749 0.3844884488448845
1 0.8570544554455446 0.4566831683168317 0.8615924092409241 0.4463696369636964 0.8719059405940595 0.4387376237623763 0.8803630363036304 0.4377062706270627 0.8976897689768978 0.4387376237623763 0.9061468646864687 0.44100660066006603 0.9162541254125413 0.4513201320132013 0.9236798679867987 0.4622524752475247 0.9275990099009902 0.4733910891089109 0.9282178217821783 0.48267326732673266 0.926361386138614 0.49401815181518155 0.9207920792079208 0.5016501650165017 0.915016501650165 0.5026815181518152 0.898927392739274 0.5028877887788779 0.8822194719471947 0.5004125412541254 0.8731435643564357 0.4933993399339934 0.8630363036303631 0.48411716171617164 0.8580858085808581 0.47566006600660066 0.8562293729372938 0.46699669966996704
0 0.875 0.45998349834983504 0.8811881188118812 0.4595709570957096 0.8896452145214522 0.46101485148514854 0.8968646864686468 0.46596534653465344 0.9024339933993399 0.47277227722772275 0.9051155115511552 0.47896039603960394 0.9055280528052806 0.48246699669966997 0.8991336633663367 0.48081683168316836 0.8910891089108912 0.4752475247524753 0.8846947194719472 0.47091584158415845 0.8776815181518153 0.4643151815181518
1 0.6427392739273928 0.4527640264026403 0.6443894389438944 0.4441006600660066 0.650990099009901 0.4368811881188119 0.6575907590759076 0.4346122112211221 0.664397689768977 0.4335808580858086 0.673473597359736 0.4364686468646865 0.6813118811881188 0.4457508250825083 0.685437293729373 0.4552392739273927 0.6864686468646864 0.46761551155115516 0.6858498349834984 0.47421617161716173 0.6848184818481848 0.48061056105610567 0.679042904290429 0.4903052805280528 0.6709983498349835 0.49381188118811886 0.6660478547854786 0.49484323432343236 0.6542904290429042 0.4933993399339934 0.6485148514851485 0.48803630363036304 0.6441831683168318 0.47792904290429045 0.6415016501650166 0.4663778877887789
0 0.662953795379538 0.47545379537953797 0.6580033003300331 0.4744224422442244 0.6588283828382838 0.46245874587458746 0.6588283828382838 0.45482673267326734 0.6608910891089109 0.4521452145214521 0.6635726072607261 0.4527640264026403 0.6633663366336634 0.4591584158415842 0.6635726072607261 0.4682343234323432
1 0.5499174917491749 0.5082508250825083 0.5561056105610561 0.4931930693069307 0.5602310231023103 0.4898927392739274 0.5666254125412542 0.4867986798679868 0.5771452145214522 0.48783003300330036 0.587871287128713 0.4936056105610561 0.5946782178217822 0.4997937293729373 0.6010726072607261 0.510519801980198 0.6027227722772277 0.5231023102310232 0.602516501650165 0.5346534653465347 0.5996287128712872 0.5466171617161717 0.5944719471947195 0.5567244224422442 0.5851897689768977 0.5612623762376238 0.574463696369637 0.5589933993399341 0.5658003300330033 0.5542491749174918 0.557549504950495 0.5445544554455446 0.5550742574257426 0.539397689768977 0.5503300330033003 0.5286716171617162 0.5478547854785478 0.5193894389438944
1 0.38366336633663367 0.6181930693069307 0.3871699669966997 0.6101485148514851 0.3935643564356436 0.6012788778877888 0.4018151815181518 0.5942656765676568 0.4127475247524753 0.5886963696369637 0.42409240924092406 0.584983498349835 0.4358498349834984 0.5839521452145214 0.44863861386138615 0.588490099009901 0.45400165016501653 0.5952970297029704 0.4558580858085809 0.6008663366336634 0.4542079207920792 0.6167491749174918 0.4504950495049505 0.6264438943894389 0.4430693069306931 0.6361386138613861 0.43151815181518155 0.6448019801980198 0.4207920792079208 0.650371287128713 0.4071782178217822 0.6524339933993399 0.3902640264026403 0.6487211221122113 0.3828382838283828 0.6421204620462047 0.3807755775577558 0.634075907590759 0.3822194719471947 0.6235561056105611
0 0.3987211221122112 0.6316006600660066 0.4011963696369637 0.6258250825082509 0.41006600660066006 0.6181930693069307 0.41996699669966997 0.6107673267326733 0.42924917491749176 0.606023102310231 0.4335808580858086 0.6058168316831682 0.43543729372937295 0.6074669966996701 0.4335808580858086 0.6107673267326733 0.42698019801980197 0.6186056105610561 0.41934818481848185 0.6239686468646864 0.41150990099009904 0.6291254125412542 0.40346534653465344 0.6311881188118812
1 0.41563531353135313 0.6990511551155116 0.41872937293729373 0.691006600660066 0.42512376237623767 0.6827557755775578 0.43316831683168316 0.6798679867986799 0.4414191419141914 0.6804867986798679 0.4507013201320132 0.6835808580858086 0.46410891089108913 0.692450495049505 0.4713283828382838 0.7042079207920793 0.47256600660066006 0.7091584158415841 0.4735973597359736 0.7174092409240925 0.47215346534653463 0.7281353135313532 0.46802805280528054 0.7363861386138614 0.4614273927392739 0.7405115511551156 0.4511138613861386 0.7413366336633663 0.43915016501650167 0.738036303630363 0.42718646864686466 0.731023102310231 0.4197607260726073 0.7202970297029704 0.41625412541254125 0.7103960396039605 0.4158415841584159 0.7029702970297029
1 0.000206270627062706 0.7497937293729373 0.005156765676567657 0.7446369636963696 0.017533003300330034 0.7384488448844885 0.03155940594059406 0.7341171617161717 0.03960396039603958 0.7337046204620462 0.04785478547854784 0.738036303630363 0.052805280528052806 0.7462871287128714 0.053217821782178196 0.7601072607260727 0.05156765676567657 0.7710396039603961 0.04620462046204621 0.7832095709570958 0.035478547854785464 0.7941419141914192 0.028052805280528056 0.7999174917491749 0.018564356435643567 0.8046617161716172 0.009694719471947196 0.8028052805280529 0.0028877887788778876 0.7988861386138614 0.0 0.7941419141914192
1 0.6068481848184819 0.7741336633663367 0.6113861386138614 0.7609323432343235 0.6169554455445545 0.7555693069306931 0.622937293729373 0.7506188118811881 0.633457095709571 0.7491749174917491 0.6499587458745875 0.7574257425742574 0.6637788778877888 0.7745462046204621 0.6670792079207921 0.78733498349835 0.6691419141914192 0.8003300330033003 0.6693481848184819 0.8098184818481848 0.664397689768977 0.8188943894389439 0.6557343234323433 0.8254950495049506 0.6394389438943894 0.8257013201320133 0.6210808580858086 0.8143564356435644 0.6105610561056106 0.7966171617161717 0.6072607260726073 0.7848597359735974
0 0.6268564356435643 0.7743399339933994 0.6297442244224423 0.7733085808580858 0.6373762376237624 0.78733498349835 0.6466584158415841 0.8052805280528053 0.6483085808580858 0.8096122112211221 0.6464521452145214 0.8106435643564357 0.6427392739273928 0.8042491749174918 0.6361386138613861 0.7943481848184819 0.6297442244224423 0.7813531353135315
1 0.753506600660066 0.7392739273927393 0.758457095709571 0.7289603960396039 0.7695957095709571 0.7157590759075908 0.7790841584158416 0.7124587458745875 0.7945544554455446 0.7132838283828383 0.8063118811881188 0.7227722772277227 0.8096122112211221 0.7324669966996701 0.8091996699669968 0.7427805280528053 0.8085808580858086 0.7487623762376238 0.8054867986798679 0.7656765676567656 0.7997112211221122 0.7745462046204621 0.7941419141914192 0.7799092409240925 0.7817656765676568 0.7819719471947195 0.7685643564356436 0.7792904290429042 0.7588696369636965 0.7726897689768977 0.7533003300330033 0.7609323432343235 0.7524752475247526 0.7516501650165016
0 0.7737211221122113 0.7642326732673267 0.7722772277227723 0.7629950495049506 0.7720709570957095 0.7541254125412542 0.7743399339933994 0.7431930693069307 0.7782590759075908 0.7361798679867987 0.7815594059405941 0.7287541254125413 0.7860973597359736 0.7314356435643565 0.78733498349835 0.738036303630363 0.7856848184818481 0.7452557755775578 0.7815594059405941 0.7580445544554455 0.778052805280528 0.7623762376237624
1 0.6947194719471947 0.9160478547854786 0.7027640264026402 0.9014026402640264 0.7149339933993399 0.8912953795379539 0.7256600660066007 0.8879950495049506 0.7357673267326733 0.8886138613861386 0.7454620462046205 0.8976897689768978 0.7495874587458746 0.9104785478547854 0.7493811881188119 0.9238861386138614 0.7448432343234324 0.9377062706270627 0.7339108910891089 0.949463696369637 0.7213283828382838 0.9587458745874587 0.7054455445544555 0.9599834983498351 0.6984323432343235 0.9513201320132013 0.6920379537953796 0.9368811881188119 0.6922442244224423 0.9251237623762376
0 0.7126650165016503 0.9352310231023103 0.7095709570957095 0.9331683168316832 0.7132838283828383 0.9242986798679867 0.7174092409240925 0.9119224422442245 0.7196782178217822 0.9075907590759076 0.721947194719472 0.9110973597359736 0.7209158415841584 0.9181105610561056 0.7186468646864687 0.9282178217821783
1 0.48576732673267325 0.9020214521452146 0.49174917491749176 0.8929455445544555 0.5051567656765676 0.8894389438943894 0.5191831683168318 0.8904702970297029 0.5301155115511551 0.8931518151815182 0.5433168316831682 0.8981023102310232 0.5511551155115513 0.909447194719472 0.5550742574257426 0.9176980198019802 0.557549504950495 0.9257425742574258 0.5561056105610561 0.9375 0.5503300330033003 0.9517326732673267 0.5439356435643564 0.9570957095709571 0.5288778877887789 0.9597772277227723 0.5074257425742574 0.9552392739273928 0.4962871287128713 0.9445132013201321 0.48886138613861385 0.9313118811881188 0.48452970297029707 0.9187293729372938 0.48452970297029707 0.9075907590759076
0 0.5051567656765676 0.9113036303630363 0.508457095709571 0.9096534653465347 0.5177392739273927 0.9117161716171618 0.5239273927392739 0.9189356435643565 0.5274339933993399 0.9292491749174918 0.5278465346534653 0.9350247524752475 0.525990099009901 0.9408003300330033 0.5214521452145214 0.9383250825082509 0.5117574257425743 0.9282178217821783 0.5055693069306931 0.9179042904290429
1 0.326526402640264 0.898927392739274 0.3356023102310231 0.8818069306930693 0.3485973597359736 0.8723184818481848 0.35891089108910895 0.8725247524752475 0.3741749174917492 0.8797442244224423 0.382013201320132 0.8879950495049506 0.3859323432343234 0.8997524752475248 0.38840759075907594 0.9137788778877888 0.3888201320132013 0.9257425742574258 0.38366336633663367 0.9418316831683169 0.3739686468646865 0.9542079207920793 0.36221122112211224 0.9606023102310232 0.34756600660066006 0.9603960396039605 0.33601485148514854 0.9542079207920793 0.326526402640264 0.9397689768976899 0.32384488448844884 0.9212046204620462 0.32508250825082513 0.9063531353135315
0 0.35354785478547857 0.9430693069306931 0.3512788778877888 0.9358498349834984 0.35086633663366334 0.9193481848184819 0.35189768976897695 0.905940594059406 0.3541666666666667 0.8974834983498351 0.35519801980198024 0.8952145214521452 0.3578795379537954 0.8978960396039605 0.3578795379537954 0.9061468646864687 0.3578795379537954 0.9181105610561056 0.35622937293729373 0.9383250825082509
1 0.8679281345565749 0.698394495412844 0.8759556574923547 0.6938073394495413 0.8939220183486238 0.6915137614678899 0.9105504587155963 0.6957186544342507 0.9225917431192661 0.7052752293577982 0.9332951070336392 0.7213302752293578 0.9353975535168195 0.7293577981651376 0.9348241590214067 0.7371941896024464 0.9290902140672782 0.7465596330275229 0.9183868501529051 0.7545871559633027 0.9046253822629969 0.7553516819571865 0.8916284403669724 0.7526758409785933 0.8792048929663607 0.7467507645259939 0.871368501529052 0.7366207951070336 0.8648700305810397 0.7245795107033639 0.8627675840978594 0.7123470948012233 0.8644877675840978 0.7048929663608562
0 0.8843654434250765 0.7100535168195719 0.8922018348623854 0.7104357798165137 0.9015672782874617 0.7159785932721712 0.9090214067278287 0.7236238532110092 0.9111238532110092 0.7322247706422018 0.903860856269113 0.7301223241590213 0.89717125382263 0.7259174311926606 0.8879969418960244 0.716934250764526
1 0.7176987767584098 0.6349388379204892 0.7213302752293578 0.6246177370030581 0.7295489296636085 0.6125764525993883 0.7431192660550459 0.6041666666666666 0.7542048929663607 0.6005351681957187 0.7666284403669724 0.6007262996941896 0.7773318042813455 0.6087538226299695 0.7826834862385321 0.6194571865443426 0.7849770642201835 0.6351299694189603 0.7844036697247706 0.6477446483180428 0.7801987767584098 0.6588302752293578 0.7727446483180428 0.6706804281345565 0.7595565749235473 0.6785168195718654 0.7410168195718654 0.6825305810397553 0.7270642201834862 0.6811926605504587 0.7213302752293578 0.6727828746177369 0.7176987767584098 0.6601681957186544 0.7165519877675841 0.6456422018348623
