1 0.035684818481848186 0.09323432343234324 0.052392739273927395 0.06930693069306931 0.06291254125412542 0.06476897689768978 0.07528877887788779 0.06270627062706272 0.08374587458745876 0.06415016501650166 0.09715346534653466 0.07322607260726073 0.10148514851485149 0.08312706270627063 0.10066006600660066 0.0917904290429043 0.09302805280528052 0.11076732673267327 0.08333333333333333 0.12376237623762378 0.07322607260726073 0.1318069306930693 0.05981848184818482 0.1353135313531353 0.0457920792079208 0.13366336633663367 0.038572607260726074 0.1247937293729373 0.035684818481848186 0.11365511551155115 0.03403465346534654 0.10189768976897691
0 0.057755775577557754 0.11406765676567658 0.056518151815181515 0.11221122112211222 0.05878712871287129 0.10086633663366336 0.06311881188118812 0.09075907590759076 0.06910066006600661 0.08250825082508251 0.07095709570957096 0.08065181518151815 0.07384488448844885 0.08127062706270628 0.0757013201320132 0.08395214521452146 0.07281353135313531 0.09137788778877888 0.06910066006600661 0.09962871287128713 0.06353135313531354 0.10829207920792079 0.05981848184818482 0.11386138613861387
1 0.5047442244224423 0.00041254125412541255 0.5515676567656767 0.0006188118811881188 0.5509488448844885 0.009488448844884489 0.5470297029702971 0.019595709570957093 0.5408415841584159 0.028052805280528056 0.5332095709570958 0.03341584158415842 0.5245462046204621 0.03320957095709571 0.5165016501650165 0.026402640264026403 0.5080445544554456 0.014438943894389438 0.504950495049505 0.003712871287128713
1 0.551980198019802 0.07240099009900991 0.554042904290429 0.06373762376237624 0.560437293729373 0.05754950495049505 0.571575907590759 0.05713696369636964 0.5827145214521452 0.06002475247524753 0.5950907590759076 0.06621287128712872 0.6117986798679867 0.08477722772277228 0.6173679867986799 0.09405940594059407 0.6208745874587459 0.10437293729372937 0.6212871287128714 0.11303630363036303 0.6146864686468647 0.12004950495049506 0.600453795379538 0.12025577557755776 0.5820957095709571 0.11695544554455446 0.571575907590759 0.11241749174917492 0.5622937293729373 0.10437293729372937 0.5544554455445545 0.08972772277227724
0 0.5721947194719472 0.08127062706270628 0.5748762376237624 0.08127062706270628 0.5835396039603961 0.08890264026402642 0.590552805280528 0.09653465346534654 0.5882838283828383 0.0985973597359736 0.5818894389438944 0.09467821782178218 0.5812706270627063 0.09096534653465346 0.5732260726072608 0.08457095709570958
1 0.6821369636963696 0.09117161716171616 0.6889438943894389 0.08250825082508251 0.6980198019801981 0.08085808580858085 0.7106023102310232 0.08292079207920793 0.7209158415841584 0.09117161716171616 0.7293729372937293 0.09880363036303631 0.7345297029702971 0.11097359735973597 0.7339108910891089 0.12087458745874588 0.7281353135313532 0.12747524752475248 0.7180280528052806 0.13098184818481848 0.7054455445544555 0.13221947194719472 0.6943069306930693 0.12706270627062707 0.6862623762376238 0.11778052805280528 0.6827557755775578 0.10726072607260727 0.6817244224422442 0.09653465346534654
0 0.7002887788778878 0.10045379537953796 0.7013201320132013 0.09756600660066007 0.7052392739273928 0.09797854785478548 0.7060643564356436 0.10127887788778879 0.7108085808580858 0.1087046204620462 0.7147277227722773 0.11200495049504951 0.713490099009901 0.11551155115511551 0.7081270627062707 0.11324257425742575 0.7068894389438944 0.10787953795379539
1 0.8300330033003301 0.06146864686468647 0.8341584158415841 0.051980198019801985 0.840552805280528 0.04764851485148515 0.8512788778877888 0.0457920792079208 0.8622112211221122 0.04991749174917492 0.8683993399339934 0.054661716171617164 0.8737623762376238 0.06621287128712872 0.8747937293729373 0.07466996699669967 0.8747937293729373 0.08353960396039603 0.8735561056105611 0.09137788778877888 0.8671617161716172 0.0952970297029703 0.8568481848184819 0.09777227722772278 0.8508663366336634 0.0957095709570957 0.8428217821782179 0.09117161716171616 0.8358085808580858 0.08271452145214521 0.831476897689769 0.07157590759075909 0.8298267326732673 0.06806930693069307
0 0.8448844884488449 0.06621287128712872 0.8479785478547854 0.06415016501650166 0.8506600660066007 0.0658003300330033 0.8551980198019802 0.07178217821782179 0.8543729372937293 0.07549504950495049 0.8523102310231023 0.07652640264026403 0.8467409240924092 0.07157590759075909
1 0.9092409240924092 0.13407590759075907 0.9164603960396039 0.12293729372937294 0.9286303630363036 0.11365511551155115 0.9391501650165017 0.10891089108910892 0.9480198019801981 0.10911716171617163 0.9603960396039605 0.11819306930693069 0.9692656765676568 0.128506600660066 0.9657590759075908 0.15057755775577558 0.9603960396039605 0.1606848184818482 0.9525577557755776 0.17017326732673269 0.9438943894389439 0.17594884488448848 0.9304867986798679 0.17759900990099012 0.9205858085808581 0.17326732673267328 0.9113036303630363 0.16274752475247525 0.9075907590759076 0.1542904290429043 0.9065594059405941 0.14335808580858087
0 0.9292491749174918 0.1575907590759076 0.9286303630363036 0.14830858085808582 0.9317244224422442 0.14129537953795382 0.9360561056105611 0.1346947194719472 0.9414191419141915 0.13263201320132015 0.9414191419141915 0.13696369636963696 0.9395627062706271 0.14294554455445546 0.9352310231023103 0.15202145214521454 0.9327557755775578 0.15573432343234325
1 0.7939356435643565 0.24236798679867988 0.798473597359736 0.23143564356435645 0.8044554455445545 0.22607260726072606 0.8139438943894389 0.2229785478547855 0.8252887788778878 0.22545379537953797 0.8351897689768978 0.2306105610561056 0.8479785478547854 0.24092409240924093 0.8531353135313532 0.2533003300330033 0.8527227722772277 0.27042079207920794 0.8467409240924092 0.2807343234323432 0.8389026402640264 0.2887788778877888 0.831476897689769 0.2926980198019802 0.8199257425742574 0.29104785478547857 0.8089933993399341 0.28217821782178215 0.7982673267326733 0.2685643564356436 0.7937293729372938 0.25391914191419146
0 0.8164191419141915 0.2502062706270627 0.817450495049505 0.24814356435643564 0.8232260726072608 0.2545379537953795 0.8263201320132013 0.2592821782178218 0.826526402640264 0.26258250825082513 0.8226072607260727 0.26340759075907594 0.8182755775577558 0.25783828382838286 0.8147689768976899 0.2522689768976898
1 0.8822194719471947 0.2957920792079208 0.8904702970297029 0.28795379537953797 0.9005775577557756 0.28197194719471946 0.9104785478547854 0.27970297029702973 0.9230610561056106 0.27970297029702973 0.9397689768976899 0.28217821782178215 0.9513201320132013 0.29042904290429045 0.954414191419142 0.30321782178217827 0.9533828382838284 0.3145627062706271 0.9490511551155116 0.31992574257425743 0.9358498349834984 0.3273514851485148 0.9185231023102312 0.3302392739273927 0.8999587458745875 0.3294141914191419 0.8917079207920793 0.32425742574257427 0.8836633663366338 0.3164191419141914 0.8807755775577558 0.3077557755775578
1 0.6507838283828383 0.27949669966996704 0.6606848184818481 0.2691831683168317 0.676980198019802 0.2671204620462046 0.6951320132013201 0.2700082508250825 0.7143151815181519 0.2757838283828383 0.727516501650165 0.29063531353135313 0.7337046204620462 0.30012376237623767 0.7351485148514851 0.30816831683168316 0.7337046204620462 0.3182755775577558 0.7285478547854786 0.3281765676567657 0.7153465346534653 0.3310643564356436 0.6938943894389439 0.3323019801980198 0.6815181518151815 0.3275577557755776 0.668523102310231 0.3217821782178218 0.6553217821782179 0.3106435643564357 0.6491336633663367 0.3007425742574258 0.6481023102310232 0.29063531353135313
0 0.6672854785478548 0.29104785478547857 0.6672854785478548 0.28836633663366334 0.6753300330033003 0.28754125412541254 0.691006600660066 0.2926980198019802 0.7040016501650166 0.30033003300330036 0.7108085808580858 0.3065181518151815 0.7143151815181519 0.3108498349834984 0.712871287128713 0.3125 0.7042079207920793 0.3094059405940594 0.6860561056105611 0.3017739273927393 0.6740924092409241 0.2947607260726073
1 0.4735973597359736 0.3325082508250825 0.4804042904290429 0.32116336633663367 0.4936056105610561 0.3110561056105611 0.510519801980198 0.3075495049504951 0.5276402640264026 0.3075495049504951 0.5433168316831682 0.31291254125412543 0.5528052805280529 0.3232260726072607 0.5544554455445545 0.33745874587458746 0.5495049504950494 0.35292904290429045 0.5418729372937293 0.362417491749175 0.5272277227722773 0.3702557755775578 0.5162953795379538 0.3733498349834984 0.5018564356435644 0.37293729372937295 0.48783003300330036 0.36674917491749176 0.47978547854785475 0.3613861386138614 0.47483498349834985 0.35664191419141916 0.47174092409240925 0.35086633663366334 0.4713283828382838 0.34467821782178215
0 0.5070132013201321 0.34075907590759075 0.5136138613861386 0.33910891089108913 0.5210396039603961 0.3393151815181518 0.5177392739273927 0.34075907590759075 0.511963696369637 0.3417904290429043
1 0.34344059405940597 0.29682343234323433 0.34674092409240925 0.28960396039603964 0.35705445544554454 0.28341584158415845 0.3725247524752476 0.28052805280528054 0.3840759075907591 0.27970297029702973 0.39830858085808585 0.28424092409240925 0.4057343234323432 0.2885726072607261 0.4088283828382838 0.29723597359735976 0.40820957095709576 0.3100247524752475 0.40635313531353134 0.31600660066006603 0.39995874587458746 0.3232260726072607 0.3919141914191419 0.3277640264026403 0.3832508250825083 0.33044554455445546 0.3723184818481848 0.3281765676567657 0.3640676567656766 0.3254950495049505 0.35169141914191415 0.3180693069306931 0.34653465346534656 0.3094059405940594 0.34488448844884495 0.3040429042904291
0 0.3655115511551155 0.3052805280528053 0.3617986798679868 0.30198019801980197 0.36922442244224424 0.2992986798679868 0.3849009900990099 0.2992986798679868 0.38943894389438943 0.3015676567656766 0.3900577557755776 0.3048679867986799 0.3871699669966997 0.30734323432343236 0.3780940594059406 0.3063118811881188
1 0.3673679867986799 0.390470297029703 0.3772689768976898 0.3807755775577558 0.3948019801980198 0.3735561056105611 0.40697194719471946 0.36963696369636967 0.42409240924092406 0.3681930693069307 0.4381188118811881 0.36963696369636967 0.4455445544554456 0.37376237623762376 0.449463696369637 0.3826320132013201 0.4496699669966997 0.39933993399339934 0.44224422442244227 0.41501650165016507 0.4308993399339934 0.42471122112211224 0.42017326732673266 0.4327557755775578 0.40449669966996704 0.4356435643564357 0.39459570957095713 0.43626237623762376 0.3772689768976898 0.43151815181518155 0.3710808580858086 0.42471122112211224 0.3648927392739274 0.4127475247524753 0.36386138613861385 0.4049092409240924 0.36448019801980197 0.39830858085808585
0 0.3879950495049505 0.4119224422442244 0.39232673267326734 0.40532178217821785 0.39933993399339934 0.3966584158415841 0.40552805280528054 0.39232673267326734 0.41604785478547857 0.3898514851485149 0.42306105610561057 0.390470297029703 0.4207920792079208 0.3950082508250825 0.41646039603960394 0.400990099009901 0.40655940594059403 0.40511551155115516 0.4011963696369637 0.40862211221122113 0.3927392739273927 0.4119224422442244
1 0.24834983498349836 0.38840759075907594 0.2506188118811881 0.3772689768976898 0.25804455445544555 0.36365511551155116 0.2677392739273927 0.3603547854785479 0.27660891089108913 0.3578795379537954 0.2916666666666667 0.36262376237623767 0.3025990099009901 0.3655115511551155 0.3100247524752475 0.3708745874587459 0.31724422442244227 0.3809818481848185 0.31683168316831684 0.3978960396039604 0.31291254125412543 0.40449669966996704 0.30136138613861385 0.4104785478547855 0.2877475247524753 0.41439768976897695 0.2728960396039604 0.41398514851485146 0.2615511551155116 0.41027227722772275 0.2533003300330033 0.40552805280528054 0.24855610561056105 0.39830858085808585
1 0.14748349834983498 0.3213696369636964 0.15614686468646866 0.30899339933993397 0.17202970297029702 0.30363036303630364 0.18523102310231024 0.30053630363036304 0.19946369636963696 0.3007425742574258 0.20627062706270627 0.3017739273927393 0.21307755775577558 0.3052805280528053 0.21514026402640266 0.3098184818481848 0.2139026402640264 0.3184818481848185 0.20585808580858087 0.3285891089108911 0.19905115511551155 0.33580858085808585 0.18543729372937295 0.34694719471947194 0.17182343234323433 0.35045379537953797 0.1606848184818482 0.35004125412541254 0.15057755775577558 0.34612211221122113 0.14748349834983498 0.33374587458745875
0 0.1610973597359736 0.33395214521452143 0.16584158415841585 0.3294141914191419 0.1705858085808581 0.32425742574257427 0.17966171617161716 0.3188943894389439 0.18543729372937295 0.3164191419141914 0.18956270627062705 0.3155940594059406 0.1943069306930693 0.3125 0.1978135313531353 0.31023102310231027 0.19905115511551155 0.31126237623762376 0.20028877887788782 0.3178630363036304 0.1974009900990099 0.3234323432343234 0.19203795379537955 0.3302392739273927 0.18131188118811883 0.3378712871287129 0.1707920792079208 0.33910891089108913 0.1643976897689769 0.3395214521452145 0.16150990099009901 0.34034653465346537 0.15985973597359734 0.3386963696369637
1 0.07322607260726073 0.16274752475247525 0.07735148514851485 0.15676567656765675 0.09364686468646864 0.14851485148514854 0.10891089108910892 0.14562706270627063 0.12190594059405942 0.14459570957095708 0.13221947194719472 0.14727722772277227 0.13985148514851486 0.15717821782178218 0.14005775577557758 0.17223597359735973 0.13386963696369636 0.1841996699669967 0.13015676567656767 0.18894389438943895 0.12334983498349834 0.1938943894389439 0.11221122112211222 0.19863861386138615 0.10457920792079209 0.20070132013201322 0.08952145214521452 0.20132013201320131 0.07982673267326733 0.19884488448844886 0.07384488448844885 0.1905940594059406 0.07075082508250825 0.17924917491749173 0.07033828382838284 0.17099834983498352
0 0.08869636963696369 0.17656765676567657 0.0948844884488449 0.17223597359735973 0.10787953795379539 0.16852310231023102 0.11406765676567658 0.16831683168316833 0.1113861386138614 0.17223597359735973 0.10251650165016502 0.17594884488448848 0.09282178217821782 0.17924917491749173
1 0.0006188118811881188 0.1974009900990099 0.01113861386138614 0.19843234323432346 0.020833333333333332 0.20420792079207922 0.03155940594059406 0.21410891089108913 0.036716171617161716 0.2262788778877888 0.037953795379537955 0.23473597359735973 0.03424092409240924 0.25 0.03114686468646865 0.2599009900990099 0.024752475247524754 0.2669141914191419 0.01712046204620462 0.2693894389438944 0.01051980198019802 0.2700082508250825 0.0 0.26485148514851486
1 0.33498349834983504 0.4804042904290429 0.34282178217821785 0.47070957095709576 0.35210396039603964 0.46163366336633666 0.3634488448844885 0.4573019801980198 0.37458745874587457 0.4573019801980198 0.3840759075907591 0.46080858085808585 0.38943894389438943 0.46905940594059403 0.389026402640264 0.4830858085808581 0.38531353135313534 0.4913366336633664 0.3776815181518152 0.5020627062706271 0.3702557755775578 0.5086633663366337 0.35767326732673266 0.5138201320132013 0.3485973597359736 0.5171204620462047 0.33972772277227725 0.5156765676567657 0.3312706270627063 0.509075907590759 0.3294141914191419 0.5045379537953796 0.3294141914191419 0.4973184818481849 0.3310643564356436 0.48886138613861385
0 0.34962871287128716 0.4969059405940594 0.3479785478547855 0.49463696369636967 0.3533415841584159 0.48452970297029707 0.3642739273927393 0.4760726072607261 0.36674917491749176 0.47462871287128716 0.36922442244224424 0.47813531353135313 0.3683993399339934 0.4804042904290429 0.36159240924092406 0.4863861386138614 0.35849834983498347 0.4898927392739274 0.3541666666666667 0.4931930693069307
1 0.5464108910891089 0.4375 0.5530115511551156 0.4298679867986799 0.5643564356435643 0.42409240924092406 0.5808580858085809 0.42099834983498347 0.5917904290429042 0.42409240924092406 0.606023102310231 0.4311056105610561 0.6150990099009902 0.4383250825082508 0.6225247524752475 0.456476897689769 0.6208745874587459 0.4663778877887789 0.6091171617161717 0.4814356435643565 0.602516501650165 0.4853547854785479 0.5876650165016503 0.48783003300330036 0.5684818481848185 0.487417491749175 0.5583745874587459 0.4853547854785479 0.5521864686468647 0.4830858085808581 0.5437293729372937 0.47566006600660066 0.5391914191419143 0.46204620462046203 0.5418729372937293 0.4502887788778878
0 0.5647689768976897 0.4573019801980198 0.5711633663366337 0.4558580858085809 0.5812706270627063 0.4552392739273927 0.5886963696369637 0.4566831683168317 0.5903465346534653 0.4595709570957096 0.5816831683168318 0.4597772277227723 0.5703382838283828 0.4597772277227723
1 0.6889438943894389 0.45544554455445546 0.6965759075907592 0.4432755775577558 0.713490099009901 0.4329620462046205 0.7260726072607261 0.4290429042904291 0.7407178217821783 0.42945544554455445 0.7555693069306931 0.431930693069307 0.7644389438943894 0.4366749174917492 0.7693894389438944 0.4438943894389439 0.7741336633663367 0.45544554455445546 0.7737211221122113 0.4674092409240924 0.7681518151815182 0.47854785478547857 0.7594884488448845 0.48556105610561057 0.7475247524752475 0.4903052805280528 0.7374174917491749 0.49257425742574257 0.7256600660066007 0.494430693069307 0.7198844884488449 0.4952557755775578 0.7116336633663367 0.4903052805280528 0.701526402640264 0.48452970297029707 0.6961633663366337 0.47978547854785475 0.6893564356435643 0.47091584158415845
0 0.7180280528052806 0.4575082508250825 0.7223597359735974 0.4546204620462046 0.7328795379537955 0.4533828382838284 0.7425742574257426 0.4521452145214521 0.75 0.45400165016501653 0.7510313531353136 0.4568894389438944 0.7481435643564357 0.4593646864686469 0.739480198019802 0.4622524752475247 0.7297854785478548 0.4645214521452145 0.7211221122112211 0.46472772277227725 0.7209158415841584 0.46080858085808585
1 0.8331270627062707 0.36963696369636967 0.8318894389438944 0.3582920792079208 0.8372524752475248 0.34880363036303635 0.8465346534653465 0.34653465346534656 0.8529290429042905 0.3463283828382838 0.8657178217821783 0.34921617161716173 0.8780940594059407 0.35664191419141916 0.8863448844884488 0.36613036303630364 0.8923267326732673 0.3783003300330033 0.8948019801980198 0.3896452145214521 0.8964521452145214 0.3968646864686469 0.8927392739273928 0.400990099009901 0.8801567656765676 0.40470297029702973 0.8675742574257426 0.4042904290429043 0.8551980198019802 0.3989273927392739 0.8436468646864687 0.3902640264026403 0.8368399339933994 0.3789191419141914
0 0.8564356435643565 0.3716996699669967 0.8620049504950494 0.3710808580858086 0.8669554455445545 0.37376237623762376 0.8704620462046205 0.3778877887788779 0.8706683168316832 0.38531353135313534 0.8634488448844885 0.3791254125412541
1 0.03052805280528053 0.6565594059405941 0.040016501650165015 0.6472772277227723 0.052392739273927395 0.6386138613861386 0.07013201320132013 0.6357260726072608 0.08787128712871287 0.6377887788778878 0.10457920792079209 0.6454207920792079 0.11365511551155115 0.6528465346534653 0.11943069306930694 0.6641914191419143 0.11736798679867987 0.6751237623762376 0.11221122112211222 0.6848184818481848 0.10334158415841584 0.6899752475247526 0.08766501650165016 0.6957508250825082 0.06786303630363036 0.69740099009901 0.04764851485148515 0.6941006600660066 0.03836633663366337 0.6901815181518153 0.02929042904290429 0.6817244224422442 0.02722772277227723 0.6683168316831682
0 0.05156765676567657 0.6689356435643565 0.05816831683168317 0.6658415841584159 0.07405115511551155 0.6639851485148516 0.07982673267326733 0.6639851485148516 0.08065181518151815 0.6681105610561056 0.07095709570957096 0.6712046204620462 0.05713696369636964 0.6705858085808581
1 0.0010313531353135313 0.731023102310231 0.00556930693069307 0.7252475247524753 0.015470297029702972 0.7207095709570958 0.03424092409240924 0.7207095709570958 0.051773927392739276 0.7355610561056106 0.06311881188118812 0.7489686468646864 0.06889438943894391 0.7636138613861386 0.06848184818481848 0.778052805280528 0.06084983498349835 0.7926980198019802 0.04682343234323432 0.7980610561056106 0.03403465346534654 0.7966171617161717 0.018151815181518153 0.7871287128712872 0.00556930693069307 0.7726897689768977 0.0006188118811881188 0.7652640264026402
0 0.018358085808580858 0.7462871287128714 0.02227722772277228 0.7458745874587459 0.02990924092409241 0.7526815181518153 0.038985148514851485 0.7660891089108912 0.041666666666666664 0.7745462046204621 0.03527227722772277 0.7708333333333334 0.029702970297029705 0.764026402640264 0.024752475247524754 0.7563943894389439 0.02042079207920792 0.7497937293729373
1 0.16006600660066006 0.7904290429042905 0.16625412541254125 0.7792904290429042 0.17636138613861388 0.7735148514851485 0.18564356435643564 0.7722772277227723 0.1943069306930693 0.7749587458745875 0.20379537953795382 0.780940594059406 0.21163366336633663 0.7906353135313532 0.21555280528052806 0.8001237623762376 0.21699669966996699 0.8129125412541254 0.2128712871287129 0.8217821782178218 0.20874587458745875 0.8292079207920793 0.20008250825082508 0.8366336633663367 0.19286303630363036 0.8386963696369637 0.1831683168316832 0.8395214521452146 0.17202970297029702 0.8370462046204621 0.16604785478547857 0.8281765676567657 0.1604785478547855 0.8145627062706271 0.15924092409240925 0.7990924092409241
0 0.18234323432343233 0.7959983498349835 0.18502475247524755 0.7945544554455446 0.1897689768976898 0.8005363036303631 0.19121287128712872 0.8094059405940595 0.1897689768976898 0.8155940594059407 0.18791254125412543 0.8182755775577558 0.18543729372937295 0.8143564356435644 0.1841996699669967 0.8096122112211221 0.18254950495049505 0.8042491749174918 0.18234323432343233 0.8001237623762376
1 0.2332920792079208 0.8675742574257426 0.23535478547854788 0.8545792079207921 0.2431930693069307 0.8440594059405941 0.24979372937293728 0.8419966996699669 0.26093234323432346 0.8413778877887789 0.26835808580858084 0.8463283828382838 0.27660891089108913 0.8529290429042905 0.28341584158415845 0.8702557755775578 0.2838283828382838 0.8807755775577558 0.28094059405940597 0.8915016501650166 0.2737211221122112 0.9024339933993399 0.2671204620462046 0.9065594059405941 0.2576320132013202 0.9080033003300331 0.24731848184818483 0.9034653465346535 0.2396864686468647 0.8974834983498351 0.23432343234323433 0.8836633663366338
1 0.375 0.7636138613861386 0.3813943894389439 0.7568069306930693 0.3879950495049505 0.7547442244224423 0.40449669966996704 0.7555693069306931 0.42161716171617164 0.7648514851485149 0.43316831683168316 0.7749587458745875 0.4395627062706271 0.7906353135313532 0.43935643564356436 0.7980610561056106 0.4329620462046205 0.8063118811881188 0.4226485148514852 0.8098184818481848 0.40759075907590764 0.810437293729373 0.3912953795379538 0.8050742574257426 0.3783003300330033 0.7951732673267328 0.3741749174917492 0.7854785478547854 0.37273102310231027 0.7743399339933994
0 0.3917079207920792 0.7792904290429042 0.39542079207920794 0.7747524752475248 0.40243399339933994 0.7803217821782179 0.4067656765676568 0.784447194719472 0.4104785478547855 0.7848597359735974 0.40944719471947194 0.7902227722772277 0.40284653465346537 0.7902227722772277 0.3933580858085809 0.7852722772277227
1 0.32384488448844884 0.8712871287128714 0.3281765676567657 0.8653052805280529 0.33910891089108913 0.8591171617161717 0.34962871287128716 0.8568481848184819 0.36674917491749176 0.8584983498349835 0.3795379537953796 0.8591171617161717 0.3937706270627063 0.8650990099009902 0.4007838283828383 0.8708745874587459 0.40614686468646866 0.8813943894389439 0.40697194719471946 0.8933580858085809 0.4049092409240924 0.9026402640264026 0.39232673267326734 0.912953795379538 0.3803630363036304 0.914397689768977 0.36159240924092406 0.9127475247524753 0.33972772277227725 0.9073844884488449 0.3246699669966997 0.8978960396039605 0.320957095709571 0.8867574257425743 0.3219884488448845 0.8776815181518153
1 0.5070132013201321 0.8195132013201321 0.514026402640264 0.8120874587458746 0.5286716171617162 0.8096122112211221 0.5445544554455446 0.8125 0.5567244224422442 0.8213696369636965 0.5633250825082509 0.8335396039603961 0.5662128712871287 0.8490099009900991 0.567450495049505 0.8620049504950494 0.560437293729373 0.879950495049505 0.5532178217821783 0.8873762376237624 0.5389851485148516 0.8931518151815182 0.5228960396039605 0.8927392739273928 0.5072194719471947 0.879950495049505 0.5018564356435644 0.8708745874587459 0.4991749174917492 0.8527227722772277 0.5 0.8370462046204621
0 0.525371287128713 0.8426155115511552 0.525990099009901 0.8335396039603961 0.5272277227722773 0.831476897689769 0.5321782178217822 0.8345709570957095 0.536509900990099 0.8446782178217822 0.5387788778877888 0.8527227722772277 0.5396039603960396 0.8622112211221122 0.5381600660066007 0.8706683168316832 0.5360973597359736 0.8712871287128714 0.5307343234323433 0.8626237623762376 0.5282590759075908 0.8558168316831682 0.5268151815181519 0.8500412541254126
1 0.6233498349834984 0.7834158415841584 0.6295379537953796 0.7782590759075908 0.6402640264026402 0.7716584158415841 0.6511963696369637 0.7691831683168318 0.6652227722772277 0.7691831683168318 0.6778052805280529 0.7776402640264026 0.6891501650165016 0.7871287128712872 0.6930693069306931 0.7999174917491749 0.6932755775577558 0.8129125412541254 0.6893564356435643 0.8275577557755776 0.6806930693069307 0.8393151815181519 0.668523102310231 0.8475660066006601 0.6563531353135315 0.84983498349835 0.6394389438943894 0.8446782178217822 0.6289191419141915 0.8323019801980198 0.6214933993399341 0.8158003300330033 0.6183993399339934 0.8063118811881188 0.6192244224422442 0.7937293729372938
0 0.6518151815181519 0.8184818481848185 0.6526402640264026 0.8125 0.6547029702970296 0.8052805280528053 0.6582095709570958 0.7982673267326733 0.6604785478547854 0.7980610561056106 0.6639851485148516 0.7966171617161717 0.6683168316831682 0.8003300330033003 0.6652227722772277 0.8106435643564357 0.6637788778877888 0.817450495049505 0.6588283828382838 0.82240099009901 0.6528465346534653 0.8215759075907592
1 0.712871287128713 0.8626237623762376 0.7264851485148516 0.8422029702970298 0.7425742574257426 0.8308580858085809 0.7582508250825082 0.8273514851485149 0.766914191419142 0.8287953795379539 0.7761963696369637 0.8335396039603961 0.7803217821782179 0.8471534653465347 0.7794966996699669 0.8615924092409241 0.7764026402640264 0.8787128712871287 0.7695957095709571 0.8902640264026402 0.7543316831683169 0.8993399339933994 0.7403052805280529 0.9055280528052806 0.72483498349835 0.9055280528052806 0.7153465346534653 0.8974834983498351 0.709983498349835 0.8859323432343235 0.709983498349835 0.8735561056105611
0 0.7353547854785477 0.88490099009901 0.7339108910891088 0.8830445544554455 0.7363861386138613 0.8737623762376238 0.7394801980198019 0.8675742574257426 0.7431930693069305 0.8630363036303631 0.7518564356435643 0.8556105610561056 0.7551567656765675 0.8537541254125413 0.7563943894389438 0.8578795379537955 0.7530940594059407 0.8655115511551156 0.7481435643564357 0.8727310231023103 0.7423679867986799 0.8801567656765676 0.7390676567656767 0.8836633663366338
1 0.8188943894389439 0.9158415841584159 0.8292079207920793 0.9001650165016503 0.8401402640264026 0.8898514851485149 0.852516501650165 0.8879950495049506 0.8636551155115513 0.891914191419142 0.8716996699669968 0.9022277227722773 0.8752062706270627 0.9131600660066007 0.8762376237623762 0.9224422442244224 0.8727310231023103 0.9331683168316832 0.8626237623762376 0.9461633663366338 0.8483910891089109 0.9581270627062707 0.836427392739274 0.9612211221122113 0.8254950495049506 0.9575082508250825 0.8166254125412542 0.9492574257425743 0.8143564356435644 0.9381188118811881 0.8158003300330033 0.923473597359736 0.8178630363036304 0.9187293729372938
0 0.8320957095709571 0.9412128712871287 0.8298267326732673 0.9356435643564357 0.8343646864686468 0.9280115511551156 0.8413778877887789 0.9158415841584159 0.8483910891089109 0.9077970297029704 0.851897689768977 0.9096534653465347 0.8523102310231023 0.9158415841584159 0.8457095709570958 0.9288366336633663 0.8407590759075908 0.9350247524752475 0.8368399339933994 0.9401815181518153
1 0.3017739273927393 0.1901815181518152 0.30507425742574257 0.18110561056105612 0.3118811881188119 0.17017326732673269 0.3248762376237624 0.16522277227722773 0.3393151815181518 0.16625412541254125 0.3533415841584159 0.17533003300330033 0.35767326732673266 0.18584983498349836 0.35994224422442245 0.20132013201320131 0.35664191419141916 0.21452145214521454 0.35086633663366334 0.22545379537953797 0.34302805280528054 0.23246699669966997 0.3347772277227723 0.23308580858085812 0.317450495049505 0.2268976897689769 0.3106435643564357 0.21885313531353134 0.30424917491749176 0.20853960396039603 0.30198019801980197 0.19925742574257427
0 0.33044554455445546 0.18234323432343233 0.33704620462046203 0.18646864686468648 0.3393151815181518 0.1969884488448845 0.33745874587458746 0.20771452145214522 0.3362211221122112 0.20977722772277227 0.33374587458745875 0.20895214521452146 0.33044554455445546 0.2004950495049505 0.3292079207920792 0.19286303630363036 0.32900165016501653 0.18646864686468648
1 0.45008250825082513 0.14707095709570958 0.4552392739273927 0.14026402640264027 0.46761551155115516 0.13737623762376236 0.4834983498349835 0.1379950495049505 0.5 0.14294554455445546 0.5193894389438944 0.15099009900990099 0.5301155115511551 0.15800330033003301 0.5340346534653465 0.16542904290429042 0.5356848184818481 0.17347359735973597 0.5338283828382838 0.17883663366336633 0.525371287128713 0.18131188118811883 0.5039191419141914 0.18564356435643564 0.48411716171617164 0.18296204620462048 0.4665841584158416 0.17656765676567657 0.456476897689769 0.16625412541254125 0.4513201320132013 0.15965346534653466 0.4504950495049505 0.15325907590759075
0 0.46617161716171623 0.15222772277227722 0.47689768976897695 0.1534653465346535 0.4966996699669967 0.15944719471947194 0.5123762376237624 0.16625412541254125 0.522483498349835 0.17099834983498352 0.5181518151815182 0.17141089108910892 0.5037128712871287 0.16707920792079206 0.4890676567656766 0.16274752475247525 0.4760726072607261 0.15862211221122113 0.47215346534653463 0.15862211221122113 0.46864686468646866 0.15903465346534654 0.46575907590759075 0.1582095709570957 0.46575907590759075 0.1542904290429043
1 0.6216666666666666 0.9987499999999999 0.62125 0.9847916666666666 0.6245833333333334 0.9695833333333332 0.635 0.9547916666666667 0.6479166666666667 0.9458333333333333 0.6625 0.9445833333333333 0.6783333333333333 0.9464583333333334 0.6885416666666667 0.9572916666666667 0.6933333333333334 0.9729166666666667 0.6956249999999999 0.989375 0.6931781914893617 0.9989583333333333
0 0.6433333333333333 0.984375 0.6475000000000001 0.9772916666666667 0.658125 0.9660416666666667 0.6683333333333333 0.9597916666666666 0.6695833333333333 0.96625 0.6664583333333333 0.979375 0.6602083333333333 0.98875 0.6516666666666667 0.995 0.6489583333333333 0.99375 0.6485416666666667 0.9895833333333334
1 0.0 0.8427083333333333 0.011250000000000001 0.839375 0.026041666666666668 0.8366666666666667 0.041041666666666664 0.8372916666666667 0.050208333333333334 0.845625 0.053125 0.85875 0.050416666666666665 0.8727083333333333 0.041666666666666664 0.8854166666666666 0.03354166666666667 0.89375 0.019375 0.9010416666666666 0.006666666666666667 0.9054166666666668 0.0008333333333333334 0.90625
0 0.00020833333333333335 0.8727083333333333 0.007916666666666666 0.8689583333333334 0.016041666666666666 0.8635416666666667 0.02625 0.8577083333333333 0.03104166666666667 0.8564583333333334 0.030208333333333334 0.8591666666666666 0.02645833333333333 0.865 0.016458333333333335 0.8729166666666667 0.007083333333333333 0.8783333333333334 0.00020833333333333335 0.8797916666666666
1 0.04520833333333333 0.9985416666666665 0.040625 0.9935416666666667 0.0375 0.98125 0.04145833333333333 0.9677083333333333 0.051458333333333335 0.958125 0.06375 0.9558333333333332 0.07875 0.9568749999999999 0.09895833333333333 0.9654166666666666 0.11125 0.9727083333333333 0.11437499999999999 0.9810416666666666 0.11229166666666666 0.9924999999999999 0.108125 0.9989583333333333
0 0.06895833333333333 0.9827083333333333 0.07520833333333334 0.9797916666666666 0.08458333333333333 0.980625 0.09229166666666666 0.9839583333333333 0.089375 0.9866666666666666 0.08312499999999999 0.986875 0.0725 0.985625
