1 0.046083860759493736 0.09157436708860764 0.03553533755274268 0.08695938818565406 0.0263053797468355 0.07443301687763719 0.020371835443038035 0.05663238396624479 0.020371835443038035 0.03289820675105491 0.02564609704641356 0.013779008438818626 0.03487605485232074 0.0032304852320675704 0.058610232067510606 0.0019119198312236886 0.07245516877637136 0.007186181434599216 0.0810258438818566 0.026305379746835503 0.08432225738396631 0.04212816455696208 0.0856408227848102 0.06124736286919837 0.08432225738396631 0.07772943037974689 0.07838871308016884 0.09223364978902958 0.0632252109704642 0.09487078059071737 0.05597310126582285 0.09487078059071737
0 0.06719249201277952 0.07118610223642169 0.0633478682170543 0.07101905684754525 0.062200479233226795 0.06719249201277952 0.06294412144702846 0.05567667958656334 0.06254037467700262 0.04921673126614991 0.06052164082687342 0.039930555555555594 0.05850290697674422 0.03306686046511632 0.05567667958656334 0.028221899224806234 0.056080426356589184 0.02499192506459952 0.060925387596899264 0.026203165374677036 0.06415536175710598 0.0358930878552972 0.06698158914728686 0.04679425064599487 0.06785809371671987 0.06486288604898824
1 0.182707055214724 0.0005751533742331869 0.17631646216768923 0.012078220858895762 0.1737602249488753 0.025498466257668766 0.17503834355828227 0.04147494887525568 0.17823364008179965 0.0516998977505113 0.18590235173824135 0.05745143149284259 0.19229294478527612 0.05681237218813911 0.20571319018404916 0.05042177914110435 0.21913343558282214 0.04147494887525568 0.22680214723926387 0.02485940695296529 0.2306365030674847 0.009521983640081859 0.23191462167689167 0.0005751533742331869
0 0.1890664160401003 0.04064849624060158 0.19259085213032587 0.02968358395989982 0.19689849624060157 0.02106829573934844 0.199639724310777 0.014019423558897315 0.20473057644110282 0.0054041353383459355 0.20668859649122814 0.002271303258145435 0.21177944862155396 0.0030545112781955597 0.20629699248120306 0.014019423558897315 0.20238095238095244 0.030466791979949944 0.1976817042606517 0.03986528822055145 0.19298245614035095 0.04104010025062664
1 0.20504101899827287 0.24444084628670118 0.19478626943005178 0.23742443868739205 0.18938903281519862 0.2304080310880829 0.18237262521588943 0.21745466321243523 0.1753562176165803 0.2007232297063903 0.17265759930915367 0.17913428324697753 0.1753562176165803 0.1591645077720207 0.18399179620034542 0.13973445595854922 0.19154792746113988 0.13109887737478412 0.19964378238341968 0.12732081174438686 0.2115177029360967 0.12678108808290156 0.2223121761658031 0.13109887737478412 0.22986830742659758 0.13811528497409326 0.23472582037996545 0.14621113989637305 0.24066278065630395 0.15592616580310878 0.2471394645941278 0.17049870466321243 0.2476791882556131 0.18507124352331603 0.2476791882556131 0.19478626943005178 0.2476791882556131 0.20126295336787564 0.24390112262521588 0.21259715025906736 0.23958333333333334 0.2223121761658031 0.23094775474956822 0.23364637305699482 0.22339162348877373 0.23904360967184798 0.2169149395509499 0.24174222797927458
1 0.3515193370165746 0.12189226519337021 0.33713167587476983 0.11728821362799267 0.3250460405156538 0.11038213627992638 0.31353591160220995 0.09772099447513817 0.3066298342541437 0.08678637200736652 0.30375230202578274 0.07642725598526708 0.30490331491712713 0.06261510128913447 0.3112338858195212 0.049378453038674074 0.31698895027624313 0.04304788213627997 0.32849907918968696 0.037292817679558055 0.3382826887661142 0.036141804788213674 0.34864180478821366 0.036717311233885865 0.35669889502762436 0.03959484346224682 0.3624539594843463 0.04247237569060778 0.36878453038674036 0.049953959484346264 0.3716620626151013 0.056860036832412565 0.3739640883977901 0.06952117863720078 0.37569060773480667 0.08103130755064461 0.37684162062615106 0.09714548802946597 0.37626611418047884 0.1086556169429098 0.37223756906077354 0.11671270718232048 0.3613029465930019 0.12131675874769801
1 0.3906537753222837 0.00046040515653779254 0.3802946593001842 0.008517495395948475 0.3739640883977901 0.024056169429097645 0.3733885819521179 0.036141804788213674 0.37914364640883985 0.048227440147329693 0.3889272559852671 0.058011049723756945 0.3992863720073665 0.06434162062615105 0.41252302025782694 0.0677946593001842 0.42921270718232046 0.06721915285451202 0.4407228360957643 0.0608885819521179 0.44993093922651933 0.05168047882136284 0.4545349907918969 0.04247237569060778 0.45683701657458564 0.03211325966850832 0.4602900552486188 0.016574585635359157 0.46086556169429105 0.011395027624309433 0.4552083333333333 0.0
0 0.4158921933085502 0.051889714993804216 0.4073729863692689 0.04453221809169764 0.40388785625774476 0.03717472118959108 0.405824039653036 0.024395910780669147 0.40853469640644363 0.019749070631970258 0.41511771995043373 0.019749070631970258 0.4189900867410161 0.014714993804213134 0.4189900867410161 0.011229863692688972 0.4228624535315985 0.006970260223048327 0.42789653035935565 0.0034851301115241635 0.43176889714993805 0.0030978934324659233 0.434866790582404 0.0034851301115241635 0.4325433705080545 0.011229863692688972 0.4271220570012392 0.019361833952912022 0.4232496902106568 0.030978934324659233 0.42131350681536556 0.04065985130111524 0.4197645600991326 0.04569392812887237
1 0.5212205700123916 0.1591542750929368 0.5227695167286245 0.13940520446096655 0.5305142503097894 0.11888166047087981 0.5386462205700123 0.10106877323420076 0.5491016109045849 0.09061338289962825 0.5634293680297398 0.08170693928128873 0.5804677819083024 0.07822180916976457 0.5916976456009914 0.0766728624535316 0.605638166047088 0.0766728624535316 0.6122211895910781 0.07977075588599752 0.6195786864931847 0.0863537794299876 0.6222893432465924 0.09061338289962825 0.6234510532837672 0.09797087980173483 0.6219021065675341 0.10649008674101611 0.6195786864931847 0.11694547707558861 0.613770136307311 0.1293370508054523 0.6040892193308551 0.14134138785625777 0.5955700123915738 0.1525712515489467 0.5855018587360594 0.1591542750929368 0.5642038413878563 0.16767348203221807 0.5467781908302354 0.16922242874845106 0.5266418835192069 0.16767348203221807
0 0.5417441140024783 0.14792441140024784 0.552586741016109 0.1370817843866171 0.5665272614622057 0.12004337050805453 0.5800805452292441 0.10532837670384139 0.586276332094176 0.10029429987608426 0.5963444857496902 0.09603469640644362 0.5990551425030979 0.0968091697645601 0.5947955390334573 0.10494114002478315 0.5777571251548946 0.11810718711276331 0.5653655514250311 0.13049876084262702 0.557233581164808 0.1390179677819083 0.5506505576208178 0.14676270136307312 0.5467781908302354 0.14792441140024784
1 0.359062980030722 0.3043394777265745 0.34178187403993854 0.2956989247311828 0.3341013824884793 0.2923387096774193 0.3278609831029186 0.2894585253456221 0.32498079877112135 0.28369815668202764 0.33026113671274965 0.27553763440860213 0.34178187403993854 0.26401689708141324 0.3542626728110599 0.2553763440860215 0.3677035330261137 0.25201612903225806 0.3773041474654378 0.25105606758832566 0.38306451612903225 0.25105606758832566 0.3936251920122888 0.2524961597542243 0.41138632872503844 0.25681643625192013 0.42338709677419356 0.2625768049155146 0.43058755760368667 0.2683371735791091 0.4334677419354839 0.27217741935483875 0.43442780337941633 0.27697772657450076 0.4286674347158218 0.2875384024577573 0.41954685099846395 0.2952188940092166 0.40130568356374813 0.3057795698924731 0.3869047619047619 0.30817972350230416 0.36962365591397855 0.3057795698924731
0 0.3533950617283951 0.2792022792022792 0.36081433998100665 0.2833570750237417 0.37298195631528963 0.2827635327635328 0.38544634377967707 0.28157644824311495 0.39850427350427353 0.28038936372269707 0.40354938271604934 0.27979582146248816 0.40562678062678065 0.27504748338081675 0.40028490028490027 0.27386039886039887 0.3848528015194682 0.2759377967711301 0.37298195631528963 0.27771842355175685 0.36259496676163344 0.27801519468186137 0.3572530864197531 0.27801519468186137
1 0.7297600210970464 0.0012526371308017477 0.7099815400843883 0.013779008438818626 0.6961366033755275 0.028283227848101326 0.6928401898734177 0.03619462025316462 0.6928401898734177 0.048061708860759556 0.7000922995780592 0.05795094936708867 0.7099815400843883 0.06388449367088614 0.7317378691983123 0.06388449367088614 0.756131329113924 0.058610232067510606 0.7719541139240506 0.049380274261603435 0.7838212025316457 0.03619462025316462 0.7937104430379748 0.022349683544303854 0.7950290084388186 0.00982331223628698 0.7884361814345993 0.003889767932489511 0.7844804852320676 0.0005933544303798067
0 0.7432574289405685 0.019743217054263597 0.7299337855297157 0.027818152454780396 0.7230700904392765 0.031855620155038795 0.7186288759689923 0.035085594315245515 0.7178213824289406 0.038315568475452234 0.7210513565891472 0.041141795865633116 0.731952519379845 0.03670058139534888 0.7481023901808785 0.028625645994832076 0.7598110465116279 0.023780684754521997 0.7690972222222222 0.018531976744186083 0.7686934754521964 0.014090762273901845 0.7585998062015503 0.012475775193798487 0.7505248708010336 0.015705749354005205
1 0.7913032945736433 0.10251130490956076 0.7816133720930233 0.10977874677002589 0.7739421834625323 0.11704618863049099 0.7699047157622739 0.1243136304909561 0.7674822351421188 0.13400355297157626 0.7650597545219638 0.14409722222222227 0.7658672480620154 0.15499838501291993 0.7678859819121446 0.16428456072351424 0.777172157622739 0.1719557493540052 0.7892845607235142 0.17639696382428943 0.8038194444444444 0.17639696382428943 0.8211805555555556 0.17357073643410856 0.8381379198966408 0.16832202842377264 0.8466166020671834 0.15903585271317836 0.8567102713178295 0.14773094315245483 0.8599402454780362 0.13884851421188635 0.8615552325581395 0.12673611111111113 0.8599402454780362 0.11381621447028428 0.8563065245478036 0.10251130490956076 0.850250322997416 0.09645510335917316 0.8389454134366925 0.0908026485788114 0.8296592377260982 0.09039890180878557 0.8110868863049095 0.09443636950904397 0.7993782299741602 0.09847383720930236
0 0.7937257751937985 0.15419089147286824 0.7900920542635659 0.15620962532299745 0.7876695736434108 0.15459463824289407 0.8042231912144703 0.1384447674418605 0.8219880490956072 0.12310239018087858 0.8361191860465116 0.11583494832041348 0.83531169250646 0.11946866925064602 0.8240067829457364 0.12471737726098195 0.8114906330749354 0.13602228682170547
1 0.5591489018087856 0.30075096899224807 0.545421511627907 0.31165213178294576 0.5389615633074936 0.3181120801033592 0.535327842377261 0.3241682816537468 0.5308866279069767 0.3322432170542636 0.5304828811369509 0.3370881782945736 0.5312903746770026 0.34879683462532296 0.5361353359173127 0.35687177002583975 0.5413840439276485 0.36454295865633074 0.5466327519379844 0.36777293281653745 0.5567264211886305 0.3685804263565891 0.5688388242894057 0.36736918604651164 0.5837774547803618 0.3605054909560723 0.5946786175710594 0.3536417958656331 0.6051760335917312 0.34556686046511625 0.610828488372093 0.34031815245478036 0.616077196382429 0.3314357235142119 0.6189034237726098 0.3241682816537468 0.6221333979328165 0.31165213178294576 0.6184996770025839 0.3011547157622739 0.613250968992248 0.2922722868217054 0.6051760335917312 0.28823481912144705 0.5942748708010336 0.2870235788113695 0.5837774547803618 0.28823481912144705 0.5716650516795866 0.29146479328165376 0.562782622739018 0.29671350129198965
0 0.5696463178294574 0.31488210594315247 0.5660125968992248 0.31851582687338503 0.5595526485788114 0.32214954780361754 0.5551114341085271 0.32497577519379844 0.5518814599483205 0.32820574935400515 0.5518814599483205 0.3290132428940568 0.5575339147286821 0.32820574935400515 0.5660125968992248 0.3237645348837209 0.5732800387596899 0.31851582687338503 0.5797399870801033 0.31407461240310075 0.5849886950904393 0.3064034237726098 0.5853924418604651 0.3011547157622739 0.578125 0.30357719638242897 0.575702519379845 0.30721091731266154
1 0.7565810723514212 0.26360626614987087 0.7468911498708011 0.2736999354005168 0.7412386950904393 0.2813711240310077 0.7339712532299741 0.2930797803617571 0.731952519379845 0.29953972868217055 0.7299337855297157 0.30761466408268734 0.7295300387596899 0.31488210594315247 0.729126291989664 0.32093830749354 0.7307412790697675 0.326187015503876 0.7359899870801033 0.33062822997416025 0.7472948966408269 0.3326469638242894 0.7598110465116279 0.3326469638242894 0.769500968992248 0.33103197674418605 0.7812096253229974 0.3241682816537468 0.7945332687338501 0.31568959948320413 0.8034156976744186 0.3051921834625323 0.8098756459948321 0.2922722868217054 0.8114906330749354 0.2785448966408269 0.8110868863049095 0.26602874677002586 0.8058381782945736 0.2559350775193799 0.7989744832041343 0.2539163436692507 0.7953407622739018 0.25351259689922484 0.7852470930232559 0.2543200904392765 0.7779796511627908 0.2571463178294574 0.767078488372093 0.26078003875968997
1 0.8425791343669251 0.3302244832041344 0.8316779715762274 0.3273982558139535 0.8159318475452195 0.328609496124031 0.8046269379844961 0.33062822997416025 0.7965520025839793 0.33587693798449614 0.78968830749354 0.34193313953488375 0.7864583333333334 0.35000807493540054 0.7864583333333334 0.35929425064599485 0.7913032945736433 0.36898417312661497 0.7985707364341085 0.3774628552971576 0.8086644056847546 0.3847302971576227 0.819969315245478 0.38957525839793283 0.8312742248062015 0.39119024547803616 0.8413678940568475 0.391593992248062 0.8530765503875969 0.3919977390180878 0.862766472868217 0.3903827519379845 0.8700339147286821 0.38876776485788117 0.8768976098191215 0.3851340439276486 0.8813388242894057 0.379077842377261 0.8817425710594315 0.36898417312661497 0.8793200904392765 0.35969799741602065 0.8704376614987079 0.3492005813953488 0.8647852067183462 0.3423368863049096 0.8567102713178295 0.3378956718346254 0.8458091085271318 0.33305071059431524
0 0.852672803617571 0.3601017441860465 0.8361191860465116 0.35404554263565896 0.8203730620155039 0.3479893410852713 0.8135093669250646 0.3475855943152455 0.8078569121447028 0.34879683462532296 0.8159318475452195 0.3556605297157623 0.830062984496124 0.361312984496124 0.8409641472868218 0.36535045219638246 0.8494428294573644 0.3681766795865633 0.8550952842377261 0.3681766795865633 0.862766472868217 0.3681766795865633 0.8599402454780362 0.3641392118863049
1 0.935 0.17958333333333334 0.9229166666666667 0.19541666666666666 0.9195833333333333 0.20791666666666667 0.9170833333333334 0.22375 0.9204166666666667 0.24083333333333332 0.9270833333333334 0.2554166666666667 0.9345833333333334 0.26375 0.9504166666666667 0.2670833333333333 0.9629166666666666 0.26458333333333334 0.9733333333333333 0.2525 0.9783333333333334 0.23833333333333334 0.9841666666666666 0.22416666666666665 0.9875 0.21125000000000002 0.9883333333333333 0.20083333333333334 0.98375 0.18541666666666667 0.9770833333333333 0.17083333333333334 0.97125 0.165 0.9620833333333334 0.16125 0.9583333333333334 0.16041666666666668 0.9504166666666667 0.16125 0.9429166666666667 0.16624999999999998 0.9375 0.17333333333333334
0 0.9558333333333333 0.18791666666666668 0.9516666666666667 0.19499999999999998 0.9491666666666667 0.20124999999999998 0.9470833333333334 0.20791666666666667 0.9470833333333334 0.21458333333333332 0.9458333333333333 0.225 0.9445833333333333 0.23375 0.9441666666666666 0.24166666666666667 0.9466666666666667 0.24541666666666667 0.95 0.24000000000000002 0.9508333333333333 0.23 0.9508333333333333 0.2175 0.9529166666666666 0.21125000000000002 0.9558333333333333 0.20583333333333334 0.9575 0.19749999999999998
1 0.5866666666666667 0.4708333333333333 0.5712499999999999 0.47708333333333336 0.55875 0.48374999999999996 0.5537500000000001 0.49166666666666664 0.55625 0.5070833333333333 0.56625 0.5195833333333334 0.5845833333333333 0.52875 0.5958333333333333 0.53125 0.6091666666666666 0.53375 0.6237499999999999 0.5345833333333334 0.6379166666666667 0.5304166666666666 0.6504166666666666 0.5270833333333333 0.65875 0.52375 0.66625 0.5183333333333333 0.67125 0.5116666666666666 0.6729166666666667 0.49624999999999997 0.66625 0.4858333333333333 0.6579166666666667 0.4795833333333333 0.6433333333333333 0.4716666666666667 0.625 0.4675 0.61125 0.46625 0.59625 0.4670833333333333
0 0.5862499999999999 0.4966666666666667 0.5825 0.4979166666666667 0.5804166666666667 0.5008333333333334 0.5854166666666667 0.5041666666666667 0.5958333333333333 0.5054166666666666 0.61375 0.5066666666666666 0.6225 0.5075 0.6325000000000001 0.5066666666666666 0.6366666666666667 0.5058333333333334 0.6370833333333333 0.5 0.6295833333333333 0.4975 0.6154166666666666 0.4966666666666667 0.6020833333333333 0.4966666666666667 0.5933333333333334 0.4970833333333333
1 0.04166666666666661 0.3836382113821138 0.0335365853658536 0.3953252032520325 0.032012195121951165 0.4100609756097561 0.032012195121951165 0.4232723577235772 0.0335365853658536 0.4359756097560975 0.039126016260162544 0.45172764227642276 0.04776422764227637 0.4644308943089431 0.06300813008130075 0.4791666666666667 0.08180894308943085 0.4842479674796748 0.10010162601626012 0.4857723577235772 0.1107723577235772 0.4857723577235772 0.12601626016260156 0.48069105691056907 0.13821138211382109 0.4745934959349593 0.14430894308943085 0.46493902439024387 0.1463414634146341 0.45528455284552843 0.1453252032520325 0.4349593495934959 0.14024390243902435 0.4227642276422764 0.12906504065040647 0.39888211382113814 0.12144308943089425 0.38821138211382106 0.11026422764227636 0.37550813008130074 0.0955284552845528 0.36737804878048774 0.08638211382113817 0.36585365853658536 0.07469512195121947 0.36585365853658536 0.06148373983739832 0.3678861788617886 0.04827235772357718 0.37398373983739835
1 0.30894308943089427 0.4878048780487804 0.30335365853658536 0.49949186991869915 0.3023373983739837 0.505589430894309 0.30335365853658536 0.5127032520325203 0.3094512195121951 0.5203252032520325 0.3170731707317073 0.5238821138211383 0.3307809050772627 0.5311810154525386 0.3404471544715447 0.5335365853658537 0.3528559602649006 0.5366997792494481 0.358719646799117 0.5384243929359823 0.3645833333333333 0.539114238410596 0.3732064017660044 0.5398040838852097 0.3811396247240618 0.5380794701986755 0.39380081300813 0.5340447154471545 0.4029471544715447 0.5294715447154471 0.4059959349593496 0.5213414634146342 0.4070121951219512 0.5091463414634146 0.40497967479674796 0.5025406504065041 0.39735772357723576 0.4923780487804878 0.3887195121951219 0.4852642276422764 0.3785569105691057 0.47865853658536583 0.3709349593495935 0.4751016260162601 0.3638211382113821 0.4751016260162601 0.345020325203252 0.4740853658536585 0.32825203252032514 0.4766260162601626 0.3201219512195122 0.4796747967479675 0.31453252032520324 0.4811991869918699
0 0.32629690949227375 0.5001379690949227 0.32629690949227375 0.503932119205298 0.3307809050772627 0.5056567328918322 0.33836920529801323 0.5077262693156733 0.3504415011037528 0.5094508830022074 0.3576848785871965 0.5122102649006622 0.3642384105960265 0.5139348785871964 0.37079194260485654 0.5142798013245033 0.37769039735099336 0.5149696467991169 0.38251931567328923 0.5146247240618101 0.3856236203090508 0.5115204194260485 0.382864238410596 0.5084161147902869 0.3721716335540839 0.5053118101545253 0.3611341059602649 0.5035871964679912 0.35147626931567333 0.5022075055187638 0.34319812362030905 0.4997930463576159 0.3376793598233995 0.49944812362030905 0.33285044150110377 0.4997930463576159
1 0.014198908730158718 0.8258308531746031 0.006758432539682526 0.8289310515873016 0.0024181547619047477 0.8289310515873016 0.0011780753968253827 0.83203125 0.0011780753968253827 0.8555927579365079 0.018539186507936494 0.8655133928571428 0.041480654761904746 0.8772941468253969 0.060701884920634906 0.8797743055555556 0.07496279761904762 0.8797743055555556 0.09170386904761904 0.8766741071428572 0.10534474206349205 0.867373511904762 0.1072048611111111 0.8568328373015873 0.10658482142857141 0.845672123015873 0.09852430555555555 0.8382316468253969 0.08054315476190474 0.8295510912698413 0.06628224206349205 0.8239707341269841 0.053261408730158714 0.8214905753968255 0.033420138888888874 0.8214905753968255
1 0.27523561507936506 0.8295510912698413 0.2603546626984127 0.8258308531746031 0.24795386904761904 0.8109499007936507 0.23803323412698413 0.7917286706349206 0.22873263888888887 0.7737475198412699 0.22005208333333334 0.755766369047619 0.22191220238095238 0.7303447420634921 0.22873263888888887 0.701202876984127 0.23927331349206346 0.6788814484126984 0.2522941468253968 0.6745411706349206 0.2640749007936508 0.6764012896825397 0.27771577380952384 0.6844618055555555 0.2894965277777778 0.6999627976190476 0.296937003968254 0.7160838293650793 0.30127728174603174 0.7247643849206349 0.30685763888888895 0.7377852182539683 0.31305803571428575 0.7594866071428572 0.31305803571428575 0.7749875992063492 0.31305803571428575 0.7855282738095238 0.3049975198412699 0.8084697420634921 0.296937003968254 0.8239707341269841 0.28515625 0.8289310515873016
1 0.07062251984126983 0.9988219246031745 0.07558283730158728 0.9876612103174603 0.08178323412698411 0.9783606150793651 0.09356398809523808 0.9696800595238095 0.10782490079365077 0.9609995039682541 0.11712549603174602 0.9591393849206349 0.12704613095238096 0.9578993055555556 0.1363467261904762 0.9591393849206349 0.14192708333333334 0.9715401785714286 0.14316716269841268 0.9864211309523809 0.142547123015873 0.9988219246031745
1 0.21199156746031747 0.9988219246031745 0.21261160714285715 0.9814608134920635 0.21509176587301587 0.9653397817460317 0.22005208333333334 0.9516989087301587 0.22873263888888887 0.9386780753968255 0.2361731150793651 0.9330977182539683 0.24733382936507936 0.9299975198412699 0.25601438492063494 0.9306175595238095 0.26221478174603174 0.9349578373015873 0.26779513888888895 0.9504588293650793 0.2727554563492064 0.9634796626984127 0.27399553571428575 0.9752604166666666 0.2746155753968254 0.984561011904762 0.2684151785714286 0.9944816468253969 0.26458333333333334 0.9989583333333333
1 0.4257860195360196 0.998130341880342 0.41891788766788773 0.9897359584859585 0.41548382173382176 0.9779075091575092 0.414720695970696 0.9611187423687425 0.4185363247863248 0.9454746642246643 0.4246413308913309 0.9336462148962149 0.42998321123321126 0.9275412087912088 0.4421932234432235 0.9263965201465202 0.4544032356532357 0.9305937118437119 0.46585012210012217 0.9405143467643469 0.472718253968254 0.9546321733821734 0.47729700854700857 0.9687500000000001 0.4803495115995116 0.9790521978021979 0.48111263736263743 0.9904990842490843 0.48020833333333335 0.9989583333333333
0 0.4452457264957265 0.9935515873015873 0.44066697191697196 0.9821047008547009 0.43914072039072044 0.9683684371184372 0.4383775946275946 0.9573031135531136 0.4364697802197802 0.9511981074481075 0.4357066544566545 0.9470009157509158 0.44104853479853484 0.946619352869353 0.44257478632478636 0.9565399877899878 0.4441010378510379 0.9672237484737486 0.4460088522588523 0.9759996947496948 0.4471535409035409 0.9863018925518927
1 0.9988064236111112 0.72265625 0.9841579861111112 0.710177951388889 0.9760199652777779 0.6993272569444445 0.9684244791666666 0.6890190972222222 0.9662543402777779 0.6754557291666666 0.9673394097222222 0.6624348958333334 0.9727647569444445 0.6521267361111112 0.983615451388889 0.6477864583333334 0.9955512152777779 0.6477864583333334 0.9989583333333333 0.6510416666666666
1 0.755787037037037 0.9984567901234568 0.7503858024691358 0.989969135802469 0.7442129629629629 0.9753086419753085 0.739969135802469 0.9552469135802468 0.7407407407407407 0.9374999999999999 0.7449845679012345 0.9259259259259258 0.7542438271604938 0.9224537037037037 0.7642746913580247 0.9224537037037037 0.7777777777777778 0.9293981481481481 0.7901234567901234 0.939429012345679 0.7955246913580247 0.9490740740740741 0.8028549382716048 0.9629629629629629 0.8051697530864197 0.9718364197530864 0.8055555555555555 0.9876543209876542 0.8051697530864197 0.9980709876543209 0.8040123456790124 0.9988425925925924
0 0.7816358024691358 0.9938271604938271 0.7739197530864197 0.9834104938271604 0.7669753086419752 0.9702932098765431 0.7604166666666666 0.9552469135802468 0.7581018518518517 0.9463734567901234 0.7588734567901234 0.9409722222222221 0.7631172839506172 0.9456018518518517 0.7681327160493827 0.9594907407407407 0.7746913580246914 0.9729938271604938 0.7800925925925924 0.9803240740740741 0.7824074074074073 0.9872685185185185
1 0.9988425925925924 0.8256172839506172 0.9876543209876542 0.8279320987654321 0.9776234567901234 0.8287037037037037 0.9633487654320987 0.8256172839506172 0.9502314814814814 0.8221450617283951 0.9390432098765431 0.8167438271604938 0.9309413580246914 0.8113425925925924 0.923611111111111 0.8067129629629629 0.9162808641975307 0.7997685185185185 0.9158950617283951 0.7920524691358024 0.9205246913580247 0.7835648148148148 0.92554012345679 0.7770061728395061 0.9409722222222221 0.7731481481481481 0.9648919753086419 0.7746913580246914 0.9810956790123455 0.7781635802469135 0.9895833333333333 0.7808641975308641 0.9965277777777778 0.7835648148148148 0.9989583333333333 0.784375
0 0.9888117283950617 0.8040123456790124 0.9776234567901234 0.8028549382716048 0.9652777777777778 0.8013117283950617 0.9533179012345678 0.7993827160493827 0.9444444444444444 0.7970679012345678 0.9390432098765431 0.7939814814814814 0.9382716049382716 0.7912808641975307 0.943287037037037 0.7924382716049382 0.9510030864197531 0.7959104938271604 0.9625771604938271 0.7978395061728395 0.974537037037037 0.7997685185185185 0.9807098765432098 0.7993827160493827 0.9884259259259258 0.7993827160493827 0.9911265432098765 0.7997685185185185
1 0.9984567901234568 0.9660493827160493 0.9868827160493827 0.9602623456790124 0.9756944444444444 0.9521604938271604 0.9652777777777778 0.941358024691358 0.9610339506172838 0.9317129629629629 0.9645061728395061 0.9205246913580247 0.9737654320987654 0.9116512345679012 0.9830246913580247 0.908179012345679 0.9945987654320987 0.9089506172839505 0.9989583333333333 0.909375
1 0.8765432098765431 0.9027777777777778 0.8622685185185185 0.8966049382716048 0.8468364197530864 0.8881172839506172 0.8360339506172838 0.8730709876543209 0.8314043209876544 0.8618827160493827 0.829861111111111 0.8522376543209875 0.8321759259259258 0.8449074074074073 0.84375 0.8410493827160493 0.8549382716049382 0.8425925925925924 0.8734567901234568 0.8487654320987654 0.8881172839506172 0.8564814814814814 0.896219135802469 0.8653549382716048 0.9035493827160493 0.8792438271604938 0.9077932098765431 0.8892746913580247 0.9085648148148148 0.8950617283950617 0.9085648148148148 0.9000771604938271 0.9020061728395061 0.9031635802469135 0.8904320987654321 0.9039351851851851 0.8842592592592592 0.9039351851851851
0 0.1996659102370146 0.14246091780131115 0.202029752899647 0.1415153807362582 0.20297528996469996 0.14577029752899645 0.20297528996469996 0.14955244578920826 0.20376323751891073 0.15522566817952596 0.20439359556227937 0.1607413010590015 0.20439359556227937 0.16736006051437216 0.20423600605143719 0.17145738779626826 0.20360564800806857 0.1769730206757438 0.2047087745839637 0.18374936964195662 0.20549672213817446 0.19541099344427634 0.20644225920322742 0.20376323751891073 0.20596949067070094 0.21116994452849217 0.20581190115985878 0.2163703983862834 0.2053391326273323 0.22078290468986383 0.20502395360564798 0.2231467473524962 0.20250252143217345 0.22330433686333837 0.20108421583459404 0.2217284417549168 0.20108421583459404 0.21700075642965203 0.202029752899647 0.20833333333333334 0.20076903681290972 0.20092662632375188 0.20076903681290972 0.19320474029248613 0.2015569843671205 0.18548285426122035 0.20045385779122543 0.17035426122037314 0.20076903681290972 0.16215960665658094 0.20029626828038324 0.15475289964699948 0.19919314170448815 0.14718860312657586
