1 0.16044061302681992 0.16642720306513412 0.14906609195402298 0.16103927203065135 0.14128352490421456 0.14966475095785442 0.1370929118773946 0.13170498084291188 0.1352969348659004 0.1149425287356322 0.1352969348659004 0.10057471264367816 0.14068486590038315 0.09219348659003831 0.15205938697318008 0.08920019157088123 0.16642720306513412 0.09398946360153257 0.1766044061302682 0.1047653256704981 0.18558429118773948 0.12152777777777778 0.1903735632183908 0.1370929118773946 0.1903735632183908 0.14786877394636017 0.18678160919540232 0.16223659003831417 0.17480842911877395 0.1694204980842912
1 0.251269621421976 0.13671514312096028 0.2400161588180979 0.12950138504155123 0.23251385041551248 0.11651662049861496 0.22703139427516159 0.10526315789473682 0.22328024007386887 0.09429824561403508 0.22328024007386887 0.076696675900277 0.22731994459833796 0.06573176361957525 0.23424515235457066 0.06053785780240073 0.24578716528162514 0.059960757156048004 0.2550207756232687 0.06082640812557709 0.264831486611265 0.06659741458910433 0.2714681440443213 0.07813942751615881 0.27752770083102496 0.09545244690674053 0.2801246537396122 0.10641735918744227 0.2804132040627885 0.11738227146814403 0.278393351800554 0.1283471837488458 0.27291089566020316 0.13411819021237303 0.261657433056325 0.13758079409048937
0 0.25906048014773775 0.12286472760849491 0.25415512465373963 0.11882502308402584 0.2530009233610342 0.10641735918744227 0.2498268698060942 0.09747229916897507 0.24780701754385964 0.0911241920590951 0.24722991689750692 0.08535318559556786 0.24578716528162514 0.08073638042474607 0.24347876269621424 0.07698522622345336 0.24347876269621424 0.07179132040627884 0.2483841181902124 0.07438827331486611 0.2527123730378578 0.08102493074792243 0.2527123730378578 0.08679593721144967 0.2530009233610342 0.09314404432132962 0.254443674976916 0.09804939981532779 0.2564635272391505 0.10324330563250231 0.2579062788550323 0.10757156048014772 0.25906048014773775 0.11189981532779317 0.25992613111726687 0.1168051708217913
1 0.3513965835641736 0.06313481071098799 0.3519736842105263 0.051015697137580786 0.35745614035087725 0.03658818097876269 0.365246999076639 0.025046168051708208 0.3747691597414589 0.01696675900277007 0.38861957525392427 0.01234995383194828 0.4053554939981533 0.01119575253924283 0.41516620498614965 0.01119575253924283 0.4215143120960295 0.01408125577100645 0.42468836565096957 0.01638965835641735 0.4278624192059095 0.02273776546629731 0.42843951985226225 0.028797322253000912 0.42411126500461677 0.03716528162511541 0.4137234533702678 0.046975992613111715 0.40304709141274236 0.05765235457063711 0.38977377654662976 0.06659741458910433 0.37736611265004616 0.07150277008310249 0.36466989843028624 0.07179132040627884 0.35659048938134813 0.06890581717451522
0 0.3718836565096953 0.05216989843028623 0.3765004616805171 0.04582179132040627 0.38861957525392427 0.03774238227146813 0.40016158818097874 0.030240073868882722 0.401892890120037 0.03283702677746998 0.3915050784856879 0.04091643582640812 0.38025161588180983 0.049572945521698976 0.37563481071098803 0.053901200369344406
1 0.3958333333333333 0.13960064635272393 0.40362419205909517 0.1251731301939058 0.4177631578947369 0.11247691597414589 0.43536472760849493 0.10122345337026777 0.45238919667590033 0.093432594644506 0.4645083102493075 0.09054709141274238 0.4792243767313019 0.09083564173591872 0.4855724838411819 0.09170129270544783 0.49278624192059095 0.09314404432132962 0.4962488457987073 0.09602954755309324 0.49884579870729456 0.1009349030470914 0.49913434903047094 0.10814866112650044 0.4976915974145891 0.11449676823638041 0.49365189289012007 0.12055632502308403 0.489612188365651 0.1274815327793167 0.4835526315789474 0.1352723915050785 0.4774930747922438 0.14190904893813483 0.4659510618651893 0.1488342566943675 0.45238919667590033 0.15373961218836565 0.43623037857802405 0.15922206832871655 0.4275738688827332 0.16153047091412745 0.416320406278855 0.1609533702677747 0.4056440443213296 0.15777931671283474 0.39785318559556787 0.15518236380424746 0.39323638042474607 0.15085410895660206 0.39323638042474607 0.14479455216989842
1 0.4454639889196676 0.23337950138504157 0.4451754385964913 0.2299168975069252 0.4492151431209603 0.21895198522622344 0.45440904893813483 0.20971837488457987 0.47345337026777473 0.19702216066481998 0.495960295475531 0.18894275161588184 0.5075023084025855 0.19038550323176365 0.5161588180978762 0.1929824561403509 0.5216412742382271 0.19875346260387813 0.5219298245614036 0.204235918744229 0.5204870729455217 0.21289242843951986 0.5176015697137581 0.2195290858725762 0.51269621421976 0.22530009233610343 0.5066366574330563 0.23251385041551248 0.49913434903047094 0.23655355493998156 0.4867266851338874 0.2400161588180979 0.4772045244690674 0.24319021237303787 0.4679709141274238 0.24319021237303787 0.45671745152354576 0.24088180978762697 0.4500807940904894 0.23857340720221606
1 0.24776785714285712 0.35156249999999994 0.23995535714285712 0.33668154761904756 0.23549107142857142 0.3180803571428571 0.23363095238095238 0.3005952380952381 0.23772321428571427 0.28087797619047616 0.2429315476190476 0.2693452380952381 0.24813988095238093 0.26488095238095233 0.2585565476190476 0.26376488095238093 0.27194940476190477 0.267485119047619 0.2823660714285714 0.27566964285714285 0.2916666666666667 0.2883184523809524 0.2972470238095238 0.2994791666666667 0.30022321428571425 0.31212797619047616 0.30096726190476186 0.32031249999999994 0.3005952380952381 0.3284970238095238 0.296875 0.34449404761904756 0.290922619047619 0.35677083333333326 0.28459821428571425 0.3630952380952381 0.27641369047619047 0.3653273809523809 0.2626488095238095 0.36160714285714285 0.2544642857142857 0.35677083333333326
0 0.26961678832116787 0.32613544201135447 0.26860300081103006 0.3284164639091646 0.2658150851581509 0.3286699107866991 0.26505474452554745 0.31954582319545827 0.26252027575020276 0.3048459042984591 0.2607461476074615 0.28963909164639096 0.26023925385239255 0.28609083536090835 0.25669099756691 0.2840632603406326 0.25618410381184104 0.28051500405515006 0.2607461476074615 0.28076845093268454 0.2637875101378751 0.2840632603406326 0.26606853203568537 0.29521492295214924 0.2683495539334955 0.31270275750202764
1 0.5133836429308566 0.31214525283797734 0.5301535087719299 0.3098877708978328 0.544343395252838 0.3095652734778122 0.5607907636738907 0.31150025799793607 0.5762706398348814 0.3169827141382869 0.5833655830753355 0.32311016511867907 0.5878805469556244 0.3302051083591332 0.5878805469556244 0.33665505675954593 0.5849780701754387 0.3469749742002064 0.5772381320949432 0.3550374097007224 0.5653057275541796 0.359874871001032 0.5540183178534572 0.36180985552115585 0.536280959752322 0.3640673374613003 0.5172536119711043 0.3624548503611971 0.5020962332301342 0.35858488132094946 0.4943562951496388 0.3547149122807018 0.48564886480908154 0.348264963880289 0.48177889576883387 0.33955753353973167 0.48532636738906093 0.3289151186790506 0.4937113003095976 0.32214267285861714 0.5043537151702787 0.3173052115583076
0 0.49629127966976266 0.33665505675954593 0.49306630546955627 0.33762254901960786 0.4956462848297214 0.34117002063983487 0.5030637254901961 0.33955753353973167 0.534668472652219 0.3369775541795666 0.5565982972136223 0.3353650670794634 0.5627257481940144 0.3369775541795666 0.564983230134159 0.3343975748194015 0.5620807533539732 0.33117260061919507 0.5533733230134159 0.33117260061919507 0.5243485552115583 0.33472007223942213 0.508546181630547 0.33665505675954593
1 0.5811081011351911 0.0002902476780186052 0.5733681630546956 0.007062693498452041 0.561435758513932 0.01738261093911252 0.5565982972136223 0.022220072239422118 0.552405830753354 0.02931501547987619 0.5491808565531477 0.03544246646026835 0.5472458720330238 0.04253740970072242 0.5485358617131063 0.0496323529411765 0.5527283281733747 0.0544698142414861 0.564983230134159 0.05479231166150674 0.5823980908152735 0.05059984520123842 0.5956204850361198 0.04414989680082562 0.6088428792569661 0.03511996904024771 0.6269027347781219 0.020930082559339556 0.6349651702786379 0.01028766769865844 0.6378676470588237 0.0015802373581011646 0.6375 0.0
0 0.6140028379772963 0.004805211558307563 0.6014254385964913 0.01061016511867908 0.5920730134158928 0.01706011351909188 0.5843330753353974 0.023187564499484038 0.580140608875129 0.027057533539731716 0.5830430856553149 0.027057533539731716 0.5949754901960785 0.021897574819401477 0.6043279153766771 0.015770123839009317 0.6114228586171311 0.010932662538699721
1 0.5916786743515849 0.19362391930835735 0.6078890489913544 0.19272334293948126 0.6280019212295869 0.1957252641690682 0.6370076849183477 0.20172910662824206 0.6382084534101825 0.20983429394812678 0.6346061479346782 0.2185398655139289 0.6265009606147934 0.22724543707973102 0.6111911623439 0.23955331412103745 0.5985830931796349 0.24555715658021132 0.5874759846301633 0.2473583093179635 0.573066762728146 0.25006003842459174 0.5607588856868395 0.24855907780979827 0.5550552353506243 0.24585734870317 0.5499519692603266 0.23895292987512004 0.5496517771373679 0.23024735830931795 0.5568563880883766 0.21613832853025935 0.5649615754082613 0.20863352545629202 0.5763688760806915 0.20142891450528339
0 0.6085146536412078 0.21294034931912373 0.6003737418590881 0.21664076376554176 0.5900125814091178 0.21904603315571344 0.5829817939609236 0.22163632326820606 0.5763210479573713 0.22589179988158672 0.5696603019538188 0.22774200710479572 0.5670700118413262 0.22959221432800475 0.5705854055654233 0.23162744227353466 0.5794664002368265 0.23014727649496744 0.5831668146832445 0.22774200710479572 0.5887174363528714 0.22589179988158672 0.5942680580224985 0.22496669626998225 0.6011138247483718 0.22182134399052694 0.6061093842510361 0.21719582593250444
1 0.6671478713768116 0.39031363224637683 0.6626188858695651 0.3973901721014493 0.6555423460144927 0.4041836503623189 0.6416723278985507 0.4104110054347826 0.6275192481884058 0.41069406702898553 0.6176120923913043 0.40758038949275366 0.6111016757246376 0.4019191576086957 0.6065726902173912 0.39059669384057977 0.6062896286231884 0.3778589221014493 0.6113847373188405 0.3651211503623189 0.618461277173913 0.3554970561594203 0.626670063405797 0.35125113224637683 0.6348788496376812 0.35011888586956524 0.6430876358695651 0.350685009057971 0.6487488677536232 0.3529495018115942 0.6552592844202898 0.35634624094202905 0.6595052083333334 0.36030910326086957 0.6629019474637681 0.3662533967391305 0.6665817481884058 0.3727638134057971 0.6677139945652173 0.37899116847826086 0.6679970561594202 0.38550158514492755
1 0.6886605525362318 0.30171535326086957 0.6821501358695651 0.2946388134057971 0.6776211503623187 0.28614696557971014 0.6730921648550724 0.27822124094202905 0.6725260416666666 0.2660495923913044 0.6739413496376812 0.25416100543478265 0.6790364583333334 0.239158740942029 0.6835654438405797 0.23123301630434784 0.6903589221014492 0.22585484601449277 0.6960201539855072 0.22387341485507248 0.705078125 0.2250056612318841 0.7110224184782609 0.2272701539855073 0.7155514039855072 0.23236526268115945 0.7200803894927535 0.2436877264492754 0.7229110054347826 0.2555763134057971 0.7237601902173912 0.2666157155797102 0.7237601902173912 0.2773720561594203 0.721778759057971 0.28727921195652173 0.7192312047101449 0.29520493659420294 0.7147022192028984 0.30171535326086957 0.7064934329710144 0.3048290307971015 0.6982846467391304 0.3051120923913044 0.6940387228260868 0.3039798460144928
0 0.6975896860986547 0.27251494768310913 0.6975896860986547 0.27648542600896864 0.7003923766816144 0.2785874439461884 0.7008594917787743 0.2809230194319881 0.6996917040358744 0.2851270553064275 0.6964218983557549 0.28419282511210764 0.6945534379671151 0.2809230194319881 0.6936192077727952 0.27274850523168914 0.6947869955156951 0.25990284005979075 0.695020553064275 0.25546524663677134 0.6926849775784752 0.25172832585949184 0.6933856502242153 0.2472907324364724 0.695487668161435 0.24378736920777286 0.6980568011958147 0.24612294469357254 0.6992245889387144 0.25079409566517197 0.6994581464872945 0.25616591928251126 0.6985239162929745 0.2629390881913304 0.6978232436472347 0.2690115844544096
1 0.033713400900900886 0.5629926801801801 0.028082770270270254 0.5580658783783784 0.02526745495495494 0.5464527027027027 0.027378941441441425 0.5302646396396395 0.0316019144144144 0.5182995495495495 0.037584459459459436 0.5063344594594594 0.043567004504504486 0.5014076576576576 0.052364864864864843 0.49964808558558554 0.06045889639639638 0.49964808558558554 0.06714527027027026 0.5028153153153153 0.07207207207207206 0.507742117117117 0.07418355855855856 0.5137246621621621 0.07453547297297297 0.526393581081081 0.0731278153153153 0.5358952702702703 0.06890484234234233 0.5461007882882883 0.061866554054054036 0.557713963963964 0.05342060810810809 0.5626407657657657 0.04427083333333331 0.5644003378378378
0 0.045498084291187735 0.5517241379310344 0.043103448275862065 0.5459770114942528 0.04334291187739463 0.537595785440613 0.044300766283524896 0.5318486590038314 0.045019157088122604 0.5265804597701149 0.046216475095785435 0.5217911877394635 0.047892720306513405 0.5179597701149424 0.050766283524904206 0.5172413793103448 0.051724137931034475 0.5196360153256704 0.051005747126436775 0.525383141762452 0.05052681992337164 0.5340038314176244 0.05052681992337164 0.5387931034482758 0.050047892720306505 0.5447796934865899 0.049329501915708805 0.5476532567049808
1 0.4079861111111111 0.44518849206349204 0.39682539682539686 0.44064153439153436 0.38525132275132273 0.4340277777777778 0.3757440476190476 0.4253472222222222 0.3716104497354497 0.4059193121693122 0.37119708994708994 0.3914517195767196 0.3765707671957672 0.37822420634920634 0.38235780423280424 0.37367724867724866 0.39227843915343913 0.37409060846560843 0.4055059523809524 0.3794642857142857 0.41625330687830686 0.3873181216931217 0.42328042328042326 0.39723875661375657 0.4286541005291005 0.4079861111111111 0.431547619047619 0.4183201058201058 0.43278769841269843 0.4286541005291005 0.43196097883597884 0.4365079365079365 0.4270006613756614 0.44229497354497355 0.4183201058201058 0.44560185185185186
0 0.4090296495956873 0.4255952380952381 0.40004492362982924 0.4219451931716083 0.3958333333333333 0.41745283018867924 0.39274483378256964 0.4098719676549865 0.389937106918239 0.40566037735849053 0.38853324348607365 0.4006064690026954 0.38797169811320753 0.394429469901168 0.39077942497753815 0.3938679245283019 0.3972371967654986 0.4006064690026954 0.3992026055705301 0.4070642407906559 0.4034141958670261 0.41576819407008087 0.4079065588499551 0.41969901168014373 0.4090296495956873 0.42138364779874216
1 0.31047843665768193 0.5115116801437556 0.3000898472596586 0.512915543575921 0.288858939802336 0.5109501347708895 0.27903189577717874 0.5047731356693621 0.2714510332434861 0.4983153638814016 0.26050089847259655 0.4865229110512129 0.25404312668463613 0.47332659478885897 0.2517969451931716 0.46293800539083557 0.25348158131176995 0.45086477987421386 0.2593778077268643 0.4401954177897574 0.2644317160826595 0.4357030548068284 0.26471248876909254 0.43149146451033243 0.27229335130278526 0.42980682839173406 0.28717430368373764 0.4317722371967655 0.29952830188679247 0.43514150943396224 0.30710916442048514 0.44103773584905664 0.3135669362084456 0.44609164420485176 0.3205862533692722 0.455918688230009 0.32648247978436656 0.4710804132973944 0.3267632524707996 0.4783805031446541 0.3267632524707996 0.49101527403414197 0.3247978436657682 0.500280772686433 0.3219901168014375 0.5064577717879605 0.31665543575920935 0.5103885893980233
0 0.30823225516621744 0.4876460017969452 0.2972821203953279 0.4811882300089847 0.28998203054806826 0.4710804132973944 0.28212039532794253 0.46321877807726863 0.27538185085354894 0.45676100628930816 0.2706087151841869 0.4528301886792453 0.26695867026055703 0.4477762803234501 0.26780098831985627 0.44609164420485176 0.27313566936208444 0.4500224618149147 0.2804357592093441 0.45816486972147347 0.28633198562443846 0.46434186882300094 0.293351302785265 0.47220350404312667 0.29868598382749323 0.47781895777178796 0.30514375561545376 0.4817497753818509 0.3093553459119497 0.4842767295597484
1 0.3865678346810422 0.49663072776280326 0.38347933513027854 0.5036500449236299 0.3826370170709793 0.5098270440251572 0.38291778975741236 0.5219002695417789 0.3882524707996406 0.5342542677448336 0.3952717879604672 0.5449236298292901 0.40481805929919135 0.5502583108715183 0.4168912848158131 0.5558737646001796 0.4236298292902066 0.5572776280323449 0.4326145552560647 0.5550314465408804 0.44047619047619047 0.5480121293800538 0.4438454627133872 0.5376235399820305 0.443003144654088 0.5272349505840072 0.44103773584905664 0.5160040431266846 0.43823000898472597 0.5089847259658581 0.4312106918238994 0.5016846361185984 0.42503369272237196 0.49747304582210244 0.4191374663072776 0.49410377358490565 0.4107142857142857 0.49101527403414197 0.40622192273135665 0.48989218328840967 0.3983602875112309 0.4896114106019766 0.39077942497753815 0.4924191374663073
0 0.4045372866127583 0.5050539083557951 0.407625786163522 0.5112309074573226 0.41043351302785264 0.5193733153638814 0.41408355795148244 0.5247079964061095 0.41661051212938005 0.5283580413297394 0.4171720575022462 0.5328504043126684 0.4199797843665768 0.535377358490566 0.42222596585804134 0.530884995507637 0.4180143755615454 0.5230233602875113 0.4154874213836478 0.5165655884995508 0.4115566037735849 0.5092654986522911 0.40959119496855345 0.5070193171608266
1 0.4879267744833783 0.469115004492363 0.4842767295597484 0.4761343216531896 0.48203054806828394 0.4859613656783468 0.48371518418688225 0.49663072776280326 0.48820754716981135 0.5098270440251572 0.49466531895777177 0.5224618149146452 0.5019654088050315 0.5286388140161725 0.5101078167115902 0.5325696316262354 0.5219002695417789 0.5320080862533693 0.5306042228212039 0.5261118598382749 0.5336927223719675 0.5188117699910152 0.5342542677448336 0.5064577717879605 0.5314465408805031 0.4915768194070081 0.5286388140161725 0.48006513926325245 0.5230233602875113 0.47164195867026054 0.5165655884995508 0.46602650494159925 0.5095462713387241 0.46293800539083557 0.5036500449236299 0.4612533692722372 0.49466531895777177 0.46153414195867026
0 0.49971922731356694 0.4803459119496855 0.5036500449236299 0.49298068283917335 0.508703953279425 0.5092654986522911 0.5115116801437556 0.5157232704402516 0.512915543575921 0.5190925426774483 0.5162848158131177 0.5199348607367476 0.5154424977538185 0.5143194070080862 0.5106693620844565 0.5064577717879605 0.5081424079065588 0.49663072776280326 0.5061769991015274 0.48708445642407905 0.504211590296496 0.4786612758310872
1 0.9328497023809523 0.13997395833333334 0.919828869047619 0.1427641369047619 0.9091331845238095 0.1427641369047619 0.8989025297619047 0.1376488095238095 0.8891369047619047 0.13067336309523808 0.8830915178571428 0.12416294642857141 0.8858816964285713 0.11393229166666666 0.8984374999999999 0.10370163690476189 0.9170386904761904 0.0999813988095238 0.9314546130952379 0.10137648809523808 0.9430803571428571 0.10695684523809522 0.9495907738095237 0.1097470238095238 0.9537760416666665 0.11625744047619047 0.9542410714285713 0.12230282738095237 0.9519159226190476 0.1292782738095238 0.9458705357142857 0.1353236607142857
0 0.9286644345238095 0.12276785714285714 0.9202938988095237 0.12276785714285714 0.9137834821428571 0.1255580357142857 0.9072730654761904 0.12602306547619047 0.9016927083333333 0.12462797619047618 0.9026227678571428 0.12044270833333331 0.9095982142857142 0.11811755952380952 0.9170386904761904 0.11811755952380952 0.9249441964285713 0.11811755952380952 0.9314546130952379 0.11811755952380952 0.9351748511904762 0.12044270833333331
1 0.9988839285714285 0.19112723214285712 0.9919084821428571 0.18694196428571427 0.9844680059523809 0.18554687499999997 0.9779575892857142 0.18554687499999997 0.9695870535714285 0.18740699404761904 0.9626116071428571 0.19066220238095238 0.9556361607142857 0.19670758928571427 0.9528459821428571 0.20647321428571427 0.9537760416666665 0.21251860119047616 0.9574962797619047 0.2208891369047619 0.9635416666666665 0.22879464285714282 0.9709821428571428 0.2329799107142857 0.978422619047619 0.23670014880952378 0.9863281249999999 0.23856026785714282 0.9951636904761904 0.2390252976190476 0.9989583333333333 0.23854166666666668
0 0.9987408424908425 0.2186355311355311 0.9918727106227105 0.21405677655677655 0.9835737179487178 0.2100503663003663 0.9789949633699634 0.20804716117216115 0.9741300366300366 0.20690247252747251 0.971268315018315 0.20575778388278387 0.9689789377289377 0.20461309523809523 0.9709821428571428 0.20232371794871795 0.9744162087912087 0.20203754578754576 0.9807119963369964 0.20375457875457875 0.9870077838827839 0.207760989010989 0.9950206043956044 0.2114812271062271 0.9989583333333333 0.2125 0.9989583333333333 0.21770833333333334
1 0.9981684981684982 0.07068452380952381 0.9895833333333334 0.07240155677655677 0.9735576923076922 0.07268772893772894 0.9563873626373627 0.07011217948717949 0.9457989926739927 0.06581959706959707 0.9375 0.06181318681318681 0.9300595238095237 0.054945054945054944 0.92691163003663 0.046932234432234425 0.9271978021978022 0.03920558608058608 0.9334935897435896 0.0294757326007326 0.9446543040293041 0.0243246336996337 0.9561011904761904 0.022893772893772892 0.9721268315018315 0.02260760073260073 0.9804258241758241 0.023466117216117213 0.987293956043956 0.026041666666666668 0.9933035714285714 0.030620421245421244 0.9989583333333333 0.034375
0 0.9901556776556776 0.053228021978021976 0.9775641025641025 0.05093864468864469 0.9715544871794871 0.04950778388278388 0.9646863553113553 0.046932234432234425 0.9572458791208791 0.04664606227106227 0.9498054029304029 0.04521520146520146 0.9475160256410255 0.04407051282051282 0.946371336996337 0.04178113553113553 0.9526671245421244 0.04092261904761905 0.9586767399267399 0.04092261904761905 0.964114010989011 0.04149496336996337 0.9709821428571428 0.043498168498168496 0.9764194139194139 0.044929029304029304 0.9818566849816849 0.04721840659340659 0.9861492673992674 0.04893543956043956
1 0.7875576701268743 0.408376585928489 0.7771049596309112 0.4040513264129181 0.7713379469434832 0.3961216839677047 0.7662918108419838 0.38602941176470584 0.7626874279123413 0.3748558246828143 0.7612456747404844 0.36260092272203 0.7644896193771625 0.3510668973471741 0.7709775086505191 0.34457900807381775 0.7789071510957324 0.3413350634371396 0.7846741637831602 0.3413350634371396 0.7915224913494809 0.3424163783160323 0.7983708189158015 0.34782295271049596 0.8026960784313725 0.3532295271049596 0.807742214532872 0.36440311418685123 0.8088235294117646 0.37341407151095735 0.809183967704729 0.38134371395617067 0.8081026528258362 0.3928777393310265 0.8041378316032295 0.4015282583621684 0.7980103806228374 0.4072952710495963
1 0.684111880046136 0.46676758938869667 0.6711361014994233 0.4714532871972318 0.6592416378316032 0.47037197231833905 0.6495098039215687 0.46820934256055363 0.642661476355248 0.46604671280276816 0.639777970011534 0.46244232987312567 0.6394175317185697 0.45379181084198383 0.6430219146482122 0.44658304498269896 0.6534746251441753 0.4357698961937716 0.6660899653979239 0.42820069204152245 0.6797866205305652 0.42243367935409454 0.692762399077278 0.4181084198385236 0.7010524798154556 0.4177479815455594 0.7071799307958477 0.41738754325259514 0.7143886966551326 0.4177479815455594 0.720876585928489 0.41918973471741633 0.72520184544406 0.4227941176470588 0.7273644752018454 0.43108419838523643 0.7270040369088812 0.43937427912341404 0.7219579008073818 0.4480247981545559 0.7147491349480969 0.4527104959630911 0.7042964244521337 0.45955882352941174 0.692762399077278 0.4638840830449827
1 0.6102220299884659 0.5460640138408304 0.6138264129181084 0.5399365628604382 0.6242791234140714 0.5359717416378316 0.6329296424452134 0.5348904267589388 0.6477076124567474 0.5392156862745098 0.6610438292964245 0.5464244521337948 0.6711361014994233 0.5568771626297578 0.6823096885813148 0.5712946943483276 0.6830305651672434 0.5799452133794694 0.6815888119953863 0.5918396770472895 0.6779844290657439 0.5997693194925028 0.6689734717416378 0.6044550173010381 0.6603229527104959 0.6062572087658592 0.6448241061130334 0.6033737024221453 0.6365340253748558 0.5997693194925028 0.6257208765859285 0.5914792387543252 0.6195934256055363 0.5842704728950403 0.6102220299884659 0.5741782006920414 0.6055363321799307 0.5622837370242214 0.6069780853517878 0.5532727797001153
1 0.7861159169550173 0.5813869665513264 0.7781862745098038 0.5694925028835063 0.7749423298731257 0.5579584775086505 0.7756632064590542 0.5478662053056517 0.7807093425605536 0.538134371395617 0.7889994232987313 0.5302047289504037 0.794766435986159 0.5266003460207612 0.807742214532872 0.5269607843137255 0.8199971164936563 0.5323673587081891 0.8282871972318339 0.5417387543252594 0.8318915801614764 0.5525519031141869 0.8308102652825835 0.5666089965397924 0.8261245674740484 0.5777825836216839 0.8185553633217992 0.5860726643598615 0.8084630911188004 0.5875144175317185 0.7965686274509803 0.5867935409457901 0.7915224913494809 0.5842704728950403
0 0.8022058823529412 0.5700980392156862 0.7977941176470588 0.5627450980392157 0.7953431372549019 0.5561274509803922 0.7958333333333333 0.5482843137254902 0.7968137254901961 0.5433823529411764 0.7997549019607842 0.5458333333333333 0.8017156862745097 0.5529411764705883 0.8029411764705883 0.5598039215686275 0.8026960784313726 0.5654411764705883
1 0.9986750730994152 0.34123720760233917 0.9877101608187134 0.33803910818713445 0.9781158625730995 0.33392726608187134 0.9703490497076023 0.3293585526315789 0.9662372076023391 0.3193073830409357 0.9653234649122807 0.30788559941520466 0.9726334064327485 0.2987481725146199 0.9817708333333334 0.2969206871345029 0.9886239035087719 0.2964638157894737 0.9977613304093568 0.2992050438596491 0.9989583333333333 0.3
1 0.12282780410742494 0.6002172195892576 0.11838467614533962 0.5898499210110585 0.11838467614533962 0.5715837282780412 0.12035939968404422 0.5513428120063192 0.12727093206951026 0.5350513428120063 0.13418246445497628 0.5232030015797788 0.1465244865718799 0.5128357030015798 0.15343601895734596 0.5108609794628752 0.1667654028436019 0.5138230647709321 0.17219589257503948 0.5251777251184834 0.17268957345971564 0.5409755134281202 0.17120853080568718 0.554304897314376 0.16528436018957346 0.5750394944707742 0.15936018957345968 0.5903436018957346 0.15096761453396523 0.5992298578199052 0.1376382306477093 0.6031793048973145 0.13023301737756712 0.6036729857819906
0 0.13855502136752135 0.5769230769230769 0.14222756410256412 0.5632345085470085 0.1465678418803419 0.5478766025641025 0.14790331196581194 0.538528311965812 0.14923878205128205 0.5338541666666666 0.15057425213675213 0.5371928418803419 0.15090811965811965 0.546875 0.14890491452991453 0.5552216880341879 0.14723557692307693 0.5588942307692307 0.14590010683760685 0.5652377136752136 0.14523237179487178 0.5715811965811965 0.14289529914529914 0.5769230769230769 0.1388888888888889 0.585269764957265 0.13822115384615383 0.5832665598290598
1 0.19464476495726496 0.7378472222222221 0.18963675213675213 0.726161858974359 0.18663194444444445 0.7138087606837608 0.18629807692307693 0.6981169871794871 0.18830128205128205 0.681423611111111 0.19230769230769232 0.6674011752136751 0.19631410256410256 0.6560496794871794 0.20232371794871795 0.6493723290598291 0.20833333333333334 0.6443643162393162 0.21701388888888887 0.642361111111111 0.2250267094017094 0.642361111111111 0.23070245726495728 0.6456997863247863 0.23470886752136752 0.6523771367521367 0.23637820512820512 0.6650641025641025 0.23571047008547008 0.6867654914529915 0.23470886752136752 0.6987847222222221 0.2333733974358974 0.7091346153846153 0.2300347222222222 0.7211538461538461 0.22636217948717946 0.7298344017094017 0.22302350427350426 0.7361778846153846 0.21768162393162394 0.741519764957265 0.2110042735042735 0.7438568376068376 0.2046607905982906 0.7445245726495726 0.19898504273504272 0.7431891025641025
0 0.20530523255813954 0.7149345930232559 0.20500242248062017 0.7040334302325582 0.2059108527131783 0.6922238372093024 0.20712209302325582 0.6834423449612402 0.2086361434108527 0.6819282945736433 0.20954457364341084 0.6870760658914729 0.20954457364341084 0.6985828488372092 0.20772771317829455 0.7106952519379846
1 0.35095687984496127 0.687984496124031 0.3461119186046512 0.6888929263565892 0.3391472868217054 0.687984496124031 0.3352107558139535 0.6858648255813954 0.33127422480620156 0.6822311046511628 0.3300629844961241 0.6764777131782946 0.3288517441860465 0.6643653100775194 0.3297601744186046 0.6525557170542636 0.3330910852713178 0.6404433139534884 0.33702761627906974 0.6316618217054264 0.342781007751938 0.6231831395348838 0.3494428294573643 0.616218507751938 0.3570130813953488 0.6110707364341085 0.3645833333333333 0.609859496124031 0.37457606589147285 0.6101623062015504 0.381843507751938 0.613796027131783 0.38547722868217055 0.6180353682170543 0.3863856589147287 0.6265140503875969 0.38547722868217055 0.6371124031007752 0.3821463178294574 0.6492248062015504 0.37699854651162795 0.6589147286821705 0.3712451550387597 0.6686046511627908 0.3639777131782946 0.6758720930232559 0.3573158914728682 0.6834423449612402
0 0.3523526824978012 0.6629287598944591 0.3523526824978012 0.6535839929639402 0.3531772207563764 0.6461631486367634 0.3570250659630607 0.6376429199648197 0.3605980650835532 0.6318711521547934 0.3636213720316623 0.6285729991204926 0.3674692172383465 0.628023306948109 0.3688434476693052 0.6324208443271768 0.3669195250659631 0.6398416886543535 0.3619722955145119 0.6502858399296394 0.35675021987686895 0.6574318381706244
1 0.46311565523306947 0.6959102902374671 0.4534960422163588 0.6915127528583993 0.44525065963060684 0.6849164467897977 0.44002858399296396 0.6802440633245382 0.43398197009674583 0.6728232189973615 0.4312335092348285 0.6643029903254177 0.43178320140721194 0.6524846086191733 0.43700527704485487 0.6423153034300791 0.44552550571679855 0.6376429199648197 0.4545954265611257 0.6370932277924362 0.46394019349164467 0.6387423043095866 0.4727352682497801 0.6401165347405453 0.4823548812664908 0.644514072119613 0.49197449428320145 0.6491864555848725 0.5002198768689534 0.6568821459982409 0.5051671064204045 0.6629287598944591 0.5109388742304309 0.6703496042216359 0.5128627968337731 0.6763962181178539 0.5139621811785401 0.6873900615655233 0.5125879507475813 0.6953605980650835 0.5090149516270889 0.7005826737027264 0.5040677220756377 0.703056288478452 0.49692172383465255 0.7038808267370272 0.48840149516270887 0.7038808267370272 0.47658311345646437 0.7016820580474934 0.4691622691292876 0.698933597185576
0 0.4925241864555849 0.6840919085312225 0.4837291116974494 0.6821679859278803 0.47905672823219 0.6785949868073878 0.47410949868073876 0.6750219876868954 0.4672383465259455 0.6706244503078277 0.4628408091468777 0.6676011433597185 0.4589929639401935 0.6654023746701847 0.454320580474934 0.6632036059806509 0.45184696569920846 0.6623790677220757 0.44964819700967457 0.6593557607739665 0.44992304309586634 0.6571569920844327 0.45706904133685133 0.6590809146877749 0.46201627088830255 0.6623790677220757 0.4677880386983289 0.6667766051011433 0.4721855760773967 0.6689753737906773 0.4768579595426561 0.6719986807387863 0.4809806508355321 0.6752968337730871 0.48510334212840805 0.6780452946350043 0.48785180299032543 0.679419525065963 0.4908751099384345 0.6807937554969217
1 0.7651892430278885 0.7079183266932271 0.7514940239043825 0.7087483399734397 0.7436088977423639 0.7075033200531209 0.7357237715803453 0.7050132802124834 0.7286686586985393 0.7033532536520586 0.7257636122177955 0.6992031872509961 0.7241035856573707 0.6933930942895087 0.7261786188579017 0.6846779548472776 0.7336487383798141 0.6763778220451527 0.7427788844621515 0.6709827357237717 0.752324037184595 0.6684926958831342 0.764359229747676 0.6684926958831342 0.7743193891102258 0.669737715803453 0.7813745019920318 0.6701527224435592 0.7896746347941568 0.6722277556440904 0.7954847277556442 0.6755478087649404 0.7996347941567065 0.678452855245684 0.8008798140770252 0.6805278884462153 0.8017098273572377 0.6850929614873839 0.8000498007968129 0.6913180610889775 0.7946547144754317 0.6971281540504648 0.7830345285524569 0.7033532536520586 0.7739043824701196 0.705843293492696
1 0.6817729083665339 0.7104083665338645 0.6651726427622843 0.7099933598937583 0.6535524568393094 0.7075033200531209 0.6402722443559097 0.702523240371846 0.6315571049136787 0.6987881806108899 0.6265770252324038 0.69546812749004 0.6240869853917663 0.6909030544488712 0.6207669322709164 0.6834329349269589 0.6215969455511289 0.6747177954847279 0.6278220451527226 0.6643426294820718 0.6344621513944223 0.6610225763612217 0.6502324037184596 0.6593625498007969 0.6660026560424968 0.6593625498007969 0.6817729083665339 0.6651726427622843 0.6913180610889775 0.671812749003984 0.6983731739707836 0.6780378486055778 0.7021082337317398 0.6855079681274902 0.7029382470119522 0.6950531208499336 0.7012782204515273 0.7008632138114211 0.6967131474103586 0.7062583001328022 0.690488047808765 0.7087483399734397
1 0.5639552696078431 0.7750970179738562 0.5552747140522877 0.7610549428104575 0.5494025735294118 0.7488000408496732 0.5476154003267975 0.7373110702614379 0.5481260212418301 0.7240349264705883 0.5501685049019608 0.7143331290849673 0.5532322303921569 0.7048866421568628 0.5568065767973855 0.6997804330065359 0.5629340277777778 0.6954401552287581 0.571359272875817 0.6954401552287581 0.5774867238562091 0.6979932598039216 0.5813163807189543 0.7010569852941176 0.584890727124183 0.706673815359477 0.5882097630718955 0.7150990604575164 0.5912734885620915 0.7242902369281047 0.5935712826797386 0.7373110702614379 0.5953584558823529 0.7452256944444444 0.5956137663398693 0.7503319035947713 0.5956137663398693 0.7574805964052288 0.5948478349673203 0.762076184640523 0.5928053513071896 0.7679483251633987 0.5897416258169934 0.7740757761437909 0.5843801062091504 0.7779054330065359 0.5762101715686274 0.779437295751634 0.5703380310457516 0.7784160539215687 0.566763684640523 0.7768841911764707
1 0.6917495854063017 0.9985489220563847 0.6984867330016583 0.9887023217247096 0.7114427860696517 0.9809286898839137 0.7228441127694859 0.9757462686567163 0.73424543946932 0.9736733001658373 0.7440920398009949 0.9721185737976782 0.7554933665008291 0.9721185737976782 0.7617122719734659 0.9726368159203979 0.7674129353233831 0.9747097844112768 0.7736318407960198 0.9793739635157545 0.7757048092868988 0.9876658374792702 0.7757048092868988 0.9964759535655057 0.7729166666666667 0.9989583333333333 0.6916666666666667 0.9989583333333333
1 0.9316956882255388 0.9638266998341625 0.921849087893864 0.9638266998341625 0.9094112769485904 0.9617537313432835 0.8980099502487562 0.9576077943615255 0.8928275290215588 0.9534618573797677 0.8876451077943615 0.9467247097844111 0.8876451077943615 0.9363598673300165 0.8897180762852404 0.9254767827529021 0.8980099502487562 0.9145936981757876 0.9088930348258706 0.90992951907131 0.9223673300165837 0.9104477611940298 0.9353233830845771 0.9135572139303482 0.9456882255389717 0.9182213930348258 0.9524253731343283 0.9239220563847429 0.9565713101160861 0.9322139303482586 0.9565713101160861 0.9405058043117743 0.9565713101160861 0.9493159203980099 0.9534618573797677 0.9544983416252072 0.9441334991708125 0.960717247097844
1 0.21335341365461843 0.842536813922356 0.21460843373493974 0.8283132530120482 0.22046519410977242 0.8124163319946452 0.22966867469879518 0.7965194109772422 0.23845381526104417 0.7894076305220883 0.2501673360107095 0.7877342704149933 0.26020749665327975 0.7889892904953145 0.26773761713520744 0.7948460508701471 0.2698293172690763 0.8040495314591699 0.2681559571619812 0.8170180722891566 0.2622991967871486 0.832078313253012 0.25435073627844706 0.8437918340026773 0.24431057563587683 0.8521586345381525 0.23301539491298526 0.8567603748326639 0.22255689424364122 0.8571787148594378 0.21879183400267738 0.8559236947791165 0.21460843373493974 0.8517402945113788 0.21335341365461843 0.8467202141900937
0 0.23150510204081629 0.8352465986394557 0.2342687074829932 0.8282312925170068 0.23660714285714285 0.8233418367346937 0.24022108843537412 0.8186649659863945 0.242984693877551 0.8150510204081631 0.24468537414965985 0.8125 0.24723639455782312 0.8067602040816325 0.2502125850340136 0.8052721088435374 0.2502125850340136 0.808673469387755 0.24723639455782312 0.8125 0.24149659863945577 0.8210034013605442 0.23937074829931973 0.8261054421768708 0.23681972789115643 0.83078231292517 0.234906462585034 0.8335459183673469
1 0.4041988416988417 0.8373552123552125 0.40138352638352637 0.8317245817245819 0.398970398970399 0.8236808236808237 0.3977638352638353 0.8092020592020592 0.39816602316602323 0.793918918918919 0.4017857142857143 0.777027027027027 0.4066119691119691 0.7653635778635779 0.4134491634491635 0.7573198198198199 0.42068854568854575 0.752895752895753 0.43074324324324326 0.752493564993565 0.43838481338481344 0.7549066924066924 0.4460263835263836 0.7633526383526383 0.4500482625482626 0.7709942084942085 0.4516570141570142 0.785472972972973 0.45125482625482627 0.7959298584298584 0.4472329472329472 0.8108108108108109 0.4407979407979408 0.8252895752895754 0.43355855855855857 0.8369530244530244 0.42752574002574006 0.8421814671814672 0.415460102960103 0.8441924066924068 0.41103603603603606 0.842985842985843
1 0.45382165605095537 0.9000132696390658 0.44652335456475584 0.8976910828025477 0.4432059447983015 0.8927149681528662 0.44187898089171973 0.8850849256900212 0.4432059447983015 0.8721470276008493 0.4455281316348195 0.8615313163481952 0.45050424628450103 0.855228237791932 0.4591295116772824 0.8479299363057324 0.4680865180467091 0.8439490445859872 0.47538481953290873 0.8432855626326963 0.4810244161358811 0.8439490445859872 0.48633227176220806 0.8469347133757962 0.489317940552017 0.850583864118896 0.49031316348195325 0.8565552016985137 0.4899814225053078 0.8671709129511677 0.48732749469214437 0.8771231422505308 0.48434182590233543 0.8867436305732483 0.478702229299363 0.8937101910828026 0.4743895966029724 0.8970276008492568 0.4680865180467091 0.8990180467091294 0.46211518046709127 0.9003450106157111
1 0.23237179487179485 0.9637820512820513 0.23012820512820514 0.9483974358974359 0.23205128205128206 0.9272435897435898 0.2362179487179487 0.9115384615384615 0.2423076923076923 0.8993589743589744 0.24839743589743588 0.8919871794871794 0.25512820512820517 0.8865384615384616 0.26282051282051283 0.8849358974358974 0.2692307692307692 0.8855769230769232 0.27692307692307694 0.8903846153846153 0.278525641025641 0.896474358974359 0.2794871794871795 0.9086538461538461 0.278525641025641 0.9230769230769231 0.2762820512820513 0.9349358974358974 0.2727564102564103 0.9461538461538461 0.2689102564102564 0.9544871794871794 0.26474358974358975 0.9599358974358975 0.2605769230769231 0.9637820512820513 0.2544871794871795 0.9685897435897436 0.24615384615384617 0.9701923076923077 0.2394230769230769 0.9698717948717949 0.23525641025641025 0.9685897435897436
1 0.33108974358974363 0.8903846153846153 0.3227564102564103 0.8871794871794872 0.3112179487179487 0.8794871794871795 0.30288461538461536 0.8727564102564103 0.296474358974359 0.8641025641025641 0.291025641025641 0.8557692307692307 0.28878205128205126 0.8467948717948718 0.2903846153846154 0.832051282051282 0.29391025641025637 0.8157051282051282 0.29743589743589743 0.8060897435897435 0.30288461538461536 0.8006410256410257 0.3080128205128205 0.7987179487179487 0.316025641025641 0.7983974358974358 0.32596153846153847 0.8041666666666667 0.3326923076923077 0.8115384615384615 0.3397435897435897 0.8262820512820513 0.3435897435897436 0.8423076923076923 0.3455128205128205 0.8541666666666666 0.3458333333333333 0.8625 0.3435897435897436 0.880448717948718 0.3387820512820513 0.8875
0 0.3209771617852162 0.8542320432357043 0.318580020920502 0.8474764644351465 0.31683664574616455 0.8411567294281729 0.316182880055788 0.8348369944211994 0.3153111924686192 0.8285172594142259 0.3129140516039052 0.8250305090655509 0.31247820781032076 0.8195824616457461 0.3170545676429567 0.8217616806136679 0.32054131799163177 0.829824790794979 0.32163092747559274 0.838977510460251 0.32402806834030684 0.8442076359832635 0.32555352161785217 0.8490019177126917 0.324245990237099 0.8559754184100418
1 0.1496886120996441 0.8451215895610914 0.1370848161328588 0.8417852906287069 0.12336892052194542 0.8358540925266903 0.11447212336892051 0.8310349940688018 0.10891162514827994 0.8221381969157769 0.10631672597864768 0.8121293001186239 0.10631672597864768 0.7987841043890865 0.10928232502965597 0.7906287069988137 0.11743772241992881 0.7865510083036773 0.12559311981020166 0.7858096085409252 0.13893831553973898 0.7880338078291814 0.1496886120996441 0.7921115065243178 0.16080960854092524 0.7984134045077106 0.16822360616844598 0.8061981020166072 0.17415480427046262 0.8136120996441281 0.17489620403321468 0.8239916963226571 0.17341340450771053 0.8351126927639382 0.16674080664294183 0.8417852906287069 0.15969750889679712 0.8443801897983393 0.15487841043890863 0.8447508896797153
0 0.15240147783251232 0.8193076081007116 0.14436234263820472 0.8163998357963875 0.1405993431855501 0.8157156540777231 0.13632320744389712 0.8140051997810619 0.13238916256157637 0.81143951833607 0.12965243568691845 0.8093869731800767 0.12691570881226052 0.8068212917350849 0.1250342090859332 0.8039135194307608 0.12435002736726876 0.8006636562671046 0.12708675424192667 0.801347837985769 0.12982348111658457 0.8049397920087575 0.13461275314723592 0.8090448823207445 0.1397441160372195 0.8117816091954023 0.14436234263820472 0.8133210180623974 0.14829638752052546 0.8153735632183908
0 0.16130796150481191 0.1137357830271216 0.16595581802274714 0.11756342957130358 0.1692366579177603 0.12849956255468067 0.1692366579177603 0.13752187226596674 0.1692366579177603 0.1451771653543307 0.16349518810148733 0.1432633420822397 0.15720691163604547 0.13560804899387574 0.15337926509186353 0.12248468941382326
0 0.471743295019157 0.8563218390804597 0.46647509578544055 0.8606321839080459 0.46264367816091945 0.864463601532567 0.4604885057471264 0.8702107279693486 0.4578544061302682 0.8752394636015325 0.45881226053639845 0.8802681992337164 0.46264367816091945 0.880986590038314 0.4655172413793103 0.8749999999999999 0.4693486590038313 0.8704501915708812 0.4719827586206896 0.8656609195402297 0.47437739463601525 0.859434865900383 0.47437739463601525 0.8568007662835249
