1 0.11932809773123912 0.13841623036649217 0.11060209424083772 0.14877835951134386 0.10842059336823738 0.15750436300174525 0.1073298429319372 0.1673211169284468 0.11005671902268763 0.17822862129144854 0.12205497382198956 0.18531849912739967 0.1378708551483421 0.18750000000000003 0.15804973821989535 0.18695462478184996 0.1727748691099477 0.1804101221640489 0.18259162303664925 0.17113874345549743 0.19077225130890058 0.15750436300174525 0.18804537521815012 0.14441535776614317 0.17822862129144854 0.13732547993019203 0.15750436300174525 0.1340532286212915 0.13950698080279236 0.1340532286212915 0.12696335078534035 0.13459860383944158
0 0.1635034904013962 0.14932373472949395 0.1640488656195463 0.1553228621291449 0.15968586387434558 0.16077661431064577 0.1460514834205934 0.16241273996509603 0.13568935427574175 0.16241273996509603 0.13132635253054104 0.15968586387434558 0.13078097731239097 0.15314136125654454 0.14005235602094243 0.14768760907504366 0.15259598603839444 0.1460514834205934
1 0.12914485165794068 0.24367364746945902 0.11278359511343808 0.2545811518324608 0.10351221640488659 0.2627617801047121 0.09696771378708555 0.2731239092495637 0.09533158813263529 0.2867582897033159 0.0986038394415358 0.29712041884816753 0.10951134380453756 0.30257417102966844 0.12641797556719025 0.3036649214659686 0.14714223385689357 0.3031195462478185 0.16132198952879584 0.2927574171029669 0.16950261780104717 0.2785776614310646 0.1716841186736475 0.26385253054101226 0.17004799301919726 0.2529450261780105 0.16295811518324613 0.2409467713787086 0.14768760907504366 0.23821989528795814
0 0.14958817829457366 0.2637475775193799 0.1335392441860465 0.2749515503875969 0.12051841085271317 0.2858527131782946 0.11779312015503876 0.28888081395348836 0.11658187984496124 0.2864583333333333 0.12354651162790699 0.28040213178294576 0.13687015503875968 0.26950096899224807 0.1453488372093023 0.2631419573643411
1 0.25466327519379844 0.17805232558139536 0.24860707364341084 0.17926356589147288 0.24315649224806204 0.18289728682170545 0.23407218992248063 0.1925872093023256 0.22650193798449614 0.21105862403100775 0.22317102713178294 0.22831879844961242 0.22165697674418602 0.2404312015503876 0.2234738372093023 0.2537548449612403 0.22619912790697674 0.2643531976744186 0.22953003875968994 0.2725290697674419 0.23467781007751937 0.27585998062015504 0.2422480620155039 0.2788880813953488 0.25042393410852715 0.28131056201550386 0.2613250968992248 0.28131056201550386 0.27525436046511625 0.2734375 0.28343023255813954 0.2589026162790698 0.28797238372093026 0.24679021317829455 0.29130329457364346 0.22831879844961242 0.2919089147286822 0.21226986434108527 0.288578003875969 0.1953125 0.2825218023255814 0.18410852713178294 0.27313468992248063 0.17835513565891473 0.26495881782945735 0.17684108527131784
0 0.25950823643410853 0.18986191860465115 0.25648013565891475 0.21136143410852712 0.2507267441860465 0.23831153100775193 0.24921269379844962 0.25526889534883723 0.24981831395348839 0.26405038759689925 0.2528464147286822 0.26071947674418605 0.25526889534883723 0.2401283914728682 0.2585998062015504 0.21802325581395351 0.2619307170542636 0.19955184108527133 0.2625363372093023 0.1877422480620155
1 0.37037037037037035 0.01033399470899471 0.3571428571428571 0.016121031746031748 0.3455687830687831 0.027281746031746032 0.3360615079365079 0.042576058201058205 0.3302744708994709 0.05828373015873015 0.3282076719576719 0.07523148148148148 0.3265542328042328 0.08804563492063491 0.33110119047619047 0.11326058201058202 0.34060846560846564 0.13268849206349206 0.3575562169312169 0.14302248677248677 0.37781084656084657 0.14260912698412698 0.3976521164021164 0.12896825396825398 0.40922619047619047 0.1136739417989418 0.41377314814814814 0.08763227513227513 0.4141865079365079 0.054150132275132275 0.41005291005291006 0.03348214285714286 0.40343915343915343 0.02025462962962963 0.3910383597883598 0.01281415343915344 0.37739748677248675 0.010747354497354498
0 0.37132352941176466 0.03771786492374726 0.3706427015250544 0.06835511982570804 0.36757897603485834 0.08946078431372546 0.3641748366013072 0.1126089324618736 0.363834422657952 0.11873638344226577 0.36723856209150324 0.1211192810457516 0.36860021786492375 0.11431100217864922 0.37098311546840956 0.0901416122004357 0.37404684095860563 0.06324891067538124 0.3747276688453159 0.04418572984749454 0.375068082788671 0.03601579520697166
1 0.0006993521790341913 0.35442432273262664 0.011741755005889315 0.3536881625441696 0.02352031802120145 0.3577370435806832 0.033090400471142555 0.36362632508833925 0.039715842167255634 0.37135600706713784 0.04376472320376918 0.3772452885747939 0.04450088339222618 0.3871834511189635 0.040083922261484134 0.39748969375736165 0.034562720848056575 0.4074278563015312 0.023152237926972942 0.4125809776207303 0.010637514723203801 0.4151575382803298 0.0010674322732626953 0.4151575382803298
1 0.18142667844522972 0.35589664310954067 0.17332891637220263 0.3522158421672556 0.15823763250883396 0.3536881625441696 0.14609098939929333 0.3617859246171967 0.13983362779740874 0.3665709658421673 0.13026354534746762 0.38129416961130747 0.12474234393404007 0.3916004122497056 0.12253386336866905 0.40190665488810373 0.12327002355712606 0.4100044169611308 0.12731890459363962 0.41736601884570085 0.1361528268551237 0.4232553003533569 0.1538206713780919 0.4236233804475854 0.17185659599528863 0.4155256183745583 0.18289899882214375 0.4037470553592462 0.18878828032979983 0.39196849234393405 0.19136484098939935 0.37945376914016493 0.19136484098939935 0.36877944640753835 0.19099676089517084 0.3614178445229682
1 0.04891784452296823 0.43429770318021205 0.05775176678445233 0.4276722614840989 0.07026648998822146 0.4247276207302709 0.08793433451118966 0.42546378091872794 0.10412985865724385 0.4324573027090695 0.11259570082449945 0.4405550647820966 0.11517226148409897 0.4475485865724382 0.11554034157832746 0.4567505889281508 0.11296378091872795 0.4696333922261484 0.1000809776207303 0.478099234393404 0.08094081272084809 0.4814119552414606 0.06180064782096587 0.47883539458186103 0.0459732037691402 0.47699499411071855 0.0367712014134276 0.47257803297997647 0.03235424028268555 0.4659525912838634 0.033090400471142555 0.4538059481743228 0.03861160188457012 0.4442358657243817
0 0.08867049469964666 0.46043138987043586 0.07210689045936398 0.4641121908127209 0.05959216725559486 0.4659525912838634 0.05112632508833926 0.4663206713780919 0.04707744405182571 0.46374411071849236 0.050022084805653746 0.46006330977620735 0.06511336866902241 0.45564634864546527 0.07726001177856305 0.4538059481743228 0.09051089517078918 0.4527017078916372 0.09750441696113077 0.4538059481743228 0.09566401648998825 0.4571186690223793
1 0.1269508244994111 0.5594449352179034 0.11701266195524149 0.5793212603062426 0.1085468197879859 0.5984614252061248 0.10560217903415786 0.613920789163722 0.10560217903415786 0.6223866313309776 0.10707449941107187 0.6297482332155476 0.11443610129564195 0.6349013545347468 0.12179770318021203 0.6385821554770318 0.1346805064782097 0.6407906360424028 0.14940371024734986 0.6356375147232037 0.16743963486454658 0.618337750294464 0.18105859835100122 0.5962529446407537 0.18989252061248532 0.5774808598351001 0.18989252061248532 0.564229976442874 0.18400323910482927 0.5517152532391048 0.17774587750294468 0.5454578916372202 0.1707523557126031 0.5417770906949352 0.159709952885748 0.5399366902237926 0.15087603062426388 0.5399366902237926 0.14056978798586575 0.5461940518256773 0.13247202591283866 0.5524514134275618
0 0.161182273262662 0.5638618963486455 0.1427782685512368 0.5896275029446407 0.13320818610129567 0.6098719081272085 0.12952738515901063 0.615393109540636 0.1346805064782097 0.616129269729093 0.1446186690223793 0.5955167844522968 0.1530845111896349 0.5815297408716137 0.16523115429917554 0.5649661366313309
1 0.09198321554770321 0.6831198468786808 0.07615577149587753 0.694162249705536 0.06584952885747943 0.7048365724381626 0.05922408716136635 0.7210320965842167 0.055175206124852806 0.7324425795053002 0.055175206124852806 0.743116902237927 0.055543286219081306 0.752686984687868 0.058487926972909346 0.7596805064782096 0.06879416961130745 0.7640974676089517 0.08057273262661958 0.7663059481743226 0.09566401648998825 0.7611528268551236 0.1081787396937574 0.74974234393404 0.12069346289752653 0.7398041813898704 0.1269508244994111 0.7247128975265017 0.1280550647820966 0.7103577738515902 0.1269508244994111 0.700051531213192 0.12474234393404007 0.6860644876325088 0.118853062426384 0.6801752061248527 0.10891489988221441 0.6798071260306242 0.10155329799764432 0.6812794464075382
1 0.2386891988555079 0.4787643061516452 0.22572424892703866 0.4769760371959943 0.21633583690987127 0.4716112303290415 0.21320636623748215 0.45864628040057226 0.2176770386266095 0.4362929184549357 0.223488912732475 0.418857296137339 0.2315361230329042 0.407233547925608 0.24047746781115886 0.40052753934191704 0.24897174535050076 0.3969510014306152 0.26193669527897 0.3960568669527897 0.26998390557939916 0.3969510014306152 0.27668991416309013 0.4041040772532189 0.28071351931330474 0.4112571530758226 0.28250178826895567 0.42064556509298995 0.28250178826895567 0.43450464949928475 0.27803111587982837 0.44925786838340487 0.2726663090128756 0.45506974248927035 0.26193669527897 0.459093347639485 0.2525482832618026 0.46624642346208867 0.24628934191702437 0.4747407010014306
0 0.2572941646682654 0.41541766586730616 0.24980015987210233 0.43215427657873706 0.24180655475619506 0.44314548361310957 0.23880895283772982 0.4506394884092726 0.2375599520383693 0.45638489208633093 0.2375599520383693 0.45913269384492406 0.24180655475619506 0.45438649080735416 0.24530375699440446 0.44439448441247004 0.2517985611510791 0.43415267785771383 0.2580435651478817 0.422412070343725 0.26104116706634695 0.41491806554756194
1 0.2260691446842526 0.6125099920063949 0.22032374100719426 0.6202537969624301 0.21907474020783374 0.6257494004796164 0.21907474020783374 0.632494004796163 0.22257194244604317 0.6397382094324541 0.2278177458033573 0.6484812150279776 0.24030775379696243 0.6557254196642686 0.2567945643485212 0.6579736211031175 0.2712829736211031 0.6564748201438849 0.2822741806554756 0.6529776179056754 0.28702038369304556 0.6442346123101519 0.2890187849720224 0.6314948041566747 0.28702038369304556 0.6220023980815348 0.2795263788968825 0.6187549960031974 0.27228217426059154 0.6122601918465228 0.26353916866506794 0.6060151878497203 0.2480515587529976 0.6047661870503597 0.236810551558753 0.605515587529976 0.2283173461231015 0.6087629896083134
0 0.25379696243005595 0.6377398081534772 0.24455435651478818 0.6354916067146283 0.24080735411670665 0.6309952038369304 0.2378097521982414 0.6284972022382095 0.2463029576338929 0.6264988009592326 0.25454636290967225 0.627248201438849 0.26353916866506794 0.6302458033573142 0.26029176658673064 0.6327438049560352 0.25604516386890486 0.6352418065547561
1 0.37775616083009084 0.6014915693904022 0.37694552529182884 0.5937905317769131 0.37451361867704286 0.5869001297016861 0.37046044098573283 0.5808203631647212 0.3647859922178988 0.5775778210116732 0.3534370946822309 0.5763618677042802 0.3465466926070039 0.5767671854734112 0.3396562905317769 0.5848735408560312 0.33317120622568097 0.5970330739299611 0.32465953307393003 0.606760700389105 0.3125 0.6156776913099871 0.309257457846952 0.6205415045395591 0.30763618677042803 0.631890402075227 0.30763618677042803 0.6424286640726329 0.30804150453955903 0.6505350194552529 0.31371595330739305 0.6578307392996109 0.32060635538262 0.6610732814526589 0.3356031128404669 0.663505188067445 0.34857328145265887 0.6578307392996109 0.3587062256809339 0.646481841763943 0.36600194552529186 0.633511673151751 0.3712710765239949 0.625405317769131 0.3757295719844358 0.613651102464332
0 0.3546530479896239 0.5933852140077821 0.3497892347600519 0.6014915693904022 0.34452010376134895 0.6087872892347601 0.33722438391699094 0.6241893644617381 0.33317120622568097 0.632295719844358 0.33073929961089493 0.636754215304799 0.33600843060959795 0.637970168612192 0.34087224383917 0.6310797665369651 0.3437094682230869 0.622568093385214 0.3489785992217899 0.6148670557717251 0.3522211413748379 0.606760700389105
1 0.35951686121919585 0.6983625162127108 0.34735732814526593 0.7060635538261998 0.3416828793774319 0.7113326848249028 0.33357652399481197 0.7247081712062258 0.33073929961089493 0.7380836575875487 0.328307392996109 0.7486219195849546 0.32749675745784695 0.7575389105058365 0.33276588845655 0.7696984435797666 0.3396562905317769 0.7773994811932555 0.3522211413748379 0.7822632944228276 0.3639753566796369 0.7810473411154345 0.3797827496757458 0.7737516212710766 0.3854571984435798 0.7615920881971465 0.3923476005188068 0.7474059662775616 0.39802204928664076 0.7328145265888456 0.39923800259403375 0.7214656290531778 0.39802204928664076 0.7153858625162127 0.3927529182879378 0.7076848249027238 0.3846465629053178 0.6991731517509728 0.37289234760051887 0.6971465629053177
1 0.3546530479896239 0.8260376134889753 0.3489785992217899 0.8325226977950714 0.34411478599221795 0.8386024643320363 0.3416828793774319 0.8463035019455254 0.3420881971465629 0.8576523994811933 0.34776264591439693 0.8673800259403373 0.3627594033722438 0.8746757457846953 0.3797827496757458 0.8811608300907913 0.39802204928664076 0.8819714656290533 0.4105869001297017 0.8762970168612192 0.42031452658884566 0.8698119325551232 0.4259889753566796 0.8584630350194552 0.42720492866407267 0.8491407263294424 0.4263942931258107 0.8406290531776913 0.42071984435797666 0.8333333333333334 0.39923800259403375 0.8236057068741894 0.3846465629053178 0.8211738002594035 0.3720817120622568 0.8203631647211415 0.35992217898832685 0.8219844357976654
1 0.43733787289234766 0.6643158236057068 0.4336900129701686 0.647697795071336 0.4336900129701686 0.6314850843060961 0.43976977950713364 0.619730869001297 0.4442282749675746 0.6063553826199741 0.44706549935149165 0.5986543450064852 0.4555771725032426 0.5917639429312582 0.4673313878080415 0.5893320363164721 0.4766536964980545 0.5909533073929961 0.4884079118028535 0.5946011673151752 0.4965142671854734 0.6014915693904022 0.5046206225680935 0.6160830090791181 0.5082684824902725 0.642023346303502 0.5058365758754865 0.6586413748378729 0.49894617380025946 0.6740434500648509 0.49083981841763946 0.6829604409857328 0.4754377431906615 0.6886348897535669 0.46246757457846954 0.6866083009079118 0.45273994811932555 0.6821498054474708 0.4442282749675746 0.6772859922178989
0 0.4737580128205128 0.6043002136752136 0.46975160256410253 0.6239983974358975 0.4707532051282051 0.6336805555555555 0.4700854700854701 0.6460336538461537 0.46774839743589747 0.6550480769230769 0.4667467948717948 0.6643963675213675 0.46975160256410253 0.6623931623931624 0.4720886752136752 0.6497061965811965 0.4720886752136752 0.6383547008547008 0.4734241452991453 0.625 0.47475961538461536 0.6146501068376068
1 0.5365251068376068 0.586605235042735 0.5258413461538461 0.5819310897435898 0.5144898504273504 0.5732505341880342 0.5031383547008547 0.5592280982905983 0.49679487179487175 0.5448717948717949 0.4951255341880342 0.5301816239316239 0.4971287393162393 0.5198317307692307 0.5021367521367521 0.5118189102564102 0.5091479700854701 0.5098157051282051 0.5204994658119658 0.5088141025641025 0.5275106837606838 0.5108173076923077 0.5371928418803419 0.5201655982905983 0.5465411324786325 0.5265090811965812 0.5518830128205128 0.5361912393162392 0.5575587606837608 0.546207264957265 0.5592280982905983 0.5585603632478633 0.5578926282051282 0.5675747863247863 0.5532184829059829 0.578258547008547 0.546875 0.5859375
0 0.538528311965812 0.5652377136752136 0.532184829059829 0.5538862179487178 0.5235042735042735 0.5432024572649573 0.5188301282051282 0.5348557692307693 0.5158253205128205 0.5281784188034188 0.5194978632478632 0.5278445512820513 0.5255074786324786 0.5401976495726495 0.5365251068376068 0.5555555555555556 0.5428685897435898 0.564236111111111
1 0.49011752136752135 0.2721020299145299 0.4831063034188034 0.27744391025641024 0.4801014957264957 0.2861244658119658 0.4801014957264957 0.29914529914529914 0.4864449786324786 0.31850961538461536 0.49813034188034183 0.3375400641025641 0.514823717948718 0.34822382478632474 0.5288461538461539 0.3532318376068376 0.539196047008547 0.3488915598290598 0.5492120726495726 0.34054487179487175 0.5535523504273504 0.3311965811965812 0.5525507478632478 0.3125 0.5448717948717949 0.2928018162393162 0.5328525641025641 0.27811164529914534 0.5201655982905983 0.26842948717948717 0.5041399572649572 0.265758547008547 0.4951255341880342 0.26776175213675213
0 0.5310751398880895 0.3309852118305356 0.5183353317346123 0.3129996003197442 0.5108413269384493 0.3007593924860112 0.5045963229416467 0.2927657873701039 0.49910071942446044 0.2887689848121503 0.495603517186251 0.28427258193445243 0.4971023181454836 0.2827737809752199 0.5030975219824141 0.2885191846522782 0.5163369304556356 0.30550559552358114 0.5268285371702638 0.3204936051159073
1 0.5203337330135891 0.1498800959232614 0.5138389288569145 0.15537569944044763 0.5063449240607514 0.1628697042366107 0.5040967226219025 0.17011390887290168 0.5000999200639489 0.17610911270983212 0.4963529176658673 0.1833533173461231 0.4958533173461231 0.18984812150279776 0.4951039168665068 0.20308752997601917 0.4988509192645883 0.21307953637090327 0.5045963229416467 0.22457034372502 0.515087929656275 0.23006594724220625 0.5258293365307753 0.22906674660271784 0.5348221422861711 0.22232214228617106 0.5435651478816947 0.21183053557154277 0.5485611510791367 0.19684252597921664 0.5495603517186252 0.1833533173461231 0.5508093525179856 0.1718625099920064 0.5478117505995204 0.1598721023181455 0.5433153477218226 0.15237809752198242 0.5353217426059154 0.148880895283773 0.5263289368505196 0.14813149480415666 0.5178357314148682 0.14913069544364507 0.5178357314148682 0.14863109512390088
0 0.5310751398880895 0.163619104716227 0.5245803357314148 0.17036370903277379 0.5193345323741008 0.18035571542765788 0.5168365307753797 0.18984812150279776 0.5138389288569145 0.19984012789768185 0.5160871302957634 0.20708433253397282 0.520083932853717 0.20983213429256595 0.5278277378097522 0.20058952837729818 0.5310751398880895 0.18410271782573942 0.5335731414868106 0.1721123101518785
1 0.587423896499239 0.06801750380517504 0.5964611872146118 0.0594558599695586 0.6150114155251142 0.05422374429223744 0.6335616438356164 0.053748097412480975 0.6454528158295282 0.055175038051750384 0.6592465753424658 0.05707762557077625 0.6663812785388128 0.06230974124809741 0.672564687975647 0.06849315068493152 0.6754185692541858 0.07610350076103502 0.6749429223744292 0.0884703196347032 0.670662100456621 0.10178843226788432 0.6611491628614916 0.11082572298325723 0.6459284627092846 0.1141552511415525 0.6302321156773212 0.11700913242009132 0.6135844748858447 0.11700913242009132 0.5974124809741248 0.11320395738203957 0.5902777777777778 0.10749619482496195 0.5807648401826485 0.09322678843226789 0.5798135464231355 0.0822869101978691
1 0.6269025875190259 0.21546803652968036 0.6221461187214612 0.22355403348554032 0.6183409436834094 0.2330669710806697 0.6159627092846272 0.2440068493150685 0.6164383561643836 0.25732496194824966 0.6226217656012177 0.27016742770167423 0.6326103500761034 0.2811073059360731 0.6449771689497718 0.28396118721461183 0.6549657534246575 0.28396118721461183 0.6649543378995434 0.2768264840182649 0.669710806697108 0.2644596651445966 0.671613394216134 0.2554223744292237 0.671613394216134 0.24495814307458144 0.6663812785388128 0.23449391171993914 0.6611491628614916 0.22498097412480975 0.6568683409436834 0.21737062404870625 0.6511605783866058 0.21213850837138506 0.640220700152207 0.21213850837138506
0 0.6345129375951294 0.228310502283105 0.63308599695586 0.24020167427701675 0.6335616438356164 0.2506659056316591 0.6364155251141553 0.2606544901065449 0.6392694063926941 0.2682648401826484 0.6411719939117199 0.2606544901065449 0.6445015220700152 0.2539954337899543 0.6449771689497718 0.24353120243531204 0.6440258751902588 0.23592085235920854 0.6397450532724506 0.2273592085235921 0.6373668188736682 0.2240296803652968
1 0.5393835616438357 0.3819444444444445 0.5360540334855403 0.3938356164383562 0.5360540334855403 0.40097031963470325 0.5412861491628614 0.41000761035007616 0.5484208523592086 0.4171423135464231 0.5655441400304414 0.4204718417047184 0.5821917808219178 0.4199961948249619 0.5969368340943684 0.4133371385083714 0.6064497716894978 0.40525114155251146 0.6093036529680365 0.3976407914764079 0.6059741248097412 0.3843226788432268 0.602644596651446 0.3762366818873668 0.5907534246575342 0.3710045662100457 0.5764840182648402 0.3681506849315069 0.5603120243531202 0.3719558599695586 0.5498477929984779 0.3762366818873668
0 0.5954564846416381 0.39494453924914674 0.5812357792946531 0.39672212741751994 0.5673705915813424 0.39601109215017066 0.5563495449374289 0.3977886803185438 0.551372298065984 0.39814419795221845 0.5506612627986348 0.39494453924914674 0.559193686006826 0.3913893629124005 0.571636803185438 0.39245591581342437 0.5847909556313994 0.3917448805460751 0.593678896473265 0.38996729237770195 0.597589590443686 0.3913893629124005
1 0.6292306598407281 0.5293302047781571 0.6349189419795223 0.5218643344709898 0.6480730944254834 0.5161760523321957 0.6615827645051194 0.5154650170648465 0.6729593287827077 0.5161760523321957 0.6807807167235496 0.5204422639362912 0.6896686575654152 0.5261305460750854 0.6946459044368601 0.5335964163822525 0.6960679749715586 0.5392846985210468 0.6932238339021616 0.549594709897611 0.6846914106939704 0.5599047212741752 0.666915529010239 0.5652374857792947 0.6498506825938566 0.5652374857792947 0.6384741183162685 0.562037827076223 0.6306527303754267 0.5559940273037542 0.6281641069397043 0.54568401592719 0.6274530716723549 0.5389291808873721
1 0.6374075654152446 0.777481513083049 0.6270975540386804 0.7725042662116041 0.6192761660978385 0.7607721843003413 0.611099260523322 0.7444183731513083 0.6086106370875995 0.7237983503981797 0.6057664960182024 0.7120662684869169 0.6093216723549488 0.6999786689419795 0.6174985779294653 0.6896686575654152 0.6263865187713311 0.6825583048919227 0.6374075654152446 0.679358646188851 0.6462955062571104 0.679358646188851 0.6594496587030716 0.6836248577929465 0.671537258248009 0.6914462457337883 0.6761589874857793 0.7035338452787258 0.679358646188851 0.7156214448236632 0.6818472696245733 0.7294866325369738 0.682202787258248 0.7405076791808873 0.6790031285551764 0.7511732081911263 0.6743813993174061 0.7618387372013652 0.6701151877133106 0.7685935722411832 0.6608717292377703 0.7757039249146758 0.650561717861206 0.7781925483503982
1 0.5840799203640501 0.9175554607508533 0.5773250853242321 0.9118671786120591 0.5712812855517634 0.9029792377701934 0.5723478384527872 0.889825085324232 0.5769695676905575 0.8777374857792946 0.5865685437997725 0.8713381683731514 0.6022113196814562 0.867782992036405 0.6192761660978385 0.8692050625711035 0.6317192832764504 0.8727602389078498 0.639896188850967 0.878448521046644 0.639896188850967 0.8887585324232082 0.6285196245733788 0.9083120022753128 0.6228313424345848 0.9211106370875995 0.6135878839590443 0.9257323663253697 0.6036333902161547 0.9257323663253697 0.5951009670079637 0.9243102957906711
1 0.5787471558589307 0.9986134812286689 0.5730588737201365 0.9954138225255973 0.5684371444823664 0.9904365756541524 0.5655930034129693 0.9833262229806599 0.5673705915813424 0.9747937997724687 0.5748364618885097 0.967683447098976 0.589057167235495 0.9644837883959044 0.5993671786120592 0.9623506825938566 0.6107437428896474 0.9616396473265073 0.6228313424345848 0.9637727531285551 0.6292306598407281 0.9683944823663253 0.6349189419795223 0.9726606939704209 0.6363410125142207 0.9797710466439135 0.6334968714448236 0.989014505119454 0.6285196245733788 0.9975469283276451 0.6260496658134244 0.9989583333333333 0.5787471558589307 0.9989583333333333
0 0.6068330489192264 0.9847482935153583 0.5958120022753128 0.9843927758816837 0.5876350967007963 0.9822596700796359 0.5862130261660978 0.978348976109215 0.5958120022753128 0.9751493174061434 0.6057664960182024 0.9747937997724687 0.6121658134243458 0.9747937997724687 0.6132323663253698 0.9779934584755403
1 0.705311433447099 0.8983575085324232 0.698556598407281 0.8930247440273038 0.6960679749715586 0.8830702502844141 0.6950014220705347 0.8695605802047781 0.6982010807736063 0.8560509101251422 0.7035338452787258 0.8439633105802048 0.7085110921501706 0.8379195108077361 0.714910409556314 0.8357864050056882 0.7213097269624574 0.8372084755403868 0.7298421501706485 0.8464519340159272 0.7348193970420933 0.8610281569965871 0.7369525028441412 0.8713381683731514 0.7380190557451649 0.881292662116041 0.7369525028441412 0.8901806029579067 0.7326862912400455 0.8980019908987485 0.7262869738339022 0.9058233788395904 0.717754550625711 0.9076009670079636 0.7102886803185438 0.9051123435722412
1 0.6537613765642776 0.44400597269624575 0.6605162116040956 0.43476251422070533 0.6686931171786121 0.4272966439135381 0.6811362343572241 0.42623009101251425 0.6996231513083049 0.42623009101251425 0.7109997155858931 0.42623009101251425 0.720598691695108 0.42836319681456203 0.7284200796359499 0.43511803185437997 0.735174914675768 0.4443614903299204 0.7387300910125142 0.4528939135381115 0.739796643913538 0.46249288964732654 0.7390856086461889 0.47138083048919227 0.7273535267349261 0.47813566552901027 0.708155574516496 0.4827573947667805 0.6896686575654152 0.48026877133105805 0.6733148464163823 0.4752915244596132 0.6644269055745166 0.4731584186575654 0.6580275881683731 0.4667591012514221 0.6555389647326507 0.4589377133105802
0 0.7202431740614335 0.46035978384527876 0.704244880546075 0.45716012514220705 0.6814917519908987 0.4518273606370876 0.6718927758816837 0.451471843003413 0.6711817406143346 0.4482721843003413 0.6814917519908987 0.4479166666666667 0.6964234926052332 0.45111632536973834 0.7131328213879409 0.45502701934015927 0.7213097269624574 0.4564490898748578
1 0.6804251990898749 0.29931029579067125 0.6750924345847554 0.30570961319681456 0.6722482935153583 0.3121089306029579 0.6694041524459614 0.32526308304891927 0.671537258248009 0.33841723549488056 0.6825583048919227 0.35832622298065986 0.6982010807736063 0.37325796359499436 0.7131328213879409 0.3793017633674631 0.7298421501706485 0.3768131399317406 0.739796643913538 0.37005830489192265 0.7461959613196815 0.36045932878270764 0.7483290671217292 0.3458831058020478 0.7469069965870307 0.33450654152445963 0.7426407849829352 0.32419653014789535 0.7348193970420933 0.3128199658703072 0.7237983503981797 0.30286547212741755 0.7134883390216155 0.2950440841865757 0.7038893629124005 0.2925554607508533 0.6950014220705347 0.2929109783845279 0.6868245164960183 0.29646615472127424 0.6836248577929465 0.29646615472127424
1 0.6797141638225256 0.18554465301478956 0.6850469283276451 0.17736774744027306 0.6921572810011376 0.16990187713310584 0.705311433447099 0.16919084186575659 0.7184655858930603 0.16883532423208195 0.7269980091012515 0.1695463594994312 0.7383745733788396 0.17594567690557456 0.7447738907849829 0.18305602957906716 0.7479735494880546 0.1919439704209329 0.750462172923777 0.20047639362912403 0.7522397610921502 0.20865329920364054 0.7508176905574516 0.21576365187713314 0.7422852673492605 0.22536262798634818 0.7277090443686006 0.23140642775881687 0.7131328213879409 0.23140642775881687 0.6992676336746303 0.2271402161547213 0.6875355517633674 0.22180745164960186 0.6775810580204777 0.21505261660978386 0.6733148464163823 0.2033205346985211 0.6733148464163823 0.1894553469852105
0 0.7419297497155859 0.20154294653014793 0.730197667804323 0.20758674630261664 0.7131328213879409 0.20900881683731515 0.7031783276450513 0.20829778156996592 0.6950014220705347 0.20652019340159275 0.6914462457337883 0.2036760523321957 0.6996231513083049 0.20189846416382254 0.7117107508532423 0.2022539817974972 0.724509385665529 0.20260949943117182 0.734108361774744 0.2022539817974972
1 0.7881470420932878 0.020228953356086495 0.7810366894197952 0.02805034129692836 0.7781925483503982 0.035160693970420966 0.7785480659840728 0.04475967007963598 0.7835253128555176 0.05471416382252562 0.7888580773606371 0.06218003412969286 0.8023677474402731 0.06893486916951083 0.8229877701934016 0.07000142207053472 0.8404081342434585 0.06644624573378842 0.8507181456200228 0.06253555176336749 0.8603171217292378 0.052936575654152475 0.8610281569965871 0.03693828213879411 0.8585395335608647 0.02805034129692836 0.8468074516496018 0.020228953356086495 0.8304536405005688 0.014185153583617778 0.8123222411831627 0.014185153583617778 0.7995236063708759 0.015251706484641669
0 0.8325867463026166 0.049025881683731544 0.8219212172923777 0.05187002275312858 0.8087670648464164 0.050803469852104696 0.7988125711035268 0.04760381114903302 0.792768771331058 0.045826222980659866 0.7920577360637088 0.041204493742889675 0.7995236063708759 0.03836035267349263 0.8069894766780432 0.038004835039818004 0.8180105233219568 0.03871587030716726 0.8293870875995449 0.03907138794084189 0.8357864050056882 0.03907138794084189 0.8332977815699659 0.04369311717861209
1 0.8699160978384527 0.30962030716723554 0.8631612627986348 0.3174416951080774 0.8510736632536974 0.32632963594994313 0.8421857224118316 0.3298848122866894 0.8272539817974972 0.32952929465301484 0.8137443117178612 0.32739618885096705 0.8030787827076223 0.3238410125142207 0.7963239476678043 0.31566410693970426 0.7934798065984073 0.30570961319681456 0.7931242889647326 0.29682167235494883 0.7973905005688283 0.28580062571103526 0.8094781001137658 0.2722909556313994 0.8233432878270762 0.26446956769055746 0.8332977815699659 0.26055887372013653 0.841830204778157 0.2598478384527873 0.8535622866894197 0.26162542662116045 0.8617391922639362 0.2648250853242321 0.867782992036405 0.27051336746302623 0.8716936860068258 0.27477957906712175 0.8734712741751991 0.27975682593856654 0.874537827076223 0.28580062571103526 0.8752488623435722 0.29326649601820254 0.8752488623435722 0.3010878839590444
0 0.8471513605442177 0.29310161564625853 0.8362563775510204 0.2970875850340136 0.824032738095238 0.3016050170068027 0.818452380952381 0.30479379251700683 0.8155293367346939 0.30532525510204084 0.8096832482993198 0.30612244897959184 0.8157950680272108 0.3010735544217687 0.8301445578231292 0.2954931972789116 0.8413052721088435 0.2923044217687075
1 0.7963966836734694 0.5272108843537415 0.7889562074829932 0.5362457482993198 0.7873618197278912 0.5423575680272108 0.7855017006802721 0.550595238095238 0.7865646258503401 0.5604272959183674 0.7884247448979592 0.5689306972789115 0.7932079081632654 0.5755739795918368 0.8022427721088435 0.5795599489795918 0.8203125 0.5806228741496599 0.8397108843537414 0.5763711734693878 0.8559204931972789 0.5691964285714286 0.8694727891156463 0.5551126700680272 0.8790391156462586 0.5426232993197279 0.8840880102040817 0.5327912414965986 0.8848852040816326 0.5234906462585034 0.8819621598639457 0.5147215136054422 0.8745216836734694 0.5059523809523809 0.8641581632653061 0.49957482993197283 0.8529974489795918 0.4979804421768707 0.8357249149659864 0.5006377551020409 0.820046768707483 0.5086096938775511 0.8107461734693878 0.5160501700680272 0.7995854591836734 0.5234906462585034
0 0.863095238095238 0.5179102891156463 0.8460884353741497 0.5301339285714286 0.8227040816326531 0.545812074829932 0.8075573979591837 0.5537840136054422 0.8033056972789115 0.5559098639455782 0.8017113095238095 0.5604272959183674 0.8049000850340137 0.5614902210884354 0.8072916666666666 0.5588329081632654 0.8120748299319728 0.5559098639455782 0.8370535714285714 0.5410289115646258 0.8503401360544218 0.5303996598639455 0.86203231292517 0.5229591836734694 0.8652210884353742 0.5203018707482994
1 0.7525510204081632 0.6882440476190477 0.7477678571428572 0.6951530612244898 0.745907738095238 0.704719387755102 0.7456420068027211 0.7126913265306122 0.7477678571428572 0.7196003401360545 0.7496279761904762 0.7257121598639455 0.7583971088435374 0.7315582482993198 0.778326955782313 0.7302295918367346 0.7940051020408164 0.7243835034013606 0.8120748299319728 0.7161458333333334 0.824032738095238 0.704187925170068 0.8314732142857143 0.6906356292517006 0.8343962585034014 0.6839923469387755 0.8346619897959184 0.6762861394557824 0.8306760204081632 0.6680484693877552 0.819781037414966 0.662202380952381 0.8078231292517006 0.660873724489796 0.7934736394557824 0.663531037414966 0.780984268707483 0.6680484693877552 0.7650403911564626 0.6770833333333334 0.7552083333333334 0.6839923469387755
0 0.8157950680272108 0.6776147959183674 0.8070259353741497 0.6826636904761905 0.7881590136054422 0.6935586734693878 0.7703550170068028 0.7044536564625851 0.7599914965986394 0.7089710884353742 0.7549426020408164 0.7110969387755102 0.7541454081632654 0.7142857142857143 0.7589285714285714 0.7137542517006803 0.7735437925170068 0.706845238095238 0.7900191326530612 0.6962159863945578 0.8022427721088435 0.6893069727891157 0.8118090986394558 0.6831951530612245 0.817920918367347 0.6802721088435374
1 0.8426339285714286 0.8264243197278912 0.8365221088435374 0.8391794217687074 0.823501275510204 0.8548575680272108 0.8112776360544218 0.8676126700680272 0.8033056972789115 0.8723958333333334 0.7937393707482994 0.8747874149659864 0.782844387755102 0.8737244897959184 0.7735437925170068 0.8694727891156463 0.7671662414965986 0.861500850340136 0.7650403911564626 0.8506058673469388 0.7700892857142858 0.8357249149659864 0.778326955782313 0.8250956632653061 0.7857674319727892 0.817389455782313 0.7950680272108844 0.8112776360544218 0.8056972789115646 0.8086203231292518 0.8157950680272108 0.8078231292517006 0.8256271258503401 0.8091517857142858 0.8322704081632654 0.8126062925170068 0.8367878401360545 0.817389455782313 0.8389136904761905 0.821906887755102
1 0.47848360655737704 0.746243169398907 0.4692622950819672 0.7510245901639344 0.4627732240437158 0.7595628415300546 0.4596994535519125 0.7739071038251365 0.45833333333333326 0.7882513661202185 0.46209016393442615 0.8066939890710382 0.46892076502732233 0.819330601092896 0.48360655737704916 0.8288934426229507 0.4986338797814207 0.8316256830601092 0.5109289617486339 0.8251366120218578 0.5170765027322404 0.8145491803278688 0.5201502732240437 0.8032786885245902 0.5215163934426229 0.7858606557377049 0.5194672131147541 0.7701502732240436 0.5153688524590163 0.758879781420765 0.5102459016393442 0.7496584699453551 0.5013661202185792 0.7438524590163934 0.4894125683060109 0.7428278688524589 0.4829234972677595 0.7424863387978141
0 0.48378778594771243 0.7523743872549019 0.4830218545751634 0.7643739787581699 0.48557495915032683 0.7786713643790849 0.4873621323529412 0.7886284722222222 0.4881280637254902 0.7988408905228758 0.48940461601307195 0.8062448937908496 0.49221303104575165 0.8141595179738562 0.4950214460784314 0.8126276552287581 0.49195772058823534 0.7993515114379085 0.4909364787581699 0.788373161764706 0.4881280637254902 0.7743310866013072 0.48659620098039214 0.762076184640523 0.48659620098039214 0.7551828022875817
1 0.9557995495495495 0.2669857357357357 0.9553303303303302 0.25103228228228225 0.9520457957957957 0.24070945945945946 0.9445382882882882 0.2303866366366366 0.9332770270270269 0.2275713213213213 0.9243618618618618 0.23085585585585586 0.9131006006006005 0.2369557057057057 0.9074699699699699 0.24727852852852852 0.9051238738738738 0.2594782282282282 0.9065315315315314 0.2721471471471471 0.9107545045045045 0.2838776276276276 0.9182620120120119 0.2951388888888889 0.9346846846846846 0.3012387387387387 0.9450075075075074 0.30030030030030025 0.9511073573573572 0.29091591591591587 0.9562687687687688 0.2787162162162162
1 0.882132132132132 0.4326201201201201 0.8760322822822821 0.4448198198198198 0.8746246246246245 0.45701951951951947 0.8793168168168167 0.4696884384384384 0.8919857357357357 0.47578828828828823 0.9107545045045045 0.47344219219219214 0.9262387387387387 0.464527027027027 0.9384384384384384 0.4542042042042042 0.9445382882882882 0.4434121621621621 0.9464151651651651 0.43402777777777773 0.9464151651651651 0.4232357357357357 0.9440690690690691 0.41432057057057053 0.9384384384384384 0.4058746246246246 0.9257695195195195 0.4016516516516516 0.9116929429429429 0.4035285285285285 0.8957394894894894 0.4105668168168168 0.8887012012012011 0.41713588588588585 0.8840090090090089 0.426051051051051
1 0.9712837837837838 0.5771396396396395 0.9618993993993993 0.5794857357357357 0.9440690690690691 0.5762012012012011 0.9360923423423422 0.5663475975975975 0.9328078078078078 0.5569632132132132 0.9328078078078078 0.5489864864864864 0.9412537537537538 0.5447635135135135 0.9529842342342342 0.539602102102102 0.9637762762762762 0.5391328828828829 0.9726914414414414 0.5410097597597597 0.9825450450450449 0.5499249249249248 0.9853603603603602 0.5583708708708708 0.9862987987987988 0.5677552552552552 0.9848911411411411 0.5743243243243243
1 0.8718093093093092 0.7943881381381381 0.8713400900900901 0.8018956456456455 0.8718093093093092 0.8131569069069068 0.8779091591591591 0.8244181681681682 0.8835397897897898 0.8338025525525524 0.8966779279279279 0.8427177177177178 0.9196696696696696 0.84131006006006 0.9299924924924924 0.8309872372372371 0.9346846846846846 0.8173798798798798 0.9351539039039038 0.8065878378378378 0.9304617117117115 0.7957957957957957 0.9243618618618618 0.7854729729729729 0.9149774774774774 0.7765578078078078 0.9004316816816815 0.7732732732732732 0.8891704204204204 0.7760885885885885 0.8811936936936936 0.7831268768768768
1 0.8788475975975975 0.8572635135135135 0.8661786786786786 0.8652402402402402 0.8591403903903904 0.8755630630630631 0.8558558558558558 0.8863551051051051 0.8558558558558558 0.8994932432432432 0.8600788288288288 0.9088776276276275 0.8727477477477478 0.9154466966966965 0.8882319819819818 0.9173235735735735 0.9065315315315314 0.9088776276276275 0.9145082582582582 0.8952702702702702 0.9192004504504504 0.882132132132132 0.9173235735735735 0.8652402402402402 0.9070007507507507 0.8572635135135135 0.8943318318318317 0.8558558558558558
0 0.9009009009009008 0.8258258258258258 0.8910472972972971 0.8155030030030029 0.8882319819819818 0.7995495495495495 0.8896396396396395 0.7915728228228228 0.8962087087087086 0.7906343843843844 0.9013701201201201 0.7976726726726725 0.9041854354354354 0.8056493993993994 0.9041854354354354 0.8140953453453452
0 0.6254166666666666 0.08312499999999999 0.6314583333333333 0.08177083333333333 0.6420833333333333 0.08218750000000001 0.6503125 0.08395833333333333 0.6520833333333333 0.08604166666666666 0.6433333333333333 0.08583333333333334 0.630625 0.08583333333333334 0.6265625 0.08541666666666667
0 0.14291666666666666 0.403125 0.14645833333333333 0.39427083333333335 0.1521875 0.385 0.1628125 0.3740625 0.1678125 0.36895833333333333 0.16927083333333334 0.36947916666666664 0.16895833333333332 0.3740625 0.15833333333333333 0.3846875 0.14989583333333334 0.39614583333333336 0.14604166666666665 0.40208333333333335 0.14333333333333334 0.405
0 0.6958333333333333 0.31375 0.7027083333333334 0.3221875 0.7083333333333334 0.33166666666666667 0.715625 0.3421875 0.7214583333333333 0.3575 0.72125 0.360625 0.716875 0.350625 0.7033333333333334 0.32760416666666664 0.6964583333333334 0.31875 0.6948958333333334 0.315625
0 0.897673872180451 0.43988878446115287 0.8984570802005012 0.4351895363408521 0.9087693191311612 0.42539943609022557 0.9206479741019213 0.41560933583959897 0.926391499582289 0.41156276106934003 0.9299159356725145 0.4113016917293233 0.9293937969924811 0.41600093984962405 0.9244334795321637 0.421483395989975 0.9141212406015036 0.4286628028404344 0.9038090016708437 0.43897504177109437 0.9009372389306598 0.44054145781119464 0.8970211988304092 0.44119413116123646
0 0.10592369477911645 0.7000502008032128 0.10316265060240963 0.7025602409638554 0.09663654618473895 0.7053212851405621 0.09412650602409638 0.7075803212851405 0.08960843373493975 0.7105923694779116 0.08709839357429719 0.7153614457831324 0.08232931726907629 0.722640562248996 0.08007028112449799 0.7289156626506023 0.07756024096385541 0.7336847389558232 0.07655622489959839 0.7382028112449799 0.08032128514056223 0.735441767068273 0.08509036144578314 0.7306726907630522 0.08910642570281123 0.7228915662650602 0.09563253012048192 0.7156124497991968 0.1004016064257028 0.7115963855421686 0.10341365461847389 0.7088353413654619
0 0.8666497975708501 0.8885796221322536 0.872132253711201 0.8927968960863697 0.8729757085020242 0.8982793522267206 0.878458164642375 0.8965924426450742 0.881831983805668 0.8915317139001349 0.8852058029689608 0.8890013495276653 0.892375168690958 0.8852058029689608 0.8944838056680162 0.883940620782726 0.8974358974358974 0.8805668016194331 0.8991228070175439 0.876349527665317 0.9008097165991902 0.8708670715249662 0.8944838056680162 0.8725539811066126 0.8894230769230769 0.876349527665317 0.8826754385964912 0.8793016194331983 0.8771929824561403 0.8822537112010795
