1 0.31477066303360585 0.18363987284287014 0.3133514986376022 0.17966621253405993 0.3122161671207993 0.17200272479564033 0.31278383287920075 0.16292007266121708 0.3164736603088102 0.15497275204359673 0.32754314259763856 0.1441871026339691 0.33520663033605813 0.1385104450499546 0.3442892824704814 0.13283378746594007 0.3545072661217076 0.1291439600363306 0.3633060853769301 0.12829246139872844 0.370685740236149 0.12857629427792916 0.3772138964577657 0.13141462306993643 0.38430971843778383 0.13453678474114442 0.3877157129881926 0.13794277929155316 0.38913487738419617 0.14447093551316983 0.38913487738419617 0.14986376021798364 0.3868642143505904 0.157811080835604 0.3806198910081744 0.1663260672116258 0.367563578564941 0.1793823796548592 0.35819709355131696 0.1844913714804723 0.35024977293369663 0.18789736603088103 0.3434377838328792 0.19016802906448682 0.3366257947320618 0.19045186194368754 0.32896230699364215 0.19045186194368754 0.3224341507720254 0.1887488646684832 0.31846049046321523 0.18704586739327883
1 0.23898728428701183 0.1833560399636694 0.2282016348773842 0.17058356039963668 0.22195731153496823 0.1566757493188011 0.2208219800181653 0.14589009990917348 0.2208219800181653 0.13595594913714804 0.22224114441416895 0.12857629427792916 0.2262148047229791 0.12233197093551317 0.23274296094459584 0.11722297910990008 0.23927111716621255 0.11495231607629428 0.24579927338782925 0.1141008174386921 0.25175976385104454 0.115236148955495 0.25999091734786556 0.11977747502270662 0.26396457765667575 0.12431880108991826 0.2679382379654859 0.13254995458673932 0.269925068119891 0.1376589464123524 0.27191189827429607 0.1441871026339691 0.2724795640326976 0.15412125340599453 0.2716280653950954 0.1632039055404178 0.2687897366030881 0.1725703905540418 0.26481607629427795 0.18051771117166213 0.2614100817438692 0.18505903723887374 0.2563010899182561 0.18789736603088103 0.25090826521344234 0.18818119891008175 0.2440962761126249 0.18732970027247958
1 0.4978428701180745 0.16944822888283378 0.49699137148047234 0.1558242506811989 0.49897820163487744 0.14503860127157128 0.5029518619436876 0.13595594913714804 0.5063578564940963 0.13084695731153498 0.5106153496821072 0.12630563124432334 0.5194141689373297 0.12006130790190736 0.5265099909173478 0.11438465031789283 0.5338896457765667 0.11097865576748411 0.5412693006357857 0.10984332425068119 0.5472297910990009 0.11097865576748411 0.5543256130790191 0.11324931880108992 0.5594346049046321 0.11779064486830154 0.562840599455041 0.12318346957311535 0.564827429609446 0.13396911898274294 0.5642597638510445 0.14248410535876477 0.561705267938238 0.15326975476839239 0.5563124432334241 0.1643392370572207 0.5497842870118075 0.17200272479564033 0.5395663033605813 0.17966621253405993 0.5321866485013624 0.1844913714804723 0.5265099909173478 0.18619436875567666 0.519130336058129 0.1867620345140781 0.5114668483197093 0.1853428701180745 0.5052225249772934 0.18165304268846505 0.5015326975476839 0.1768278837420527
1 0.3664282470481381 0.23700045413260673 0.37182107175295187 0.22791780199818348 0.37693006357856496 0.22394414168937332 0.3857288828337875 0.21940281562216166 0.39594686648501365 0.21656448683015442 0.40502951861943687 0.21571298819255222 0.4126930063578565 0.21684831970935514 0.4186534968210717 0.21968664850136238 0.42319482288828336 0.2228088101725704 0.4263169845594914 0.22791780199818348 0.4266008174386921 0.23444595821980016 0.4234786557674841 0.24608310626702998 0.4197888283378746 0.2551657584014532 0.41326067211625794 0.2662352406902816 0.4064486830154405 0.2750340599455041 0.3999205267938238 0.2804268846503179 0.391405540417802 0.2844005449591281 0.3806198910081744 0.2872388737511354 0.36926657584014533 0.28610354223433243 0.3635899182561308 0.2832652134423252 0.36018392370572205 0.2775885558583106 0.35990009082652136 0.27020890099909173 0.35933242506811985 0.25999091734786556 0.36131925522252495 0.25175976385104454 0.3635899182561308 0.24523160762942778
1 0.44590145322434155 0.3028496821071753 0.4427792915531335 0.2846843778383288 0.44334695731153495 0.2713442325158946 0.44533378746594005 0.2625454132606721 0.4490236148955495 0.255449591280654 0.4532811080835604 0.24948910081743872 0.45867393278837426 0.24466394187102633 0.46804041780199823 0.24267711171662126 0.4754200726612171 0.242960944595822 0.48138056312443234 0.24665077202543143 0.4862057220708447 0.2537465940054496 0.4890440508628519 0.25970708446866486 0.49046321525885556 0.26907356948228883 0.49017938237965486 0.2775885558583106 0.4881925522252498 0.2852520435967303 0.4847865576748411 0.2934831970935513 0.4799613987284287 0.3017143505903724 0.47598773841961856 0.30739100817438697 0.47229791099000906 0.31079700272479566 0.4666212534059946 0.31391916439600365 0.4583900999091735 0.31477066303360585 0.4524296094459582 0.3125 0.44930744777475023 0.3096616712079927
1 0.32300181653042687 0.3916893732970027 0.3133514986376022 0.3826067211625795 0.3045526793823797 0.369550408719346 0.2994436875567666 0.35819709355131696 0.29745685740236144 0.35110127157129883 0.2977406902815622 0.3445731153496821 0.2997275204359673 0.3371934604904632 0.30228201634877383 0.3303814713896458 0.30824250681198906 0.32385331516802907 0.3153383287920073 0.3201634877384196 0.3269754768392371 0.31931198910081743 0.3371934604904632 0.3207311534968211 0.34684377838328795 0.32839464123524065 0.35762942779291557 0.34088328792007266 0.3635899182561308 0.35308810172570393 0.3655767484105359 0.36217075386012715 0.36614441416893734 0.36841507720254313 0.36586058128973664 0.37664623069936426 0.3647252497729337 0.38232288828337874 0.36217075386012715 0.3865803814713897 0.3573455949137148 0.3925408719346049 0.35024977293369663 0.3962306993642144 0.34400544959128065 0.39850136239782014 0.337477293369664 0.39793369663941874 0.3298138056312443 0.39679836512261585 0.32584014532243416 0.3953792007266122
1 0.17684718723761544 0.21804156171284633 0.18340680100755666 0.21200671704450041 0.19259026028547438 0.20833333333333334 0.20256087321578506 0.20754617968094038 0.21017002518891686 0.20754617968094038 0.21961586901763222 0.20859571788413098 0.22407640638119228 0.21017002518891686 0.2311607892527288 0.21384340890008394 0.2366708648194794 0.2177791771620487 0.24165617128463476 0.222764483627204 0.24506717044500417 0.22879932829554994 0.2466414777497901 0.2371956339210747 0.24690386230058775 0.24323047858942065 0.24532955499580184 0.24926532325776657 0.24270570948782536 0.25398824517212426 0.2382451721242653 0.2568744752308984 0.23247271200671704 0.2600230898404702 0.22512594458438287 0.2613350125944584 0.21515533165407222 0.2613350125944584 0.20597187237615447 0.2592359361880772 0.18970403022670024 0.2537258606213266 0.17894626364399663 0.24926532325776657 0.173436188077246 0.24113140218303947 0.17238664987405541 0.23352225020990763 0.173436188077246 0.2274874055415617 0.17474811083123423 0.22250209907640636
1 0.2086318051575931 0.377865329512894 0.19878223495702005 0.3793576886341929 0.18982808022922634 0.3787607449856733 0.18266475644699137 0.3742836676217765 0.17579990448901622 0.3677172874880611 0.17162129894937916 0.36025549188156636 0.1713228271251194 0.3533906399235912 0.17251671442215855 0.3450334288443171 0.17788920725883478 0.33757163323782235 0.18624641833810887 0.33130372492836674 0.1943051575931232 0.3268266475644699 0.20534861509073543 0.3232449856733524 0.21669054441260743 0.3229465138490927 0.22474928366762179 0.32563276026743077 0.23071872015281755 0.32981136580706777 0.23340496657115567 0.3348853868194842 0.23370343839541544 0.3411532951289398 0.23370343839541544 0.3471227316141356 0.23042024832855776 0.3545845272206304 0.22743553008595987 0.36085243553008595 0.2241523400191022 0.3662249283667621 0.21997373447946514 0.37129894937917857 0.2146012416427889 0.37458213944603624
1 0.23272924411400248 0.4573265179677819 0.2184014869888476 0.4561648079306072 0.20678438661710039 0.4534541511771995 0.19787794299876085 0.4499690210656754 0.19090768277571252 0.4457094175960347 0.18742255266418836 0.4399008674101611 0.1850991325898389 0.43215613382899626 0.1847118959107807 0.42596034696406443 0.1870353159851301 0.4197645600991326 0.191682156133829 0.41356877323420077 0.19787794299876085 0.4093091697645601 0.2079460966542751 0.405824039653036 0.21801425030978935 0.4046623296158612 0.2273079306071871 0.405824039653036 0.23543990086741015 0.4081474597273854 0.24395910780669144 0.4120198265179678 0.251316604708798 0.4162794299876084 0.2551889714993804 0.42131350681536556 0.2578996282527881 0.4263475836431227 0.2586741016109046 0.4337050805452292 0.25751239157372985 0.4406753407682776 0.25441449814126393 0.4476456009913259 0.24783147459727387 0.452679677819083 0.2424101610904585 0.45539033457249073
1 0.3139507892293408 0.4938486536675952 0.3072771587743733 0.48978644382544106 0.30408542246982356 0.483983286908078 0.30176415970287834 0.47701949860724235 0.30118384401114207 0.4680246053853296 0.30263463324048284 0.45961002785515326 0.30756731662024145 0.4503249767873723 0.3136606313834726 0.44278087279480044 0.3229456824512535 0.43552692664809656 0.3301996285979573 0.4311745589600743 0.3374535747446611 0.42856313834726095 0.34673862581244197 0.4279828226555246 0.3566039925719592 0.42943361188486534 0.3629874651810585 0.43639740018570106 0.36588904363974 0.4424907149489322 0.36646935933147634 0.44916434540389977 0.36559888579387184 0.4578690807799443 0.35834493964716807 0.47324744661095636 0.348769730733519 0.4828226555246054 0.337163416898793 0.4906569173630455 0.32874883936861654 0.493558495821727 0.32323584029712166 0.49471912720519967 0.3188834726090993 0.4950092850510678
1 0.48311281337047357 0.4633820798514392 0.47295728876508825 0.4590297121634169 0.4659935004642526 0.4540970287836583 0.45931987000928504 0.4480037140204271 0.4532265552460539 0.4410399257195915 0.4500348189415042 0.4349466109563603 0.4471332404828227 0.4279828226555246 0.4468430826369545 0.42246982358402974 0.447713556174559 0.4169568245125348 0.451485608170845 0.4117339832869081 0.45641829155060354 0.4079619312906221 0.4628017641597029 0.4050603528319406 0.4688950789229341 0.4044800371402043 0.47585886722376974 0.4056406685236769 0.48485376044568246 0.4088324048282266 0.4921077065923863 0.4126044568245125 0.5008124419684309 0.41927808727948007 0.506905756731662 0.42479108635097496 0.5121285979572888 0.43146471680594245 0.5159006499535748 0.43929897864438255 0.5173514391829156 0.4462627669452182 0.5170612813370474 0.45235608170844943 0.5161908077994429 0.4569986072423398 0.5124187558031569 0.4622214484679666 0.506905756731662 0.46541318477251625 0.4996518105849582 0.46686397400185703 0.493558495821727 0.46657381615598886 0.48659470752089135 0.4651230269266481
1 0.5752733785822021 0.49538084464555054 0.5698529411764707 0.4885463800904978 0.566553544494721 0.479119532428356 0.5646681749622926 0.47063536953242835 0.563961161387632 0.46356523378582204 0.5644325037707391 0.4529600301659125 0.5672605580693816 0.439762443438914 0.5703242835595776 0.4326923076923077 0.5743306938159879 0.42797888386123684 0.5792797888386123 0.42538650075414786 0.5861142533936652 0.4244438159879336 0.5915346907993967 0.42491515837104077 0.5976621417797889 0.4275075414781297 0.6028469079939669 0.4326923076923077 0.6059106334841629 0.43811274509803927 0.6077960030165913 0.4454185520361991 0.6085030165912518 0.45484539969834087 0.6092100301659126 0.46403657616892907 0.6080316742081447 0.47087104072398195 0.606853318250377 0.4781768476621418 0.6044966063348416 0.4857183257918552 0.6014328808446456 0.4911387631975867 0.5981334841628959 0.49561651583710403 0.5927130467571644 0.4979732277526395 0.58776395173454 0.4989159125188537 0.5832861990950227 0.4986802413273002 0.5797511312217195 0.49750188536953244
1 0.6384674582233949 0.41062005277044855 0.6274736147757256 0.40952066842568163 0.623900615655233 0.40732189973614774 0.6195030782761654 0.4037489006156552 0.6159300791556728 0.39852682497801234 0.6142810026385224 0.39220536499560243 0.6134564643799473 0.38560905892700087 0.6134564643799473 0.3792875989445911 0.6148306948109058 0.37269129287598945 0.6181288478452066 0.3647207563764292 0.620877308707124 0.36032321899736147 0.6255496921723834 0.3553759894459103 0.6310466138962182 0.35097845206684253 0.6381926121372031 0.34685576077396657 0.6439643799472295 0.34520668425681617 0.6511103781882146 0.34520668425681617 0.6571569920844327 0.34658091468777485 0.6604551451187335 0.3493293755496921 0.6654023746701847 0.3520778364116095 0.6717238346525946 0.35262752858399293 0.6755716798592789 0.3548262972735268 0.6772207563764291 0.35812445030782764 0.6783201407211961 0.3627968337730871 0.6774956024626209 0.37104221635883905 0.6744722955145119 0.3792875989445911 0.6676011433597185 0.38918205804749345 0.6632036059806509 0.39467897977132804 0.6574318381706244 0.39962620932277926 0.6494613016710642 0.40567282321899734 0.64561345646438 0.40787159190853123
1 0.704155672823219 0.4183157431838171 0.7003078276165347 0.4100703605980651 0.7003078276165347 0.40292436235708 0.7011323658751099 0.39687774846086193 0.7047053649956024 0.38945690413368517 0.708278364116095 0.38423482849604224 0.7132255936675462 0.3787379067722076 0.719547053649956 0.37516490765171506 0.7283421284080914 0.3732409850483729 0.7343887423043096 0.37269129287598945 0.7429089709762533 0.3740655233069481 0.7500549692172384 0.3773636763412489 0.755551890941073 0.3787379067722076 0.7602242744063324 0.38231090589270006 0.762697889182058 0.38670844327176784 0.7635224274406333 0.39220536499560243 0.7637972735268249 0.39797713280562885 0.7615985048372911 0.4051231310466139 0.75665127528584 0.4119942832014072 0.7489555848724714 0.4185905892700088 0.7404353562005277 0.42271328056288476 0.7305408970976254 0.42573658751099386 0.7222955145118733 0.4260114335971856 0.712401055408971 0.4238126649076517 0.7066292875989446 0.4210642040457344
1 0.6888985339506172 0.2924864969135802 0.6886574074074073 0.28573495370370366 0.6898630401234568 0.2794656635802469 0.6920331790123456 0.27367862654320985 0.6951678240740741 0.26861496913580246 0.6995081018518517 0.2649980709876543 0.708912037037037 0.26162229938271603 0.7178337191358024 0.26065779320987653 0.7366415895061728 0.2621045524691358 0.7472511574074073 0.2647569444444444 0.7576195987654321 0.26933834876543206 0.7653356481481481 0.27488425925925924 0.7703993055555555 0.2794656635802469 0.7740162037037037 0.2845293209876543 0.7766685956790124 0.2895929783950617 0.7771508487654321 0.29538001543209874 0.7761863425925924 0.3004436728395062 0.7725694444444444 0.30454282407407407 0.7670235339506172 0.30864197530864196 0.7583429783950617 0.3122588734567901 0.7467689043209876 0.3141878858024691 0.7361593364197531 0.31491126543209874 0.7250675154320987 0.31515239197530864 0.7154224537037037 0.3125 0.705054012345679 0.30791859567901236 0.6985435956790124 0.3040605709876543 0.6942033179012345 0.3004436728395062 0.6920331790123456 0.29755015432098764
1 0.5341386554621849 0.37482492997198874 0.5304184173669467 0.3689163165266106 0.5295430672268907 0.3610381652661064 0.5295430672268907 0.35250350140056014 0.5312937675070027 0.34374999999999994 0.5367647058823529 0.3334646358543417 0.542016806722689 0.32799369747899154 0.5483630952380952 0.32383578431372545 0.5549282212885154 0.32120973389355734 0.5610556722689075 0.3183648459383753 0.5671831232492998 0.31727065826330525 0.5752801120448179 0.3185836834733893 0.5796568627450981 0.32120973389355734 0.5829394257703081 0.3253676470588235 0.5855654761904762 0.33302696078431365 0.5873161764705883 0.33827906162464977 0.5868785014005603 0.34353116246498594 0.5853466386554622 0.34943977591036407 0.582720588235294 0.3568802521008403 0.5761554621848739 0.3667279411764705 0.5715598739495799 0.3721988795518207 0.5652135854341737 0.37679446778711484 0.5588672969187676 0.3805147058823529 0.5518644957983194 0.3822654061624649 0.5455182072829132 0.3824842436974789 0.540047268907563 0.3816088935574229 0.5363270308123249 0.3787640056022408
1 0.602736928104575 0.2677696078431372 0.5962009803921567 0.2781862745098039 0.5927287581699346 0.28247549019607837 0.5878267973856208 0.28656045751633985 0.5819035947712419 0.29003267973856206 0.5763888888888888 0.29146241830065356 0.5702614379084967 0.29166666666666663 0.5641339869281045 0.2912581699346405 0.5571895424836601 0.28880718954248363 0.5529003267973855 0.28431372549019607 0.5502450980392156 0.278390522875817 0.5496323529411764 0.2724673202614379 0.5504493464052287 0.264297385620915 0.5518790849673202 0.25674019607843135 0.5553513071895425 0.24959150326797383 0.5584150326797385 0.24407679738562088 0.562704248366013 0.2381535947712418 0.5680147058823529 0.23427287581699344 0.5749591503267973 0.23141339869281044 0.5821078431372548 0.22916666666666663 0.5890522875816993 0.2289624183006536 0.5947712418300652 0.22977941176470587 0.6002859477124183 0.23223039215686272 0.6037581699346404 0.23570261437908493 0.6058006535947712 0.23958333333333331 0.6064133986928104 0.24407679738562088 0.6070261437908495 0.25183823529411764 0.6060049019607843 0.25755718954248363 0.6043709150326797 0.2638888888888889
1 0.13412489006156553 0.29490985048372914 0.12917766051011434 0.29023746701846964 0.12615435356200527 0.28226693051890944 0.1256046613896218 0.2751209322779244 0.1256046613896218 0.2679749340369393 0.1256046613896218 0.2605540897097625 0.12752858399296393 0.25395778364116095 0.13082673702726474 0.24901055408970976 0.13522427440633245 0.24516270888302552 0.14044635004397538 0.24351363236587512 0.14704265611257697 0.24296394019349163 0.15281442392260336 0.24461301671064203 0.15776165347405455 0.24763632365875107 0.16298372911169745 0.25203386103781883 0.16628188214599823 0.25643139841688656 0.16930518909410727 0.2619283201407212 0.17040457343887422 0.26742524186455585 0.17067941952506596 0.273471855760774 0.17067941952506596 0.27924362357080035 0.16903034300791556 0.28474054529463505 0.16600703605980652 0.28858839050131924 0.16270888302550574 0.29271108179419525 0.15803649956024626 0.2968337730870712 0.15253957783641162 0.2990325417766051 0.1481420404573439 0.2998570800351803 0.14291996481970098 0.2998570800351803 0.13769788918205805 0.2982080035180299
1 0.0493756371049949 0.328427624872579 0.039181957186544346 0.3156855249745158 0.034722222222222224 0.30358053007135577 0.03312945973496432 0.2933868501529052 0.032810907237512746 0.2819189602446483 0.03312945973496432 0.26885830784913356 0.03440366972477064 0.26216870540265036 0.03599643221202854 0.2564347604485219 0.0398190621814475 0.25133792048929665 0.045234454638124366 0.24815239551478083 0.05447247706422018 0.24592252803261977 0.06243628950050969 0.2471967380224261 0.0684887869520897 0.25101936799184504 0.0748598369011213 0.2564347604485219 0.07836391437308869 0.26248725790010197 0.08186799184505605 0.27108817533129465 0.08409785932721713 0.2777777777777778 0.08505351681957186 0.2854230377166157 0.08569062181447502 0.2940239551478083 0.08346075433231397 0.30358053007135577 0.08027522935779817 0.31536697247706424 0.07708970438328236 0.32046381243628946 0.073585626911315 0.3255606523955148 0.06880733944954127 0.32906472986748214 0.06402905198776758 0.3309760448521917 0.058295107033639146 0.3312945973496432 0.053516819571865444 0.3312945973496432
1 0.057947019867549666 0.05070364238410596 0.06312086092715231 0.04518487858719646 0.06760485651214128 0.04242549668874172 0.07657284768211921 0.040700883002207505 0.08278145695364239 0.04173565121412803 0.09071467991169978 0.04587472406181015 0.0972682119205298 0.052428256070640174 0.10347682119205298 0.06277593818984548 0.10727097130242826 0.07036423841059603 0.10968543046357616 0.07829746136865341 0.11141004415011038 0.08623068432671083 0.11209988962472406 0.09450883002207505 0.11209988962472406 0.10071743929359823 0.10934050772626931 0.1069260485651214 0.1052014348785872 0.11451434878587197 0.10071743929359823 0.11761865342163355 0.09519867549668874 0.11899834437086092 0.08899006622516556 0.11934326710816777 0.08105684326710817 0.11761865342163355 0.07381346578366446 0.1148592715231788 0.0686396247240618 0.11106512141280353 0.06277593818984548 0.10451158940397351 0.05760209713024282 0.09416390728476821 0.05449779249448124 0.08623068432671083 0.053807947019867554 0.07691777041942606 0.053807947019867554 0.06829470198675497 0.05415286975717439 0.060361479028697575 0.055532560706401765 0.05518763796909492
1 0.2337558275058275 0.04946095571095569 0.23011363636363635 0.04472610722610721 0.2286567599067599 0.03707750582750581 0.2286567599067599 0.027607808857808842 0.22938519813519814 0.02032342657342656 0.23266317016317017 0.010489510489510473 0.2359411421911422 0.0050262237762237595 0.23994755244755245 0.000655594405594389 0.27708333333333335 0.0 0.28292540792540793 0.000655594405594389 0.28328962703962707 0.0057546620046619885 0.28256118881118886 0.012310606060606044 0.2818327505827506 0.019230769230769218 0.280011655011655 0.026515151515151502 0.2781905594405594 0.03234265734265733 0.27381993006993005 0.04071969696969695 0.26872086247086246 0.045818764568764554 0.263986013986014 0.049096736596736586 0.2585227272727273 0.05164627039627038 0.25269522144522144 0.053831585081585066 0.24504662004662006 0.05419580419580418 0.2388548951048951 0.05310314685314684
1 0.663229517396184 0.06839225589225588 0.6611251402918069 0.06348204264870931 0.6611251402918069 0.05822109988776655 0.6628787878787878 0.04910213243546577 0.6667368125701459 0.04313973063973064 0.6709455667789002 0.03822951739618406 0.6779601571268238 0.035072951739618406 0.6891835016835016 0.031214927048260382 0.7004068462401796 0.028759820426487094 0.7112794612794613 0.02770763187429854 0.7207491582491582 0.02770763187429854 0.7302188552188551 0.028759820426487094 0.7382856341189673 0.031214927048260382 0.7453002244668911 0.03577441077441077 0.7495089786756454 0.0417368125701459 0.7519640852974185 0.047699214365881024 0.7537177328843996 0.054363075196408525 0.7530162738496071 0.05962401795735129 0.7491582491582491 0.06558641975308642 0.7442480359147026 0.07084736251402918 0.7354797979797979 0.07540684624017957 0.728114478114478 0.07821268237934903 0.7165404040404041 0.08031705948372614 0.705317059483726 0.08101851851851852 0.6944444444444444 0.08101851851851852 0.6835718294051627 0.08101851851851852 0.6737514029180696 0.07926487093153758 0.668841189674523 0.07786195286195285 0.6653338945005611 0.07540684624017957 0.6639309764309763 0.07295173961840629
1 0.755317599067599 0.1776660839160839 0.7443910256410255 0.18094405594405594 0.736013986013986 0.18167249417249418 0.7243589743589743 0.18094405594405594 0.7086975524475524 0.1765734265734266 0.7021416083916083 0.17365967365967366 0.6970425407925408 0.17038170163170163 0.6930361305361304 0.1649184149184149 0.6912150349650349 0.1594551282051282 0.6912150349650349 0.1539918414918415 0.691579254079254 0.149256993006993 0.6948572261072261 0.1441579254079254 0.701048951048951 0.13978729603729603 0.7086975524475524 0.1368735431235431 0.7181672494172493 0.13468822843822845 0.7320075757575757 0.13395979020979018 0.7494900932400932 0.13541666666666666 0.7578671328671328 0.1372377622377622 0.764787296037296 0.1412441724941725 0.7709790209790209 0.14452214452214454 0.7800844988344988 0.15326340326340324 0.7826340326340325 0.15799825174825174 0.7826340326340325 0.1641899766899767 0.7797202797202797 0.17001748251748253 0.7709790209790209 0.1743881118881119 0.7640588578088577 0.17620920745920746
1 0.9378858024691358 0.10493827160493827 0.9301697530864197 0.10570987654320987 0.9205246913580247 0.10570987654320987 0.9124228395061728 0.10339506172839505 0.9066358024691358 0.09799382716049382 0.9047067901234568 0.09297839506172839 0.9054783950617283 0.08564814814814814 0.9074074074074073 0.0787037037037037 0.9112654320987654 0.07175925925925926 0.9166666666666665 0.06712962962962962 0.923611111111111 0.0628858024691358 0.9320987654320987 0.05864197530864197 0.9425154320987654 0.055169753086419755 0.9510030864197531 0.054783950617283944 0.9591049382716048 0.05555555555555555 0.9645061728395061 0.05979938271604938 0.9664351851851851 0.0640432098765432 0.9672067901234568 0.06944444444444443 0.9672067901234568 0.07561728395061727 0.9648919753086419 0.08179012345679013 0.9610339506172838 0.08989197530864197 0.9544753086419752 0.09683641975308642 0.9475308641975307 0.10146604938271604
1 0.84375 0.00038580246913580245 0.8379629629629629 0.005015432098765432 0.8356481481481481 0.010802469135802469 0.8348765432098765 0.018132716049382713 0.8368055555555555 0.023919753086419752 0.8406635802469135 0.028163580246913577 0.849537037037037 0.0316358024691358 0.8584104938271604 0.0320216049382716 0.8761574074074073 0.029706790123456787 0.8854166666666666 0.026234567901234566 0.8993055555555555 0.019675925925925927 0.9077932098765431 0.013888888888888888 0.9155092592592592 0.007716049382716048 0.9224537037037037 0.00038580246913580245 0.8541666666666666 0.00038580246913580245
1 0.8800154320987654 0.20910493827160492 0.8831018518518517 0.20216049382716048 0.8877314814814814 0.19675925925925924 0.892361111111111 0.19212962962962962 0.9000771604938271 0.18672839506172836 0.9097222222222221 0.18248456790123455 0.9193672839506172 0.18016975308641975 0.9278549382716048 0.17901234567901234 0.9390432098765431 0.17901234567901234 0.9490740740740741 0.17901234567901234 0.9591049382716048 0.18055555555555552 0.9648919753086419 0.18248456790123455 0.972608024691358 0.1871141975308642 0.9787808641975307 0.1929012345679012 0.9830246913580247 0.19945987654320987 0.9845679012345678 0.2052469135802469 0.9845679012345678 0.21180555555555552 0.9818672839506172 0.2183641975308642 0.9776234567901234 0.22608024691358022 0.9729938271604938 0.23032407407407404 0.9668209876543209 0.23379629629629628 0.958719135802469 0.23649691358024688 0.9513888888888888 0.23842592592592593 0.9425154320987654 0.24151234567901234 0.9344135802469135 0.24228395061728394 0.9232253086419752 0.24228395061728394 0.9066358024691358 0.23996913580246912 0.8931327160493827 0.23341049382716048 0.8869598765432098 0.22723765432098764 0.8827160493827161 0.2202932098765432 0.880787037037037 0.21527777777777776
1 0.8722993827160493 0.3804012345679012 0.8692129629629629 0.3699845679012345 0.8668981481481481 0.35802469135802467 0.8668981481481481 0.35185185185185186 0.8676697530864197 0.3452932098765432 0.8688271604938271 0.3387345679012345 0.8719135802469135 0.3333333333333333 0.8757716049382716 0.3283179012345679 0.8815586419753085 0.32407407407407407 0.8892746913580247 0.32098765432098764 0.896219135802469 0.32021604938271603 0.9050925925925924 0.32060185185185186 0.9128086419753085 0.32368827160493824 0.9182098765432098 0.3302469135802469 0.9209104938271604 0.33526234567901236 0.9220679012345678 0.341820987654321 0.9224537037037037 0.3506944444444444 0.9212962962962962 0.3584104938271605 0.9193672839506172 0.3672839506172839 0.9158950617283951 0.3742283950617284 0.912037037037037 0.3834876543209876 0.9089506172839505 0.38657407407407407 0.9050925925925924 0.3900462962962962 0.8973765432098765 0.3919753086419753 0.8915895061728395 0.3919753086419753 0.8834876543209875 0.39043209876543206 0.8804012345679012 0.38850308641975306 0.876929012345679 0.38618827160493824
1 0.7824074074074073 0.4961419753086419 0.7773919753086419 0.48765432098765427 0.7743055555555555 0.47916666666666663 0.771219135802469 0.46952160493827155 0.7704475308641975 0.4618055555555555 0.7704475308641975 0.45486111111111105 0.7723765432098765 0.4479166666666667 0.7770061728395061 0.44251543209876537 0.7816358024691358 0.4375 0.7854938271604938 0.43441358024691357 0.7908950617283951 0.4313271604938271 0.7978395061728395 0.4317129629629629 0.8036265432098765 0.4351851851851852 0.8082561728395061 0.44174382716049376 0.8121141975308641 0.4498456790123457 0.814429012345679 0.4606481481481481 0.8155864197530864 0.4699074074074074 0.8155864197530864 0.4795524691358024 0.8152006172839505 0.4857253086419753 0.8117283950617283 0.4922839506172839 0.8067129629629629 0.49691358024691357 0.8009259259259258 0.49961419753086417 0.7955246913580247 0.5007716049382716 0.7897376543209876 0.5007716049382716
1 0.8622685185185185 0.4297839506172839 0.8653549382716048 0.4274691358024691 0.8711419753086419 0.4255401234567901 0.8784722222222221 0.4243827160493827 0.8865740740740741 0.4243827160493827 0.89429012345679 0.42515432098765427 0.9027777777777778 0.4270833333333333 0.9097222222222221 0.43016975308641975 0.9143518518518517 0.43479938271604934 0.9178240740740741 0.44135802469135804 0.9205246913580247 0.44868827160493824 0.9209104938271604 0.45833333333333326 0.9209104938271604 0.4664351851851852 0.9185956790123456 0.47376543209876537 0.9162808641975307 0.4772376543209876 0.9124228395061728 0.48032407407407407 0.9058641975308641 0.48148148148148145 0.8966049382716048 0.48186728395061723 0.8885030864197531 0.4810956790123457 0.8780864197530864 0.47800925925925924 0.8684413580246914 0.47260802469135804 0.8614969135802468 0.46759259259259256 0.8584104938271604 0.4625771604938271 0.8560956790123456 0.4556327160493827 0.8553240740740741 0.45023148148148145 0.8557098765432098 0.4436728395061728 0.8564814814814814 0.4386574074074074 0.8591820987654321 0.43441358024691357
1 0.9625771604938271 0.4429012345679012 0.9533179012345678 0.42862654320987653 0.9483024691358024 0.4128086419753086 0.9471450617283951 0.4039351851851852 0.9475308641975307 0.3958333333333333 0.9494598765432098 0.3896604938271605 0.9533179012345678 0.3858024691358024 0.9591049382716048 0.3838734567901234 0.9629629629629629 0.3838734567901234 0.9675925925925924 0.38425925925925924 0.9733796296296295 0.38618827160493824 0.9807098765432098 0.3900462962962962 0.9872685185185185 0.3950617283950617 0.9907407407407407 0.4000771604938272 0.9934413580246914 0.4054783950617284 0.9938271604938271 0.41203703703703703 0.9938271604938271 0.4201388888888889 0.9926697530864197 0.4278549382716049 0.9903549382716048 0.43441358024691357 0.9876543209876542 0.4390432098765432 0.9845679012345678 0.4444444444444444 0.9803240740740741 0.44753086419753085 0.9741512345679012 0.44753086419753085 0.9675925925925924 0.4459876543209876
1 0.7150248344370861 0.5901628035320088 0.7081263796909492 0.596371412803532 0.7001931567328918 0.6001655629139073 0.6905353200883002 0.6022350993377484 0.684326710816777 0.6022350993377484 0.675358719646799 0.6015452538631346 0.6667356512141279 0.6001655629139073 0.6567328918322296 0.596371412803532 0.6456953642384106 0.589817880794702 0.6412113686534215 0.5839541942604857 0.6374172185430463 0.5784354304635762 0.6346578366445915 0.5729166666666666 0.6343129139072848 0.5680877483443709 0.6343129139072848 0.5625689845474613 0.6363824503311258 0.5567052980132451 0.6391418322295805 0.5532560706401767 0.6443156732891833 0.5498068432671082 0.6553532008830022 0.5467025386313467 0.6646661147902869 0.545667770419426 0.675703642384106 0.545667770419426 0.6912251655629139 0.5491169977924945 0.6995033112582781 0.552566225165563 0.7053669977924945 0.5560154525386313 0.7105408388520971 0.5594646799116998 0.7146799116997792 0.5632588300220751 0.717439293598234 0.5684326710816776 0.7184740618101545 0.574296357615894 0.7184740618101545 0.5794701986754967 0.7177842163355409 0.5846440397350994
1 0.7826296909492273 0.6487996688741722 0.7788355408388521 0.6443156732891833 0.7774558498896248 0.6363824503311258 0.7791804635761589 0.6291390728476821 0.7840093818984548 0.6229304635761589 0.7919426048565121 0.6181015452538631 0.801255518763797 0.6136175496688742 0.8119481236203091 0.6122378587196468 0.8243653421633554 0.6129277041942606 0.8367825607064018 0.6146523178807947 0.847130242825607 0.6167218543046358 0.8540286975717439 0.6229304635761589 0.8567880794701987 0.6274144591611479 0.8574779249448123 0.6343129139072848 0.8564431567328918 0.640521523178808 0.8533388520971302 0.6456953642384106 0.8488548565121412 0.6505242825607064 0.8419564017660045 0.6553532008830022 0.8302290286975718 0.6591473509933775 0.8216059602649006 0.6598371964679912 0.8119481236203091 0.6598371964679912 0.801255518763797 0.6584575055187637 0.7929773730684327 0.6556981236203091 0.785733995584989 0.651559050772627
1 0.6163769315673289 0.7543460264900663 0.6132726269315673 0.7446881898454746 0.611548013245033 0.7381346578366446 0.611548013245033 0.730891280353201 0.6136175496688742 0.721923289183223 0.6163769315673289 0.7157146799116998 0.6218956953642384 0.7091611479028698 0.6291390728476821 0.7053669977924945 0.6367273730684327 0.7046771523178809 0.6474199779249449 0.7067466887417219 0.6529387417218543 0.7105408388520971 0.6556981236203091 0.7157146799116998 0.6574227373068433 0.7212334437086093 0.6570778145695364 0.7281318984547461 0.6546633554083885 0.7360651214128036 0.6501793598233996 0.7464128035320088 0.6481098233995585 0.7533112582781457 0.6443156732891833 0.7581401766004415 0.6394867549668873 0.7619343267108167 0.6339679911699779 0.7650386313465785 0.6284492273730684 0.7664183222958058 0.625 0.765728476821192 0.6218956953642384 0.7633140176600441 0.6194812362030906 0.7605546357615894
1 0.4801324503311258 0.7295115894039735 0.4887555187637969 0.7215783664459161 0.49910320088300225 0.7150248344370861 0.5066915011037527 0.7119205298013245 0.5177290286975718 0.7091611479028698 0.5284216335540839 0.7098509933774834 0.5353200883002207 0.7126103752759382 0.5394591611479028 0.7170943708609272 0.5404939293598233 0.7229580573951434 0.5408388520971302 0.730546357615894 0.5398040838852097 0.7374448123620309 0.5373896247240618 0.7422737306843267 0.5332505518763797 0.7474475717439294 0.5246274834437086 0.7536561810154525 0.5163493377483444 0.7577952538631346 0.5087610375275938 0.7595198675496688 0.49944812362030905 0.7598647902869757 0.4887555187637969 0.7608995584988963 0.4790976821192053 0.7598647902869757 0.4742687637969095 0.7553807947019867 0.4739238410596026 0.7488272626931567 0.4742687637969095 0.7429635761589404 0.47599337748344367 0.7374448123620309 0.4773730684326711 0.7339955849889624
1 0.5435982339955849 0.8264348785871964 0.546012693156733 0.8136727373068433 0.5494619205298013 0.8053945916114791 0.5553256070640177 0.796771523178808 0.5615342163355409 0.7895281456953642 0.5680877483443709 0.7819398454746137 0.576710816777042 0.7774558498896248 0.5867135761589404 0.7753863134657837 0.5970612582781457 0.7757312362030906 0.604994481236203 0.776766004415011 0.6112030905077263 0.7795253863134658 0.6149972406181016 0.783319536423841 0.6160320088300221 0.7888383002207505 0.6156870860927152 0.7974613686534215 0.6136175496688742 0.8053945916114791 0.6091335540838851 0.8178118101545254 0.6056843267108167 0.8250551876379691 0.6015452538631346 0.8305739514348786 0.5956815673289183 0.8391970198675497 0.5908526490066225 0.8433360927152318 0.5805049668874173 0.8495447019867549 0.5753311258278145 0.8512693156732891 0.5694674392935982 0.8523040838852097 0.5608443708609272 0.8526490066225166 0.5549806843267109 0.8533388520971302 0.548082229580574 0.8526490066225166 0.5432533112582781 0.8498896247240618 0.5415286975717439 0.8467853200883002 0.5401490066225166 0.8412665562913907 0.5398040838852097 0.8360927152317881 0.541183774834437 0.831608719646799
1 0.47323399558498896 0.8905905077262694 0.46254139072847683 0.878173289183223 0.4528835540838852 0.860237306843267 0.45150386313465785 0.8498896247240618 0.45150386313465785 0.8409216335540839 0.451158940397351 0.834023178807947 0.4532284768211921 0.8274696467991169 0.45633278145695366 0.8202262693156733 0.4604718543046358 0.8157422737306843 0.4670253863134658 0.8140176600441501 0.4739238410596026 0.8147075055187637 0.4804773730684327 0.8178118101545254 0.48737582781456956 0.8233305739514348 0.49185982339955847 0.8302290286975718 0.497378587196468 0.8388520971302428 0.5011727373068433 0.847130242825607 0.5046219646799117 0.8564431567328918 0.5056567328918322 0.8633416114790288 0.5060016556291391 0.8723096026490066 0.5049668874172185 0.8788631346578366 0.5028973509933775 0.8850717439293597 0.49875827814569534 0.8905905077262694 0.4932395143487859 0.8940397350993378 0.4853062913907285 0.8964541942604857 0.4790976821192053 0.8957643487858719
1 0.40700883002207505 0.9568156732891833 0.4080435982339956 0.9478476821192052 0.41183774834437087 0.9412941501103752 0.4170115894039735 0.9347406181015452 0.42563465783664456 0.9312913907284768 0.43977649006622516 0.9306015452538631 0.4504690949227373 0.9323261589403973 0.4618515452538631 0.9364652317880794 0.4704746136865342 0.9423289183222958 0.47599337748344367 0.9492273730684327 0.479787527593819 0.9557809050772627 0.4832367549668874 0.9637141280353201 0.4846164459161148 0.970612582781457 0.48496136865342165 0.9775110375275938 0.4839266004415011 0.9844094922737306 0.48116721854304634 0.9895833333333334 0.47323399558498896 0.9937224061810155 0.4663355408388521 0.9951020971302428 0.45633278145695366 0.9944122516556291 0.4442604856512141 0.9926876379690949 0.4325331125827815 0.9885485651214128 0.42391004415011035 0.9837196467991169 0.41873620309050774 0.9792356512141279 0.41114790286975716 0.9702676600441501 0.4094232891832229 0.9664735099337748 0.40769867549668876 0.9623344370860927
1 0.591887417218543 0.9633692052980133 0.6005104856512141 0.9478476821192052 0.6060292494481236 0.941983995584989 0.61189293598234 0.9375 0.6201710816777042 0.9326710816777042 0.6256898454746137 0.9295667770419427 0.6367273730684327 0.926462472406181 0.6453504415011037 0.9257726269315673 0.6529387417218543 0.9257726269315673 0.6598371964679912 0.9278421633554085 0.6660458057395143 0.9340507726269316 0.6691501103752759 0.9385347682119206 0.6715645695364238 0.9457781456953642 0.6722544150110376 0.953021523178808 0.6708747240618101 0.959575055187638 0.6650110375275938 0.970612582781457 0.6556981236203091 0.9837196467991169 0.6505242825607064 0.9885485651214128 0.6443156732891833 0.9926876379690949 0.6377621412803532 0.9961368653421634 0.6281043046357616 0.9985513245033112 0.6222406181015452 0.9988962472406181 0.6122378587196468 0.9988962472406181 0.6025800220750551 0.9961368653421634 0.596371412803532 0.9913079470198676 0.5925772626931567 0.985789183222958 0.5911975717439294 0.9806153421633554 0.5901628035320088 0.9761313465783664 0.5901628035320088 0.9713024282560706 0.5911975717439294 0.9671633554083885
1 0.7181291390728476 0.8309188741721855 0.7053669977924945 0.8240204194260485 0.695364238410596 0.8157422737306843 0.6919150110375276 0.8084988962472406 0.6891556291390728 0.8009105960264901 0.6891556291390728 0.7936672185430463 0.690880242825607 0.7881484547461369 0.6929497792494481 0.7829746136865342 0.697433774834437 0.7760761589403973 0.7015728476821191 0.7726269315673289 0.7077814569536424 0.7709023178807947 0.717439293598234 0.7709023178807947 0.7246826710816776 0.7722820088300221 0.730891280353201 0.7740066225165563 0.7391694260485652 0.7778007726269316 0.7464128035320088 0.7826296909492273 0.7550358719646799 0.7929773730684327 0.7571054083885209 0.7971164459161149 0.7588300220750551 0.8019453642384106 0.7605546357615894 0.8088438189845475 0.7615894039735099 0.8153973509933775 0.7598647902869757 0.8219508830022075 0.7567604856512141 0.8254001103752759 0.7522764900662252 0.8274696467991169 0.7491721854304636 0.8288493377483444 0.7436534216335541 0.8302290286975718 0.7360651214128036 0.8312637969094923 0.7312362030905076 0.8312637969094923 0.7270971302428255 0.8312637969094923
1 0.7843543046357616 0.8678256070640177 0.7798703090507727 0.8595474613686533 0.7784906181015452 0.8505794701986755 0.7784906181015452 0.8436810154525386 0.7784906181015452 0.8381622516556291 0.7809050772626931 0.8326434878587197 0.7843543046357616 0.8285044150110376 0.7891832229580573 0.8267798013245033 0.7936672185430463 0.8254001103752759 0.8009105960264901 0.8254001103752759 0.8071192052980133 0.8264348785871964 0.8126379690949227 0.8291942604856513 0.8171219646799117 0.8336782560706403 0.8216059602649006 0.8423013245033112 0.8243653421633554 0.8505794701986755 0.8257450331125827 0.858512693156733 0.8260899558498896 0.8661009933774834 0.8240204194260485 0.8719646799116998 0.8212610375275938 0.8761037527593819 0.8171219646799117 0.8792080573951434 0.8116032008830022 0.8816225165562914 0.8043598233995585 0.8826572847682119 0.7984961368653422 0.8826572847682119 0.7940121412803532 0.8812775938189845 0.78780353200883 0.8750689845474613 0.7853890728476821 0.871619757174393
1 0.9012831125827815 0.9737168874172185 0.8819674392935982 0.9650938189845475 0.8695502207505519 0.9547461368653422 0.862651766004415 0.9450883002207505 0.858167770419426 0.9340507726269316 0.8560982339955849 0.9233581677704195 0.8564431567328918 0.9150800220750551 0.858167770419426 0.9078366445916115 0.8619619205298013 0.9016280353200883 0.8674806843267109 0.8971440397350994 0.8754139072847682 0.8930049668874173 0.8864514348785872 0.8923151214128036 0.8974889624724062 0.8947295805739515 0.910940949227373 0.9026628035320088 0.9209437086092715 0.9123206401766004 0.926462472406181 0.9226683222958058 0.9302566225165563 0.9316363134657837 0.9323261589403973 0.9388796909492273 0.9326710816777042 0.9475027593818984 0.9326710816777042 0.9554359823399559 0.9302566225165563 0.9619895143487859 0.9254277041942606 0.9675082781456954 0.9202538631346578 0.9716473509933775 0.9147350993377483 0.9740618101545254 0.9099061810154525 0.9747516556291391
1 0.8560982339955849 0.7377897350993378 0.8529939293598233 0.7302014348785872 0.851614238410596 0.723992825607064 0.8523040838852097 0.7170943708609272 0.8547185430463576 0.7101959161147903 0.8609271523178809 0.7032974613686533 0.8657560706401767 0.6998482339955849 0.8757588300220751 0.6991583885209712 0.8833471302428255 0.6998482339955849 0.8950745033112583 0.7026076158940397 0.9050772626931567 0.7067466887417219 0.9105960264900662 0.7119205298013245 0.9181843267108167 0.7226131346578366 0.9226683222958058 0.7302014348785872 0.9254277041942606 0.7377897350993378 0.926462472406181 0.7450331125827815 0.9261175496688742 0.7515866445916115 0.9233581677704195 0.7567604856512141 0.9188741721854304 0.7602097130242825 0.9119757174392936 0.7626241721854304 0.9030077262693157 0.7629690949227373 0.8926600441501104 0.7615894039735099 0.8816225165562914 0.7574503311258278 0.8723096026490066 0.7515866445916115 0.8647213024282561 0.7457229580573952 0.860582229580574 0.7412389624724062
1 0.9798119469026549 0.8373893805309734 0.9742809734513274 0.8383112094395281 0.9682890855457227 0.8378502949852507 0.9636799410029498 0.8355457227138643 0.959070796460177 0.8295538348082595 0.9572271386430679 0.8226401179941003 0.9572271386430679 0.8125 0.9581489675516224 0.8023598820058998 0.9613753687315634 0.7945243362831859 0.9659845132743362 0.7880715339233039 0.9733591445427728 0.783462389380531 0.9830383480825959 0.7802359882005899 0.9908738938053097 0.7793141592920354 0.9968657817109144 0.7802359882005899 0.9989583333333333 0.7802083333333333 0.9989583333333333 0.8208333333333333 0.9931784660766961 0.828632005899705 0.9858038348082595 0.8346238938053098
1 0.34651548672566373 0.8438421828908554 0.3497418879056048 0.8313974926253688 0.3557337758112095 0.8198746312684366 0.3631084070796461 0.8111172566371682 0.3695612094395281 0.8042035398230089 0.3797013274336284 0.7982116519174042 0.3916851032448378 0.7949852507374632 0.40136430678466084 0.7945243362831859 0.41012168141592925 0.796367994100295 0.41242625368731567 0.7986725663716815 0.4151917404129794 0.8051253687315634 0.416113569321534 0.8129609144542773 0.4151917404129794 0.8221792035398231 0.4119653392330384 0.8318584070796461 0.40873893805309736 0.8429203539823009 0.4045907079646018 0.8502949852507375 0.39998156342182895 0.8567477876106194 0.3921460176991151 0.862278761061947 0.3843104719764012 0.8664269911504425 0.3783185840707965 0.8678097345132744 0.3695612094395281 0.8682706489675517 0.3626474926253688 0.8678097345132744 0.35158554572271394 0.8655051622418879 0.3469764011799411 0.8613569321533923 0.3446718289085547 0.8549041297935104 0.3446718289085547 0.8493731563421829
1 0.06810897435897437 0.7335737179487178 0.061698717948717945 0.7227564102564102 0.06129807692307692 0.7119391025641025 0.060496794871794865 0.7023237179487178 0.06209935897435897 0.6927083333333334 0.06490384615384616 0.6818910256410257 0.06810897435897437 0.6754807692307693 0.07371794871794872 0.6682692307692307 0.08052884615384616 0.6642628205128205 0.08974358974358973 0.6626602564102565 0.09815705128205128 0.6634615384615384 0.10296474358974358 0.6662660256410257 0.10777243589743589 0.672275641025641 0.10977564102564102 0.6790865384615384 0.1109775641025641 0.688301282051282 0.1109775641025641 0.6991185897435896 0.1109775641025641 0.7099358974358975 0.10897435897435898 0.7227564102564102 0.10657051282051282 0.7299679487179487 0.10216346153846154 0.7359775641025641 0.09695512820512821 0.7399839743589743 0.09054487179487179 0.7415865384615384 0.08373397435897437 0.7419871794871794 0.07772435897435898 0.7411858974358975 0.07291666666666667 0.7379807692307693
1 0.18549679487179485 0.6866987179487178 0.17387820512820512 0.6891025641025641 0.1622596153846154 0.6891025641025641 0.15264423076923078 0.6858974358974359 0.1466346153846154 0.6826923076923077 0.14142628205128205 0.6778846153846153 0.13822115384615383 0.6702724358974359 0.13741987179487178 0.6646634615384616 0.13741987179487178 0.6578525641025641 0.140625 0.6530448717948718 0.1466346153846154 0.6482371794871794 0.15544871794871795 0.6454326923076923 0.16626602564102563 0.6446314102564102 0.17748397435897437 0.6450320512820512 0.18509615384615383 0.6478365384615384 0.19110576923076922 0.6518429487179487 0.1943108974358974 0.657051282051282 0.19591346153846154 0.6618589743589743 0.19591346153846154 0.6682692307692307 0.19471153846153844 0.6746794871794871 0.19310897435897437 0.6806891025641025 0.19150641025641024 0.6826923076923077
1 0.17748397435897437 0.8357371794871794 0.17548076923076922 0.8253205128205128 0.17347756410256407 0.8177083333333334 0.1750801282051282 0.8076923076923077 0.17828525641025642 0.797676282051282 0.1814903846153846 0.7904647435897435 0.18669871794871795 0.7844551282051282 0.1935096153846154 0.7796474358974359 0.19951923076923075 0.7764423076923077 0.20793269230769232 0.7748397435897435 0.21634615384615383 0.7752403846153846 0.22395833333333334 0.7792467948717949 0.22716346153846154 0.7852564102564102 0.22956730769230768 0.7940705128205128 0.22956730769230768 0.8068910256410257 0.2283653846153846 0.8181089743589743 0.2255608974358974 0.8305288461538461 0.2219551282051282 0.8397435897435896 0.21634615384615383 0.8473557692307693 0.2099358974358974 0.8529647435897435 0.20152243589743588 0.8557692307692307 0.19230769230769232 0.8561698717948718 0.18790064102564102 0.8533653846153846 0.18269230769230768 0.8501602564102563 0.18028846153846154 0.8457532051282051 0.17908653846153844 0.8421474358974359
1 0.07532051282051282 0.9503205128205128 0.0829326923076923 0.9411057692307693 0.09134615384615384 0.9362980769230769 0.10336538461538461 0.9318910256410257 0.11618589743589743 0.9294871794871794 0.1282051282051282 0.9294871794871794 0.13822115384615383 0.9302884615384616 0.1466346153846154 0.9326923076923077 0.15264423076923078 0.9362980769230769 0.15825320512820512 0.9427083333333334 0.16105769230769232 0.9495192307692307 0.16025641025641024 0.9611378205128205 0.15504807692307693 0.9675480769230769 0.1502403846153846 0.9719551282051282 0.140625 0.9759615384615384 0.1282051282051282 0.9783653846153846 0.11458333333333333 0.9787660256410255 0.10256410256410256 0.9783653846153846 0.09174679487179488 0.9759615384615384 0.08573717948717949 0.9735576923076922 0.07932692307692307 0.969150641025641 0.07532051282051282 0.9647435897435896 0.0733173076923077 0.9571314102564102 0.07371794871794872 0.9551282051282051
1 0.31810897435897434 0.9635416666666666 0.312900641025641 0.9583333333333334 0.31009615384615385 0.9519230769230769 0.30969551282051283 0.9431089743589743 0.30969551282051283 0.9366987179487178 0.312900641025641 0.9266826923076923 0.31530448717948717 0.9206730769230769 0.3189102564102564 0.9162660256410257 0.32491987179487175 0.9130608974358975 0.33493589743589747 0.9134615384615384 0.34254807692307687 0.9178685897435896 0.3501602564102564 0.9242788461538461 0.35616987179487175 0.9322916666666666 0.359775641025641 0.9407051282051282 0.3605769230769231 0.9487179487179487 0.36017628205128205 0.9559294871794871 0.359775641025641 0.9619391025641025 0.3577724358974359 0.9671474358974359 0.3521634615384615 0.9711538461538461 0.3453525641025641 0.9723557692307693 0.3385416666666667 0.9723557692307693 0.3317307692307692 0.9711538461538461 0.3261217948717949 0.969551282051282
1 0.0014880952380952846 0.8219930213464697 0.010724548440065727 0.8163485221674877 0.021500410509031242 0.8132697044334976 0.03022372742200333 0.8132697044334976 0.037920771756978694 0.815322249589491 0.04715722495894913 0.8209667487684729 0.05639367816091958 0.8302032019704433 0.05998563218390808 0.8368739737274219 0.06357758620689659 0.8445710180623974 0.0646038587848933 0.8538074712643677 0.06357758620689659 0.8604782430213463 0.05998563218390808 0.8666358784893267 0.053827996715927785 0.8717672413793103 0.04613095238095242 0.8748460591133005 0.03689449917898198 0.8722803776683087 0.025092364532019747 0.8661227422003284 0.012263957307060801 0.858425697865353 0.006106321839080506 0.8517549261083743 0.003027504105090358 0.845597290640394 0.0014880952380952846 0.8409790640394088 0.0 0.8291666666666667
1 0.0 0.4041666666666667 0.012688386524822744 0.40663785460992913 0.0209995567375887 0.4110704787234043 0.02986480496453905 0.41550310283687947 0.03429742907801424 0.420489804964539 0.03873005319148941 0.428800975177305 0.044270833333333384 0.4481937056737589 0.04593306737588657 0.45595079787234044 0.04482491134751778 0.4631538120567376 0.0420545212765958 0.46924867021276595 0.03540558510638303 0.47534352836879434 0.02875664893617026 0.47811391843971635 0.017675088652482317 0.47811391843971635 0.007147606382978774 0.47478945035460995 0.0 0.46770833333333334 0.0004986702127660078 0.4121786347517731
0 0.3928257042253521 0.8168280516431925 0.38842429577464793 0.8208626760563381 0.3858568075117371 0.8230633802816901 0.38255575117370894 0.8248973004694836 0.3785211267605634 0.8274647887323944 0.37448650234741787 0.83149941314554 0.370818661971831 0.8362676056338028 0.36788438967136156 0.8410357981220657 0.36788438967136156 0.8436032863849765 0.3704518779342723 0.8447036384976526 0.37558685446009393 0.8414025821596244 0.37962147887323944 0.8362676056338028 0.38438967136150237 0.8307658450704225 0.3887910798122066 0.8270980046948357 0.39245892018779344 0.8234301643192489 0.39355927230046955 0.8215962441314555
0 0.48452171361502355 0.8725792253521126 0.4764524647887324 0.8604753521126761 0.47315140845070425 0.8516725352112676 0.4720510563380282 0.8436032863849765 0.47278462441314556 0.8417693661971832 0.4768192488262911 0.846537558685446 0.48012030516431925 0.8524061032863851 0.48305457746478875 0.858274647887324 0.4848884976525822 0.8637764084507042 0.48525528169014087 0.8678110328638499
0 0.5637470657276996 0.8289319248826292 0.5721830985915494 0.8274647887323944 0.5780516431924883 0.8219630281690141 0.5809859154929577 0.8179284037558685 0.5886883802816901 0.8094923708920188 0.5923562206572771 0.8017899061032864 0.5923562206572771 0.7977552816901409 0.5912558685446009 0.7951877934272301 0.5883215962441315 0.7962881455399061 0.584286971830986 0.7988556338028169 0.5806191314553991 0.8036238262910799 0.572549882629108 0.8131602112676057 0.5685152582159625 0.8190287558685446 0.5659477699530517 0.8230633802816901 0.5641138497652582 0.8252640845070423
0 0.6332236842105262 0.721765350877193 0.6288377192982455 0.7288925438596491 0.6274671052631579 0.7327302631578946 0.6266447368421052 0.7376644736842105 0.6266447368421052 0.7423245614035087 0.6271929824561403 0.7442434210526315 0.6285635964912281 0.7417763157894737 0.631578947368421 0.7346491228070174 0.6334978070175439 0.7275219298245613 0.6337719298245614 0.725328947368421
0 0.3429276315789473 0.4473684210526316 0.3385416666666667 0.45093201754385964 0.3363486842105263 0.45449561403508765 0.33388157894736836 0.45751096491228066 0.32949561403508765 0.4610745614035087 0.3267543859649123 0.46408991228070173 0.32483552631578944 0.4676535087719298 0.3231907894736842 0.4728618421052631 0.32401315789473684 0.47560307017543857 0.3270285087719298 0.47423245614035087 0.334703947368421 0.46354166666666663 0.337719298245614 0.4605263157894736 0.3421052631578947 0.45504385964912275 0.3440241228070175 0.4517543859649123 0.3464912280701754 0.4473684210526316 0.3470394736842105 0.4457236842105263
0 0.6592351369405478 0.3709502338009352 0.6544338677354709 0.37199398797595185 0.6513026052104208 0.373872745490982 0.647753841015364 0.37679525718102874 0.645248830995324 0.37992651970607877 0.6429525718102872 0.38347528390113556 0.6398213092852371 0.3872327989311957 0.6368987975951903 0.38952905811623245 0.6350200400801603 0.39182531730126924 0.6364812959251837 0.3914078156312625 0.6421175684702739 0.3886940547762191 0.6454575818303272 0.3853540414161657 0.6485888443553773 0.3826402805611222 0.6517201068804275 0.37867401469605877 0.6540163660654642 0.37637775551102204 0.6573563794255176 0.37429024716098863
0 0.5861723446893787 0.24820474281897126 0.583876085504342 0.25008350033400134 0.5817885771543085 0.2525885103540414 0.5797010688042753 0.25571977287909153 0.5776135604542418 0.2598947895791583 0.5767785571142284 0.2638610554442218 0.5761523046092184 0.2676185704742819 0.5761523046092184 0.26887107548430195 0.5786573146292585 0.2661573146292585 0.5824148296593187 0.2621910487641951 0.5842935871743486 0.2586422845691383 0.585754843019372 0.2550935203740815 0.5865898463593855 0.2525885103540414 0.5867985971943888 0.251127254509018
0 0.40038410153640613 0.24277722110888442 0.3905728122912491 0.24653473613894455 0.3838927855711423 0.249874749498998 0.3793002672010688 0.2527972611890447 0.37763026052104204 0.25530227120908483 0.3795090180360721 0.2563460253841015 0.3853540414161657 0.25530227120908483 0.3897378089512358 0.2536322645290581 0.3941215764863059 0.2509185036740147 0.3968353373413494 0.2479959919839679 0.3991315965263861 0.24611723446893788 0.40268036072144286 0.24215096860387442
0 0.5389946559786238 0.12984301937207748 0.5314796259185036 0.14090681362725452 0.5285571142284569 0.1457080828323313 0.5254258517034068 0.15092685370741482 0.5227120908483633 0.1561456245824983 0.52062458249833 0.15990313961255845 0.5189545758183033 0.16386940547762188 0.5187458249832999 0.16700066800267202 0.52125083500334 0.16804442217768872 0.5247995991983968 0.16637441549766196 0.5279308617234469 0.1607381429525718 0.5335671342685371 0.1503006012024048 0.5389946559786238 0.14090681362725452 0.5417084168336673 0.13547929191716765 0.5425434201736807 0.13172177688710754 0.5423346693386774 0.12984301937207748 0.541499665998664 0.12921676686706746
0 0.36137071651090336 0.15031152647975077 0.3533878504672897 0.15245327102803735 0.3481308411214953 0.15576323987538937 0.34365264797507783 0.1588785046728972 0.3397585669781931 0.16238317757009343 0.337227414330218 0.16569314641744545 0.33995327102803735 0.16608255451713394 0.3450155763239875 0.1637461059190031 0.35260903426791274 0.16024143302180685 0.35689252336448596 0.1563473520249221 0.36078660436137067 0.15342679127725856
0 0.24264705882352938 0.1372549019607843 0.2410130718954248 0.13909313725490194 0.24060457516339867 0.14195261437908493 0.24142156862745096 0.14583333333333331 0.24223856209150324 0.14991830065359477 0.24407679738562088 0.1574754901960784 0.24591503267973855 0.16176470588235292 0.24877450980392152 0.16584967320261434 0.2512254901960784 0.1670751633986928 0.2526552287581699 0.16462418300653595 0.2526552287581699 0.16033496732026142 0.24897875816993462 0.1531862745098039 0.24734477124183005 0.1472630718954248 0.24734477124183005 0.14297385620915032 0.24673202614379083 0.13991013071895425 0.24591503267973855 0.13848039215686275
0 0.19570360195360198 0.22680097680097683 0.1945589133089133 0.2288995726495727 0.19551282051282054 0.23309676434676438 0.20028235653235657 0.23538614163614166 0.21840659340659344 0.2393925518925519 0.22451159951159955 0.24015567765567766 0.2300442612942613 0.2397741147741148 0.23061660561660563 0.23824786324786326 0.22775488400488403 0.2355769230769231 0.21802503052503053 0.2309981684981685 0.20772283272283276 0.2285180097680098 0.2033348595848596 0.22699175824175827 0.20066391941391942 0.2266101953601954
0 0.07846715328467152 0.06478102189781022 0.07588199513381993 0.06158759124087591 0.07390510948905109 0.06097931873479318 0.07268856447688564 0.06265206812652067 0.07390510948905109 0.06614963503649635 0.07649026763990267 0.07162408759124086 0.07968369829683698 0.07877128953771288 0.07998783454987834 0.08485401459854014 0.08044403892944038 0.08850364963503649 0.08090024330900243 0.09215328467153285 0.08287712895377128 0.09443430656934307 0.08546228710462286 0.09458637469586374 0.08652676399026762 0.0924574209245742 0.08500608272506081 0.08698296836982969 0.0843978102189781 0.08013990267639902 0.08318126520681265 0.07572992700729926 0.08074817518248174 0.06964720194647202
0 0.05245803357314149 0.27003397282174263 0.05195843325339729 0.280775379696243 0.05170863309352518 0.28776978417266186 0.05170863309352518 0.29376498800959233 0.05170863309352518 0.29901079136690645 0.05120903277378098 0.3042565947242206 0.05070943245403677 0.30925259792166265 0.050959232613908875 0.3117505995203837 0.0542066346922462 0.3120003996802558 0.05695443645083933 0.3087529976019185 0.05770383693045564 0.3022581934452438 0.05895283772981615 0.29401478816946447 0.059702238209432455 0.28627098321342925 0.05870303756994404 0.2780275779376499 0.05770383693045564 0.27527977617905675 0.055955235811350916 0.271033173461231
0 0.014404565456545683 0.4444788228822882 0.004778602860286059 0.4341652915291529 0.003059680968096841 0.43141501650165015 0.003059680968096841 0.42832095709570955 0.005466171617161747 0.42797717271727176 0.009935368536853716 0.42900852585258525 0.014404565456545683 0.4327901540154015 0.018186193619361968 0.43829070407040704 0.020936468646864718 0.4434474697469747 0.02128025302530256 0.44688531353135313 0.019561331133113345 0.44757288228822883
0 0.45338760504201675 0.9722514005602242 0.4286589635854341 0.9591211484593838 0.4262517507002801 0.9573704481792717 0.424938725490196 0.9536502100840336 0.425595238095238 0.9516806722689075 0.4280024509803921 0.9508053221288516 0.43347338935574226 0.9516806722689075 0.4411327030812325 0.9554009103641457 0.4592962184873949 0.9667804621848739 0.461265756302521 0.968093487394958 0.462359943977591 0.9709383753501402 0.461046918767507 0.972470238095238 0.4601715686274509 0.9731267507002801 0.45732668067226884 0.9733455882352942
0 0.6116071428571428 0.9700630252100841 0.6297706582633054 0.9573704481792717 0.6361169467787116 0.9532125350140056 0.6420255602240896 0.9497111344537815 0.6468399859943977 0.9479604341736695 0.6503413865546219 0.9475227591036415 0.6523109243697479 0.9494922969187676 0.6518732492997199 0.9521183473389355 0.6490283613445378 0.9562762605042018 0.6339285714285714 0.968093487394958 0.6278011204481793 0.9715948879551821 0.6236432072829132 0.9735644257703081 0.620141806722689 0.9748774509803921 0.615765056022409 0.9755339635854342 0.6129201680672269 0.9755339635854342 0.6102941176470588 0.9753151260504201 0.6089810924369748 0.9744397759103641 0.6091999299719889 0.972470238095238
0 0.7376575630252101 0.811186974789916 0.733718487394958 0.81031162464986 0.7254026610644257 0.8070290616246499 0.7109593837535014 0.7987132352941176 0.7087710084033614 0.7967436974789915 0.7072391456582633 0.7938988095238095 0.7070203081232493 0.7917104341736695 0.7107405462184874 0.7901785714285714 0.7148984593837535 0.7921481092436975 0.7205882352941176 0.7954306722689075 0.7291228991596639 0.8002450980392157 0.7363445378151261 0.8046218487394958 0.7383140756302521 0.807466736694678
0 0.9002538515406163 0.9473039215686275 0.8934698879551821 0.9409576330532213 0.886685924369748 0.9332983193277311 0.8831845238095238 0.928483893557423 0.8790266106442578 0.9210434173669468 0.8783700980392157 0.9175420168067226 0.8788077731092437 0.9157913165266106 0.8809961484593838 0.9151348039215687 0.8844975490196079 0.9186362044817927 0.8978466386554622 0.9354866946778713 0.9035364145658263 0.9427083333333334 0.9057247899159664 0.9466474089635855 0.9061624649859944 0.9494922969187676 0.9046306022408964 0.9503676470588236 0.9020045518207283 0.9494922969187676
0 0.88953081232493 0.738532913165266 0.8709296218487396 0.7232142857142858 0.8693977591036415 0.7210259103641457 0.8689600840336135 0.7181810224089635 0.8715861344537815 0.7164303221288516 0.8753063725490197 0.7179621848739496 0.8807773109243697 0.7210259103641457 0.8862482492997199 0.7273721988795518 0.8936887254901962 0.7324054621848739 0.8974089635854342 0.7354691876750701 0.8998161764705883 0.738095238095238 0.9009103641456584 0.7402836134453782 0.9006915266106443 0.7420343137254902 0.8995973389355743 0.7424719887955182 0.8958771008403361 0.7418154761904762
0 0.693671218487395 0.577249649859944 0.6890756302521008 0.5796568627450981 0.6801032913165267 0.578562675070028 0.6617209383753502 0.5733105742296919 0.657563025210084 0.5715598739495799 0.655593487394958 0.5678396358543417 0.656687675070028 0.5656512605042017 0.6606267507002801 0.5645570728291317 0.6674107142857143 0.5656512605042017 0.6720063025210085 0.5682773109243697 0.6770395658263305 0.5695903361344538 0.6822916666666666 0.5704656862745098 0.6873249299719889 0.5715598739495799 0.6899509803921569 0.573091736694678 0.692358193277311 0.574623599439776
0 0.8836221988795518 0.45273109243697474 0.8785889355742298 0.4511992296918767 0.8742121848739496 0.44922969187675066 0.8726803221288516 0.4468224789915966 0.8744310224089635 0.4450717787114845 0.8790266106442578 0.4461659663865546 0.8840598739495799 0.44791666666666663 0.886029411764706 0.44944852941176466 0.886685924369748 0.4514180672268907
0 0.7976190476190477 0.4669555322128851 0.7987132352941176 0.4700192577030812 0.7984943977591037 0.47395833333333326 0.7969625350140056 0.47724089635854333 0.7947741596638657 0.4778974089635854 0.7919292717086835 0.4765843837535014 0.7917104341736695 0.4728641456582633 0.7919292717086835 0.46870623249299714 0.7930234593837535 0.46476715686274506 0.7949929971988795 0.46411064425770304
0 0.8954394257703081 0.3378413865546218 0.889749649859944 0.34178046218487385 0.8882177871148459 0.345719537815126 0.887123599439776 0.3503151260504201 0.886904761904762 0.35512955182072825 0.886685924369748 0.35884978991596633 0.886467086834734 0.36322654061624643 0.8873424369747899 0.3673844537815125 0.8882177871148459 0.3693539915966386 0.8912815126050421 0.3702293417366946 0.8936887254901962 0.3684786414565826 0.894345238095238 0.36366421568627444 0.894345238095238 0.3577556022408963 0.8950017507002801 0.3520658263305322 0.8950017507002801 0.347251400560224 0.8960959383753502 0.3428746498599439 0.8969712885154062 0.3413427871148459 0.8969712885154062 0.34002976190476186
0 0.736125700280112 0.15970763305322125 0.7273721988795518 0.1592699579831932 0.7240896358543417 0.15948879551820724 0.7203693977591037 0.16014530812324923 0.7177433473389355 0.15970763305322125 0.7159926470588236 0.1588322829131652 0.7142419467787116 0.15642507002801112 0.7122724089635855 0.15554971988795513 0.7122724089635855 0.15314250700280105 0.7159926470588236 0.15182948179271702 0.7208070728291317 0.15204831932773102 0.7262780112044818 0.15358018207282906 0.732624299719888 0.1540178571428571 0.7405024509803921 0.1548932072829131 0.7461922268907563 0.15620623249299712 0.7501313025210085 0.1581757703081232 0.7507878151260505 0.16014530812324923 0.7488182773109244 0.16299019607843132 0.7455357142857143 0.16320903361344533 0.7415966386554622 0.16167717086834726 0.7378764005602242 0.16102065826330528
0 0.9125087535014006 0.2089460784313725 0.9444590336134454 0.20697654061624643 0.9523371848739496 0.20653886554621842 0.9567139355742298 0.20675770308123242 0.9604341736694678 0.20850840336134446 0.9624037114845939 0.21113445378151255 0.9599964985994398 0.21200980392156857 0.9545255602240896 0.21222864145658257 0.9497111344537815 0.21266631652661058 0.9459908963585434 0.2139793417366946 0.9420518207282914 0.2139793417366946 0.927389705882353 0.2139793417366946 0.9177608543417367 0.21529236694677864 0.9129464285714286 0.2163865546218487 0.9085696778711484 0.2172619047619047 0.9035364145658263 0.21594887955182068 0.9011292016806723 0.2133228291316526 0.9013480392156864 0.21069677871148454 0.9037552521008404 0.2089460784313725 0.9081320028011205 0.20850840336134446
0 0.693233543417367 0.05357142857142851 0.7006740196078431 0.05335259103641451 0.7063637955182073 0.05203956582633047 0.7109593837535014 0.04985119047619042 0.7148984593837535 0.04788165266106437 0.7210259103641457 0.048100490196078365 0.7260591736694678 0.04985119047619042 0.7271533613445378 0.05225840336134448 0.7258403361344538 0.05488445378151254 0.7223389355742298 0.05597864145658257 0.7159926470588236 0.05575980392156857 0.7089898459383754 0.05663515406162459 0.7046130952380952 0.05729166666666661 0.6993609943977591 0.05838585434173663 0.6921393557422969 0.05926120448179265 0.6864495798319328 0.059480042016806664 0.6814163165266106 0.058604691876750645 0.6809786414565827 0.05729166666666661 0.6820728291316527 0.055103291316526554 0.6853553921568628 0.05335259103641451 0.6892944677871148 0.05225840336134448
0 0.9442401960784313 0.07567401960784309 0.9389880952380952 0.07698704481792712 0.9350490196078431 0.07851890756302517 0.930453431372549 0.08202030812324926 0.928921568627451 0.08442752100840331 0.930234593837535 0.08508403361344533 0.9346113445378151 0.0842086834733893 0.9400822829131653 0.08180147058823524 0.9438025210084034 0.07961309523809518 0.9473039215686275 0.07545518207282909
0 0.8733368347338936 0.0038953081232492403 0.8652398459383754 0.005646008403361285 0.8615196078431373 0.007177871148459324 0.8584558823529412 0.008928571428571369 0.8564863445378151 0.011992296918767447 0.8573616946778712 0.014837184873949522 0.8599877450980392 0.015712535014005543 0.8639268207282914 0.015056022408963527 0.8680847338935574 0.013086484593837478 0.8724614845938377 0.010679271708683415 0.8766193977591037 0.009803921568627392 0.8814338235294118 0.009147408963585376 0.8873424369747899 0.008053221288515346 0.8917191876750701 0.006302521008403302 0.8956582633053222 0.0038953081232492403 0.8971901260504201 0.001706932773109184 0.886685924369748 0.0012692577030811727 0.8805584733893558 0.0028011204481792123 0.8774947478991597 0.003019957983193218
0 0.08868243243243243 0.6911599099099098 0.08811936936936937 0.7136824324324323 0.08671171171171171 0.71875 0.08445945945945946 0.7212837837837838 0.0813626126126126 0.7204391891891891 0.07939189189189189 0.7125563063063063 0.07967342342342341 0.7010135135135135 0.08079954954954954 0.6931306306306306 0.08192567567567567 0.6877815315315314 0.08445945945945946 0.6846846846846847 0.08671171171171171 0.6849662162162161 0.08783783783783784 0.6875
0 0.986828295549958 0.798436188077246 0.9836796809403862 0.800010495382032 0.980793450881612 0.802896725440806 0.9784319899244331 0.8060453400503779 0.9758081444164567 0.8102434928631402 0.9734466834592779 0.8147040302267002 0.9731842989084802 0.8173278757346767 0.9744962216624684 0.8191645675902602 0.976332913518052 0.8189021830394626 0.9821053736356002 0.8131297229219143 0.9878778337531486 0.8042086481947943 0.988993710691824 0.8018867924528302 0.989190251572327 0.800314465408805
0 0.04003825475599672 0.8514009511993383 0.030474565756823842 0.8464898676592225 0.026338916459884225 0.8428711745244004 0.024529569892473138 0.8392524813895782 0.025046526054590592 0.8379600909842845 0.02788978494623658 0.8395109594706369 0.0330593465674111 0.843129652605459 0.036936517783292 0.8457144334160464 0.0408136889991729 0.8482992142266336 0.042881513647642706 0.8514009511993383
