1 0.49388323643410853 0.06328730620155039 0.4972141472868217 0.05874515503875969 0.5017562984496124 0.056019864341085274 0.505390019379845 0.055414244186046506 0.5105377906976745 0.05571705426356589 0.5153827519379844 0.056928294573643415 0.5202277131782946 0.05935077519379845 0.5244670542635659 0.06268168604651163 0.5274951550387598 0.06661821705426357 0.5335513565891472 0.07328003875968993 0.5383963178294574 0.08024467054263566 0.540515988372093 0.08387839147286821 0.5420300387596899 0.08690649224806202 0.5441497093023256 0.09205426356589147 0.5450581395348838 0.0962936046511628 0.5450581395348838 0.10083575581395349 0.5450581395348838 0.10477228682170542 0.5435440891472869 0.10780038759689922 0.5408187984496123 0.11082848837209301 0.538093507751938 0.1126453488372093 0.534156976744186 0.11415939922480621 0.5302204457364341 0.11506782945736435 0.525375484496124 0.11506782945736435 0.5178052325581396 0.11385658914728683 0.5138687015503876 0.11173691860465115 0.5090237403100776 0.10719476744186048 0.5017562984496124 0.09962451550387597 0.4972141472868217 0.09235707364341086 0.49418604651162795 0.08478682170542635 0.49327761627906974 0.0811531007751938 0.49236918604651164 0.07570251937984497 0.49236918604651164 0.07146317829457365 0.49236918604651164 0.06843507751937984 0.4929748062015504 0.06631540697674418
1 0.6219718992248062 0.14928536821705427 0.6231831395348838 0.1429263565891473 0.6265140503875969 0.13172238372093023 0.6304505813953489 0.12354651162790699 0.6349927325581395 0.11839874031007752 0.6422601744186046 0.11082848837209301 0.6477107558139535 0.10598352713178295 0.6549781976744187 0.10113856589147288 0.6619428294573644 0.09780765503875968 0.6676962209302325 0.09659641472868218 0.6746608527131782 0.09659641472868218 0.6801114341085271 0.09811046511627906 0.6843507751937985 0.10083575581395349 0.6873788759689923 0.10507509689922481 0.6907097868217054 0.11203972868217055 0.6922238372093024 0.11839874031007752 0.6925266472868218 0.1247577519379845 0.6925266472868218 0.13141957364341086 0.6901041666666666 0.14232073643410853 0.6861676356589148 0.15019379844961242 0.6773861434108528 0.1607921511627907 0.6689074612403101 0.16684835271317827 0.6625484496124031 0.1698764534883721 0.6555838178294574 0.171390503875969 0.6477107558139535 0.17229893410852712 0.6410489341085271 0.17199612403100775 0.6307533914728682 0.16745397286821706 0.6268168604651163 0.1638202519379845 0.6237887596899225 0.15988372093023256 0.6222747093023256 0.15685562015503876 0.6219718992248062 0.1535247093023256
1 0.7437865497076023 0.10938805346700083 0.7398705096073517 0.10521094402673349 0.7362155388471178 0.09972848788638262 0.7338659147869674 0.09555137844611528 0.7330827067669172 0.09006892230576441 0.7336048454469507 0.0804093567251462 0.7341269841269841 0.07388262322472848 0.7359544695071011 0.06761695906432748 0.7383040935672514 0.06239557226399331 0.7419590643274854 0.05743525480367585 0.7479636591478696 0.05325814536340852 0.7531850459482038 0.050647451963241434 0.7602339181286549 0.04986424394319131 0.7675438596491228 0.05038638262322472 0.773548454469507 0.0524749373433584 0.7777255639097744 0.055085630743525474 0.780858395989975 0.06004594820384294 0.7837301587301586 0.0650062656641604 0.7852965747702589 0.07048872180451128 0.7855576441102756 0.07597117794486215 0.7855576441102756 0.08275898078529657 0.7847744360902256 0.08771929824561403 0.7826858813700919 0.09424603174603173 0.779030910609858 0.10129490392648287 0.7732873851294904 0.10808270676691728 0.7688492063492063 0.1117376775271512 0.7638888888888888 0.11330409356725145 0.7581453634085213 0.11382623224728487 0.7534461152882205 0.11356516290726817 0.7497911445279866 0.11252088554720133 0.7463972431077693 0.11147660818713451
1 0.8437755310457516 0.00048508986928106896 0.8396905637254902 0.006867851307189565 0.8361162173202614 0.010186887254901985 0.832797181372549 0.014016544117647082 0.8292228349673203 0.01708026960784316 0.8251378676470588 0.02039930555555558 0.8197763480392157 0.022952410130718977 0.8154360702614379 0.023718341503267997 0.8080320669934641 0.023973651960784336 0.8031811683006537 0.023463031045751655 0.7998621323529412 0.021420547385620936 0.7973090277777778 0.018612132352941197 0.7950112336601307 0.01529309640522878 0.7934793709150327 0.012484681372549043 0.7927134395424836 0.006612540849673225 0.7932240604575164 0.0027828839869281276 0.7940317195325542 0.000521702838063439 0.8391323024054983 0.0
1 0.846969696969697 0.11098484848484849 0.8522727272727272 0.1071969696969697 0.8598484848484849 0.10606060606060605 0.871969696969697 0.10606060606060605 0.8784090909090909 0.10795454545454546 0.8852272727272728 0.11174242424242424 0.8912878787878787 0.11742424242424243 0.8965909090909091 0.12424242424242424 0.902428810720268 0.1329564489112228 0.9050460636515912 0.14028475711892796 0.9060929648241206 0.14761306532663318 0.9050460636515912 0.15546482412060303 0.9050460636515912 0.16122278056951425 0.9013819095477387 0.16645728643216082 0.8966708542713567 0.1690745393634841 0.8898659966499163 0.1701214405360134 0.8799204355108878 0.17064489112227804 0.870498324958124 0.16959798994974876 0.8605527638190955 0.16541038525963148 0.8516541038525963 0.15965242881072025 0.8469430485762144 0.1523241206030151 0.8432788944723618 0.1449958123953099 0.8417085427135678 0.13923785594639868 0.8411850921273032 0.13138609715242883 0.8411850921273032 0.12510469011725292 0.8422319932998324 0.11882328308207706
1 0.9265366861030127 0.09472181729834794 0.922892371234208 0.09381073858114677 0.9198554421768708 0.09077380952380955 0.9180332847424684 0.0871294946550049 0.9149963556851312 0.08500364431486883 0.910744655004859 0.08135932944606417 0.9074040330417881 0.07680393586005833 0.9049744897959183 0.07376700680272112 0.9022412536443147 0.06890792031098156 0.9007227891156462 0.06495991253644316 0.8992043245869775 0.05918974732750246 0.8989006316812438 0.05341958211856173 0.8998117103984451 0.048864188532555905 0.9028486394557823 0.04339771622934891 0.9058855685131194 0.03975340136054424 0.9116557337220602 0.036412779397473304 0.9166666666666666 0.03703703703703704 0.9247685185185185 0.037615740740740734 0.9293981481481481 0.03877314814814815 0.9363425925925927 0.04050925925925926 0.9421296296296297 0.04398148148148148 0.947337962962963 0.048032407407407406 0.9508101851851851 0.05439814814814815 0.9525462962962963 0.0642361111111111 0.9537037037037037 0.07523148148148147 0.9537037037037037 0.08275462962962962 0.9525462962962963 0.08738425925925926 0.947337962962963 0.09490740740740741 0.9409722222222221 0.09664351851851852 0.9334490740740741 0.09548611111111112
1 0.9542824074074073 0.17881944444444445 0.9577546296296297 0.17129629629629628 0.9623842592592593 0.16608796296296294 0.9681712962962963 0.16203703703703703 0.978587962962963 0.16087962962962962 0.9866898148148148 0.16261574074074076 0.9918981481481481 0.16840277777777776 0.9947916666666666 0.17592592592592593 0.9971064814814814 0.18229166666666666 0.9988425925925927 0.19270833333333334 0.9982638888888888 0.2019675925925926 0.9959490740740741 0.21006944444444445 0.9918981481481481 0.2193287037037037 0.9866898148148148 0.22800925925925924 0.9814814814814814 0.23263888888888887 0.9751157407407407 0.2349537037037037 0.9693287037037037 0.2349537037037037 0.962962962962963 0.23206018518518517 0.954861111111111 0.22627314814814817 0.9519675925925927 0.2222222222222222 0.9484953703703703 0.21354166666666666 0.9479166666666666 0.203125 0.9490740740740741 0.19097222222222224 0.9513888888888888 0.18402777777777776
1 0.7731673582295989 0.2631396957123099 0.7679806362378977 0.25752074688796683 0.7666839557399724 0.25146957123098207 0.7675484094052559 0.2423928077455049 0.7697095435684648 0.2341804979253113 0.7740318118948825 0.21948478561549106 0.7783540802213001 0.212136929460581 0.786134163208852 0.20522130013831266 0.7926175656984785 0.20176348547717848 0.8008298755186722 0.19917012448132787 0.8086099585062241 0.19873789764868607 0.8133644536652835 0.20046680497925318 0.8176867219917013 0.20435684647302912 0.8215767634854773 0.20911134163208858 0.823737897648686 0.21689142461964045 0.8241701244813278 0.22380705394190875 0.8228734439834025 0.23245159059474416 0.8207123098201936 0.2410961272475796 0.8172544951590595 0.24887621023513146 0.8129322268326418 0.2562240663900416 0.8086099585062241 0.2627074688796681 0.8034232365145227 0.2670297372060858 0.7986687413554634 0.27048755186721996 0.7895919778699861 0.27394536652835416 0.7839730290456431 0.27394536652835416 0.7783540802213001 0.2717842323651453 0.7766251728907331 0.27005532503457824
1 0.6117424242424242 0.041982323232323225 0.6094942748091603 0.03657760814249364 0.6102894402035624 0.03101145038167939 0.6114821882951653 0.025047709923664122 0.6134701017811705 0.01828880407124682 0.6162531806615775 0.01272264631043257 0.6202290076335878 0.00715648854961832 0.624602417302799 0.001987913486005089 0.6265903307888041 0.0003975826972010178 0.6591921119592875 0.0003975826972010178 0.6583969465648855 0.011132315521628498 0.6564090330788803 0.02146946564885496 0.6536259541984732 0.02862595419847328 0.6508428753180662 0.03419211195928753 0.6476622137404581 0.03936068702290076 0.6436863867684478 0.04293893129770992 0.6381202290076335 0.04731234096692112 0.6317589058524172 0.05049300254452926 0.6265903307888041 0.051288167938931296 0.6206265903307887 0.05049300254452926 0.6158555979643766 0.048505089058524166 0.6134701017811705 0.04572201017811705
1 0.15848026868178 0.23693324937027707 0.15480688497061293 0.23483417296389586 0.15244542401343406 0.23168555835432408 0.15165827036104113 0.22617548278757346 0.15139588581024346 0.22092779177162047 0.15165827036104113 0.21331863979848864 0.15297019311502938 0.20597187237615447 0.15533165407220823 0.19888748950461796 0.15821788413098237 0.19180310663308145 0.16241603694374476 0.1857682619647355 0.16713895885810243 0.1820948782535684 0.173436188077246 0.1792086481947943 0.1771095717884131 0.17894626364399663 0.18025818639798488 0.17894626364399663 0.18393157010915198 0.17894626364399663 0.18655541561712846 0.1810453400503778 0.18865449202350965 0.18498110831234257 0.19101595298068846 0.19232787573467675 0.19101595298068846 0.20256087321578506 0.18996641477749787 0.21436817800167923 0.18865449202350965 0.2193534844668346 0.18708018471872376 0.22460117548278757 0.18445633921074728 0.22906171284634758 0.18078295549958018 0.23221032745591938 0.17606003358522251 0.2361460957178841 0.17186188077246012 0.23798278757346766 0.16582703610411417 0.23876994122586062 0.1616288832913518 0.23903232577665828
1 0.17841880341880342 0.30422008547008544 0.17922008547008547 0.29914529914529914 0.18082264957264957 0.2916666666666667 0.18509615384615385 0.2841880341880342 0.1888354700854701 0.27857905982905984 0.19284188034188035 0.2732371794871795 0.19845085470085472 0.2681623931623932 0.20566239316239315 0.26335470085470086 0.21314102564102563 0.26121794871794873 0.22222222222222224 0.2606837606837607 0.23210470085470086 0.26121794871794873 0.24091880341880342 0.26335470085470086 0.24599358974358976 0.2670940170940171 0.250267094017094 0.27190170940170943 0.25240384615384615 0.27911324786324787 0.2513354700854701 0.28552350427350426 0.24786324786324787 0.2919337606837607 0.23557692307692307 0.30662393162393164 0.22702991452991453 0.312767094017094 0.21928418803418806 0.31730769230769235 0.2091346153846154 0.3226495726495726 0.203258547008547 0.3245192307692308 0.19577991452991453 0.32558760683760685 0.18803418803418806 0.32558760683760685 0.1829594017094017 0.32398504273504275 0.18055555555555555 0.32211538461538464 0.17868589743589744 0.3191773504273504 0.1778846153846154 0.3159722222222222 0.17735042735042733 0.312232905982906 0.17761752136752137 0.3090277777777778
1 0.34522382094324544 0.29726219024780176 0.3354816147082334 0.297761790567546 0.3214928057553957 0.2962629896083133 0.30325739408473223 0.29301558752997603 0.29301558752997603 0.2895183852917666 0.28627098321342925 0.28602118305355717 0.2835231814548361 0.2827737809752199 0.2817745803357314 0.2795263788968825 0.2812749800159872 0.27652877697841727 0.2812749800159872 0.27278177458033576 0.2827737809752199 0.2687849720223821 0.28502198241406873 0.2652877697841727 0.2890187849720224 0.2622901678657074 0.29501398880895285 0.2592925659472422 0.3020083932853717 0.2590427657873701 0.31075139888089526 0.2590427657873701 0.31749600319744203 0.25954236610711434 0.3244904076738609 0.26129096722621903 0.3324840127897682 0.2645383693045564 0.3404776179056755 0.26853517186250997 0.3462230215827338 0.27278177458033576 0.34997002398081534 0.27677857713828935 0.3517186250999201 0.27977617905675456 0.35296762589928055 0.28377298161470826 0.3532174260591527 0.2882693844924061 0.3524680255795364 0.2915167865707434 0.3502198241406874 0.29526378896882494 0.34822142286171065 0.2975119904076739
1 0.23181454836131096 0.3974320543565148 0.23006594724220625 0.39018784972022386 0.22956634692246203 0.38244404476418864 0.22981614708233414 0.37619904076738614 0.23206434852118304 0.3692046362909672 0.2345623501199041 0.36370903277378097 0.2383093525179856 0.35946243005595524 0.244054756195044 0.3554656274980016 0.24955035971223022 0.3524680255795364 0.25604516386890486 0.3507194244604317 0.2622901678657074 0.3507194244604317 0.2702837729816147 0.35196842525979216 0.2740307753796962 0.3547162270183853 0.27602917665867305 0.3584632294164668 0.2772781774580336 0.36420863309352514 0.2775279776179057 0.37020383693045567 0.27702837729816143 0.3774480415667466 0.2747801758593126 0.3844424460431655 0.27303157474020784 0.38968824940047964 0.2692845723421263 0.39443445243804953 0.26478816946442846 0.39843125499600324 0.2600419664268585 0.40142885691446845 0.2547961630695444 0.4039268585131895 0.25004996003197444 0.4041766586730616 0.24430455635491607 0.4036770583533174 0.24005795363709034 0.40242805755395683 0.236810551558753 0.40117905675459636 0.23406274980015987 0.3994304556354916
1 0.28685224089635847 0.44441526610644255 0.28510154061624643 0.4393820028011204 0.2842261904761904 0.4345675770308123 0.28444502801120447 0.42756477591036407 0.28663340336134446 0.4205619747899159 0.2886029411764705 0.4159663865546218 0.2927608543417366 0.41005777310924363 0.3037027310924369 0.39736519607843135 0.3109243697478991 0.39101890756302515 0.3161764705882353 0.38817401960784303 0.32339810924369744 0.38642331932773105 0.3314950980392156 0.38664215686274506 0.3374037114845938 0.38817401960784303 0.3411239495798319 0.39080007002801115 0.34353116246498594 0.39539565826330525 0.34396883753501395 0.3986782212885153 0.34374999999999994 0.4032738095238095 0.3428746498599439 0.40918242296918766 0.3409051120448179 0.4153098739495798 0.3367471988795518 0.424282212885154 0.33280812324929965 0.4304096638655462 0.32886904761904756 0.4354429271708683 0.32361694677871145 0.44047619047619047 0.3188025210084033 0.44419642857142855 0.3109243697478991 0.4474789915966386 0.3021708683473389 0.4487920168067226 0.29648109243697474 0.44813550420168063 0.2921043417366946 0.4470413165266106 0.28969712885154053 0.4461659663865546
1 0.35506272401433686 0.4919914874551971 0.35366263440860213 0.48247087813620065 0.35366263440860213 0.4718301971326165 0.354502688172043 0.4648297491039426 0.35646281362007165 0.45754928315412186 0.35982302867383514 0.4485887096774193 0.36374327956989244 0.4421482974910394 0.3676635304659498 0.4357078853046595 0.372423835125448 0.4312275985663082 0.3797043010752688 0.42702732974910396 0.38838485663082434 0.4247871863799283 0.3934251792114695 0.4247871863799283 0.4001456093189964 0.42646729390681 0.40406586021505375 0.42814740143369173 0.4074260752688172 0.4334677419354839 0.4096662186379928 0.4399081541218638 0.4110663082437276 0.4452284946236559 0.4110663082437276 0.45250896057347667 0.40994623655913975 0.4617495519713261 0.40630600358422936 0.4715501792114695 0.4001456093189964 0.4830309139784946 0.3923051075268817 0.4947916666666667 0.3869847670250896 0.498711917562724 0.38166442652329746 0.5026321684587813 0.3760640681003584 0.5043122759856631 0.3701836917562724 0.50459229390681 0.366263440860215 0.5034722222222222 0.36206317204301075 0.5006720430107526 0.35926299283154123 0.4975918458781362 0.3573028673835125 0.4947916666666667
1 0.470020325203252 0.5327743902439024 0.461890243902439 0.5436991869918699 0.4578252032520325 0.5490345528455285 0.4504573170731707 0.5538617886178863 0.44435975609756095 0.55614837398374 0.43648373983739835 0.5579268292682927 0.42911585365853655 0.5589430894308943 0.42225609756097554 0.5589430894308943 0.41615853658536583 0.5571646341463414 0.4123475609756097 0.5538617886178863 0.4095528455284552 0.5497967479674798 0.407520325203252 0.5429369918699187 0.40675813008130074 0.5388719512195123 0.40675813008130074 0.5337906504065041 0.407520325203252 0.5271849593495934 0.4108231707317073 0.5215955284552846 0.4151422764227642 0.5160060975609756 0.42073170731707316 0.510670731707317 0.42835365853658536 0.5058434959349593 0.43800813008130074 0.5020325203252033 0.4458841463414634 0.5005081300813008 0.4532520325203252 0.5002540650406504 0.45985772357723576 0.5017784552845528 0.4646849593495935 0.5040650406504065 0.46925813008130074 0.5078760162601627 0.4725609756097561 0.5134654471544715 0.4735772357723577 0.5177845528455285 0.4735772357723577 0.5226117886178862 0.4720528455284552 0.5287093495934959
1 0.5015334179357022 0.4750951776649746 0.49439509306260576 0.4769458544839255 0.4854060913705584 0.47588832487309646 0.4785321489001692 0.47350888324873097 0.47377326565143824 0.47060067681895096 0.4713938240270728 0.4661061759729272 0.4713938240270728 0.4602897631133672 0.4721869712351946 0.4547377326565144 0.4761527072758037 0.44812817258883253 0.47932529610829105 0.4436336717428088 0.48408417935702197 0.4394035532994924 0.49148688663282575 0.435173434856176 0.49862521150592215 0.43305837563451777 0.5062923011844332 0.43200084602368866 0.5136950084602369 0.432265228426396 0.519511421319797 0.43358714043993235 0.5237415397631133 0.4362309644670051 0.5263853637901862 0.4401967005076142 0.5279716582064298 0.4454843485617597 0.5285004230118443 0.4513007614213198 0.5285004230118443 0.45632402707275804 0.5263853637901862 0.4618760575296108 0.5229483925549915 0.4661061759729272 0.5179251269035533 0.4700719120135364 0.511844331641286 0.47350888324873097 0.507085448392555 0.47483079526226735
1 0.6948741749174918 0.5796204620462045 0.6873968646864685 0.5785891089108911 0.6830136138613861 0.5747215346534653 0.6757941419141915 0.5669863861386139 0.6708952145214522 0.558993399339934 0.6683168316831682 0.5494533828382838 0.6670276402640264 0.540171204620462 0.6665119636963696 0.5344987623762376 0.6672854785478548 0.5228960396039605 0.6696060231023103 0.515934405940594 0.675536303630363 0.5040738448844885 0.6799195544554455 0.49969059405940597 0.6866233498349835 0.4953073432343234 0.6946163366336633 0.49376031353135313 0.7023514851485149 0.49324463696369636 0.7098287953795379 0.4942759900990099 0.7167904290429042 0.49659653465346537 0.7222050330033003 0.5002062706270627 0.7304558580858085 0.5100041254125413 0.7345812706270627 0.5226382013201321 0.7369018151815182 0.5365614686468646 0.7374174917491749 0.5491955445544555 0.7340655940594059 0.5600247524752475 0.7276196369636964 0.5682755775577558 0.7170482673267327 0.574463696369637 0.7098287953795379 0.5775577557755776 0.7041563531353136 0.5791047854785478 0.6995152640264026 0.5793626237623762
1 0.5497327790973873 0.536866587490103 0.5494853523357086 0.5301860649247823 0.5509699129057799 0.5212787015043546 0.5546813143309581 0.5116290577988916 0.5588875692794933 0.5039588281868567 0.5633412509897071 0.49826801266825016 0.5712589073634204 0.4935669041963579 0.5789291369754553 0.48985550277117973 0.5863519398258117 0.4881235154394299 0.5950118764845607 0.4881235154394299 0.5994655581947744 0.4883709422011085 0.6021872525732384 0.4901029295328582 0.6041666666666666 0.4935669041963579 0.6051563737133809 0.49826801266825016 0.6041666666666666 0.5084125098970704 0.602434679334917 0.5143507521773555 0.5997129849564529 0.5215261282660333 0.5972387173396675 0.5264746634996041 0.5942695961995249 0.5304334916864608 0.5888262074425971 0.5353820269200317 0.5833828186856691 0.5388460015835314 0.57645486935867 0.5415676959619954 0.5712589073634204 0.5430522565320666 0.5621041171813144 0.543299683293745 0.5571555819477435 0.543299683293745 0.5527019002375297 0.5423099762470309 0.5507224861441014 0.5408254156769596
1 0.525979809976247 0.6120843230403801 0.534144893111639 0.5987232779097388 0.5398357086302455 0.5927850356294537 0.5465162311955661 0.5865993665874902 0.5539390340459225 0.5826405384006335 0.56284639746635 0.5809085510688836 0.5722486144101346 0.5806611243072052 0.5771971496437055 0.5821456848772765 0.5809085510688836 0.586104513064133 0.5831353919239906 0.5900633412509897 0.5843725257323833 0.596496437054632 0.5843725257323833 0.6019398258115598 0.5838776722090261 0.6071357878068092 0.5814034045922407 0.6135688836104514 0.577444576405384 0.6187648456057008 0.5724960411718132 0.6249505146476644 0.5660629453681711 0.6301464766429137 0.5551761678543151 0.6365795724465558 0.5484956452889945 0.6385589865399842 0.5410728424386382 0.6400435471100555 0.5348871733966746 0.639796120348377 0.5282066508313539 0.63756927949327 0.5249901029295329 0.634352731591449 0.5227632620744259 0.6286619160728424 0.5220209817893903 0.6224762470308789 0.523258115597783 0.6167854315122725
1 0.6135531135531136 0.6730769230769231 0.6105769230769231 0.6698717948717949 0.6087454212454213 0.6659798534798536 0.6076007326007326 0.6604853479853481 0.6078296703296703 0.6547619047619048 0.6098901098901098 0.6481227106227107 0.6128663003663004 0.6426282051282051 0.6183608058608059 0.634386446886447 0.6254578754578755 0.6279761904761905 0.634386446886447 0.6195054945054945 0.6380494505494506 0.6167582417582417 0.6428571428571428 0.6142399267399268 0.6506410256410257 0.6126373626373627 0.6597985347985348 0.6112637362637362 0.6634615384615384 0.6110347985347986 0.6687271062271062 0.6128663003663004 0.671474358974359 0.6172161172161172 0.6730769230769231 0.6229395604395604 0.6728479853479854 0.63003663003663 0.6707875457875458 0.639423076923077 0.6671245421245421 0.649496336996337 0.6611721611721612 0.6584249084249084 0.6543040293040293 0.6671245421245421 0.6483516483516484 0.6733058608058609 0.6426282051282051 0.6762820512820513 0.6378205128205129 0.6790293040293041 0.6336996336996337 0.6804029304029304 0.6277472527472528 0.6806318681318682 0.6220238095238095 0.6792582417582417 0.6167582417582417 0.6769688644688645
1 0.7120148995148995 0.7089830214830215 0.7061677061677062 0.7055180180180181 0.7037855162855162 0.7027027027027027 0.7020530145530145 0.6968555093555093 0.7018364518364517 0.6907917532917532 0.7018364518364517 0.6851611226611226 0.7031358281358281 0.6773648648648648 0.7072505197505198 0.6706514206514206 0.7120148995148995 0.6645876645876645 0.7182952182952183 0.6593901593901594 0.7245755370755371 0.6559251559251559 0.7308558558558558 0.653542966042966 0.7373527373527373 0.6524601524601524 0.7447158697158697 0.6524601524601524 0.7501299376299376 0.6528932778932778 0.754461191961192 0.6559251559251559 0.7572765072765073 0.6602564102564102 0.7600918225918226 0.66502079002079 0.7618243243243243 0.6693520443520443 0.7626905751905751 0.6751992376992376 0.7624740124740124 0.6803967428967429 0.7607415107415108 0.6868936243936243 0.7570599445599445 0.694040194040194 0.7529452529452529 0.6996708246708246 0.7486139986139986 0.7044352044352045 0.7423336798336798 0.7089830214830215 0.7371361746361746 0.711581774081774 0.7312889812889812 0.7133142758142758 0.7256583506583507 0.7135308385308384 0.7191614691614691 0.7126645876645876 0.7148302148302148 0.7109320859320859
1 0.8492772108843538 0.5524553571428572 0.8383822278911565 0.5577699829931972 0.8301445578231292 0.5601615646258504 0.8237670068027211 0.5598958333333334 0.8136692176870748 0.5585671768707484 0.8078231292517006 0.5567070578231292 0.8014455782312926 0.5532525510204082 0.7961309523809524 0.548469387755102 0.7937393707482994 0.5420918367346939 0.7937393707482994 0.5370429421768708 0.7945365646258504 0.5296024659863946 0.7966624149659864 0.5245535714285714 0.8006483843537414 0.5187074829931972 0.8062287414965986 0.5147215136054422 0.8134034863945578 0.5117984693877551 0.819515306122449 0.51046981292517 0.8274872448979592 0.509938350340136 0.8367878401360545 0.51046981292517 0.8423681972789115 0.5120642006802721 0.8482142857142858 0.5141900510204082 0.8527317176870748 0.5184417517006803 0.85671768707483 0.5234906462585034 0.86203231292517 0.5274766156462586 0.8644238945578232 0.5319940476190477 0.8654868197278912 0.5362457482993198 0.8654868197278912 0.5397002551020408 0.8622980442176871 0.543154761904762 0.857780612244898 0.546609268707483 0.8537946428571428 0.550595238095238
1 0.8340881642512078 0.6763285024154589 0.8242753623188406 0.6788446054750403 0.8147141706924316 0.680102657004831 0.807669082125604 0.6778381642512078 0.8021336553945251 0.6740640096618358 0.798359500805153 0.6690318035426731 0.7968498389694042 0.6637479871175525 0.7955917874396136 0.6579609500805154 0.7955917874396136 0.6511674718196457 0.7991143317230274 0.6448772141706925 0.8046497584541064 0.6395933977455717 0.8149657809983898 0.6355676328502415 0.8250301932367151 0.6340579710144928 0.8348429951690821 0.6335547504025765 0.8426429146537843 0.6348128019323672 0.8481783413848631 0.6375805152979067 0.8539653784219002 0.6413546698872786 0.8552234299516909 0.6453804347826088 0.8552234299516909 0.6519223027375202 0.8549718196457328 0.6572061191626409 0.8522041062801934 0.6624899355877617 0.8486815619967795 0.6677737520128825 0.8451590177133657 0.6710446859903383 0.8408816425120773 0.6733091787439615
1 0.8260366344605476 0.7872886473429952 0.8192431561996779 0.7842693236714976 0.8162238325281804 0.7812500000000001 0.8134561191626409 0.7769726247987118 0.8106884057971016 0.7719404186795491 0.8089271336553946 0.7666566022544284 0.8084239130434784 0.7608695652173914 0.8091787439613527 0.7568438003220612 0.8132045088566829 0.7523148148148149 0.8187399355877617 0.7485406602254429 0.8247785829307569 0.7455213365539454 0.8333333333333335 0.7437600644122384 0.8418880837359098 0.743005233494364 0.8559782608695652 0.7437600644122384 0.8627717391304349 0.7457729468599034 0.8693136070853462 0.7495471014492754 0.8738425925925927 0.7535728663446055 0.8776167471819646 0.7601147342995169 0.8791264090177134 0.7659017713365539 0.8791264090177134 0.7731984702093398 0.8776167471819646 0.7777274557165862 0.8740942028985508 0.7827596618357489 0.8688103864734301 0.7865338164251209 0.8600040257648954 0.7893015297906604 0.8501912238325282 0.7898047504025765 0.8416364734299518 0.7900563607085347 0.8320752818035427 0.7895531400966185
1 0.8947262479871176 0.9274355877616748 0.8919585346215781 0.9324677938808374 0.8866747181964575 0.9359903381642513 0.8803844605475041 0.9390096618357489 0.8728361513687601 0.9407709339774558 0.8610104669887279 0.9420289855072465 0.849688003220612 0.9420289855072465 0.8408816425120773 0.9415257648953301 0.8325785024154589 0.9402677133655395 0.8245269726247988 0.9375000000000001 0.8205012077294687 0.93347423510467 0.8177334943639293 0.9274355877616748 0.8177334943639293 0.9226549919484702 0.8189915458937199 0.9178743961352658 0.8227657004830918 0.9118357487922706 0.8283011272141708 0.9063003220611917 0.8355978260869567 0.9015197262479872 0.8469202898550725 0.897493961352657 0.8630233494363929 0.8952294685990339 0.8740942028985508 0.8959842995169083 0.8818941223832529 0.8977455716586152 0.8874295491143318 0.9020229468599035 0.8904488727858293 0.9055454911433174 0.8929649758454107 0.9100744766505637 0.8947262479871176 0.9146034621578101 0.8952294685990339 0.9191324476650564 0.895481078904992 0.9231582125603865
1 0.7457729468599034 0.901268115942029 0.7472826086956522 0.9037842190016103 0.7495471014492754 0.9090680354267312 0.7495471014492754 0.9143518518518519 0.7490438808373592 0.9206421095008053 0.746779388083736 0.9246678743961353 0.7417471819645733 0.9291968599033817 0.7364633655394525 0.9312097423510468 0.7286634460547504 0.9319645732689211 0.7191022544283414 0.9319645732689211 0.7080314009661836 0.9299516908212561 0.6989734299516909 0.9271839774557166 0.6909219001610307 0.9229066022544284 0.6861413043478262 0.9181260064412239 0.6831219806763286 0.9128421900161031 0.6808574879227053 0.9073067632850242 0.680102657004831 0.9017713365539454 0.6808574879227053 0.8942230273752013 0.683876811594203 0.8884359903381643 0.6881541867954912 0.8844102254428342 0.6951992753623188 0.8813909017713366 0.7040056360708535 0.8806360708534623 0.714321658615137 0.8818941223832529 0.7231280193236717 0.8851650563607086 0.7329408212560387 0.8899456521739132 0.7389794685990339 0.8944746376811595 0.7427536231884059 0.8977455716586152
1 0.4248798076923076 0.8600204772079771 0.4177573005698005 0.8629139957264957 0.4099670584045583 0.8649172008547008 0.40217681623931617 0.8655849358974359 0.393718839031339 0.8646946225071226 0.38904469373219364 0.862468839031339 0.3854834401709401 0.856681801994302 0.3832576566951566 0.8513399216524217 0.38236734330484323 0.8444399928774929 0.38303507834757833 0.8390981125356126 0.3852608618233618 0.8326433404558404 0.389267272079772 0.8261885683760684 0.39327368233618226 0.820846688034188 0.3999510327635327 0.8152822293447294 0.40885416666666663 0.8108306623931624 0.41797987891737887 0.8083823005698005 0.4237669159544159 0.8083823005698005 0.4306668447293447 0.8099403490028491 0.43534099002848997 0.8119435541310541 0.43845708689458684 0.8146144943019943 0.441128027065527 0.8186209045584045 0.4429086538461538 0.8224047364672364 0.44379896723646717 0.8277466168091169 0.4435763888888888 0.8330884971509972 0.4426860754985754 0.8386529558404558 0.4406828703703703 0.8437722578347578 0.43801193019943013 0.8477786680911681 0.4337829415954415 0.8524528133903134 0.430889423076923 0.8549011752136751
1 0.36195054945054944 0.9008699633699634 0.36286630036630035 0.9056776556776557 0.36217948717948717 0.9125457875457876 0.36057692307692313 0.9198717948717949 0.3573717948717949 0.9253663003663004 0.35347985347985345 0.9292582417582419 0.34546703296703296 0.9320054945054945 0.33562271062271065 0.9322344322344323 0.32623626373626374 0.9304029304029304 0.31478937728937734 0.9237637362637362 0.3067765567765568 0.9168956043956044 0.3042582417582418 0.9125457875457876 0.29945054945054944 0.9068223443223444 0.2971611721611722 0.9001831501831502 0.2971611721611722 0.8923992673992674 0.2960164835164835 0.8855311355311355 0.2928113553113553 0.879349816849817 0.28960622710622713 0.8731684981684982 0.2891483516483516 0.8663003663003663 0.2916666666666667 0.8608058608058609 0.2973901098901099 0.8569139194139195 0.304029304029304 0.8553113553113554 0.3111263736263737 0.856456043956044 0.3205128205128205 0.858974358974359 0.32783882783882784 0.8621794871794872 0.3353937728937729 0.8663003663003663 0.34294871794871795 0.8713369963369964 0.3472985347985348 0.8775183150183151 0.35256410256410253 0.8846153846153847 0.3566849816849817 0.8917124542124543 0.3592032967032967 0.8960622710622711
1 0.22859458428680396 0.7196319603356217 0.238129290617849 0.7074752097635392 0.2479023646071701 0.7017543859649122 0.25624523264683446 0.6977021357742181 0.26434973302822273 0.6962719298245614 0.27340770404271547 0.6962719298245614 0.2798436308161708 0.6969870327993898 0.28651792524790237 0.6984172387490465 0.29414569031273835 0.7019927536231884 0.2981979405034325 0.7067601067887108 0.30034324942791757 0.7115274599542334 0.3012967200610221 0.7167715484363081 0.30034324942791757 0.7224923722349351 0.2974828375286041 0.7282131960335622 0.29295385202135776 0.7346491228070176 0.28818649885583525 0.7389397406559878 0.2798436308161708 0.7446605644546147 0.27388443935926776 0.7484744469870327 0.26530320366132726 0.7522883295194507 0.2564836003051106 0.7520499618611747 0.24861746758199846 0.7496662852784134 0.23955949656750572 0.7453756674294432 0.2319317315026697 0.7403699466056446 0.22859458428680396 0.7360793287566743 0.22644927536231885 0.7310736079328757 0.22644927536231885 0.725829519450801 0.2271643783371472 0.7236842105263157
1 0.20493610511159108 0.6769483441324694 0.20268628509719225 0.6823479121670266 0.19998650107991361 0.6868475521958243 0.1959368250539957 0.6902222822174227 0.1896373290136789 0.691347192224622 0.18243790496760262 0.6904472642188625 0.17343862491000722 0.6870725341972642 0.16556425485961127 0.6812230021598272 0.16038966882649391 0.6726736861051116 0.15813984881209506 0.6647993160547155 0.15813984881209506 0.6551250899928006 0.15903977681785458 0.648375629949604 0.16128959683225344 0.6398263138948884 0.16443934485241182 0.6342017638588913 0.17096382289416848 0.6294771418286537 0.17568844492440608 0.6279022678185745 0.1810880129589633 0.6274523038156947 0.19053725701943847 0.6297021238300935 0.1975116990640749 0.6321769258459323 0.20246130309575236 0.6342017638588913 0.20696094312455005 0.6387014038876889 0.20853581713462924 0.6425260979121671 0.2107856371490281 0.6495005399568033 0.21168556515478762 0.6537751979841613 0.2119105471562275 0.6591747660187185 0.21168556515478762 0.6652492800575954 0.2105606551475882 0.6686240100791937 0.2076358891288697 0.6742485601151907
1 0.27403846153846156 0.5710470085470085 0.2799145299145299 0.5657051282051282 0.28338675213675213 0.5635683760683761 0.29246794871794873 0.561965811965812 0.30154914529914534 0.561698717948718 0.3095619658119658 0.5635683760683761 0.3162393162393162 0.5675747863247864 0.32131410256410253 0.5731837606837608 0.32398504273504275 0.577724358974359 0.3266559829059829 0.5836004273504274 0.3285256410256411 0.5892094017094017 0.33039529914529914 0.5964209401709402 0.3311965811965812 0.6022970085470085 0.3306623931623932 0.607638888888889 0.3285256410256411 0.6132478632478633 0.32558760683760685 0.6180555555555556 0.32077991452991456 0.6220619658119658 0.3138354700854701 0.624732905982906 0.3058226495726496 0.625 0.29914529914529914 0.622863247863248 0.2916666666666667 0.6183226495726496 0.2841880341880342 0.6105769230769231 0.27697649572649574 0.5993589743589743 0.27350427350427353 0.5889423076923077 0.27243589743589747 0.5825320512820513 0.27243589743589747 0.5761217948717949 0.2727029914529915 0.5737179487179488
1 0.14297385620915032 0.5655410312273058 0.14660493827160492 0.5598674655047203 0.15182461873638345 0.555782498184459 0.15885984023238925 0.5510167029774873 0.1631717501815541 0.5480664488017429 0.17361111111111113 0.5437545388525781 0.18200798838053742 0.5408042846768336 0.18995098039215685 0.5392156862745098 0.19789397240377632 0.5380809731299928 0.20492919389978212 0.5380809731299928 0.21014887436456064 0.5396695715323166 0.21514161220043573 0.5428467683369644 0.21718409586056647 0.5464778503994191 0.21831880900508352 0.5510167029774873 0.21877269426289034 0.5578249818445897 0.21831880900508352 0.5639524328249819 0.21536855482933914 0.5696259985475671 0.21014887436456064 0.5741648511256354 0.19857480029048657 0.5802923021060276 0.18586601307189543 0.5852850399419027 0.1754266521423384 0.5893700072621642 0.1697530864197531 0.5902777777777778 0.16235632183908047 0.5908764367816093 0.15660919540229884 0.5905172413793103 0.1483477011494253 0.5890804597701149 0.14152298850574713 0.5851293103448276 0.13972701149425287 0.5754310344827586 0.1400862068965517 0.5721982758620691 0.14183914306463324 0.5684912854030502
1 0.07242063492063493 0.38921957671957674 0.06646825396825397 0.38591269841269843 0.06316137566137567 0.380952380952381 0.061177248677248684 0.3756613756613757 0.06150793650793651 0.369047619047619 0.06415343915343916 0.36177248677248675 0.07341269841269842 0.35383597883597884 0.08201058201058202 0.3482142857142857 0.09193121693121693 0.34325396825396826 0.10515873015873016 0.3386243386243386 0.1173941798941799 0.33531746031746035 0.12896825396825398 0.33465608465608465 0.13425925925925924 0.3349867724867725 0.1388888888888889 0.3386243386243386 0.14087301587301587 0.34391534391534395 0.14054232804232802 0.35251322751322756 0.1378968253968254 0.36243386243386244 0.13293650793650794 0.369047619047619 0.12764550264550265 0.3746693121693122 0.12037037037037038 0.37996031746031744 0.11342592592592592 0.38326719576719576 0.10515873015873016 0.3869047619047619 0.09325396825396827 0.38921957671957674 0.08630952380952381 0.3905423280423281 0.07936507936507936 0.3905423280423281
1 0.05908469945355191 0.24043715846994532 0.054986338797814206 0.23326502732240434 0.05362021857923496 0.22506830601092895 0.05362021857923496 0.21482240437158467 0.05806010928961748 0.20628415300546446 0.0631830601092896 0.19842896174863386 0.0703551912568306 0.19159836065573768 0.08060109289617486 0.1844262295081967 0.08982240437158469 0.1799863387978142 0.0980191256830601 0.17793715846994532 0.10724043715846993 0.17759562841530052 0.11407103825136611 0.1810109289617486 0.11714480874316939 0.18545081967213112 0.11816939890710382 0.1922814207650273 0.11680327868852457 0.20252732240437157 0.11475409836065573 0.21072404371584696 0.11065573770491802 0.21823770491803277 0.10519125683060108 0.22780054644808742 0.10075136612021858 0.23394808743169399 0.09494535519125682 0.23872950819672129 0.08777322404371585 0.2435109289617486 0.08094262295081966 0.24658469945355188 0.07479508196721311 0.24863387978142076 0.07001366120218579 0.24863387978142076 0.06386612021857924 0.2472677595628415 0.061816939890710375 0.24453551912568303
1 0.08415725047080978 0.5078860640301318 0.08209745762711865 0.5043549905838042 0.08121468926553672 0.494644538606403 0.08150894538606403 0.4864053672316384 0.0847457627118644 0.4758121468926554 0.09504472693032015 0.4560969868173258 0.09945856873822975 0.449623352165725 0.10475517890772128 0.4437382297551789 0.11328860640301318 0.4384416195856874 0.12447033898305085 0.4354990583804143 0.13212099811676084 0.43579331450094166 0.13771186440677968 0.4387358757062147 0.14124293785310735 0.4437382297551789 0.1430084745762712 0.4513888888888889 0.1433027306967985 0.45962806026365344 0.13977165725047083 0.4705155367231638 0.12888418079096045 0.4934675141242938 0.11711393596986816 0.5058262711864406 0.10828625235404896 0.5122999058380414 0.09916431261770245 0.5140654425612052 0.09298493408662901 0.513771186440678 0.08768832391713748 0.5120056497175142
1 0.0 0.4895833333333333 0.009057971014492756 0.4901368760064413 0.015096618357487924 0.4901368760064413 0.02314814814814815 0.49265297906602257 0.03321256038647343 0.49969806763285024 0.03774154589371981 0.5067431561996779 0.040257648953301126 0.5147946859903382 0.04076086956521739 0.5233494363929146 0.04076086956521739 0.5324074074074074 0.039754428341384866 0.5434782608695652 0.03623188405797102 0.5510265700483092 0.027677133655394526 0.5565619967793881 0.019122383252818034 0.5575684380032206 0.011574074074074075 0.5570652173913044 0.004025764895330113 0.5520330112721418 0.0005032206119162642 0.5475040257648954 0.0 0.496875
1 0.0 0.35520833333333335 0.007068452380952368 0.353670634920635 0.011718749999999988 0.35305059523809523 0.016989087301587286 0.34995039682539686 0.020709325396825382 0.3456101190476191 0.024429563492063478 0.3400297619047619 0.027219742063492047 0.3353794642857143 0.028149801587301574 0.33103918650793657 0.026599702380952366 0.3276289682539683 0.02194940476190475 0.3257688492063492 0.013578869047619034 0.32545882936507936 0.008308531746031734 0.32545882936507936 0.001488095238095224 0.32638888888888895 0.0002480158730158589 0.3266989087301588 0.0 0.34791666666666665
1 0.0005580357142857002 0.11433531746031744 0.014198908730158718 0.11464533730158728 0.020709325396825382 0.1161954365079365 0.029389880952380938 0.11836557539682538 0.033730158730158714 0.1214657738095238 0.03931051587301586 0.12580605158730157 0.043030753968253954 0.13231646825396826 0.04582093253968253 0.1378968253968254 0.04737103174603173 0.1447172619047619 0.04737103174603173 0.1493675595238095 0.04458085317460316 0.1558779761904762 0.040550595238095226 0.16300843253968253 0.03621031746031744 0.1670386904761905 0.030319940476190462 0.16920882936507936 0.023809523809523794 0.17044890873015872 0.015749007936507922 0.1710689484126984 0.007378472222222209 0.1710689484126984 0.002728174603174589 0.17013888888888887 0.0 0.16770833333333332 0.0 0.11979166666666667
1 0.06458333333333334 0.7253472222222223 0.06770833333333333 0.720486111111111 0.07395833333333333 0.7173611111111111 0.08125 0.715625 0.09166666666666666 0.7180555555555556 0.10520833333333333 0.7246527777777777 0.11597222222222221 0.7350694444444444 0.12152777777777778 0.7434027777777777 0.121875 0.75 0.12152777777777778 0.757986111111111 0.11979166666666667 0.7635416666666667 0.11493055555555555 0.7677083333333333 0.10833333333333334 0.7708333333333334 0.09895833333333333 0.771875 0.090625 0.7711805555555556 0.08194444444444444 0.7670138888888889 0.07430555555555556 0.7621527777777778 0.06979166666666667 0.7552083333333334 0.06597222222222222 0.7496527777777777 0.06354166666666666 0.7434027777777777 0.0625 0.7378472222222222 0.0625 0.734375 0.0625 0.7315972222222222
1 0.11284722222222222 0.8690972222222223 0.125 0.8548611111111111 0.1420138888888889 0.8413194444444444 0.153125 0.834375 0.16041666666666668 0.83125 0.16597222222222224 0.829861111111111 0.17777777777777776 0.8302083333333333 0.18402777777777776 0.83125 0.19166666666666668 0.8354166666666667 0.196875 0.842013888888889 0.19965277777777776 0.8496527777777777 0.2 0.8569444444444444 0.1982638888888889 0.8642361111111111 0.19166666666666668 0.875 0.18229166666666666 0.8871527777777778 0.1736111111111111 0.8965277777777777 0.1642361111111111 0.9024305555555556 0.15208333333333332 0.90625 0.14479166666666668 0.9076388888888889 0.1357638888888889 0.9076388888888889 0.1267361111111111 0.9065972222222223 0.11944444444444445 0.9041666666666667 0.11493055555555555 0.9010416666666666 0.11111111111111112 0.896875 0.10868055555555554 0.8920138888888889 0.10833333333333334 0.8857638888888889 0.10833333333333334 0.8798611111111111 0.10972222222222222 0.8753472222222223
1 0.2496041171813143 0.9918844022169437 0.24218131433095802 0.9861935866983373 0.23500593824228028 0.9802553444180523 0.2312945368171021 0.9745645288994458 0.2283254156769596 0.9691211401425178 0.2270882818685669 0.96367775138559 0.22609857482185272 0.9577395091053049 0.22585114806017417 0.9515538400633413 0.22758313539192399 0.946852731591449 0.22956254948535232 0.9438836104513065 0.23277909738717337 0.9411619160728425 0.23698535233570864 0.9394299287410928 0.24589271575613617 0.9391825019794141 0.25603721298495646 0.941409342834521 0.26197545526524146 0.9451207442596992 0.2693982581155978 0.9537806809184483 0.27657363420427555 0.966894299287411 0.27880047505938244 0.9720902612826604 0.2800376088677751 0.9777810768012668 0.2805324623911322 0.9839667458432305 0.28102731591448926 0.9903998416468726 0.27904790182106093 0.9951009501187649 0.273604513064133 0.9975752177355504 0.2669239904988123 0.998317498020586 0.2602434679334917 0.9973277909738718 0.25504750593824227 0.9953483768804434
1 0.4393804433887569 0.9852038796516231 0.4346793349168646 0.9787707838479811 0.4336896278701504 0.9698634204275536 0.4341844813935075 0.9616983372921616 0.4364113222486144 0.9560075217735551 0.4393804433887569 0.9485847189231987 0.4438341250989707 0.940914489311164 0.4490300870942201 0.9359659540775931 0.4552157561361837 0.9317596991290579 0.4631334125098971 0.9287905779889153 0.468576801266825 0.9275534441805227 0.47402019002375295 0.9275534441805227 0.4789687252573238 0.9305225653206651 0.4816904196357878 0.9352236737925576 0.4829275534441805 0.9423990498812352 0.4829275534441805 0.9493269992082344 0.48094813935075215 0.9569972288202693 0.4782264449722882 0.9656571654790184 0.4737727632620744 0.9760490894695171 0.46808194774346795 0.9832244655581948 0.4611539984164687 0.9886678543151228 0.45472090261282655 0.9926266825019795 0.4490300870942201 0.9938638163103721 0.4448238321456849 0.9926266825019795 0.4408650039588282 0.9896575613618369
1 0.8852231682146544 0.6127128482972137 0.8765157378740971 0.6101328689370485 0.8713557791537668 0.6046504127966977 0.8681308049535604 0.5982004643962849 0.8678083075335399 0.5894930340557276 0.870388286893705 0.5811081011351911 0.8755482456140352 0.5736906604747163 0.8816756965944273 0.5682082043343654 0.8936081011351911 0.5630482456140352 0.9023155314757483 0.5617582559339526 0.9139254385964913 0.5617582559339526 0.9277928276573788 0.5627257481940144 0.9365002579979361 0.5656282249742003 0.9426277089783283 0.5714331785345718 0.945530185758514 0.577560629514964 0.9458526831785347 0.5823980908152735 0.9426277089783283 0.5885255417956656 0.937467750257998 0.5940079979360166 0.9274703302373583 0.6020704334365325 0.9174729102167183 0.6072303921568628 0.9100554695562437 0.6101328689370485 0.9023155314757483 0.6117453560371519 0.8961880804953561 0.6127128482972137
1 0.9989583333333333 0.0375 0.988984674329502 0.03532088122605364 0.9764128352490421 0.02993295019157088 0.9686302681992338 0.02274904214559387 0.9626436781609196 0.01257183908045977 0.959051724137931 0.004190613026819923 0.9584530651340996 0.0005986590038314176 0.9989583333333333 0.0
1 0.9989583333333333 0.8177083333333334 0.9970908408408408 0.8173798798798798 0.9877064564564564 0.8169106606606605 0.9811373873873872 0.8150337837837838 0.9731606606606605 0.8122184684684685 0.9694069069069068 0.8084647147147147 0.9656531531531531 0.8033033033033032 0.9642454954954954 0.7967342342342342 0.9642454954954954 0.7901651651651651 0.9656531531531531 0.7840653153153152 0.9698761261261261 0.7793731231231231 0.9778528528528528 0.7742117117117117 0.986768018018018 0.7713963963963963 0.9989583333333333 0.7677083333333333
1 0.9440690690690691 0.9759759759759759 0.9379692192192192 0.9726914414414414 0.9337462462462461 0.9651839339339339 0.9309309309309308 0.9567379879879879 0.9299924924924924 0.9482920420420419 0.9309309309309308 0.9412537537537538 0.9351539039039038 0.9360923423423422 0.939846096096096 0.9332770270270269 0.9473536036036035 0.9299924924924924 0.9553303303303302 0.9285848348348348 0.9623686186186186 0.9285848348348348 0.9792605105105104 0.9295232732732732 0.9872372372372371 0.9314001501501501 0.9952139639639639 0.9365615615615615 0.9989583333333333 0.940625 0.9989583333333333 0.9416666666666667 0.9989583333333333 0.9697916666666667 0.9909909909909909 0.9764451951951951 0.9806681681681682 0.9778528528528528 0.9684684684684685 0.9792605105105104 0.9590840840840841 0.9792605105105104 0.9534534534534534 0.9783220720720719
1 0.573377581120944 0.9988016224188789 0.5729166666666666 0.9909909909909909 0.5762012012012011 0.9825450450450449 0.5790165165165164 0.9759759759759759 0.582301051051051 0.9703453453453452 0.5888701201201201 0.9656531531531531 0.5982545045045045 0.9604917417417417 0.6090465465465464 0.9576764264264264 0.620777027027027 0.9572072072072071 0.6296921921921921 0.9576764264264264 0.6348536036036035 0.9614301801801801 0.6395457957957957 0.9675300300300299 0.6414226726726727 0.9750375375375374 0.6418918918918918 0.9801989489489489 0.6409534534534534 0.986768018018018 0.6386073573573573 0.993337087087087 0.634375 0.9989583333333333 0.5927083333333333 0.9989583333333333 0.5791666666666667 0.9989583333333333
1 0.0005106209150326798 0.7046568627450981 0.008169934640522876 0.7036356209150327 0.01582924836601307 0.7000612745098038 0.02042483660130719 0.6934232026143791 0.02399918300653595 0.685763888888889 0.025531045751633986 0.677593954248366 0.024509803921568627 0.6658496732026145 0.021446078431372546 0.6566584967320261 0.016339869281045753 0.6479779411764706 0.009191176470588236 0.6392973856209151 0.003574346405228758 0.6347017973856208 0.0 0.6341911764705882 0.0 0.6954656862745098
1 0.043913398692810454 0.9727328431372548 0.03165849673202614 0.9788602941176471 0.025531045751633986 0.9809027777777778 0.01838235294117647 0.9809027777777778 0.008169934640522876 0.9809027777777778 0.0015318627450980392 0.977328431372549 0.0010212418300653595 0.9696691176470588 0.0010212418300653595 0.9569035947712419 0.004595588235294118 0.9446486928104575 0.010212418300653595 0.9339256535947712 0.01889297385620915 0.9211601307189542 0.026552287581699346 0.9129901960784313 0.034722222222222224 0.9078839869281045 0.048508986928104576 0.9027777777777778 0.06076388888888889 0.9022671568627451 0.06740196078431372 0.9043096405228758 0.07199754901960784 0.9089052287581699 0.07301879084967319 0.9155433006535947 0.07199754901960784 0.9252450980392157 0.0679125816993464 0.9364787581699346 0.059742647058823525 0.9543504901960784 0.052083333333333336 0.9655841503267975
0 0.1968632958801498 0.30407303370786515 0.20599250936329586 0.2928370786516854 0.2118445692883895 0.286750936329588 0.21722846441947566 0.28347378277153557 0.22284644194756556 0.28113295880149813 0.22752808988764045 0.2804307116104869 0.2289325842696629 0.2816011235955056 0.2284644194756554 0.284878277153558 0.22261235955056177 0.28932584269662925 0.21254681647940074 0.29751872659176026 0.20739700374531836 0.30056179775280895 0.20318352059925093 0.3033707865168539 0.20014044943820225 0.30477528089887634
0 0.38395638629283485 0.4612538940809968 0.3820093457943925 0.466316199376947 0.381619937694704 0.4717679127725856 0.37908878504672894 0.4772196261682243 0.3767523364485981 0.4795560747663551 0.3736370716510903 0.47877725856697817 0.37246884735202485 0.4746884735202492 0.3759735202492211 0.4667056074766355 0.37928348909657317 0.4587227414330217 0.3802570093457944 0.45288161993769466 0.3827881619937694 0.44723520249221177 0.3853193146417445 0.4437305295950155 0.38726635514018687 0.4429517133956386 0.3892133956386292 0.4450934579439252 0.3901869158878504 0.44762461059190023 0.3894080996884735 0.4540498442367601 0.38765576323987533 0.45697040498442365 0.38629283489096566 0.458917445482866
0 0.17035398230088494 0.5667404129793511 0.16685103244837757 0.5683997050147492 0.1624262536873156 0.5698746312684366 0.16058259587020646 0.5722713864306784 0.16113569321533922 0.5742994100294985 0.16519174041297935 0.5750368731563422 0.16998525073746312 0.5728244837758112 0.17588495575221239 0.5689528023598819 0.18067846607669616 0.5661873156342183 0.18657817109144542 0.5636061946902655 0.1902654867256637 0.5615781710914454 0.19100294985250738 0.5595501474926253 0.18860619469026546 0.5584439528023598 0.18436578171091444 0.5589970501474926 0.1801253687315634 0.5606563421828908 0.17570058997050145 0.5628687315634218 0.17348820058997047 0.5650811209439528
0 0.15110844017094008 0.8760461182336183 0.1459891381766381 0.8798299501424502 0.14198272792022784 0.8822783119658121 0.13842147435897428 0.8838363603988604 0.13686342592592585 0.8829460470085471 0.13686342592592585 0.8800525284900285 0.1390892094017093 0.8767138532763533 0.14176014957264949 0.8729300213675214 0.14621171652421644 0.8691461894586895 0.15110844017094008 0.8664752492877493 0.154892272079772 0.8631365740740741 0.15934383903133895 0.8597978988603988 0.1646857193732193 0.8564592236467237 0.16735665954415946 0.8555689102564102 0.1698050213675213 0.8553463319088319 0.17069533475783466 0.8577946937321937 0.170250178062678 0.8602430555555556 0.16668892450142442 0.8649172008547008 0.1577857905982905 0.8709268162393163 0.1540019586894586 0.8740429131054132
0 0.03132640586797066 0.9476874490627547 0.028524857375713124 0.9527811735941321 0.024959250203748985 0.9563467807660962 0.02139364303178484 0.9578748981255093 0.020374898125509373 0.9560920945395274 0.022157701711491444 0.95099837000815 0.024959250203748985 0.9448859005704972 0.028270171149144256 0.9405562347188264 0.032599837000815 0.9372453137734311 0.0356560717196414 0.9334250203748982 0.03896699266503668 0.9301140994295028 0.04176854115729422 0.9293500407497962 0.04227791361043195 0.9313875305623472 0.040240423797881016 0.9349531377343113 0.03820293398533007 0.9395374898125509 0.03591075794621027 0.9431030969845151 0.03438264058679707 0.945140586797066
0 0.41801364942528735 0.8317618534482759 0.4108297413793104 0.8405172413793104 0.40925826149425293 0.8423132183908046 0.4079112787356322 0.8445581896551725 0.40633979885057475 0.8468031609195403 0.4045438218390805 0.8472521551724139 0.40252334770114945 0.8470276580459771 0.40184985632183906 0.8450071839080461 0.4034213362068966 0.8420887212643678 0.4067887931034483 0.8391702586206897 0.4106052442528736 0.8360272988505747 0.41374820402298856 0.8313128591954023 0.4168911637931035 0.8272719109195403 0.42003412356321845 0.8257004310344828 0.42138110632183906 0.82659841954023
0 0.5597722960151803 0.6028621125869703 0.5566097406704617 0.6034550917141049 0.5534471853257431 0.605629348513599 0.5498893105629349 0.6081989247311828 0.5469244149272612 0.6115591397849461 0.5445524984187223 0.6155123339658444 0.5427735610373181 0.6196631878557874 0.5429712207463631 0.6218374446552813 0.5465290955091714 0.6210468058191018 0.5532495256166983 0.6159076533839342 0.5579933586337761 0.6111638203668563 0.5605629348513599 0.6074082858950031 0.5619465528146742 0.6040480708412397
0 0.6472966728280961 0.6388247073321011 0.6432532347504621 0.6417128773875539 0.6390172520024645 0.6430606900800986 0.6361290819470117 0.6440234134319163 0.6320856438693777 0.6474892174984597 0.6293900184842883 0.6524953789279112 0.6268869377695625 0.6565388170055453 0.6249614910659272 0.6609673444239063 0.6253465804066544 0.6621226124460874 0.6313154651879235 0.6580791743684534 0.6367067159581022 0.6540357362908195 0.6419054220579173 0.6503773875539125 0.6455637707948244 0.6467190388170055 0.6471041281577325 0.6430606900800986 0.6474892174984597 0.6413277880468268
0 0.743993993993994 0.6726726726726727 0.740990990990991 0.6756756756756757 0.7381756756756757 0.6792417417417417 0.7346096096096096 0.682057057057057 0.7276651651651652 0.6859984984984986 0.7227852852852853 0.6882507507507507 0.7216591591591592 0.6901276276276277 0.7203453453453453 0.6916291291291292 0.7194069069069069 0.693506006006006 0.7194069069069069 0.6951951951951952 0.7227852852852853 0.6948198198198199 0.7272897897897899 0.6921921921921922 0.7351726726726727 0.6859984984984986 0.7421171171171171 0.6809309309309309 0.7438063063063063 0.6786786786786787 0.7453078078078079 0.6768018018018018 0.7466216216216216 0.6743618618618619 0.7462462462462462 0.6730480480480481
0 0.8356990903755868 0.651206719483568 0.8289135856807512 0.6523070715962441 0.8234118251173709 0.6532240316901408 0.81809345657277 0.6537742077464788 0.8122249119718309 0.6537742077464788 0.8081902875586855 0.6543243838028169 0.8080068955399061 0.6561583039906103 0.8114913438967136 0.6583590082159624 0.8166263204225352 0.6589091842723004 0.818643632629108 0.6579922241784038 0.8226782570422535 0.6570752640845071 0.8278132335680751 0.6570752640845071 0.8316644659624414 0.6556081279342723 0.8349655223004695 0.6535908157276995
0 0.6973778735632183 0.5186781609195402 0.6963002873563219 0.5352011494252874 0.6977370689655173 0.543103448275862 0.6989942528735632 0.5510057471264368 0.7004310344827586 0.5572916666666666 0.7016882183908046 0.5599856321839081 0.7045617816091954 0.5612428160919541 0.7067169540229885 0.5581896551724138 0.7086925287356322 0.5529813218390804 0.7088721264367817 0.5457974137931034 0.7074353448275862 0.5319683908045978 0.7063577586206897 0.5274784482758621 0.7049209770114943 0.5233477011494253 0.703125 0.5208333333333334 0.7007902298850576 0.5192169540229885
0 0.17411357091432686 0.19616180705543557 0.17118880489560837 0.20088642908567317 0.16961393088552917 0.20516108711303097 0.16893898488120954 0.208985781137509 0.1691639668826494 0.2134854211663067 0.17096382289416848 0.21753509719222464 0.1723137149028078 0.21798506119510438 0.17276367890568756 0.21551025917926567 0.17253869690424767 0.21258549316054717 0.1750134989200864 0.20696094312455005 0.17748830093592513 0.20066144708423328 0.17815420560747663 0.19679016466399643 0.1766243880729862 0.19373052959501555
0 0.7613856589147286 0.07025193798449612 0.7592054263565892 0.07000968992248063 0.7565406976744187 0.07146317829457365 0.7553294573643411 0.07412790697674419 0.7553294573643411 0.07800387596899225 0.7548449612403102 0.08527131782945736 0.7546027131782946 0.08914728682170543 0.7548449612403102 0.093265503875969 0.7570251937984497 0.09423449612403102 0.7594476744186046 0.09181201550387597 0.7596899224806202 0.08866279069767442 0.7616279069767443 0.08163759689922481 0.7621124031007753 0.07776162790697676 0.7621124031007753 0.07509689922480621 0.7618701550387598 0.07267441860465115
0 0.8036387631975868 0.22082390648567118 0.8008107088989441 0.22035256410256412 0.7989253393665159 0.2234162895927602 0.7977469834087482 0.2271870286576169 0.7965686274509804 0.23119343891402716 0.794683257918552 0.23472850678733032 0.7925622171945701 0.2382635746606335 0.7906768476621419 0.24109162895927602 0.7892628205128206 0.24439102564102563 0.7885558069381599 0.24816176470588236 0.789027149321267 0.25146116138763197 0.7906768476621419 0.2512254901960784 0.7932692307692307 0.24839743589743588 0.7977469834087482 0.2389705882352941 0.8010463800904977 0.2330788084464555 0.8029317496229261 0.22860105580693815 0.8038744343891403 0.22577300150829563
0 0.8821486928104574 0.14133986928104572 0.8835784313725489 0.1446078431372549 0.8835784313725489 0.1486928104575163 0.8817401960784312 0.1501225490196078 0.8790849673202614 0.1486928104575163 0.8762254901960784 0.1446078431372549 0.8715277777777778 0.13766339869281047 0.8641748366013071 0.13031045751633985 0.8625408496732025 0.1284722222222222 0.8627450980392156 0.1256127450980392 0.8670343137254901 0.12581699346405226 0.8713235294117646 0.12867647058823528 0.8760212418300652 0.1323529411764706 0.8794934640522876 0.13500816993464052 0.881127450980392 0.13745915032679737
0 0.8705357142857142 0.9187925170068028 0.8654336734693877 0.9224064625850339 0.8596938775510203 0.9236819727891156 0.8465136054421768 0.9247448979591836 0.8416241496598639 0.9247448979591836 0.8386479591836734 0.92453231292517 0.8382227891156462 0.9230442176870748 0.8409863945578231 0.9211309523809523 0.8477891156462584 0.9194302721088435 0.8607568027210883 0.9177295918367345 0.8673469387755102 0.9168792517006802 0.8688350340136054 0.9168792517006802
0 0.9980867346938775 0.7861394557823129 0.9923469387755102 0.7867772108843537 0.9893707482993197 0.7861394557823129 0.9846938775510203 0.7857142857142857 0.9808673469387755 0.7865646258503401 0.9791666666666665 0.7876275510204082 0.978954081632653 0.7889030612244897 0.9798044217687074 0.790391156462585 0.9812925170068026 0.7931547619047618 0.9832057823129251 0.7946428571428571 0.9868197278911564 0.7940051020408163 0.9897959183673469 0.7918792517006802 0.9936224489795917 0.7908163265306122 0.9976615646258503 0.7908163265306122 0.9978741496598639 0.7891156462585034
1 0.4376854599406528 0.3975024727992087 0.4464948071216617 0.3839020771513353 0.4610225024727992 0.3754018298714144 0.4818867457962413 0.3698380316518299 0.49687809099901087 0.37153808110781406 0.5069238377843719 0.38050197823936693 0.5110966864490603 0.38900222551928787 0.5056874381800198 0.4022935212660732 0.4962598911968348 0.41172106824925814 0.4755501978239367 0.4186758160237388 0.4573133036597428 0.41635756676557867 0.4446402077151335 0.41326656775469833 0.43907640949554894 0.40863006923837786
0 0.6110529986052998 0.9797768479776848 0.6156293584379358 0.9795589260808926 0.6199877963737795 0.9782513947001394 0.6252179218967922 0.9784693165969317 0.619334030683403 0.9852248953974895 0.6114888423988842 0.9882758019525801 0.6056049511854951 0.9908908647140865 0.6003748256624826 0.9941596931659692 0.5936192468619247 0.9954672245467224 0.5901324965132496 0.9965568340306833 0.5914400278940027 0.9911087866108786 0.5949267782426778 0.9874041143654113 0.6023361227336123 0.9847890516039051 0.6062587168758716 0.9821739888423989
0 0.701518412242946 0.9025286944045912 0.7085425633668102 0.9026781444285031 0.7151183644189383 0.9034253945480633 0.7196018651362984 0.9064143950263033 0.7243842659014825 0.9095528455284554 0.7282699665231946 0.9131396461023434 0.7288677666188427 0.9146341463414634 0.7234875657580105 0.9159791965566715 0.7130260640841702 0.9141857962697274 0.7103359636537543 0.9122429459588713 0.7065997130559541 0.9107484457197513 0.703012912482066 0.9071616451458632 0.6986788617886179 0.9037242945958872
0 0.823293172690763 0.7627099306316173 0.8278568820737495 0.7616830960204453 0.8339037970062065 0.7615690032858707 0.8393802482657904 0.76179718875502 0.845883534136546 0.7625958378970427 0.8531854691493245 0.7640790434465132 0.856037787513691 0.7654481562614092 0.8629974443227455 0.7679581964220518 0.8592323840817816 0.7693273092369477 0.8559236947791165 0.7714950711938663 0.8491922234392113 0.771266885724717 0.8444003285870756 0.7696695874406717 0.8394943410003651 0.768870938298649 0.833105147864184 0.768528660094925 0.8284273457466227 0.7671595472800291 0.8248904709748082 0.7660186199342826
0 0.9737060778727444 0.1834045584045584 0.9778608736942069 0.18459164292497623 0.977267331433998 0.18993352326685659 0.9754867046533712 0.19438509021842354 0.9745963912630579 0.19824311490978155 0.9737060778727444 0.2018043684710351 0.9737060778727444 0.20625593542260207 0.9737060778727444 0.2077397910731244 0.97340930674264 0.20952041785375117 0.9719254510921177 0.2124881291547958 0.968957739791073 0.21189458689458687 0.9671771130104463 0.20863010446343777 0.9674738841405508 0.20477207977207976 0.9686609686609686 0.19853988603988604 0.969551282051282 0.1955721747388414 0.9707383665716999 0.1905270655270655 0.9713319088319088 0.18607549857549854
