1 0.303583009079118 0.08511673151750973 0.29709792477302205 0.07984760051880674 0.2914234760051881 0.07538910505836575 0.2885862516212711 0.07093060959792477 0.2865596627756161 0.0644455252918288 0.28574902723735407 0.05877107652399482 0.28574902723735407 0.05025940337224385 0.2869649805447471 0.04580090791180285 0.2918287937743191 0.042558365758754865 0.29831387808041504 0.04093709468223087 0.30763618677042803 0.04093709468223087 0.326280804150454 0.04377431906614786 0.3416828793774319 0.049448767833981846 0.3546530479896239 0.05633916990920883 0.35911154345006485 0.059176394293125816 0.3627594033722438 0.0652561608300908 0.3643806744487678 0.07093060959792477 0.3639753566796369 0.07701037613488976 0.3623540856031129 0.08227950713359274 0.35992217898832685 0.08592736705577173 0.35627431906614787 0.08876459143968872 0.35019455252918286 0.09038586251621271 0.33844033722438394 0.0920071335927367 0.331144617380026 0.0920071335927367 0.320201037613489 0.08998054474708171 0.310878728923476 0.08754863813229571
1 0.3911316472114138 0.06606679636835279 0.4045071335927367 0.05228599221789884 0.4170719844357977 0.04296368352788586 0.4267996108949417 0.03809987029831388 0.43612191958495466 0.03485732814526589 0.4462548638132296 0.03364137483787289 0.4571984435797666 0.03364137483787289 0.46408884565499353 0.03445201037613489 0.4693579766536965 0.03728923476005188 0.47219520103761353 0.042558365758754865 0.47178988326848253 0.04863813229571985 0.4705739299610895 0.05471789883268483 0.46692607003891057 0.06120298313878081 0.4535505836575876 0.07093060959792477 0.44098573281452663 0.07701037613488976 0.43166342412451364 0.07863164721141375 0.4231517509727627 0.07984760051880674 0.4150453955901427 0.07984760051880674 0.40572308690012976 0.07863164721141375 0.40004863813229574 0.07660505836575876 0.3951848249027237 0.07417315175097276 0.39194228274967574 0.07174124513618678
1 0.608974358974359 0.0641025641025641 0.6219951923076923 0.05141559829059829 0.6350160256410257 0.04273504273504273 0.6400240384615384 0.04006410256410256 0.6500400641025641 0.03872863247863247 0.6580528846153846 0.03872863247863247 0.6637286324786325 0.04073183760683761 0.6687366452991452 0.04407051282051282 0.6714075854700854 0.04907852564102564 0.6717414529914529 0.05508814102564102 0.6707398504273504 0.06076388888888888 0.6690705128205128 0.06710737179487179 0.6630608974358975 0.07712339743589743 0.6567174145299145 0.08480235042735043 0.6463675213675213 0.09214743589743589 0.6370192307692307 0.09615384615384616 0.6293402777777778 0.09949252136752136 0.6239983974358975 0.10082799145299146 0.616653311965812 0.10082799145299146 0.609642094017094 0.1001602564102564 0.6049679487179487 0.09648771367521367 0.6026308760683761 0.09214743589743589 0.6016292735042735 0.08680555555555555 0.6022970085470085 0.0811298076923077 0.6036324786324786 0.07445245726495726 0.6066372863247863 0.06810897435897437
1 0.5562232905982907 0.056757478632478625 0.5689102564102565 0.05108173076923077 0.577590811965812 0.05041399572649573 0.585269764957265 0.05141559829059829 0.5876068376068376 0.054754273504273504 0.5872729700854701 0.06009615384615385 0.5832665598290598 0.06710737179487179 0.5772569444444444 0.07879273504273504 0.5735844017094017 0.08413461538461538 0.568576388888889 0.08914262820512821 0.564236111111111 0.09281517094017094 0.5575587606837608 0.0971554487179487 0.5522168803418803 0.09982638888888888 0.5432024572649573 0.10216346153846154 0.5338541666666666 0.10349893162393162 0.5261752136752137 0.10349893162393162 0.523170405982906 0.10216346153846154 0.5215010683760684 0.09682158119658119 0.523170405982906 0.08780715811965813 0.531517094017094 0.07612179487179488 0.538528311965812 0.06810897435897437 0.5472088675213675 0.061765491452991456
1 0.603298611111111 0.13855502136752135 0.618656517094017 0.12486645299145298 0.6266693376068376 0.12052617521367522 0.6336805555555555 0.11785523504273504 0.6420272435897435 0.11618589743589743 0.648704594017094 0.1158520299145299 0.6567174145299145 0.11818910256410256 0.6603899572649573 0.12353098290598291 0.6610576923076923 0.13054220085470086 0.6567174145299145 0.15090811965811965 0.6473691239316239 0.1659321581196581 0.6363514957264957 0.17828525641025642 0.6320112179487178 0.1829594017094017 0.6260016025641025 0.18663194444444445 0.618656517094017 0.18763354700854698 0.6103098290598291 0.18796741452991453 0.601963141025641 0.18696581196581194 0.5956196581196581 0.18529647435897437 0.5912793803418803 0.18129006410256407 0.5896100427350427 0.17861912393162394 0.5879407051282051 0.1749465811965812 0.5879407051282051 0.16826923076923075 0.5919471153846153 0.1579193376068376 0.5956196581196581 0.14857104700854698 0.5996260683760684 0.1438969017094017
1 0.42501236399604353 0.16722304648862513 0.41759396636993074 0.16969584569732937 0.4089391691394659 0.17031404549950543 0.39657517309594464 0.16876854599406527 0.38637487636003953 0.165986646884273 0.3789564787339268 0.16289564787339267 0.37462908011869434 0.15856824925816024 0.37339268051434227 0.15300445103857566 0.3740108803165183 0.14713155291790306 0.3761745796241345 0.14249505440158258 0.38235657764589515 0.13662215628090998 0.39008407517309596 0.13167655786350146 0.3984297725024728 0.12920375865479722 0.4046117705242334 0.12858555885262116 0.41326656775469833 0.12858555885262116 0.4259396636993076 0.13013105835806132 0.4308852621167161 0.13291295746785362 0.43552176063303655 0.13600395647873392 0.43737636003956476 0.14002225519287834 0.4386127596439169 0.146513353115727 0.43830365974282887 0.15114985163204747 0.4367581602373887 0.15578635014836795 0.4345944609297725 0.16042284866468842 0.43119436201780414 0.1641320474777448
1 0.29889960435212665 0.19380563798219583 0.28993570722057366 0.195351137487636 0.2825173095944609 0.19442383778437192 0.27540801186943614 0.19133283877349158 0.27108061325420374 0.1876236399604352 0.2667532146389713 0.18082344213649854 0.26118941641938676 0.1700049455984174 0.2587166172106825 0.16073194856577644 0.2587166172106825 0.15269535113748764 0.26026211671612265 0.14558605341246292 0.26428041543026703 0.14002225519287834 0.27015331355093963 0.13569485657764588 0.27788081107814044 0.13291295746785362 0.2865356083086053 0.13167655786350146 0.293335806132542 0.1319856577645895 0.2998269040553907 0.13600395647873392 0.3050816023738872 0.14187685459940652 0.3097181008902077 0.1505316518298714 0.312190900098912 0.1582591493570722 0.31342729970326405 0.16444114737883284 0.31404549950544014 0.17155044510385756 0.31342729970326405 0.17711424332344214 0.312190900098912 0.18205984174085063 0.30940900098911966 0.18638724035608306 0.3056998021760633 0.19009643916913946 0.30322700296735905 0.19195103857566764
1 0.09716796874999999 0.31201171875 0.09594726562499999 0.3038736979166667 0.09594726562499999 0.29736328125 0.09676106770833331 0.2916666666666667 0.10001627604166666 0.286376953125 0.10449218749999999 0.2819010416666667 0.11018880208333331 0.2782389322916667 0.12158203124999999 0.2737630208333333 0.13378906249999997 0.2733561197916667 0.15657552083333331 0.276611328125 0.17895507812499997 0.28515625 0.19116210937499997 0.2941080729166667 0.19807942708333331 0.3014322916666667 0.20092773437499997 0.30712890625 0.20011393229166663 0.3140462239583333 0.19848632812499997 0.3221842447916667 0.19238281249999997 0.330322265625 0.18546549479166663 0.3347981770833333 0.17814127604166663 0.3372395833333333 0.16918945312499997 0.3388671875 0.16145833333333331 0.3392740885416667 0.14843749999999997 0.337646484375 0.13663736979166663 0.3360188802083333 0.12483723958333331 0.3319498697916667 0.11059570312499999 0.32421875 0.10408528645833331 0.3197428385416667 0.10083007812499999 0.3173014322916667
1 0.21516927083333331 0.413330078125 0.20825195312499997 0.4019368489583333 0.20662434895833331 0.39501953125 0.20621744791666663 0.3848470052083333 0.20662434895833331 0.3779296875 0.20906575520833331 0.3714192708333333 0.21354166666666663 0.3653157552083333 0.21842447916666663 0.3628743489583333 0.22412109374999997 0.3600260416666667 0.23063151041666663 0.3588053385416667 0.23632812499999997 0.3588053385416667 0.24365234374999997 0.36083984375 0.25341796874999994 0.3685709635416667 0.2615559895833333 0.3799641927083333 0.2664388020833333 0.3909505208333333 0.2676595052083333 0.39990234375 0.26806640625 0.40966796875 0.2664388020833333 0.4149576822916667 0.26359049479166663 0.4198404947916667 0.25870768229166663 0.423095703125 0.25260416666666663 0.4259440104166667 0.24690755208333331 0.4275716145833333 0.23999023437499997 0.4287923177083333 0.23266601562499997 0.4275716145833333 0.22696940104166663 0.425537109375 0.22208658854166663 0.4222819010416667 0.21801757812499997 0.4186197916666667
1 0.14965820312499997 0.4759928385416667 0.14925130208333331 0.4609375 0.15209960937499997 0.4483235677083333 0.15576171874999997 0.4418131510416667 0.16105143229166663 0.4357096354166667 0.16878255208333331 0.431640625 0.17488606770833331 0.4308268229166667 0.18017578124999997 0.4308268229166667 0.18627929687499997 0.4332682291666667 0.19075520833333331 0.4369303385416667 0.19563802083333331 0.4483235677083333 0.19685872395833331 0.4613444010416667 0.19685872395833331 0.4678548177083333 0.19523111979166663 0.4739583333333333 0.19197591145833331 0.479248046875 0.18627929687499997 0.4845377604166667 0.17936197916666663 0.48779296875 0.17407226562499997 0.4894205729166667 0.16756184895833331 0.4894205729166667 0.16064453124999997 0.4881998697916667 0.15576171874999997 0.4857584635416667 0.15291341145833331 0.48291015625
1 0.3026529947916667 0.5089518229166666 0.2916666666666667 0.5077311197916666 0.28515625 0.5044759114583334 0.2770182291666667 0.498779296875 0.2701009114583333 0.4943033854166667 0.26603190104166663 0.4886067708333333 0.26236979166666663 0.48291015625 0.26074218749999994 0.476806640625 0.25992838541666663 0.471923828125 0.2603352864583333 0.4678548177083333 0.26318359374999994 0.4637858072916667 0.26603190104166663 0.4613444010416667 0.2733561197916667 0.4576822916666667 0.2810872395833333 0.454833984375 0.2880045572916667 0.45361328125 0.293701171875 0.4540201822916667 0.3038736979166667 0.4560546875 0.3160807291666667 0.4601236979166667 0.3246256510416667 0.464599609375 0.3323567708333333 0.4711100260416667 0.3356119791666667 0.4776204427083333 0.3372395833333333 0.4833170572916667 0.3372395833333333 0.489013671875 0.335205078125 0.4943033854166667 0.332763671875 0.4979654947916667 0.3295084635416667 0.5016276041666666 0.32421875 0.5052897135416666 0.3189290364583333 0.5077311197916666 0.3124186197916667 0.508544921875 0.3091634114583333 0.5089518229166666
1 0.349853515625 0.5956217447916666 0.342529296875 0.5874837239583334 0.3404947916666667 0.5834147135416666 0.3404947916666667 0.5764973958333334 0.3404947916666667 0.57080078125 0.342529296875 0.5642903645833334 0.3465983072916667 0.55859375 0.353515625 0.5541178385416666 0.362060546875 0.5504557291666666 0.3701985677083333 0.5492350260416666 0.3807779947916667 0.5492350260416666 0.391357421875 0.5516764322916666 0.4019368489583333 0.5557454427083334 0.4153645833333333 0.5626627604166666 0.423095703125 0.5691731770833334 0.4259440104166667 0.5752766927083334 0.4271647135416667 0.5834147135416666 0.4267578125 0.589111328125 0.423095703125 0.5960286458333334 0.4186197916666667 0.60009765625 0.4112955729166667 0.6041666666666666 0.4039713541666667 0.6057942708333334 0.3929850260416667 0.606201171875 0.3779296875 0.60498046875 0.3653157552083333 0.6021321614583334 0.35595703125 0.598876953125
1 0.23347981770833331 0.6314290364583334 0.22534179687499997 0.628173828125 0.21801757812499997 0.623291015625 0.21435546874999997 0.6175944010416666 0.21232096354166663 0.608642578125 0.21232096354166663 0.60009765625 0.21476236979166663 0.5935872395833334 0.22005208333333331 0.587890625 0.22859700520833331 0.5821940104166666 0.23876953124999997 0.579345703125 0.25138346354166663 0.5789388020833334 0.26236979166666663 0.5809733072916666 0.2705078125 0.5850423177083334 0.274169921875 0.589111328125 0.27783203125 0.5960286458333334 0.2798665364583333 0.6045735677083334 0.2794596354166667 0.6102701822916666 0.276611328125 0.6175944010416666 0.27294921875 0.6220703125 0.2672526041666667 0.6265462239583334 0.26074218749999994 0.6302083333333334 0.2517903645833333 0.6322428385416666 0.24446614583333331 0.6322428385416666 0.23754882812499997 0.6318359375
1 0.12158203124999999 0.615966796875 0.10815429687499999 0.606201171875 0.10083007812499999 0.5944010416666666 0.09757486979166666 0.5838216145833334 0.09554036458333331 0.5777180989583334 0.09554036458333331 0.5691731770833334 0.09635416666666666 0.5614420572916666 0.10083007812499999 0.5516764322916666 0.10693359374999999 0.5467936197916666 0.11466471354166666 0.542724609375 0.12280273437499999 0.54150390625 0.13094075520833331 0.5410970052083334 0.13948567708333331 0.5435384114583334 0.14803059895833331 0.5520833333333334 0.15291341145833331 0.5606282552083334 0.15657552083333331 0.5675455729166666 0.15942382812499997 0.576904296875 0.16145833333333331 0.5838216145833334 0.16186523437499997 0.5899251302083334 0.16186523437499997 0.596435546875 0.16064453124999997 0.6017252604166666 0.15494791666666663 0.60986328125 0.15006510416666663 0.6131184895833334 0.14477539062499997 0.61474609375 0.13867187499999997 0.6180013020833334 0.13297526041666666 0.618408203125 0.12768554687499997 0.618408203125
1 0.37548828125 0.41455078125 0.36083984375 0.4072265625 0.3551432291666667 0.4031575520833333 0.3514811197916667 0.3974609375 0.3486328125 0.391357421875 0.3490397135416667 0.3848470052083333 0.352294921875 0.3799641927083333 0.3588053385416667 0.3750813802083333 0.3677571614583333 0.3726399739583333 0.3783365885416667 0.3710123697916667 0.386474609375 0.3710123697916667 0.3954264322916667 0.371826171875 0.403564453125 0.37548828125 0.4125162760416667 0.3799641927083333 0.4173990885416667 0.3860677083333333 0.4198404947916667 0.3921712239583333 0.4198404947916667 0.3966471354166667 0.418212890625 0.4015299479166667 0.415771484375 0.4072265625 0.4112955729166667 0.4117024739583333 0.4055989583333333 0.41455078125 0.401123046875 0.4161783854166667 0.3929850260416667 0.4165852864583333 0.3872884114583333 0.4165852864583333 0.381591796875 0.4161783854166667
1 0.4149576822916667 0.4983723958333333 0.412109375 0.4861653645833333 0.412109375 0.4784342447916667 0.412109375 0.471923828125 0.4137369791666667 0.4650065104166667 0.4169921875 0.4589029947916667 0.421875 0.4540201822916667 0.4312337239583333 0.449951171875 0.43896484375 0.4491373697916667 0.44873046875 0.451171875 0.4552408854166667 0.454833984375 0.4601236979166667 0.4613444010416667 0.4641927083333333 0.469482421875 0.464599609375 0.4812825520833333 0.4625651041666667 0.4943033854166667 0.45849609375 0.5040690104166666 0.454833984375 0.5093587239583334 0.449951171875 0.51220703125 0.44384765625 0.5138346354166666 0.4361165364583333 0.5138346354166666 0.4308268229166667 0.513427734375 0.4247233072916667 0.5105794270833334 0.4214680989583333 0.5081380208333334 0.4190266927083333 0.506103515625
1 0.4564615885416667 0.5435384114583334 0.457275390625 0.5337727864583334 0.4650065104166667 0.520751953125 0.470703125 0.515869140625 0.4808756510416667 0.510986328125 0.4886067708333333 0.510986328125 0.4955240885416667 0.5138346354166666 0.501220703125 0.5179036458333334 0.503662109375 0.5223795572916666 0.503662109375 0.5284830729166666 0.5020345052083334 0.5349934895833334 0.4922688802083333 0.5480143229166666 0.4861653645833333 0.5528971354166666 0.479248046875 0.5569661458333334 0.47314453125 0.5581868489583334 0.4662272135416667 0.5581868489583334 0.4609375 0.55615234375 0.4589029947916667 0.5541178385416666 0.4568684895833333 0.5508626302083334
1 0.5199381510416666 0.6167805989583334 0.5154622395833334 0.6127115885416666 0.50732421875 0.60498046875 0.5028483072916666 0.59521484375 0.5016276041666666 0.5895182291666666 0.5028483072916666 0.5826009114583334 0.508544921875 0.572021484375 0.5130208333333334 0.5679524739583334 0.5191243489583334 0.564697265625 0.5248209635416666 0.5642903645833334 0.5309244791666666 0.564697265625 0.5382486979166666 0.5679524739583334 0.5443522135416666 0.5724283854166666 0.5496419270833334 0.5809733072916666 0.5516764322916666 0.586669921875 0.552490234375 0.593994140625 0.5520833333333334 0.6005045572916666 0.5492350260416666 0.6078287760416666 0.545166015625 0.613525390625 0.5419108072916666 0.6167805989583334 0.537841796875 0.6192220052083334 0.5345865885416666 0.620849609375 0.5284830729166666 0.6212565104166666 0.5240071614583334 0.620849609375
1 0.413330078125 0.6957194010416666 0.4088541666666667 0.68798828125 0.4080403645833333 0.6814778645833334 0.4092610677083333 0.6704915364583334 0.4117024739583333 0.6639811197916666 0.4186197916666667 0.657470703125 0.427978515625 0.652587890625 0.4369303385416667 0.6497395833333334 0.4471028645833333 0.64892578125 0.4564615885416667 0.6513671875 0.46337890625 0.6554361979166666 0.469482421875 0.6619466145833334 0.4711100260416667 0.669677734375 0.4723307291666667 0.6765950520833334 0.471923828125 0.6826985677083334 0.4690755208333333 0.68798828125 0.4654134114583333 0.6920572916666666 0.4580891927083333 0.6969401041666666 0.4483235677083333 0.7001953125 0.4409993489583333 0.701416015625 0.4320475260416667 0.7018229166666666 0.4239095052083333 0.701416015625 0.4186197916666667 0.7001953125
1 0.3111979166666667 0.7254231770833334 0.3067220052083333 0.7229817708333334 0.3006184895833333 0.7189127604166666 0.296142578125 0.7128092447916666 0.2941080729166667 0.7042643229166666 0.2953287760416667 0.6944986979166666 0.2977701822916667 0.6888020833333334 0.3026529947916667 0.68310546875 0.3099772135416667 0.6790364583333334 0.32177734375 0.677001953125 0.33154296875 0.677001953125 0.3396809895833333 0.6790364583333334 0.3457845052083333 0.6822916666666666 0.3502604166666667 0.6896158854166666 0.3502604166666667 0.6953125 0.3494466145833333 0.701416015625 0.3502604166666667 0.7079264322916666 0.3494466145833333 0.713623046875 0.34619140625 0.720947265625 0.3441569010416667 0.724609375 0.3404947916666667 0.7274576822916666 0.33642578125 0.728271484375 0.3291015625 0.728271484375 0.3221842447916667 0.728271484375 0.31689453125 0.7278645833333334
1 0.23754882812499997 0.8263346354166666 0.23103841145833331 0.816162109375 0.22819010416666663 0.8084309895833334 0.22574869791666663 0.7986653645833334 0.22574869791666663 0.7909342447916666 0.22737630208333331 0.781982421875 0.23022460937499997 0.7754720052083334 0.23551432291666663 0.7681477864583334 0.24324544270833331 0.7644856770833334 0.2517903645833333 0.7632649739583334 0.2591145833333333 0.7640787760416666 0.2676595052083333 0.7677408854166666 0.2725423177083333 0.7726236979166666 0.2770182291666667 0.777099609375 0.279052734375 0.7848307291666666 0.2798665364583333 0.7925618489583334 0.279052734375 0.8006998697916666 0.27783203125 0.808837890625 0.2749837239583333 0.8169759114583334 0.271728515625 0.8214518229166666 0.269287109375 0.8230794270833334 0.2627766927083333 0.82470703125 0.2578938802083333 0.8267415364583334 0.25341796874999994 0.8275553385416666 0.24731445312499997 0.8275553385416666 0.24324544270833331 0.828369140625
1 0.39459161147902866 0.7550358719646799 0.4014900662251656 0.7512417218543046 0.41114790286975716 0.7488272626931567 0.41804635761589404 0.7474475717439294 0.4283940397350994 0.7474475717439294 0.4363272626931567 0.7477924944812362 0.44564017660044153 0.7512417218543046 0.4546081677704194 0.7550358719646799 0.4604718543046358 0.7588300220750551 0.4646109271523179 0.7640038631346578 0.4670253863134658 0.7671081677704195 0.46771523178807944 0.7705573951434879 0.46840507726269315 0.7757312362030906 0.4673703090507726 0.7802152317880794 0.46530077262693154 0.7853890728476821 0.4611616997792494 0.7905629139072848 0.45495309050772625 0.7950469094922737 0.44839955849889623 0.7974613686534215 0.43736203090507725 0.7988410596026491 0.4235651214128035 0.7981512141280354 0.404939293598234 0.7936672185430463 0.3952814569536424 0.7905629139072848 0.3901076158940397 0.7843543046357616 0.38700331125827814 0.7774558498896248 0.38700331125827814 0.7709023178807947 0.38769315673289184 0.7650386313465785 0.3901076158940397 0.761244481236203 0.3921771523178808 0.7577952538631346
1 0.5115204194260485 0.7402041942604857 0.503932119205298 0.7260623620309051 0.5004828918322296 0.7098509933774834 0.5015176600441501 0.6932947019867549 0.503932119205298 0.6836368653421634 0.5060016556291391 0.6788079470198676 0.5091059602649006 0.675358719646799 0.5180739514348786 0.6715645695364238 0.5239376379690949 0.6715645695364238 0.5298013245033112 0.6746688741721855 0.5370447019867549 0.6808774834437086 0.5435982339955849 0.6895005518763797 0.547737306843267 0.7008830022075055 0.5487720750551877 0.7105408388520971 0.5491169977924945 0.7177842163355409 0.547737306843267 0.7246826710816776 0.5453228476821191 0.7312362030905076 0.5398040838852097 0.7367549668874173 0.5342853200883002 0.7405491169977925 0.528076710816777 0.7426186534216336 0.5208333333333334 0.7426186534216336 0.5177290286975718 0.7426186534216336
1 0.7011781150159744 0.5817026091586794 0.6931908945686901 0.5787074014909479 0.6875332800851971 0.5737153887113952 0.6825412673056444 0.5653953674121406 0.6798788604898828 0.5504193290734825 0.6798788604898828 0.540435303514377 0.6812100638977636 0.5327808839190629 0.6865348775292864 0.5211328541001065 0.6918596911608094 0.5174720447284344 0.6991813099041534 0.5154752396166135 0.7068357294994675 0.5161408413205538 0.713158945686901 0.5188032481363153 0.7178181576144834 0.522131256656017 0.7258053780617678 0.5317824813631523 0.7284677848775293 0.5381056975505858 0.7291333865814696 0.5437633120340788 0.72979898828541 0.5490881256656017 0.7288005857294995 0.5564097444089456 0.7271365814696485 0.5640641640042598 0.7254725772097976 0.5690561767838126 0.7214789669861555 0.5743809904153354 0.7164869542066028 0.5777089989350372 0.71149494142705 0.5793730031948882 0.7071685303514378 0.5803714057507988
1 0.6472643769968051 0.8898761980830671 0.6439363684771033 0.8778953674121406 0.6426051650692225 0.865914536741214 0.6426051650692225 0.8532681043663471 0.6446019701810436 0.8446152822151224 0.6465987752928648 0.8389576677316294 0.6515907880724174 0.8306376464323749 0.6569156017039404 0.8256456336528222 0.6602436102236422 0.8219848242811502 0.6685636315228967 0.8176584132055378 0.678547657082002 0.8143304046858361 0.6848708732694355 0.8133320021299255 0.6911940894568691 0.8139976038338658 0.6975173056443025 0.8176584132055378 0.7071685303514378 0.8296392438764643 0.7128261448349308 0.8406216719914803 0.7164869542066028 0.8542665069222577 0.7164869542066028 0.8669129392971247 0.7158213525026623 0.8825545793397231 0.7118277422790202 0.8968650159744409 0.7061701277955271 0.9085130457933972 0.6958533013844516 0.9184970713525027 0.6888644834930777 0.9218250798722045 0.6792132587859425 0.9221578807241747 0.669229233226837 0.9194954739084131 0.659910809371672 0.9131722577209798 0.6532547923322684 0.9055178381256657 0.648928381256656 0.8985290202342918
1 0.20238095238095236 0.7210884353741497 0.19547193877551017 0.7232142857142858 0.18537414965986393 0.7221513605442177 0.17952806122448978 0.7184311224489797 0.17474489795918363 0.7088647959183674 0.17474489795918363 0.6987670068027211 0.17527636054421766 0.6902636054421769 0.1779336734693877 0.6817602040816326 0.18165391156462582 0.6759141156462586 0.18537414965986393 0.6727253401360545 0.19494047619047616 0.6705994897959184 0.20450680272108843 0.6700680272108844 0.21088435374149658 0.6716624149659864 0.21566751700680267 0.6753826530612245 0.21885629251700678 0.6812287414965986 0.22098214285714282 0.6865433673469388 0.22204506802721086 0.692389455782313 0.22204506802721086 0.6998299319727892 0.21938775510204078 0.7072704081632654 0.2161989795918367 0.7136479591836735 0.2114158163265306 0.7184311224489797
1 0.15242346938775508 0.730654761904762 0.1529549319727891 0.738095238095238 0.150297619047619 0.7450042517006803 0.14604591836734693 0.7524447278911565 0.14019982993197277 0.7577593537414966 0.1338222789115646 0.7604166666666666 0.12478741496598639 0.7614795918367346 0.11575255102040814 0.7588222789115646 0.10671768707482991 0.7508503401360545 0.09980867346938774 0.7418154761904763 0.09715136054421766 0.73171768707483 0.09555697278911564 0.7232142857142858 0.09555697278911564 0.7152423469387756 0.09715136054421766 0.7104591836734694 0.10193452380952378 0.7046130952380952 0.10884353741496597 0.7014243197278912 0.12000425170068026 0.6992984693877552 0.12638180272108843 0.6987670068027211 0.13275935374149658 0.7019557823129252 0.14019982993197277 0.7078018707482994 0.14551445578231287 0.7163052721088436 0.150297619047619 0.7226828231292518 0.15136054421768702 0.7253401360544218
1 0.8002763605442177 0.9357993197278912 0.7938988095238096 0.9400510204081632 0.7848639455782312 0.9432397959183674 0.7779549319727892 0.9437712585034014 0.772640306122449 0.9411139455782312 0.7673256802721089 0.9342049319727892 0.7604166666666666 0.9214498299319729 0.7566964285714286 0.9076318027210885 0.7566964285714286 0.891687925170068 0.7582908163265306 0.8784013605442177 0.7604166666666666 0.8725552721088436 0.7678571428571429 0.8677721088435374 0.7768920068027211 0.8677721088435374 0.7843324829931972 0.8709608843537416 0.7917729591836735 0.8768069727891157 0.7976190476190477 0.88796768707483 0.8024022108843538 0.9012542517006803 0.8045280612244898 0.9097576530612245 0.8061224489795918 0.9177295918367346 0.8061224489795918 0.9251700680272109 0.8050595238095238 0.929421768707483
1 0.8981760374832662 0.8889725568942436 0.8856258366800536 0.8919009370816599 0.8739123159303882 0.8919009370816599 0.8621987951807228 0.8919009370816599 0.8538319946452476 0.889809236947791 0.8437918340026773 0.8831157965194109 0.8412817938420347 0.8785140562248995 0.8387717536813922 0.8722389558232931 0.8375167336010708 0.8672188755020079 0.8375167336010708 0.8621987951807228 0.8387717536813922 0.8580153949129853 0.845883534136546 0.8521586345381525 0.8559236947791165 0.8467202141900937 0.8634538152610441 0.8450468540829985 0.8726572958500668 0.8471385542168673 0.8843708165997322 0.8525769745649262 0.8939926372155287 0.8592704149933065 0.9015227576974565 0.8651271753681391 0.9057061579651939 0.8709839357429718 0.9065428380187416 0.8772590361445782 0.9057061579651939 0.8831157965194109 0.9031961178045514 0.886462516733601
1 0.916164658634538 0.8140896921017402 0.9065428380187416 0.8086512717536813 0.8981760374832662 0.798611111111111 0.8919009370816599 0.7898259705488619 0.8906459170013385 0.7827141900937081 0.8902275769745649 0.7772757697456493 0.8906459170013385 0.7697456492637216 0.8919009370816599 0.7634705488621151 0.8965026773761713 0.7563587684069611 0.9002677376171351 0.753012048192771 0.9073795180722891 0.7505020080321285 0.916164658634538 0.7505020080321285 0.9228580990629183 0.7517570281124498 0.9282965194109772 0.7534303882195448 0.935408299866131 0.7592871485943775 0.9412650602409638 0.76514390896921 0.9454484605087015 0.7730923694779116 0.9483768406961178 0.7810408299866131 0.9487951807228915 0.7910809906291834 0.9483768406961178 0.798611111111111 0.946285140562249 0.8048862115127176 0.9433567603748326 0.8086512717536813 0.9374999999999999 0.8128346720214189 0.9324799196787148 0.814508032128514 0.9228580990629183 0.8153447121820615
1 0.7646937086092715 0.5839541942604857 0.7691777041942606 0.567742825607064 0.7722820088300221 0.5601545253863134 0.7760761589403973 0.5539459161147903 0.7815949227373069 0.548082229580574 0.7874586092715231 0.5453228476821191 0.7953918322295805 0.5439431567328918 0.801255518763797 0.5453228476821191 0.8064293598233996 0.5473923841059603 0.8095336644591612 0.5498068432671082 0.8112582781456954 0.5549806843267109 0.8119481236203091 0.561189293598234 0.8116032008830022 0.5673979028697572 0.8112582781456954 0.5736065121412803 0.807809050772627 0.5832643487858719 0.8036699779249449 0.591887417218543 0.7991859823399559 0.5977511037527594 0.794701986754967 0.6018901766004415 0.7905629139072848 0.6036147902869757 0.7853890728476821 0.6046495584988963 0.776766004415011 0.604994481236203 0.7712472406181016 0.6025800220750551 0.767798013245033 0.5998206401766004 0.7660733995584988 0.5960264900662252 0.7653835540838851 0.591887417218543
1 0.7367549668874173 0.47771799116997793 0.7260623620309051 0.4770281456953642 0.717439293598234 0.4739238410596026 0.7105408388520971 0.46943984547461365 0.704332229580574 0.46254139072847683 0.7001931567328918 0.4535733995584989 0.6977786975717439 0.44667494481236203 0.6977786975717439 0.43977649006622516 0.6988134657836645 0.4325331125827815 0.7015728476821191 0.4273592715231788 0.7036423841059603 0.42425496688741726 0.7101959161147903 0.4201158940397351 0.717439293598234 0.4183912803532009 0.723992825607064 0.4183912803532009 0.7333057395143487 0.4211506622516556 0.7422737306843267 0.42528973509933776 0.748137417218543 0.4318432671081677 0.7529663355408388 0.4390866445916115 0.7553807947019867 0.4449503311258278 0.7560706401766004 0.45012417218543044 0.7550358719646799 0.45736754966887416 0.7529663355408388 0.46392108167770424 0.7498620309050773 0.4697847682119205 0.7471026490066225 0.47357891832229576 0.7446881898454746 0.4756484547461369 0.7405491169977925 0.4780629139072847
1 0.6336230684326711 0.5060016556291391 0.6246550772626931 0.49634381898454744 0.6187913907284768 0.4804773730684327 0.6170667770419427 0.47081953642384106 0.6163769315673289 0.4632312362030905 0.6170667770419427 0.4546081677704194 0.620516004415011 0.444605408388521 0.6243101545253863 0.4390866445916115 0.6298289183222958 0.4352924944812362 0.636037527593819 0.43287803532008834 0.645005518763797 0.433567880794702 0.6501793598233996 0.43736203090507725 0.6553532008830022 0.44288079470198677 0.6584575055187637 0.4487444812362031 0.6605270419426048 0.45495309050772625 0.6615618101545254 0.4663355408388521 0.6622516556291391 0.47668322295805743 0.6622516556291391 0.48496136865342165 0.6605270419426048 0.4911699779249448 0.6588024282560706 0.4956539735099338 0.6539735099337748 0.5008278145695364 0.6491445916114791 0.5035871964679912 0.6439707505518764 0.5066915011037527 0.6408664459161149 0.5073813465783664
1 0.599197247706422 0.29147553516819574 0.5947375127420998 0.2854230377166157 0.5928261977573903 0.2809633027522936 0.5925076452599388 0.27491080530071355 0.5937818552497451 0.2675840978593272 0.5972859327217125 0.2615316004077472 0.6017456676860345 0.2561162079510703 0.6090723751274211 0.2516564729867482 0.6141692150866462 0.2503822629969419 0.6230886850152905 0.25133792048929665 0.628822629969419 0.25452344546381245 0.6329638124362895 0.2583460754332314 0.6364678899082569 0.2634429153924567 0.6386977573904179 0.2682212028542304 0.6396534148827727 0.2739551478083588 0.6396534148827727 0.280644750254842 0.6380606523955148 0.28606014271151886 0.6345565749235473 0.2917940876656473 0.6313710499490316 0.29561671763506625 0.6265927624872579 0.29848369011213044 0.6208588175331294 0.2994393476044852 0.6138506625891947 0.29975790010193676 0.6081167176350663 0.2981651376146789 0.6042940876656473 0.29561671763506625
1 0.7234327217125381 0.2659913353720693 0.7250254841997961 0.25229357798165136 0.7301223241590213 0.24146279306829765 0.7345820591233435 0.2344546381243629 0.7399974515800204 0.23095056065239553 0.7466870540265036 0.2280835881753313 0.7536952089704383 0.22712793068297657 0.7616590214067279 0.22872069317023447 0.76611875637105 0.23158766564729868 0.7680300713557594 0.2360474006116208 0.7689857288481142 0.2436926605504587 0.7689857288481142 0.25133792048929665 0.7677115188583078 0.2583460754332314 0.764525993883792 0.26503567787971455 0.7600662589194699 0.27045107033639143 0.7536952089704383 0.27554791029561676 0.7438200815494393 0.2809633027522936 0.7368119266055045 0.2819189602446483 0.7304408766564731 0.2812818552497452 0.7278924566768603 0.27873343527013256 0.7253440366972477 0.274592252803262
1 0.698585626911315 0.137296126401631 0.696355759429154 0.1337920489296636 0.6954001019367992 0.12710244648318042 0.6957186544342507 0.11945718654434251 0.6992227319062181 0.11021916411824668 0.7062308868501529 0.09461009174311925 0.7215214067278288 0.07040010193679919 0.7275739041794087 0.06339194699286442 0.7352191641182467 0.059569317023445464 0.7447757390417941 0.058613659531090725 0.7517838939857289 0.060206422018348624 0.7581549439347605 0.06498470948012232 0.7629332313965341 0.0716743119266055 0.7670744138634047 0.08346075433231397 0.7664373088685016 0.09301732925586137 0.7603848114169215 0.11244903160040774 0.7562436289500509 0.12327981651376146 0.7495540265035677 0.1337920489296636 0.7419087665647299 0.1404816513761468 0.7361748216106014 0.14398572884811417 0.7301223241590213 0.14557849133537207 0.7237512742099899 0.1468527013251784 0.7154689092762487 0.1468527013251784 0.7081422018348623 0.14589704383282365 0.7033639143730887 0.1436671763506626 0.7004969418960244 0.1417558613659531
1 0.3771661569826707 0.00191131498470948 0.37175076452599387 0.006052497451580021 0.3688837920489297 0.01051223241590214 0.3679281345565749 0.01656472986748216 0.36920234454638123 0.02198012232415902 0.37238786952089703 0.026439857288481142 0.38003312945973494 0.029306829765545363 0.38799694189602446 0.029943934760448522 0.3959607543323139 0.03058103975535168 0.4036060142711519 0.0302624872579001 0.4112512742099898 0.028669724770642203 0.41953363914373093 0.025484199796126403 0.42781600407747195 0.0207059123343527 0.4341870540265036 0.014971967380224261 0.4370540265035678 0.0095565749235474 0.4380096839959225 0.0035040774719673805 0.4370540265035678 0.00031855249745158 0.38290010193679913 0.00063710499490316 0.37952044025157233 0.00019654088050314466
1 0.10280987394957977 0.17852766106442572 0.10018382352941171 0.18509278711484586 0.09755777310924364 0.18859418767506997 0.09449404761904757 0.19253326330532206 0.08880427170868342 0.19603466386554616 0.08398984593837529 0.19691001400560218 0.07917542016806718 0.19691001400560218 0.07261029411764701 0.19428396358543412 0.06429446778711478 0.18903186274509798 0.059917717086834674 0.1815913865546218 0.05641631652661058 0.17371323529411759 0.054665616246498544 0.16277135854341732 0.054665616246498544 0.15358018207282906 0.05554096638655456 0.14482668067226884 0.059480042016806664 0.13782387955182068 0.06385679271708677 0.13344712885154053 0.07261029411764701 0.1303834033613445 0.08048844537815121 0.12994572829131648 0.0879289215686274 0.13213410364145653 0.09405637254901955 0.13869922969187667 0.09799544817927167 0.14832808123249294 0.10149684873949576 0.15970763305322125 0.10237219887955178 0.16495973389355736 0.1032475490196078 0.1706495098039215 0.1032475490196078 0.17327556022408958
1 0.0011498917748918056 0.1481331168831169 0.012648809523809557 0.15557359307359306 0.01873647186147189 0.16098484848484848 0.02347132034632038 0.16842532467532464 0.028206168831168856 0.17857142857142855 0.030235389610389643 0.1873647186147186 0.030235389610389643 0.19683441558441558 0.029558982683982715 0.20562770562770563 0.02550054112554116 0.21239177489177488 0.02211850649350652 0.21442099567099565 0.014001623376623407 0.21442099567099565 0.0011498917748918056 0.21171536796536794 0.00047348484848487674 0.15692640692640694
1 0.044740437158469946 0.09904371584699453 0.041666666666666664 0.101775956284153 0.036885245901639344 0.10280054644808742 0.02868852459016393 0.10280054644808742 0.01912568306010929 0.10143442622950818 0.008538251366120218 0.09528688524590163 0.00034153005464480874 0.08777322404371585 0.0 0.0430327868852459 0.007172131147540983 0.041325136612021855 0.016734972677595626 0.03961748633879781 0.024931693989071035 0.03961748633879781 0.031762295081967214 0.040983606557377046 0.03927595628415301 0.04371584699453552 0.044740437158469946 0.04747267759562841 0.050204918032786885 0.051571038251366115 0.05362021857923496 0.05737704918032786 0.055669398907103824 0.06284153005464481 0.05601092896174863 0.06830601092896174 0.05601092896174863 0.07547814207650272 0.05396174863387978 0.08504098360655736 0.05259562841530054 0.08982240437158469 0.05054644808743169 0.09357923497267759 0.04918032786885245 0.09631147540983605
1 0.09357923497267759 0.0006830601092896175 0.10143442622950818 0.01092896174863388 0.10792349726775956 0.016734972677595626 0.11304644808743168 0.02185792349726776 0.11919398907103824 0.02663934426229508 0.12431693989071038 0.030054644808743165 0.13148907103825136 0.03381147540983606 0.13900273224043716 0.03620218579234972 0.14754098360655737 0.036543715846994534 0.15471311475409835 0.03483606557377049 0.16086065573770492 0.032445355191256825 0.16632513661202183 0.02663934426229508 0.16939890710382513 0.019808743169398905 0.16939890710382513 0.011612021857923495 0.1690573770491803 0.005806010928961747 0.16495901639344263 0.0006830601092896175 0.09938524590163933 0.0
1 0.09320695102685622 0.4535939968404424 0.08382701421800946 0.46396129541864134 0.078890205371248 0.469391785150079 0.07296603475513426 0.4743285939968404 0.06753554502369667 0.47877172195892576 0.061611374407582915 0.48124012638230645 0.05371248025276459 0.48420221169036337 0.04531990521327012 0.4856832543443918 0.03643364928909951 0.4856832543443918 0.02952211690363347 0.48518957345971564 0.023597946287519725 0.48272116903633494 0.021129541864139 0.47778436018957343 0.021129541864139 0.469391785150079 0.023104265402843584 0.4595181674565561 0.028041074249605037 0.4511255924170616 0.03495260663507106 0.4432266982622433 0.04285150078988939 0.43631516587677727 0.054206161137440735 0.4298973143759873 0.06704186413902051 0.42446682464454977 0.078890205371248 0.42199842022116907 0.09024486571879935 0.42199842022116907 0.09370063191153237 0.42249210110584523 0.09765007898894154 0.42742890995260663 0.09814375987361768 0.43285939968404424 0.09616903633491308 0.4437203791469194
1 0.011255924170616093 0.5444312796208532 0.020635860979462853 0.5390007898894156 0.026066350710900455 0.5360387045813586 0.03396524486571877 0.5335703001579779 0.04482622432859397 0.5325829383886256 0.052231437598736156 0.5335703001579779 0.05914296998420219 0.5350513428120063 0.06407977883096365 0.5385071090047393 0.06556082148499208 0.5419628751974723 0.06605450236966823 0.5464060031595577 0.06605450236966823 0.5513428120063192 0.0635860979462875 0.5567733017377567 0.05963665086887834 0.5626974723538705 0.055193522906793024 0.5686216429699843 0.04680094786729856 0.574545813586098 0.03692733017377565 0.5789889415481834 0.027053712480252744 0.5814573459715641 0.016192733017377545 0.5829383886255924 0.00829383886255922 0.5829383886255924 0.0003949447077408938 0.5829383886255924 0.0008886255924170392 0.5572669826224329 0.005825434439178492 0.5498617693522907
1 0.8389454134366925 0.1727632428940569 0.8316779715762274 0.17639696382428943 0.8256217700258398 0.17720445736434112 0.819969315245478 0.17720445736434112 0.8139131136950905 0.17478197674418608 0.8082606589147286 0.17114825581395354 0.8013969638242895 0.15903585271317836 0.7977632428940569 0.14773094315245483 0.7965520025839793 0.1364260335917313 0.7965520025839793 0.12996608527131787 0.7969557493540051 0.12310239018087858 0.7997819767441859 0.11623869509043931 0.8030119509043928 0.10977874677002589 0.8062419250645995 0.10533753229974163 0.8110868863049095 0.1029150516795866 0.8175468346253231 0.10130006459948324 0.8248142764857882 0.10130006459948324 0.8296592377260982 0.10210755813953493 0.8357154392764857 0.10533753229974163 0.8389454134366925 0.10856750645994835 0.8425791343669251 0.11421996124031011 0.8458091085271318 0.12673611111111113 0.8466166020671834 0.13481104651162795 0.8474240956072351 0.14288598191214474 0.8474240956072351 0.15217215762273906 0.8462128552971576 0.15822835917312664 0.84500161498708 0.16428456072351424 0.8437903746770026 0.16832202842377264
1 0.8744751291989664 0.3290132428940568 0.8720526485788114 0.3205345607235142 0.8704376614987079 0.3027697028423773 0.8708414082687338 0.298328488372093 0.8720526485788114 0.29146479328165376 0.8744751291989664 0.28661983204134367 0.8781088501291989 0.28217861757105944 0.8833575581395349 0.2785448966408269 0.8877987726098191 0.2769299095607235 0.8954699612403101 0.2769299095607235 0.9011224160206718 0.2793523901808786 0.9051598837209303 0.28217861757105944 0.9083898578811369 0.2874273255813954 0.9104085917312662 0.29469476744186046 0.9120235788113695 0.30761466408268734 0.9116198320413437 0.3164970930232558 0.9104085917312662 0.32295704134366926 0.9083898578811369 0.328609496124031 0.9067748708010336 0.3322432170542636 0.9043523901808785 0.3342619509043928 0.8995074289405685 0.33587693798449614 0.8946624677002585 0.3370881782945736 0.8890100129198967 0.3370881782945736 0.882953811369509 0.33587693798449614 0.8793200904392765 0.3342619509043928
1 0.7937257751937985 0.3774628552971576 0.7856508397932817 0.36777293281653745 0.7812096253229974 0.3584867571059432 0.7787871447028424 0.34677810077519383 0.7791908914728682 0.33587693798449614 0.7824208656330749 0.3273982558139535 0.7864583333333334 0.32093830749354 0.7933220284237726 0.31690083979328165 0.8009932170542636 0.31488210594315247 0.8086644056847546 0.31447835917312666 0.8159318475452195 0.31730458656330746 0.8207768087855297 0.32013081395348836 0.8256217700258398 0.32780200258397935 0.8292554909560723 0.3378956718346254 0.8316779715762274 0.35121931524547806 0.8312742248062015 0.3617167312661499 0.8296592377260982 0.3685804263565891 0.8268330103359173 0.3742328811369509 0.8231992894056847 0.37827034883720934 0.8195655684754521 0.3806928294573643 0.8131056201550387 0.3823078165374677 0.8070494186046511 0.38271156330749356 0.8013969638242895 0.3823078165374677 0.7965520025839793 0.3806928294573643
1 0.6746204780361756 0.3835190568475452 0.6677567829457364 0.3762516149870801 0.6649305555555556 0.3710029069767442 0.663719315245478 0.3669654392764858 0.6641230620155039 0.35767926356589147 0.6665455426356589 0.34839308785529716 0.673812984496124 0.33628068475452194 0.6839066537467701 0.32537952196382425 0.6968265503875969 0.3164970930232558 0.7069202196382428 0.31165213178294576 0.7166101421188631 0.3104408914728682 0.7230700904392765 0.3104408914728682 0.7299337855297157 0.31286337209302323 0.7335675064599483 0.3181120801033592 0.7355862403100775 0.3257832687338501 0.7355862403100775 0.3322432170542636 0.7339712532299741 0.3399144056847545 0.7303375322997415 0.35000807493540054 0.7186288759689923 0.36656169250646 0.709342700258398 0.37584786821705424 0.7028827519379844 0.3794815891472868 0.6960190568475452 0.38271156330749356 0.6883478682170543 0.38392280361757103 0.6814841731266149 0.38392280361757103
1 0.9975818452380952 0.9361979166666666 0.9827008928571428 0.9343377976190476 0.9678199404761905 0.9287574404761905 0.9591393849206349 0.923797123015873 0.9535590277777778 0.9151165674603174 0.951078869047619 0.9082961309523809 0.9516989087301587 0.8971354166666666 0.9554191468253969 0.8878348214285714 0.9609995039682541 0.8803943452380952 0.9721602182539683 0.8735739087301587 0.9833209325396824 0.8686135912698413 0.9951016865079365 0.8667534722222222 0.9988219246031745 0.8661334325396824 0.9989583333333333 0.8791666666666667 0.9989583333333333 0.9354166666666667
1 0.9989583333333333 0.771875 0.9895213293650793 0.7706473214285714 0.9814608134920635 0.767547123015873 0.9789806547619048 0.7638268849206349 0.9765004960317459 0.7588665674603174 0.9734002976190476 0.7508060515873016 0.9740203373015873 0.7421254960317459 0.9758804563492063 0.736545138888889 0.9789806547619048 0.7315848214285714 0.9870411706349207 0.7247643849206349 0.9926215277777778 0.7216641865079365 0.9988219246031745 0.7204241071428572 0.9989583333333333 0.7270833333333333
1 0.8636532738095238 0.504030257936508 0.8531125992063492 0.5027901785714286 0.8450520833333334 0.49720982142857145 0.8369915674603174 0.48976934523809523 0.833891369047619 0.4823288690476191 0.8314112103174603 0.4779885912698413 0.8314112103174603 0.47054811507936506 0.8301711309523809 0.4624875992063492 0.8301711309523809 0.4569072420634921 0.83203125 0.44946676587301587 0.8345114087301587 0.4438864087301588 0.8425719246031745 0.4376860119047619 0.8506324404761905 0.43396577380952384 0.8562127976190476 0.4333457341269842 0.8648933531746031 0.4352058531746032 0.872953869047619 0.44078621031746035 0.8785342261904762 0.4488467261904762 0.8853546626984127 0.45628720238095244 0.8878348214285714 0.46868799603174605 0.8878348214285714 0.4779885912698413 0.8872147817460317 0.4848090277777778 0.884734623015873 0.490389384920635 0.8797743055555556 0.49720982142857145 0.8766741071428572 0.5009300595238095 0.8735739087301587 0.5027901785714286
1 0.970920138888889 0.3651413690476191 0.962859623015873 0.3570808531746032 0.9566592261904762 0.3415798611111111 0.9547991071428572 0.33351934523809523 0.9547991071428572 0.3260788690476191 0.9554191468253969 0.3217385912698413 0.9585193452380952 0.31677827380952384 0.9634796626984127 0.31057787698412703 0.9703000992063492 0.30685763888888895 0.9752604166666666 0.3037574404761905 0.9820808531746031 0.3025173611111111 0.9889012896825397 0.30189732142857145 0.9963417658730158 0.3043774801587302 0.9989583333333333 0.3072916666666667 0.9989583333333333 0.371875 0.9913814484126984 0.37382192460317465 0.9870411706349207 0.37382192460317465 0.9765004960317459 0.3707217261904762
1 0.952938988095238 0.02287946428571427 0.9430183531746031 0.031560019841269826 0.9380580357142857 0.033420138888888874 0.9324776785714286 0.03528025793650792 0.923797123015873 0.03652033730158729 0.9151165674603174 0.0359002976190476 0.9089161706349207 0.033420138888888874 0.9045758928571428 0.030319940476190462 0.8996155753968255 0.02473958333333332 0.8952752976190476 0.01729910714285713 0.8940352182539683 0.01233878968253967 0.8940352182539683 0.007378472222222209 0.896515376984127 0.0030381944444444306 0.8989955357142857 0.0005580357142857002 0.9591393849206349 0.0005580357142857002 0.9585193452380952 0.011098710317460304 0.9572792658730158 0.0148189484126984
1 0.9250372023809523 0.14068700396825395 0.9182167658730158 0.1276661706349206 0.9157366071428572 0.11712549603174602 0.9169766865079365 0.10472470238095237 0.9182167658730158 0.09790426587301586 0.9244171626984127 0.09108382936507935 0.9293774801587301 0.08798363095238095 0.9374379960317459 0.08674355158730158 0.945498511904762 0.08674355158730158 0.9547991071428572 0.08984374999999999 0.9603794642857142 0.09356398809523808 0.9659598214285714 0.1003844246031746 0.9684399801587301 0.10658482142857141 0.9703000992063492 0.11340525793650792 0.9727802579365079 0.12084573412698411 0.9740203373015873 0.12890624999999997 0.9740203373015873 0.13820684523809523 0.970920138888889 0.14502728174603172 0.9659598214285714 0.15060763888888887 0.9566592261904762 0.1537078373015873 0.9473586309523809 0.1537078373015873 0.935577876984127 0.15122767857142855 0.9287574404761905 0.14688740079365079
0 0.3739677177177177 0.38874812312312307 0.3711524024024024 0.38874812312312307 0.37021396396396394 0.39039039039039036 0.3718562312312312 0.39297109609609604 0.3751407657657657 0.3932057057057057 0.3798329579579579 0.3925018768768769 0.38640202702702703 0.3943787537537537 0.3920326576576576 0.39719406906906907 0.39672484984984985 0.3990709459459459 0.40094782282282276 0.40047860360360354 0.40446696696696693 0.4007132132132132 0.4054054054054054 0.39977477477477474 0.40212087087087084 0.3962556306306306 0.3962556306306306 0.39226726726726724 0.3908596096096096 0.3908596096096096 0.3866366366366366 0.3899211711711711 0.38311749249249244 0.38804429429429427 0.3786599099099099 0.38804429429429427 0.376783033033033 0.3878096846846847
0 0.3138888888888889 0.48310185185185184 0.30694444444444446 0.48194444444444445 0.29768518518518516 0.47939814814814813 0.2930555555555555 0.4775462962962963 0.2905092592592593 0.4780092592592593 0.287962962962963 0.4784722222222222 0.2840277777777778 0.4777777777777778 0.280787037037037 0.4756944444444445 0.2810185185185185 0.47453703703703703 0.28541666666666665 0.47430555555555554 0.28888888888888886 0.47430555555555554 0.29467592592592595 0.4738425925925926 0.3013888888888889 0.4752314814814815 0.30625 0.47708333333333336 0.3108796296296296 0.4789351851851852
0 0.39212962962962966 0.5817129629629629 0.374537037037037 0.5780092592592593 0.36736111111111114 0.5777777777777777 0.36203703703703705 0.5773148148148147 0.35671296296296295 0.575925925925926 0.3548611111111111 0.5736111111111111 0.3564814814814815 0.5717592592592593 0.3625 0.5715277777777777 0.37083333333333335 0.5733796296296296 0.37986111111111115 0.575925925925926 0.38819444444444445 0.5782407407407407 0.3974537037037037 0.5791666666666667 0.39791666666666664 0.5814814814814814 0.3962962962962963 0.5821759259259259
0 0.25902777777777775 0.6053240740740741 0.25092592592592594 0.6060185185185186 0.24421296296296297 0.6057870370370371 0.2386574074074074 0.6043981481481481 0.23287037037037037 0.6032407407407407 0.22615740740740742 0.6027777777777777 0.22268518518518518 0.6041666666666666 0.2236111111111111 0.60625 0.22916666666666666 0.607175925925926 0.2351851851851852 0.607175925925926 0.24050925925925926 0.607175925925926 0.24467592592592594 0.6074074074074074 0.2516203703703704 0.6083333333333333 0.26116195230171935 0.6084997226844149 0.26341514143094835 0.6067665002773155
0 0.16553217821782176 0.4419348184818482 0.16346947194719472 0.44554455445544555 0.16321163366336633 0.4488964521452145 0.16295379537953797 0.45302186468646866 0.16269595709570958 0.45714727722772275 0.16295379537953797 0.4628197194719472 0.16553217821782176 0.4700391914191419 0.16888407590759075 0.4746802805280528 0.1712046204620462 0.4746802805280528 0.17326732673267328 0.4731332508250825 0.17378300330033003 0.4708127062706271 0.17326732673267328 0.46230404290429045 0.17172029702970298 0.45585808580858084 0.1696575907590759 0.45147483498349833 0.16888407590759075 0.4476072607260726 0.16888407590759075 0.444513201320132 0.16888407590759075 0.4419348184818482
0 0.17027667548500883 0.3141258818342152 0.15878182870370372 0.31177662037037035 0.15071097883597886 0.30916556437389775 0.1449239417989418 0.30696097883597884 0.13831018518518517 0.30475639329806 0.13114528218694887 0.302827380952381 0.12480709876543213 0.30172508818342153 0.12122464726631395 0.3000716490299824 0.12122464726631395 0.29814263668430335 0.12646053791887127 0.2986937830687831 0.13390101410934743 0.3000716490299824 0.14244378306878308 0.30172508818342153 0.1509865520282187 0.3039296737213404 0.1589781746031746 0.3061342592592593 0.16559193121693122 0.30916556437389775 0.1730324074074074 0.31274801587301587
0 0.28327338129496404 0.15462629896083133 0.2792765787370104 0.15462629896083133 0.2777777777777778 0.15537569944044763 0.2775279776179057 0.15787370103916867 0.2787769784172662 0.1616207034372502 0.2792765787370104 0.16511790567545961 0.280775379696243 0.16886490807354118 0.2822741806554756 0.1716127098321343 0.28502198241406873 0.173361310951239 0.2892685851318945 0.17411071143085532 0.29076738609112707 0.17261191047162272 0.290517585931255 0.1698641087130296 0.2882693844924061 0.16511790567545961 0.28702038369304556 0.1621203037569944 0.2857713828936851 0.15962230215827336 0.2845223820943245 0.15737410071942445
0 0.14013788968824942 0.0017486011191047161 0.1403876898481215 0.0057454036770583534 0.139138689048761 0.00874300559552358 0.13714028776978418 0.011241007194244606 0.13339328537170264 0.012739808153477219 0.13014588329336532 0.012490007993605116 0.12689848121502798 0.010991207034372502 0.12365107913669066 0.008992805755395683 0.11940447641886491 0.006744604316546762 0.11665667466027178 0.004996003197442047 0.11515787370103918 0.0012490007993605117
0 0.5750248015873016 0.05822172619047618 0.5669642857142857 0.064422123015873 0.562313988095238 0.06938244047619047 0.5567336309523809 0.07403273809523808 0.5508432539682538 0.07620287698412698 0.5480530753968255 0.07806299603174602 0.5430927579365079 0.08209325396825395 0.5390625 0.08643353174603173 0.5362723214285714 0.09108382936507935 0.536892361111111 0.09325396825396824 0.5390625 0.09387400793650792 0.5455729166666666 0.09201388888888888 0.55859375 0.0855034722222222 0.5678943452380952 0.07961309523809522 0.5762648809523809 0.07155257936507935 0.579985119047619 0.06566220238095237 0.581845238095238 0.06132192460317459 0.5812251984126984 0.05853174603174602 0.579985119047619 0.05667162698412697 0.5778149801587301 0.05667162698412697
0 0.8192787418655098 0.11315979754157632 0.8170191612436731 0.11293383947939266 0.8158893709327549 0.11745300072306583 0.8158893709327549 0.12468365871294292 0.8181489515545916 0.13869305856832975 0.8195046999276934 0.14434201012292122 0.8226681127982647 0.1515726681127983 0.8253796095444685 0.1542841648590022 0.8278651482284888 0.15405820679681853 0.8285430224150397 0.14931308749096173 0.8294468546637744 0.14524584237165586 0.8298987707881417 0.1407266811279827 0.8292208966015907 0.13417389732465657 0.8276391901663052 0.12942877801879976 0.8251536514822849 0.12649132321041218 0.8235719450469993 0.12377982646420828 0.822442154736081 0.1192606652205351 0.8213123644251626 0.11700108459869853
0 0.746294287780188 0.24421547360809834 0.7447125813449024 0.24647505422993496 0.7431308749096168 0.25031634128705715 0.7410972523499638 0.255739334779465 0.7408712942877802 0.2604844540853218 0.7417751265365148 0.26251807664497473 0.7440347071583514 0.26025849602313816 0.7460683297180044 0.25212400578452643 0.7485538684020246 0.24873463485177152 0.7494577006507591 0.24602313810556764 0.7492317425885755 0.244441431670282
0 0.7092371655820681 0.33685827910339844 0.7015545914678236 0.34228127259580626 0.6968094721619668 0.34725234996384674 0.6938720173535792 0.3506417208966016 0.6918383947939263 0.3551608821402748 0.6918383947939263 0.3587762111352133 0.6934201012292118 0.35922812725958064 0.6981652205350687 0.35583875632682577 0.7044920462762112 0.34951193058568336 0.7083333333333334 0.34454085321764283 0.7108188720173536 0.3411514822848879 0.711270788141721 0.339117859725235
0 0.7387261014131339 0.45557980049875313 0.7270365752285952 0.4498649210307564 0.7208021612635079 0.44518911055694094 0.716645885286783 0.44259143807148793 0.7156068162926019 0.4397339983374896 0.7184642560266001 0.4381753948462178 0.7223607647547798 0.4379156275976725 0.7272963424771405 0.4394742310889443 0.7317123857024106 0.44155236907730677 0.7343100581878638 0.4441500415627598 0.7369077306733167 0.44804655029093937 0.7384663341645885 0.4506442227763924
0 0.7028782211138821 0.5345490440565254 0.6997610141313384 0.5368869492934331 0.6976828761429759 0.5405236907730674 0.6971633416458852 0.5444201995012469 0.6974231088944306 0.5488362427265171 0.6984621778886118 0.552992518703242 0.7000207813798837 0.5574085619285121 0.7015793848711555 0.5610453034081463 0.7041770573566085 0.5631234413965088 0.7080735660847881 0.5631234413965088 0.7104114713216958 0.5646820448877805 0.7117103075644223 0.5631234413965088 0.7109310058187863 0.5597464671654198 0.708852867830424 0.5542913549459685 0.7078137988362427 0.549615544472153 0.7075540315876975 0.5444201995012469 0.7075540315876975 0.5400041562759768 0.7062551953449709 0.5361076475477973
0 0.5283146300914381 0.580527847049044 0.5233790523690773 0.5820864505403159 0.5207813798836243 0.5831255195344972 0.517923940149626 0.5836450540315876 0.5181837073981712 0.5859829592684954 0.5207813798836243 0.5909185369908562 0.5280548628428928 0.5992310889443059 0.5303927680798005 0.6018287614297589 0.5345490440565254 0.6039068994181214 0.5407834580216127 0.6039068994181214 0.5431213632585205 0.6031275976724854 0.5454592684954281 0.6015689941812137 0.5439006650041562 0.5979322527015793 0.5415627597672485 0.5927369077306733 0.5392248545303409 0.5883208645054032 0.537666251039069 0.583904821280133 0.5355881130507066 0.5807876142975894 0.5329904405652536 0.5789692435577722 0.5303927680798005 0.5781899418121363
0 0.449147951142632 0.6766893223010244 0.44570035460992913 0.6744730102442867 0.44225275807722614 0.6739804964539006 0.43905141843971635 0.6761968085106382 0.4358500788022065 0.6784131205673758 0.4324024822695035 0.6803831757289204 0.42870862884160754 0.6813682033096925 0.43166371158392436 0.6830920015760441 0.4370813632781718 0.6835845153664302 0.4434840425531915 0.6835845153664302 0.4461928684003152 0.6821069739952718 0.4474241528762805 0.6801369188337272
0 0.311808628318584 0.7022031710914454 0.3085822271386431 0.7028945427728613 0.3081213126843657 0.704968657817109 0.31065634218289084 0.7065818584070797 0.3145741150442477 0.7065818584070797 0.3196441740412979 0.7068123156342182 0.32655789085545717 0.7072732300884954 0.33116703539823006 0.7081950589970502 0.3341629793510324 0.708886430678466 0.33600663716814155 0.7077341445427728 0.3355457227138643 0.705660029498525 0.33231932153392324 0.7047382005899704 0.32747971976401175 0.704968657817109 0.3226401179941003 0.7047382005899704 0.3180309734513274 0.7042772861356931 0.3148045722713864 0.7038163716814159
0 0.40883112094395274 0.7715707964601769 0.40030420353982293 0.7720317109144542 0.397077802359882 0.7720317109144542 0.3954646017699115 0.7747971976401179 0.396386430678466 0.7782540560471976 0.40030420353982293 0.7821718289085545 0.4067570058997049 0.7853982300884954 0.4143620943952802 0.7881637168141592 0.4208148967551622 0.789546460176991 0.4268067846607669 0.790237831858407 0.43372050147492625 0.7904682890855457 0.4406342182890855 0.7904682890855457 0.4459347345132743 0.7883941740412979 0.44800884955752207 0.7856286873156342 0.4475479351032448 0.7812499999999999 0.44201696165191734 0.7777931415929202 0.43464233038348077 0.7747971976401179 0.42358038348082594 0.7736449115044247 0.4143620943952802 0.7722621681415929
0 0.2475501912045889 0.7823255258126195 0.2445626195028681 0.7831222115997449 0.24277007648183557 0.7865081261950286 0.24356676226896112 0.7883006692160611 0.24575764818355642 0.7890973550031866 0.24735101975780752 0.7918857552581261 0.24814770554493307 0.7954708413001911 0.24874521988527723 0.8012468132568513 0.24894439133205865 0.8072219566602931 0.24934273422562142 0.8106078712555768 0.25213113448056085 0.8114045570427023 0.253724506054812 0.8078194710006373 0.2525294773741236 0.7948733269598469 0.25073693435309113 0.7853130975143402 0.25013942001274697 0.7835205544933077
0 0.028089887640449437 0.5592228464419475 0.025280898876404494 0.5580524344569289 0.020833333333333332 0.5594569288389513 0.018258426966292134 0.5620318352059925 0.018726591760299623 0.5650749063670412 0.023642322097378276 0.56437265917603 0.027855805243445695 0.5625 0.034878277153558054 0.5601591760299626 0.043539325842696625 0.5561797752808989 0.04681647940074906 0.5536048689138577 0.048220973782771535 0.5496254681647941 0.04424157303370787 0.548689138576779 0.04143258426966292 0.5507958801498127 0.03885767790262172 0.5552434456928839 0.03534644194756554 0.5575842696629213 0.031835205992509365 0.5585205992509363
0 0.1264105902777778 0.7389322916666666 0.126953125 0.7413736979166666 0.12505425347222224 0.7432725694444445 0.11990017361111112 0.7435438368055556 0.1144748263888889 0.73974609375 0.10932074652777778 0.7326931423611112 0.10687934027777778 0.7275390625 0.10552300347222224 0.7212999131944445 0.10525173611111112 0.7164171006944445 0.10633680555555557 0.712619357638889 0.11040581597222224 0.7142469618055556 0.1123046875 0.7196723090277779 0.11501736111111112 0.7234700520833334 0.1193576388888889 0.7261827256944445 0.12261284722222224 0.729709201388889 0.12478298611111112 0.7332356770833334
0 0.9379442075337596 0.10394456289978678 0.9374999999999999 0.10927505330490404 0.9377221037668798 0.1148276474769012 0.9390547263681591 0.11904761904761904 0.9417199715707177 0.12326759061833688 0.9434968017057569 0.12859808102345413 0.9441631130063965 0.13392857142857142 0.9459399431414356 0.1370380241648898 0.9483830845771144 0.13570540156361052 0.9514925373134328 0.12793176972281448 0.9514925373134328 0.12326759061833688 0.9499378109452735 0.11904761904761904 0.9457178393745557 0.11504975124378108 0.9428304904051171 0.11194029850746268 0.9414978678038378 0.10838663823738451 0.9406094527363184 0.10594349680170574
0 0.9242680180180181 0.7913851351351351 0.9194819819819819 0.7865990990990991 0.9138513513513513 0.78125 0.9107545045045045 0.7778716216216216 0.9082207207207207 0.7742117117117117 0.9076576576576577 0.7697072072072071 0.9090653153153153 0.7688626126126127 0.9113175675675674 0.7702702702702702 0.9138513513513513 0.7736486486486487 0.9172297297297297 0.7750563063063063 0.9194819819819819 0.7767454954954954 0.9214527027027027 0.7798423423423423 0.9228603603603603 0.7820945945945945 0.9242680180180181 0.7849099099099098 0.924831081081081 0.7865990990990991
0 0.8769707207207207 0.8761261261261261 0.8752815315315314 0.8778153153153153 0.8696509009009008 0.8775337837837838 0.8651463963963963 0.8752815315315314 0.8583896396396397 0.8733108108108107 0.8521959459459458 0.8716216216216216 0.8505067567567567 0.8688063063063063 0.8516328828828829 0.865990990990991 0.8567004504504504 0.8648648648648648 0.8645833333333334 0.8654279279279279 0.8699324324324323 0.8673986486486487 0.8735923423423423 0.8696509009009008 0.8766891891891891 0.8730292792792792
0 0.7787162162162161 0.8817567567567567 0.7781531531531531 0.8902027027027027 0.7798423423423423 0.8997747747747747 0.7837837837837838 0.9115990990990991 0.7944819819819819 0.9301801801801801 0.7899774774774774 0.911036036036036 0.7837837837837838 0.8952702702702702 0.7809684684684685 0.8885135135135135
0 0.9971846846846847 0.8980855855855855 0.9842342342342342 0.8980855855855855 0.9797297297297297 0.9003378378378378 0.9802927927927928 0.9037162162162161 0.9853603603603603 0.9054054054054054 0.9977477477477478 0.9065315315315314 0.9977477477477478 0.9031531531531531
0 0.6405828840970351 0.490650269541779 0.6351078167115903 0.4834905660377358 0.6325808625336927 0.4752077717879605 0.6313173854447439 0.4645384097035041 0.6314577717879605 0.4563960017969452 0.6345462713387242 0.4583614106019766 0.6356693620844565 0.4707154088050315 0.6391790206648698 0.48096361185983827 0.6428290655884995 0.4872809973045822
0 0.30404630903255386 0.05502063273727647 0.3083447959651536 0.05473406694176983 0.31694176983035305 0.05903255387436955 0.3291208161393856 0.0629011921137093 0.3362849610270518 0.06633998165978909 0.34273269142595136 0.07006533700137552 0.34559834938101786 0.07192801467216874 0.34344910591471794 0.07264442916093534 0.33614167812929846 0.07321756075194864 0.3311267767079321 0.07321756075194864 0.3241059147180192 0.07250114626318202 0.3175149014213663 0.07035190279688217 0.30906121045392015 0.0670563961485557 0.30247019715726725 0.06261462631820265 0.2977418615314076 0.057743007794589636
0 0.4343304278922345 0.4648705758055996 0.4387876386687797 0.46338483888008447 0.44258452192287373 0.4678420496566297 0.4439051769677759 0.47593106180665606 0.4447305863708399 0.4868264659270998 0.4427496038034865 0.49243924986793447 0.44225435816164815 0.4952456418383518 0.43515583729529844 0.4921090861067089 0.4346605916534601 0.4861661384046487 0.43284469096671946 0.47279450607501317
0 0.22600117785630153 0.37323321554770317 0.2333627797408716 0.378938457008245 0.2410924617196702 0.3870362190812721 0.2456934628975265 0.3966063015312132 0.24587750294464075 0.40359982332155475 0.24753386336866903 0.41445818610129564 0.24256478209658422 0.41132950530035334 0.2379637809187279 0.4024955830388693 0.23097025912838634 0.38906065959952885 0.224896937573616 0.3772820965842167
0 0.624507097791798 0.06933491062039958 0.6296004206098844 0.06588459516298634 0.6350223449001052 0.06177707676130389 0.6401156677181914 0.060955573080967405 0.6452089905362776 0.05717665615141956 0.6470162986330179 0.05569794952681388 0.6521096214511041 0.05536934805467929 0.6562171398527866 0.05504074658254469 0.6539169295478443 0.058491062039957936 0.6524382229232387 0.062269978969505785 0.6494808096740274 0.06457018927444795 0.6460304942166141 0.06572029442691903 0.6396227655099894 0.06982781282860147 0.6388012618296529 0.07114221871713985 0.6356795478443743 0.0744282334384858 0.6338722397476341 0.07656414300736068 0.6320649316508937 0.07870005257623555 0.626643007360673 0.08083596214511042 0.6240141955835963 0.0824789695057834 0.6220425867507887 0.0818217665615142 0.6225354889589905 0.07919295478443744 0.623356992639327 0.0745925341745531 0.623356992639327 0.07196372239747634
0 0.8517156862745098 0.4602658371040724 0.8569004524886878 0.46167986425339363 0.8604355203619909 0.4692213423831071 0.8653846153846154 0.47888386123680243 0.8623208898944194 0.47888386123680243 0.8564291101055806 0.47063536953242835 0.8533653846153847 0.46427224736048267
0 0.9776475694444445 0.31828703703703703 0.9859664351851852 0.3240740740740741 0.9899450231481483 0.32949942129629634 0.9957320601851852 0.34035011574074076 0.9989583333333333 0.3489583333333333 0.9975405092592593 0.35373263888888895 0.992115162037037 0.3526475694444445 0.988498263888889 0.3464988425925926 0.9798177083333334 0.33203125 0.9769241898148149 0.3233506944444445
