1 0.07909399224806204 0.19173934108527135 0.08999515503875972 0.17922319121447033 0.09847383720930236 0.17235949612403104 0.10574127906976748 0.16751453488372098 0.11462370801033596 0.16468830749354008 0.1255248708010336 0.16428456072351424 0.13198481912144708 0.16711078811369515 0.1384447674418605 0.1719557493540052 0.14288598191214474 0.1768007105943153 0.14288598191214474 0.18649063307493544 0.13682978036175714 0.20304425064599488 0.1222948966408269 0.21838662790697677 0.11623869509043931 0.22525032299741604 0.10453003875968996 0.23009528423772613 0.0908026485788114 0.2317102713178295 0.08393895348837213 0.2276728036175711 0.0774790051679587 0.21798288113695094 0.07505652454780365 0.20304425064599488 0.07707525839793285 0.1961805555555556
1 0.11341246770025842 0.09322512919896644 0.11139373385012923 0.1029150516795866 0.11179748062015508 0.11260497416020675 0.11381621447028428 0.1243136304909561 0.1255248708010336 0.1323885658914729 0.13884851421188635 0.13804102067183466 0.16226582687338503 0.13884851421188635 0.17881944444444448 0.1344072997416021 0.1893168604651163 0.1263323643410853 0.19496931524547806 0.11300872093023259 0.19537306201550392 0.10251130490956076 0.18891311369509048 0.09322512919896644 0.17922319121447033 0.08515019379844964 0.1679182816537468 0.07909399224806204 0.1513646640826874 0.07909399224806204 0.13763727390180883 0.08474644702842381 0.12390988372093027 0.08716892764857884 0.11744993540051682 0.0895914082687339
1 0.21757913436692508 0.06819282945736438 0.21273417312661502 0.08313145994832044 0.21394541343669254 0.09362887596899229 0.21919412144702846 0.10412629198966412 0.2337290051679587 0.10735626614987083 0.24664890180878554 0.10614502583979332 0.26078003875968997 0.09766634366925069 0.2668362403100775 0.0895914082687339 0.27450742894056845 0.0734415374677003 0.2749111757105943 0.06496285529715766 0.2664324935400517 0.05486918604651167 0.2575500645994832 0.051235465116279105 0.24584140826873388 0.051235465116279105 0.2317102713178295 0.05648417312661502 0.22605781653746773 0.05971414728682174
1 0.2930797803617571 0.14773094315245483 0.2829861111111111 0.15459463824289407 0.27571866925064603 0.16468830749354008 0.27329618863049093 0.17357073643410856 0.27208494832041347 0.1881056201550388 0.2753149224806201 0.20264050387596902 0.28056363049095606 0.2155604005167959 0.2898498062015504 0.22363533591731272 0.3023659560723514 0.22646156330749356 0.31447835917312666 0.22444282945736438 0.31972706718346255 0.21394541343669254 0.32174580103359174 0.2022367571059432 0.32174580103359174 0.17922319121447033 0.31609334625323 0.16266957364341086 0.31205587855297157 0.15297965116279072 0.3051921834625323 0.14651970284237728 0.2975209948320413 0.14530846253229976
1 0.4109738372093023 0.02135820413436696 0.41016634366925064 0.03306686046511632 0.41178133074935397 0.04517926356589151 0.41339631782945735 0.05285045219638247 0.42268249354005166 0.06496285529715766 0.43358365633074936 0.0714228036175711 0.4456960594315245 0.07384528423772614 0.45821220930232553 0.07384528423772614 0.4674983850129199 0.0673853359173127 0.4695171188630491 0.057291666666666706 0.4695171188630491 0.04760174418604655 0.4662871447028423 0.038315568475452234 0.4565972222222222 0.029433139534883756 0.44650355297157623 0.019339470284237763 0.43237241602067183 0.014494509043927685 0.4206637596899225 0.014898255813953524 0.4138000645994832 0.016916989664082723
1 0.1893168604651163 0.2357477390180879 0.18285691214470287 0.24301518087855298 0.17558947028423777 0.2518976098191215 0.17155200258397937 0.2599725452196383 0.169937015503876 0.2696624677002584 0.17034076227390182 0.28217861757105944 0.17639696382428943 0.29106104651162795 0.18891311369509048 0.2955022609819122 0.19981427648578814 0.2975209948320413 0.21111918604651167 0.2930797803617571 0.21838662790697677 0.2850048449612403 0.22525032299741604 0.27208494832041347 0.2288840439276486 0.2603762919896641 0.2276728036175711 0.24987887596899228 0.22242409560723517 0.2409964470284238 0.2115229328165375 0.232921511627907 0.200218023255814 0.23130652454780368 0.19295058139534887 0.2337290051679587
1 0.11341246770025842 0.31972706718346255 0.11139373385012923 0.32941698966408267 0.11744993540051682 0.346374354005168 0.12875484496124034 0.358890503875969 0.1384447674418605 0.36535045219638246 0.147327196382429 0.3710029069767442 0.16468830749354008 0.37261789405684753 0.1759932170542636 0.36898417312661497 0.1840681524547804 0.36454295865633074 0.1881056201550388 0.35646802325581395 0.18891311369509048 0.3504118217054264 0.18850936692506465 0.34354812661498707 0.18527939276485791 0.3366844315245478 0.18204941860465118 0.33103197674418605 0.1739744832041344 0.3257832687338501 0.16428456072351424 0.32093830749354 0.15176841085271323 0.31447835917312666 0.14167474160206722 0.31205587855297157 0.13077357881136956 0.3104408914728682 0.12269864341085275 0.3108446382428941 0.11906492248062019 0.31447835917312666
1 0.1981992894056848 0.39643895348837205 0.2054667312661499 0.3855377906976744 0.21596414728682176 0.37827034883720934 0.22807655038759694 0.37584786821705424 0.2369589793281654 0.37544412144702843 0.24543766149870805 0.3770591085271318 0.2539163436692507 0.38150032299741604 0.2575500645994832 0.3903827519379845 0.2583575581395349 0.4000726744186046 0.2539163436692507 0.4121850775193799 0.2462451550387597 0.42389373385012924 0.23817021963824292 0.43681363049095606 0.22525032299741604 0.4392361111111111 0.2123304263565892 0.4392361111111111 0.20506298449612406 0.4360061369509044 0.19698804909560727 0.4299499354005168 0.1933543281653747 0.42147125322997414 0.19214308785529718 0.4097625968992248 0.19577680878552975 0.3996689276485788
1 0.12310239018087858 0.4533672480620155 0.11946866925064602 0.4602309431524548 0.11664244186046516 0.4662871447028423 0.11866117571059435 0.47839954780361754 0.12310239018087858 0.48930071059431524 0.12996608527131787 0.49697189922480617 0.14248223514211888 0.5062580749354005 0.15338339793281658 0.5094880490956072 0.16751453488372098 0.5082768087855297 0.17639696382428943 0.5046430878552972 0.182453165374677 0.5006056201550387 0.18366440568475456 0.49495316537467704 0.18124192506459952 0.4880894702842377 0.17841569767441862 0.47718830749354 0.17235949612403104 0.4658833979328165 0.16670704134366926 0.45821220930232553 0.15863210594315247 0.4537709948320413 0.14611595607235145 0.4505410206718346 0.13723352713178297 0.4489260335917313 0.13077357881136956 0.4489260335917313 0.12794735142118868 0.44973352713178294
1 0.0007671188630491323 0.39724644702842377 0.007227067183462569 0.39401647286821706 0.014090762273901845 0.3932089793281654 0.019339470284237763 0.3948239664082687 0.02055071059431528 0.4012839147286822 0.024588178294573677 0.4085513565891473 0.026606912144702878 0.4158187984496124 0.027818152454780396 0.4230862403100775 0.028221899224806234 0.43075742894056845 0.026203165374677036 0.4424660852713178 0.02256944444444448 0.4513485142118863 0.014090762273901845 0.4586159560723514 0.00520833333333337 0.4602309431524548 0.0 0.459375
1 0.5062580749354005 0.3863452842377261 0.49656815245478036 0.40088016795865633 0.4884932170542636 0.4125888242894057 0.48445574935400515 0.41985626614987076 0.48687822997416025 0.43237241602067183 0.48970445736434104 0.44206233850129195 0.49535691214470284 0.44690729974160204 0.5034318475452196 0.4513485142118863 0.5139292635658914 0.4513485142118863 0.5276566537467701 0.4493297803617571 0.5357315891472869 0.4424660852713178 0.5434027777777778 0.43398740310077516 0.547843992248062 0.4234899870801033 0.5547076873385013 0.4138000645994832 0.5591489018087856 0.4004764211886305 0.5563226744186046 0.39078649870801035 0.5494589793281653 0.3806928294573643 0.5385578165374677 0.37584786821705424 0.5284641472868217 0.3762516149870801 0.517562984496124 0.38028908268733846
1 0.4347948966408269 0.2777374031007752 0.42954618863049093 0.2841973514211886 0.4271237080103359 0.29106104651162795 0.4247012273901809 0.29953972868217055 0.42429748062015504 0.30922965116279066 0.42591246770025837 0.32013081395348836 0.42954618863049093 0.3302244832041344 0.4372173772609819 0.3382994186046512 0.4489260335917313 0.34314437984496127 0.46063468992248063 0.341125645994832 0.4699208656330749 0.33587693798449614 0.47355458656330746 0.32214954780361754 0.47355458656330746 0.30155846253229973 0.4695171188630491 0.2878310723514212 0.46346091731266154 0.2765261627906977 0.45780846253229973 0.2704699612403101 0.44488856589147285 0.2688549741602067 0.4400436046511628 0.27127745478036175
1 0.5159479974160207 0.13400355297157626 0.5086805555555556 0.14409722222222227 0.5058543281653747 0.15742086563307497 0.5054505813953488 0.16953326873385016 0.5082768087855297 0.182453165374677 0.5131217700258398 0.19214308785529718 0.5207929586563308 0.20183301033591733 0.5341166020671834 0.20465923772609823 0.5462290051679587 0.20183301033591733 0.5563226744186046 0.18972060723514214 0.5611676356589147 0.180030684754522 0.5619751291989664 0.16670704134366926 0.5583414082687338 0.15863210594315247 0.5514777131782946 0.14692344961240314 0.5434027777777778 0.13723352713178297 0.5357315891472869 0.13158107235142122 0.5260416666666666 0.129562338501292 0.5191779715762274 0.1303698320413437
1 0.5720687984496123 0.21838662790697677 0.5680313307493541 0.2268653100775194 0.5676275839793282 0.23615148578811374 0.570453811369509 0.24826388888888892 0.5785287467700259 0.2583575581395349 0.5870074289405685 0.26562500000000006 0.5987160852713178 0.2668362403100775 0.6112322351421189 0.2668362403100775 0.620922157622739 0.2652212532299742 0.6289970930232559 0.2603762919896641 0.6326308139534884 0.253108850129199 0.6322270671834626 0.24018895348837213 0.6233446382428941 0.22403908268733855 0.6104247416020672 0.21434916020671838 0.5987160852713178 0.21031169250645998 0.5870074289405685 0.21031169250645998 0.5785287467700259 0.21394541343669254
1 0.0007671188630491323 0.6120397286821705 0.006015826873385049 0.6116359819121446 0.013687015503876005 0.6116359819121446 0.02256944444444448 0.608406007751938 0.031048126614987116 0.6023498062015503 0.03427810077519384 0.5958898578811369 0.03427810077519384 0.5874111757105943 0.031855620155038795 0.5801437338501292 0.026606912144702878 0.5736837855297157 0.02095445736434112 0.5680313307493541 0.013283268733850166 0.5660125968992248 0.007630813953488409 0.5623788759689923 0.0039970930232558505 0.5603601421188631 0.0007671188630491323 0.5583414082687338
1 0.16832202842377264 0.7271075581395349 0.17881944444444448 0.7178213824289406 0.19133559431524552 0.7125726744186046 0.2014292635658915 0.7077277131782946 0.2123304263565892 0.7077277131782946 0.22605781653746773 0.7105539405684754 0.23938145994832047 0.7149951550387598 0.24503391472868222 0.7234738372093024 0.2478601421188631 0.7303375322997415 0.2478601421188631 0.7372012273901808 0.2462451550387597 0.7456799095607235 0.2369589793281654 0.7509286175710594 0.22202034883720934 0.7541585917312662 0.20708171834625327 0.7581960594315246 0.19052810077519383 0.7545623385012921 0.1759932170542636 0.7493136304909561 0.16912952196382433 0.7428536821705426 0.16670704134366926 0.7327600129198967
1 0.36494670542635654 0.7327600129198967 0.35969799741602065 0.7384124677002585 0.35646802325581395 0.7476986434108527 0.35929425064599485 0.7577923126614987 0.37302164082687334 0.7715197028423773 0.38674903100775193 0.782017118863049 0.4037063953488372 0.7880733204134367 0.42147125322997414 0.7904958010335917 0.4400436046511628 0.7880733204134367 0.4505410206718346 0.7840358527131782 0.45780846253229973 0.7775759043927649 0.45780846253229973 0.7711159560723514 0.45417474160206717 0.7545623385012921 0.44650355297157623 0.7448724160206718 0.434391149870801 0.7327600129198967 0.4186450258397933 0.7238775839793282 0.4024951550387597 0.7210513565891472 0.3875565245478036 0.7238775839793282 0.3750403746770026 0.7279150516795866
1 0.11421996124031011 0.8308704780361756 0.12512112403100778 0.8207768087855297 0.13804102067183466 0.8118943798449613 0.15338339793281658 0.8090681524547804 0.1739744832041344 0.8070494186046511 0.18850936692506465 0.8070494186046511 0.19900678294573645 0.8135093669250646 0.200218023255814 0.8211805555555556 0.19779554263565893 0.8316779715762274 0.18608688630490958 0.8429828811369509 0.1638808139534884 0.8542877906976744 0.14692344961240314 0.857921511627907 0.1283510981912145 0.857921511627907 0.11462370801033596 0.8546915374677002 0.10937500000000003 0.8466166020671834 0.11018249354005172 0.8373304263565892
1 0.19295058139534887 0.9980216408268734 0.19577680878552975 0.9891392118863049 0.1994105297157623 0.9790455426356589 0.1994105297157623 0.9653181524547804 0.19779554263565893 0.9556282299741602 0.1933543281653747 0.9487645348837208 0.18770187338501296 0.9439195736434108 0.17558947028423777 0.9427083333333334 0.16266957364341086 0.9487645348837208 0.15580587855297162 0.9608769379844961 0.15297965116279072 0.9709706072351421 0.15176841085271323 0.9810642764857881 0.15176841085271323 0.9907541989664083 0.15208333333333332 0.9989583333333333
1 0.4961644056847545 0.8764938630490956 0.5038355943152455 0.8845687984496123 0.5187742248062015 0.8946624677002585 0.5329053617571059 0.8999111757105943 0.5462290051679587 0.9031411498708011 0.5551114341085271 0.9031411498708011 0.5639938630490956 0.9015261627906976 0.5724725452196382 0.8974886950904393 0.5777212532299741 0.890625 0.578125 0.8813388242894057 0.5732800387596899 0.8712451550387598 0.5603601421188631 0.8607477390180879 0.5470364987080103 0.8534802971576227 0.5296753875968992 0.8482315891472868 0.5119105297157623 0.8482315891472868 0.5026243540051679 0.8490390826873385 0.49414567183462527 0.8559027777777778 0.4917231912144703 0.8619589793281653 0.4917231912144703 0.8676114341085271
1 0.5934673772609819 0.10251130490956076 0.5991198320413437 0.09645510335917316 0.6096172480620154 0.09403262273901812 0.6229408914728682 0.09645510335917316 0.6326308139534884 0.09928133074935404 0.6398982558139535 0.10412629198966412 0.6512031653746769 0.11825742894056851 0.6552406330749354 0.12875484496124034 0.6560481266149871 0.1445009689922481 0.6507994186046511 0.15338339793281658 0.6427244832041343 0.15984334625323002 0.6362645348837209 0.16347706718346258 0.6281895994832041 0.1618620801033592 0.6168846899224806 0.15580587855297162 0.6039647932816538 0.1404635012919897 0.5958898578811369 0.12754360465116282 0.5926598837209303 0.11704618863049099 0.5926598837209303 0.10816375968992252
1 0.9935804263565892 0.042756782945736475 0.9989583333333333 0.04375 0.9988291343669251 0.11664244186046516 0.9943879198966408 0.11462370801033596 0.9859092377260982 0.1089712532299742 0.9778343023255813 0.09645510335917316 0.9750080749354005 0.0815164728682171 0.9733930878552972 0.06698158914728686 0.9754118217054264 0.05567667958656334 0.9826792635658915 0.04477551679586567 0.9895429586563308 0.04235303617571063
1 0.9108123385012921 0.33345445736434104 0.915657299741602 0.3241682816537468 0.9269622093023256 0.3181120801033592 0.9374596253229974 0.31447835917312666 0.9499757751937985 0.31609334625323 0.9600694444444444 0.31972706718346255 0.9665293927648579 0.3237645348837209 0.9782380490956072 0.33062822997416025 0.983890503875969 0.3366844315245478 0.9883317183462531 0.34556686046511625 0.9883317183462531 0.3552567829457364 0.9883317183462531 0.3633317183462532 0.9802567829457364 0.3710029069767442 0.9733930878552972 0.37463662790697677 0.9637031653746769 0.3766553617571059 0.9475532945736433 0.3742328811369509 0.9358446382428941 0.37302164082687334 0.9265584625322998 0.37019541343669254 0.9176760335917312 0.36736918604651164 0.9116198320413437 0.36212047803617575 0.9091973514211886 0.3536417958656331 0.907986111111111 0.3447593669250646
1 0.7904958010335917 0.4206637596899225 0.7787871447028424 0.4247012273901809 0.7686934754521964 0.43358365633074936 0.7634447674418605 0.44286983204134367 0.7573885658914729 0.4537709948320413 0.7525436046511628 0.4695171188630491 0.7525436046511628 0.48122577519379844 0.7581960594315246 0.4917231912144703 0.767078488372093 0.4989906330749354 0.7808058785529716 0.5030281007751938 0.7937257751937985 0.5006056201550387 0.8022044573643411 0.4933381782945736 0.8151243540051679 0.4808220284237726 0.8248142764857882 0.464672157622739 0.8272367571059431 0.454578488372093 0.8236030361757105 0.4424660852713178 0.8183543281653747 0.43196866925064603 0.8090681524547804 0.42389373385012924 0.8005894702842377 0.421875
1 0.9277697028423773 0.5337128552971576 0.9410933462532299 0.5333091085271318 0.9528020025839793 0.5304828811369509 0.9624919250645995 0.5268491602067183 0.9661256459948321 0.5203892118863049 0.9681443798449613 0.5123142764857881 0.9673368863049095 0.5034318475452196 0.9624919250645995 0.49656815245478036 0.9544169896640826 0.49051195090439276 0.9366521317829457 0.48566698966408267 0.923328488372093 0.48445574935400515 0.9140423126614987 0.48445574935400515 0.9051598837209303 0.48687822997416025 0.898296188630491 0.4929344315245478 0.8970849483204134 0.5030281007751938 0.8974886950904393 0.5115067829457364 0.9027374031007752 0.5211967054263565 0.9116198320413437 0.5264454134366925 0.9200985142118863 0.530079134366925
1 0.6075985142118864 0.5143330103359173 0.610828488372093 0.5191779715762274 0.613250968992248 0.5232154392764857 0.6176921834625323 0.5268491602067183 0.6269783591731266 0.5304828811369509 0.6419169896640826 0.5292716408268734 0.6516069121447028 0.52281169250646 0.6600855943152454 0.5106992894056848 0.6677567829457364 0.49979812661498707 0.6705830103359173 0.4909156976744186 0.6665455426356589 0.4828407622739018 0.6564518733850129 0.4743620801033591 0.643531976744186 0.47032461240310075 0.6342458010335917 0.4727470930232558 0.6213259043927649 0.48162952196382425 0.6144622093023256 0.4913194444444445 0.6088097545219638 0.5026243540051679
1 0.7238775839793282 0.5748950258397933 0.7210513565891472 0.5817587209302325 0.7210513565891472 0.5878149224806202 0.7283187984496123 0.5950823643410852 0.7416424418604651 0.5991198320413437 0.7610222868217054 0.5991198320413437 0.7755571705426356 0.5946786175710594 0.7848433462532299 0.5898336563307492 0.7941295219638244 0.5837774547803618 0.8009932170542636 0.5761062661498708 0.8013969638242895 0.5656088501291989 0.7937257751937985 0.5595526485788114 0.7832283591731266 0.5567264211886305 0.7626372739018088 0.5567264211886305 0.7452761627906976 0.560763888888889 0.734375 0.5656088501291989 0.7275113049095607 0.5716650516795866
1 0.8760901162790697 0.578125 0.873263888888889 0.5841812015503877 0.8720526485788114 0.5902374031007752 0.8724563953488372 0.5950823643410852 0.8825500645994832 0.6019460594315246 0.8966812015503876 0.6059835271317829 0.9083898578811369 0.6055797803617572 0.9229247416020672 0.6047722868217054 0.9362483850129198 0.6015423126614987 0.94593830749354 0.5971010981912144 0.9523982558139534 0.5894299095607235 0.9592619509043928 0.5789324935400516 0.958858204134367 0.5692425710594315 0.9532057493540051 0.5603601421188631 0.9427083333333334 0.5567264211886305 0.9281734496124031 0.5551114341085271 0.9160610465116279 0.5551114341085271 0.9019299095607235 0.5599563953488372 0.8869912790697675 0.5664163436692505 0.8801275839793282 0.5708575581395349
1 0.890625 0.6782541989664083 0.8833575581395349 0.6883478682170543 0.8809350775193798 0.696422803617571 0.8809350775193798 0.7032864987080103 0.8833575581395349 0.7081314599483205 0.8914324935400516 0.7109576873385013 0.9031411498708011 0.7125726744186046 0.9172722868217054 0.7129764211886305 0.9309996770025839 0.709342700258398 0.9439195736434108 0.7036902454780362 0.9532057493540051 0.6927890826873385 0.9568394702842377 0.6826954134366925 0.9564357235142118 0.6709867571059431 0.951187015503876 0.6629118217054264 0.938267118863049 0.6596818475452196 0.9221172480620154 0.6596818475452196 0.9043523901808785 0.6681605297157623 0.8934512273901808 0.6734092377260982
1 0.7186288759689923 0.9988291343669251 0.7133801679586563 0.9955991602067182 0.7053052325581395 0.9923691860465116 0.6956153100775193 0.9859092377260982 0.6883478682170543 0.9758155684754521 0.6843104005167959 0.9673368863049095 0.6822916666666666 0.9540132428940569 0.6818879198966408 0.9443233204134367 0.6851178940568475 0.9346333979328165 0.6980377906976744 0.9305959302325582 0.7113614341085271 0.9326146640826872 0.7206476098191215 0.9374596253229974 0.7315487726098191 0.9479570413436692 0.7400274547803618 0.9540132428940569 0.7436611757105943 0.9637031653746769 0.7493136304909561 0.9750080749354005 0.7501211240310077 0.9851017441860465 0.7464874031007752 0.9935804263565892 0.7404312015503877 0.9972141472868217 0.7315487726098191 0.9988291343669251 0.7291666666666666 0.9989583333333333
1 0.8244105297157623 0.9431120801033592 0.8135093669250646 0.9410933462532299 0.8005894702842377 0.9370558785529716 0.7884770671834626 0.9297884366925064 0.7799983850129198 0.9196947674418605 0.7707122093023256 0.907986111111111 0.7703084625322998 0.8950662144702842 0.7755571705426356 0.8865875322997415 0.7856508397932817 0.8841650516795865 0.8030119509043928 0.8841650516795865 0.8163355943152454 0.8873950258397933 0.8284479974160207 0.8922399870801033 0.8409641472868218 0.9007186692506459 0.8462128552971576 0.9100048449612402 0.8510578165374677 0.9205022609819121 0.8522690568475452 0.9330184108527131 0.84500161498708 0.9410933462532299 0.8349079457364341 0.943515826873385
0 0.6413690476190477 0.4979014041514042 0.6364087301587303 0.5059142246642246 0.6345009157509158 0.5093482905982907 0.6333562271062273 0.5112561050061051 0.6318299755799757 0.5124007936507937 0.630685286935287 0.5124007936507937 0.6295405982905984 0.508203601953602 0.630685286935287 0.5043879731379731 0.6325931013431014 0.5009539072039072 0.6348824786324787 0.4975198412698413 0.637171855921856 0.49408577533577536 0.6386981074481075 0.4910332722832723 0.6417506105006106 0.4879807692307693 0.643658424908425 0.4891254578754579 0.6444215506715507 0.49217796092796096
0 0.5291895604395604 0.4070894383394384 0.5200320512820513 0.41548382173382176 0.5150717338217338 0.42311507936507936 0.5127823565323566 0.4269307081807082 0.5108745421245422 0.42807539682539686 0.5101114163614163 0.42807539682539686 0.508203601953602 0.4273122710622711 0.5074404761904762 0.4234966422466423 0.5093482905982907 0.4200625763125763 0.5227029914529915 0.4059447496947497 0.5249923687423688 0.4025106837606838 0.5280448717948718 0.39869505494505497 0.5299526862026862 0.3975503663003663 0.5326236263736264 0.39716880341880345 0.5349130036630038 0.4002213064713065 0.5322420634920635 0.40403693528693535
0 0.608173076923077 0.24606990231990233 0.5925289987789989 0.23576770451770454 0.5894764957264959 0.2346230158730159 0.5868055555555556 0.23347832722832726 0.585660866910867 0.23195207570207574 0.5860424297924299 0.22966269841269846 0.5883318070818072 0.22928113553113555 0.5925289987789989 0.23118894993894998 0.6074099511599512 0.23958333333333337 0.6096993284493286 0.24149114774114777
0 0.16133607198748043 0.3535309076682316 0.1398180751173709 0.33592527386541465 0.1324823943661972 0.3329910015649452 0.12857003129890454 0.33103482003129886 0.12612480438184664 0.32907863849765256 0.12905907668231612 0.32712245696400627 0.1324823943661972 0.32712245696400627 0.137372848200313 0.3295676838810641 0.1417742566510172 0.3329910015649452 0.14617566510172145 0.33690336463223786 0.1520442097026604 0.34081572769953045 0.15889084507042253 0.34375 0.16378129890453832 0.34668427230046944 0.1696498435054773 0.35059663536776214 0.17111697965571207 0.35450899843505473
0 0.16823743386243387 0.8308531746031745 0.1550099206349206 0.8341600529100529 0.15170304232804233 0.8341600529100529 0.1450892857142857 0.8362268518518519 0.14012896825396826 0.8391203703703703 0.13723544973544974 0.8411871693121693 0.13392857142857145 0.842013888888889 0.1310350529100529 0.8424272486772486 0.12896825396825398 0.8391203703703703 0.1306216931216931 0.8358134920634921 0.13723544973544974 0.8325066137566137 0.14260912698412698 0.8308531746031745 0.14839616402116404 0.8300264550264551 0.15625 0.8287863756613756 0.16203703703703703 0.8275462962962963 0.16782407407407407 0.8263062169312169 0.17154431216931215 0.8263062169312169 0.17278439153439154 0.8275462962962963
0 0.95811345646438 0.3520778364116095 0.9542656112576957 0.3498790677220756 0.9509674582233949 0.3485048372911169 0.9479441512752858 0.34630606860158314 0.9443711521547934 0.34438214599824096 0.9418975373790678 0.34300791556728233 0.9377748460861918 0.34108399296394015 0.934476693051891 0.33916007036059803 0.9309036939313984 0.33723614775725597 0.928155233069481 0.33641160949868076 0.9265061565523306 0.3358619173262973 0.9262313104661389 0.33476253298153036 0.9265061565523306 0.33366314863676344 0.9278803869832893 0.33311345646437995 0.9309036939313984 0.33311345646437995 0.9440963060686016 0.3397097625329815 0.9559146877748461 0.34713060686015834 0.9638852242744064 0.35427660510114334 0.9649846086191733 0.35757475813544415 0.9647097625329816 0.3586741424802111 0.9625109938434477 0.35812445030782764 0.9603122251539138 0.35675021987686895 0.9597625329815304 0.3545514511873351
0 0.9257434301521439 0.5129668049792532 0.9369813278008299 0.5155601659751038 0.9413035961272477 0.5155601659751038 0.9456258644536653 0.5146957123098203 0.9521092669432919 0.5138312586445367 0.9538381742738589 0.513399031811895 0.9521092669432919 0.5103734439834026 0.9490836791147995 0.509508990318119 0.9408713692946058 0.5082123098201937 0.9283367911479945 0.5064834024896266 0.9227178423236514 0.5064834024896266 0.9170988934993084 0.5064834024896266 0.9149377593360996 0.5064834024896266 0.9162344398340249 0.5108056708160443
0 0.4404761904761905 0.05125661375661376 0.4318783068783069 0.042328042328042326 0.4305555555555556 0.04100529100529101 0.42923280423280424 0.038359788359788365 0.42824074074074076 0.03637566137566138 0.42824074074074076 0.03373015873015873 0.4305555555555556 0.03306878306878307 0.43452380952380953 0.034722222222222224 0.4375 0.03670634920634921 0.4384920634920635 0.03968253968253968 0.4401455026455026 0.04265873015873016 0.44279100529100535 0.045965608465608467 0.44477513227513227 0.04794973544973545 0.44576719576719576 0.05026455026455026 0.4460978835978836 0.05257936507936508 0.4437830687830688 0.053571428571428575
0 0.23181216931216933 0.4070767195767196 0.22685185185185183 0.4110449735449736 0.22552910052910052 0.4133597883597883 0.2238756613756614 0.41435185185185186 0.2218915343915344 0.4146825396825397 0.2208994708994709 0.414021164021164 0.2208994708994709 0.4113756613756614 0.22288359788359788 0.4087301587301588 0.22453703703703706 0.4054232804232804 0.2261904761904762 0.40343915343915343 0.2281746031746032 0.40145502645502645 0.22982804232804233 0.4001322751322752 0.23214285714285715 0.4001322751322752 0.23346560846560846 0.4037698412698413
0 0.17526455026455026 0.9828042328042328 0.17691798941798942 0.9771825396825397 0.17824074074074076 0.9718915343915344 0.17956349206349206 0.9675925925925927 0.18055555555555555 0.9636243386243386 0.18022486772486773 0.9619708994708994 0.1775793650793651 0.9623015873015873 0.17493386243386244 0.96494708994709 0.17195767195767198 0.968915343915344 0.16898148148148148 0.9735449735449735 0.16732804232804233 0.9781746031746031 0.16633597883597886 0.9834656084656085 0.16633597883597886 0.9874338624338624 0.16666666666666666 0.9894179894179894 0.16765873015873017 0.9904100529100529 0.16865079365079363 0.9910714285714286 0.17394179894179895 0.988095238095238
0 0.5415006640106242 0.8772410358565738 0.5249003984063745 0.8701859229747677 0.5232403718459495 0.8631308100929616 0.5286354581673307 0.8660358565737052 0.5419156706507305 0.8730909694555113
0 0.7236885790172642 0.9814077025232404 0.712898406374502 0.9722775564409031 0.702523240371846 0.951527224435591 0.705843293492696 0.9511122177954848 0.716218459495352 0.9614873837981407 0.7228585657370519 0.973937583001328
0 0.7806984367120524 0.4820663136661623 0.7841654059505798 0.47765380736258195 0.7857413010590015 0.4762355017650025 0.7865292486132123 0.47450201714573875 0.7871596066565808 0.4726109430156329 0.788262733232476 0.47040468986384265 0.789365859808371 0.46882879475542105 0.7907841654059505 0.4656770045385779 0.7922024710035299 0.46315557236510335 0.7928328290468987 0.4606341401916288 0.7936207766011094 0.4581127080181543 0.7940935451336358 0.45669440242057485 0.7948814926878466 0.4543305597579425 0.7955118507312152 0.4516515380736258 0.7956694402420575 0.44991805345436203 0.7962997982854261 0.4459783156833081 0.797245335350479 0.44203857791225415 0.797245335350479 0.4396747352496218 0.7956694402420575 0.4385716086737267 0.7945663136661624 0.4385716086737267 0.7934631870902673 0.4398323247604639 0.7931480080685829 0.44235375693393847 0.7918872919818457 0.4462934947049924 0.7906265758951084 0.44928769541099345 0.7884203227433182 0.45417297024710035 0.7868444276348966 0.45795511850731213 0.785268532526475 0.460791729702471 0.7830622793746848 0.4655194150277357 0.7808560262228945 0.4702471003530005 0.7800680786686838 0.473714069591528 0.7794377206253151 0.47796898638426627 0.7792801311144729 0.4803328290468986
0 0.3761709601873536 0.7484387197501952 0.38592896174863384 0.7516100702576112 0.39739461358313816 0.7542935206869632 0.4066647150663544 0.7567330210772832 0.41373926619828255 0.7596604215456674 0.4198380171740827 0.7620999219359875 0.4266686182669789 0.7645394223263076 0.43349921935987507 0.7684426229508197 0.4378903200624512 0.7686865729898517 0.43813427010148315 0.7645394223263076 0.433255269320843 0.7611241217798594 0.4276444184231069 0.7586846213895394 0.4225214676034348 0.7572209211553473 0.41617876658860264 0.7550253708040593 0.41154371584699445 0.7535616705698672 0.4078844652615144 0.7523419203747072 0.40324941451990626 0.7508782201405152 0.3986143637782982 0.749414519906323 0.393247462919594 0.7474629195940671 0.3873926619828259 0.745999219359875 0.3839773614363778 0.745023419203747 0.37958626073380164 0.744047619047619 0.3771467603434816 0.743803669008587 0.37495120999219356 0.745755269320843
0 0.6339583333333334 0.14395833333333333 0.6331249999999999 0.14020833333333332 0.6308333333333334 0.13604166666666667 0.6291666666666667 0.131875 0.6262500000000001 0.12729166666666666 0.6235416666666667 0.12333333333333334 0.6210416666666667 0.12000000000000001 0.619375 0.1175 0.6168750000000001 0.11437499999999999 0.6139583333333333 0.1125 0.6110416666666667 0.11270833333333334 0.6102083333333332 0.11708333333333334 0.613125 0.12020833333333333 0.6168750000000001 0.12520833333333334 0.6183333333333334 0.12770833333333334 0.6222916666666667 0.135625 0.6241666666666668 0.13874999999999998 0.6262500000000001 0.14125 0.630625 0.14375
0 0.09708333333333334 0.20916666666666667 0.098125 0.20875000000000002 0.0996875 0.2065625 0.1015625 0.20447916666666668 0.10229166666666667 0.20322916666666666 0.10354166666666667 0.2015625 0.10802083333333333 0.19770833333333335 0.109375 0.19635416666666666 0.11364583333333332 0.19499999999999998 0.1175 0.19395833333333332 0.11979166666666667 0.19260416666666666 0.12177083333333334 0.19020833333333334 0.12260416666666667 0.18802083333333333 0.12385416666666667 0.18510416666666665 0.12385416666666667 0.18354166666666666 0.12270833333333334 0.18270833333333333 0.1175 0.18375 0.11375 0.18604166666666666 0.11125 0.18802083333333333 0.10833333333333334 0.19052083333333333 0.10562500000000001 0.19354166666666667 0.10354166666666667 0.1953125 0.1 0.19760416666666666 0.09770833333333333 0.1996875 0.0959375 0.20260416666666667 0.094375 0.20541666666666666 0.09375 0.208125 0.09375 0.209375 0.09479166666666666 0.209375
0 0.13489583333333333 0.10697916666666667 0.13864583333333333 0.10885416666666667 0.14177083333333332 0.10927083333333334 0.144375 0.10927083333333334 0.14666666666666667 0.10916666666666666 0.15031250000000002 0.10916666666666666 0.15208333333333332 0.10916666666666666 0.15395833333333334 0.109375 0.156875 0.109375 0.1590625 0.10947916666666666 0.160625 0.10927083333333334 0.16104166666666667 0.10843749999999999 0.16041666666666668 0.10739583333333333 0.15770833333333334 0.10656249999999999 0.1546875 0.1059375 0.15114583333333334 0.10583333333333332 0.14854166666666666 0.10562500000000001 0.14489583333333333 0.10479166666666666 0.1434375 0.10479166666666666 0.140625 0.10479166666666666 0.13833333333333334 0.10479166666666666 0.13645833333333332 0.10479166666666666 0.13447916666666665 0.10583333333333332
0 0.1899339360222531 0.27294853963838667 0.1937007417709782 0.2701958738989337 0.1958738989337042 0.26787783959202593 0.1974675475197033 0.2655598052851182 0.20036509040333794 0.26266226240148355 0.2029728789986092 0.260778859527121 0.20413189615206304 0.258605702364395 0.20413189615206304 0.25643254520166897 0.20326263328697264 0.2545491423273064 0.20065484469170144 0.2541145108947612 0.19732267037552154 0.25527352804821507 0.19312123319425126 0.258605702364395 0.1902236903106166 0.2604891052387575 0.18805053314789058 0.26411103384330087 0.1864568845618915 0.2681675938803894 0.18573249884098283 0.2712100139082058 0.1868915159944367 0.27265878535002314
