1 0.1902095375722543 0.03847543352601155 0.20466040462427743 0.02161608863198457 0.2185091522157996 0.013788535645472048 0.23476637764932562 0.011380057803468195 0.2480130057803468 0.013186416184971085 0.2528299614643545 0.02101396917148361 0.2534320809248555 0.03004576107899806 0.25222784200385356 0.04509874759152214 0.245002408477842 0.05714113680154141 0.23536849710982657 0.06797928709055875 0.22392822736030826 0.07520472061657031 0.21790703275529866 0.08062379576107898 0.20767100192678226 0.08062379576107898 0.19322013487475914 0.07821531791907514 0.18599470134874757 0.0703877649325626 0.18418834296724468 0.06256021194605008 0.18599470134874757 0.04630298651252407
1 0.2867611434108527 0.07721656976744186 0.28343023255813954 0.09084302325581395 0.2810077519379845 0.10113856589147288 0.2810077519379845 0.1096172480620155 0.28343023255813954 0.11627906976744186 0.28888081395348836 0.11839874031007752 0.297359496124031 0.11960998062015503 0.3082606589147287 0.11476501937984497 0.3185562015503876 0.10840600775193798 0.3258236434108527 0.09871608527131782 0.33036579457364346 0.0841812015503876 0.3309714147286822 0.07328003875968993 0.3291545542635659 0.06389292635658915 0.3249152131782946 0.05813953488372093 0.31885901162790703 0.05420300387596899 0.3115915697674419 0.05480862403100775 0.30038759689922484 0.06056201550387597 0.2928173449612403 0.0675266472868217 0.28797238372093026 0.07297722868217055
1 0.4178779069767442 0.10446947674418605 0.41000484496124034 0.1126453488372093 0.4048570736434109 0.1262718023255814 0.40061773255813954 0.1350532945736434 0.39880087209302323 0.14383478682170545 0.40001211240310075 0.15655281007751937 0.4039486434108527 0.16684835271317827 0.4103076550387597 0.17381298449612403 0.42181443798449614 0.17532703488372095 0.43059593023255816 0.17229893410852712 0.43968023255813954 0.16593992248062017 0.44664486434108525 0.15413032945736435 0.4523982558139535 0.14322916666666666 0.4563347868217054 0.13111676356589147 0.45603197674418605 0.1232437015503876 0.4539123062015504 0.11173691860465115 0.44906734496124034 0.10356104651162791 0.43998304263565896 0.09811046511627906 0.43029312015503873 0.09780765503875968 0.42302567829457366 0.09992732558139535
1 0.3062646713615023 0.17752347417840378 0.3062646713615023 0.19256161971830987 0.3121332159624413 0.20649941314553993 0.31653462441314556 0.21310152582159628 0.3249706572769953 0.22043720657276997 0.3337734741784038 0.22410504694835684 0.345143779342723 0.22117077464788734 0.3528462441314554 0.21053403755868547 0.3554137323943662 0.19806338028169015 0.35211267605633806 0.18522593896713616 0.34367664319248825 0.1738556338028169 0.3359741784037559 0.1665199530516432 0.32680457746478875 0.16321889671361503 0.3161678403755869 0.1639524647887324 0.30919894366197187 0.16982100938967137
1 0.00561208010335921 0.32780200258397935 0.0 0.33229166666666665 0.0007671188630491323 0.36777293281653745 0.0039970930232558505 0.36898417312661497 0.016513242894056885 0.36777293281653745 0.024588178294573677 0.36454295865633074 0.0358930878552972 0.3605054909560723 0.04679425064599487 0.3524305555555555 0.054465439276485825 0.3427406330749354 0.05486918604651167 0.33345445736434104 0.05163921188630494 0.328609496124031 0.04437177002583983 0.32820574935400515 0.036296834625323036 0.326187015503876 0.026203165374677036 0.3245720284237726 0.013283268733850166 0.32537952196382425
1 0.04073804909560728 0.42914244186046513 0.028625645994832076 0.4400436046511628 0.023780684754521997 0.4533672480620155 0.022165697674418637 0.46386466408268734 0.02539567183462536 0.4751695736434109 0.031855620155038795 0.4808220284237726 0.04719799741602071 0.4832445090439277 0.06173288113695094 0.47920704134366926 0.07303779069767445 0.4674983850129199 0.0774790051679587 0.44771479328165376 0.07465277777777782 0.4331799095607235 0.06375161498708014 0.42591246770025837 0.054061692506459987 0.4230862403100775 0.04881298449612407 0.42389373385012924
1 0.029029392764857918 0.8341004521963824 0.03952680878552975 0.822391795865633 0.05244670542635663 0.8171430878552972 0.06617409560723518 0.8159318475452195 0.0774790051679587 0.8175468346253231 0.08393895348837213 0.822391795865633 0.08515019379844964 0.8308704780361756 0.0774790051679587 0.8429828811369509 0.06778908268733855 0.8506540697674418 0.05163921188630494 0.8538840439276485 0.041141795865633116 0.852672803617571 0.033470607235142155 0.8482315891472868 0.027010658914728716 0.8454053617571059
1 0.16428456072351424 0.8272367571059431 0.16307332041343675 0.8365229328165374 0.16751453488372098 0.850250322997416 0.18043443152454783 0.8567102713178295 0.1973917958656331 0.8587290051679587 0.21798288113695094 0.8546915374677002 0.23130652454780368 0.8482315891472868 0.23857396640826875 0.8377341731266149 0.23857396640826875 0.8280442506459949 0.2337290051679587 0.8187580749354005 0.22242409560723517 0.8139131136950905 0.20788921188630496 0.8118943798449613 0.19214308785529718 0.8118943798449613 0.17922319121447033 0.8159318475452195 0.1719557493540052 0.8211805555555556
1 0.15297965116279072 0.9378633720930233 0.16145833333333337 0.928577196382429 0.17114825581395354 0.9221172480620154 0.18568313953488375 0.9192910206718347 0.2034479974160207 0.9229247416020672 0.21798288113695094 0.9241359819121446 0.2309027777777778 0.928577196382429 0.23938145994832047 0.9358446382428941 0.24220768733850132 0.9467458010335917 0.23857396640826875 0.9624919250645995 0.22403908268733855 0.9693556201550387 0.20506298449612406 0.9746043281653747 0.18568313953488375 0.9721818475452195 0.16711078811369515 0.9681443798449613 0.15459463824289407 0.9628956718346253 0.15015342377260985 0.9540132428940569 0.15015342377260985 0.94593830749354
1 0.3237645348837209 0.8494428294573644 0.31972706718346255 0.8550952842377261 0.3181120801033592 0.8651889534883721 0.32174580103359174 0.8768976098191215 0.3326469638242894 0.8861837855297157 0.3492005813953488 0.8938549741602067 0.3641392118863049 0.8962774547803618 0.37988533591731266 0.8926437338501292 0.39603520671834624 0.8833575581395349 0.40209140826873385 0.8728601421188631 0.4024951550387597 0.8599402454780362 0.3936127260981912 0.8490390826873385 0.3823078165374677 0.8421753875968992 0.3693879198966408 0.8377341731266149 0.35687177002583975 0.8377341731266149 0.3395106589147287 0.8409641472868218 0.32780200258397935 0.8454053617571059
1 0.3205345607235142 0.7359899870801033 0.31690083979328165 0.7472948966408269 0.31367086563307495 0.7590035529715762 0.3177083333333333 0.7719234496124031 0.326187015503876 0.7795946382428941 0.3382994186046512 0.7808058785529716 0.3496043281653746 0.7739421834625323 0.35687177002583975 0.7610222868217054 0.3605054909560723 0.7460836563307492 0.35808301033591733 0.734375 0.3528343023255814 0.7279150516795866 0.34556686046511625 0.7234738372093024 0.3366844315245478 0.7234738372093024 0.32941698966408267 0.7271075581395349 0.3233607881136951 0.7311450258397933
1 0.47920704134366926 0.7032864987080103 0.47113210594315247 0.7113614341085271 0.4674983850129199 0.7226663436692505 0.4674983850129199 0.7315487726098191 0.4715358527131783 0.7376049741602067 0.4800145348837209 0.7416424418604651 0.4929344315245478 0.7436611757105943 0.5102955426356589 0.742046188630491 0.5240229328165374 0.7351824935400516 0.5365390826873385 0.7234738372093024 0.5409802971576227 0.7149951550387598 0.5389615633074936 0.7020752583979328 0.535327842377261 0.6952115633074936 0.5236191860465117 0.6923853359173127 0.5078730620155039 0.6919815891472869 0.4917231912144703 0.694000322997416 0.4864744832041344 0.6980377906976744
1 0.35162306201550386 0.4836482558139535 0.3508155684754522 0.49495316537467704 0.35646802325581395 0.5078730620155039 0.36575419896640826 0.5159479974160207 0.37544412144702843 0.5216004521963824 0.3851340439276486 0.5248304263565892 0.3948239664082687 0.5248304263565892 0.40209140826873385 0.5216004521963824 0.40532138242894056 0.5131217700258398 0.4065326227390181 0.5006056201550387 0.4037063953488372 0.4929344315245478 0.39603520671834624 0.48122577519379844 0.38594153746770027 0.47476582687338503 0.37302164082687334 0.47234334625323 0.3633317183462532 0.47234334625323 0.3560642764857881 0.47638081395348836
1 0.3039809431524548 0.5660125968992248 0.30155846253229973 0.580547480620155 0.30478843669250644 0.5962936046511628 0.31568959948320413 0.6104247416020672 0.32982073643410853 0.6180959302325582 0.34597060723514217 0.6193071705426356 0.35808301033591733 0.6176921834625323 0.36494670542635654 0.6124434754521964 0.37463662790697677 0.6011385658914729 0.37382913436692505 0.5886224160206718 0.36494670542635654 0.5736837855297157 0.34597060723514217 0.5635901162790697 0.3354731912144703 0.5587451550387598 0.32295704134366926 0.5567264211886305 0.3132671188630491 0.5595526485788114 0.30721091731266154 0.5619751291989664
1 0.48930071059431524 0.4909156976744186 0.4832445090439277 0.497375645994832 0.48122577519379844 0.507469315245478 0.48122577519379844 0.5207929586563308 0.48687822997416025 0.530079134366925 0.4933381782945736 0.5381540697674418 0.5022206072351421 0.5450177648578811 0.5123142764857881 0.5450177648578811 0.52281169250646 0.5421915374677002 0.5292716408268734 0.5329053617571059 0.5296753875968992 0.5199854651162791 0.5244266795865633 0.505046834625323 0.5199854651162791 0.497375645994832 0.5111030361757106 0.49051195090439276 0.5006056201550387 0.48930071059431524 0.49414567183462527 0.4884932170542636
1 0.5611676356589147 0.3956314599483204 0.5680313307493541 0.4061288759689923 0.5769137596899225 0.4170300387596899 0.5894299095607235 0.42591246770025837 0.6015423126614987 0.4311611757105943 0.6152697028423773 0.43035368217054265 0.6189034237726098 0.42147125322997414 0.616077196382429 0.40532138242894056 0.6092135012919897 0.391593992248062 0.5966973514211886 0.38271156330749356 0.5849886950904393 0.37988533591731266 0.5696463178294574 0.3794815891472868 0.5656088501291989 0.3835190568475452 0.5619751291989664 0.39119024547803616
1 0.8748788759689923 0.0754602713178295 0.8740713824289406 0.08474644702842381 0.8764938630490956 0.09807009043927653 0.8869912790697675 0.11421996124031011 0.9003149224806201 0.12148740310077523 0.9160610465116279 0.1263323643410853 0.9301921834625323 0.12350613695090443 0.9350371447028424 0.11381621447028428 0.9338259043927649 0.09887758397932819 0.9261547157622739 0.08636143410852717 0.9144460594315246 0.07626776485788117 0.9019299095607235 0.07101905684754525 0.8918362403100775 0.06859657622739021 0.8821463178294574 0.06980781653746775
1 0.8534802971576227 0.21354166666666669 0.8643814599483204 0.2107154392764858 0.8781088501291989 0.2107154392764858 0.8922399870801033 0.21515665374677007 0.898296188630491 0.22403908268733855 0.9031411498708011 0.24543766149870805 0.8995074289405685 0.2684512273901809 0.8877987726098191 0.28823481912144705 0.8760901162790697 0.2950985142118863 0.8639777131782946 0.29792474160206717 0.8542877906976744 0.2926760335917313 0.8425791343669251 0.2846010981912145 0.8377341731266149 0.26764373385012924 0.8389454134366925 0.2462451550387597 0.84500161498708 0.2268653100775194 0.8494428294573644 0.21677164082687342
1 0.68875161498708 0.3342619509043928 0.7004602713178295 0.3257832687338501 0.7153989018087855 0.32174580103359174 0.729126291989664 0.32255329457364346 0.7412386950904393 0.3273982558139535 0.7489098837209303 0.33345445736434104 0.7521398578811369 0.3447593669250646 0.7501211240310077 0.35969799741602065 0.7384124677002585 0.36777293281653745 0.7271075581395349 0.37302164082687334 0.7105539405684754 0.37463662790697677 0.6976340439276485 0.3681766795865633 0.6919815891472869 0.3629279715762274 0.6859253875968992 0.35444928940568476 0.6826954134366925 0.34395187338501293
1 0.8082606589147286 0.34314437984496127 0.8018007105943152 0.3524305555555555 0.7997819767441859 0.3661579457364341 0.8022044573643411 0.3774628552971576 0.8086644056847546 0.39119024547803616 0.8171430878552972 0.3996689276485788 0.8272367571059431 0.40209140826873385 0.8381379198966408 0.401687661498708 0.8445978682170543 0.389171511627907 0.8466166020671834 0.3681766795865633 0.8441941214470284 0.35121931524547806 0.8401566537467701 0.341125645994832 0.8328892118863049 0.33587693798449614 0.8260255167958657 0.3346656976744186 0.8163355943152454 0.3370881782945736
1 0.6992490310077518 0.4234899870801033 0.6935965762273902 0.4351986434108527 0.6935965762273902 0.45013727390180874 0.6980377906976744 0.4666908914728682 0.7024790051679587 0.4755733204134367 0.7137839147286821 0.4820332687338501 0.7287225452196382 0.48566698966408267 0.7428536821705426 0.48566698966408267 0.7529473514211886 0.4800145348837209 0.7585998062015503 0.47072835917312666 0.7614260335917312 0.45498223514211883 0.7565810723514212 0.44286983204134367 0.7472948966408269 0.42873869509043927 0.7355862403100775 0.4202600129198967 0.7226663436692505 0.4158187984496124 0.7101501937984496 0.4178375322997416 0.7036902454780362 0.41985626614987076
1 0.6314195736434108 0.5119105297157623 0.6294008397932817 0.52281169250646 0.6338420542635659 0.5417877906976744 0.6423207364341085 0.5575339147286821 0.6483769379844961 0.562782622739018 0.6604893410852714 0.5656088501291989 0.6726017441860465 0.5619751291989664 0.6758317183462533 0.5474402454780362 0.673812984496124 0.5325016149870802 0.6669492894056847 0.5187742248062015 0.6592781007751938 0.5094880490956072 0.6483769379844961 0.5042393410852714 0.6403020025839793 0.5042393410852714 0.6338420542635659 0.507469315245478
1 0.8441941214470284 0.4929344315245478 0.8345041989664083 0.5022206072351421 0.8292554909560723 0.5135255167958657 0.8272367571059431 0.5236191860465117 0.8316779715762274 0.5337128552971576 0.8389454134366925 0.537750322997416 0.8510578165374677 0.537750322997416 0.8595364987080103 0.5312903746770026 0.8672076873385013 0.5224079457364341 0.873263888888889 0.5094880490956072 0.8756863695090439 0.49818313953488375 0.8740713824289406 0.4909156976744186 0.8664001937984496 0.4880894702842377 0.8571140180878554 0.4880894702842377 0.8498465762273902 0.48970445736434104
1 0.9342296511627908 0.5119105297157623 0.9265584625322998 0.5195817183462532 0.9180797803617572 0.5304828811369509 0.913234819121447 0.5462290051679587 0.9104085917312662 0.5522852067183462 0.9091973514211886 0.5615713824289406 0.9100048449612402 0.572876291989664 0.915657299741602 0.578125 0.9269622093023256 0.5809512273901808 0.9419008397932817 0.5809512273901808 0.9528020025839793 0.5752987726098192 0.961280684754522 0.5595526485788114 0.9673368863049095 0.5425952842377261 0.9673368863049095 0.5240229328165374 0.9616844315245477 0.5111030361757106 0.9556282299741602 0.5062580749354005 0.9447270671834626 0.5078730620155039 0.9394783591731266 0.509891795865633
1 0.7049014857881136 0.6665455426356589 0.7008640180878554 0.6717942506459949 0.6996527777777778 0.6770429586563308 0.7000565245478036 0.6843104005167959 0.7105539405684754 0.6944040697674418 0.7214551033591731 0.7008640180878554 0.734375 0.706516472868217 0.7472948966408269 0.7089389534883721 0.759407299741602 0.7085352067183462 0.7642522609819121 0.7008640180878554 0.7642522609819121 0.6907703488372092 0.7598110465116279 0.6826954134366925 0.7497173772609819 0.6709867571059431 0.7351824935400516 0.6633155684754521 0.7238775839793282 0.6588743540051679 0.7145914082687338 0.6592781007751938 0.7089389534883721 0.6617005813953488
1 0.8324854651162791 0.7436611757105943 0.8236030361757105 0.7509286175710594 0.8211805555555556 0.7622335271317829 0.8248142764857882 0.7767684108527131 0.8312742248062015 0.787265826873385 0.8454053617571059 0.8038194444444444 0.8567102713178295 0.8110868863049095 0.865592700258398 0.8147206072351421 0.8809350775193798 0.8167393410852714 0.8894137596899225 0.8155281007751938 0.8970849483204134 0.8127018733850129 0.9023336563307492 0.8046269379844961 0.9055636304909561 0.794937015503876 0.9055636304909561 0.7836321059431524 0.9011224160206718 0.769500968992248 0.8910287467700259 0.756984819121447 0.8773013565891472 0.7460836563307492 0.8668039405684754 0.7400274547803618 0.8559027777777778 0.7376049741602067 0.8445978682170543 0.7376049741602067 0.8377341731266149 0.7392199612403101
1 0.6770429586563308 0.7707122093023256 0.6705830103359173 0.7824208656330749 0.6697755167958657 0.78968830749354 0.6709867571059431 0.7977632428940569 0.673812984496124 0.8030119509043928 0.6847141472868218 0.8070494186046511 0.6996527777777778 0.8070494186046511 0.7162063953488372 0.805030684754522 0.7271075581395349 0.8009932170542636 0.7363937338501292 0.7921107881136951 0.742046188630491 0.7828246124031008 0.7424499354005167 0.772327196382429 0.7363937338501292 0.7630410206718347 0.7250888242894057 0.7585998062015503 0.7097464470284238 0.7557735788113695 0.6960190568475452 0.759407299741602 0.6855216408268734 0.7654635012919897
1 0.6903666020671834 0.8486353359173127 0.6843104005167959 0.8559027777777778 0.6830991602067182 0.8668039405684754 0.6867328811369509 0.8793200904392765 0.6927890826873385 0.8894137596899225 0.7057089793281653 0.898296188630491 0.719032622739018 0.9035448966408269 0.7347787467700259 0.9027374031007752 0.742046188630491 0.8966812015503876 0.7509286175710594 0.8890100129198967 0.7525436046511628 0.873263888888889 0.7456799095607235 0.8599402454780362 0.7315487726098191 0.8470203488372092 0.7182251291989664 0.8425791343669251 0.7057089793281653 0.8417716408268734 0.6956153100775193 0.8445978682170543
1 0.47839954780361754 0.8631702196382428 0.47234334625323 0.8684189276485788 0.4715358527131783 0.8764938630490956 0.4715358527131783 0.8837613049095607 0.4743620801033591 0.8902212532299741 0.4828407622739018 0.8938549741602067 0.4945494186046512 0.895873708010336 0.512718023255814 0.8970849483204134 0.5256379198966408 0.8922399870801033 0.537750322997416 0.8833575581395349 0.5421915374677002 0.8704376614987079 0.5405765503875969 0.8615552325581395 0.5312903746770026 0.8571140180878554 0.5163517441860466 0.8538840439276485 0.5086805555555556 0.8534802971576227 0.4989906330749354 0.8534802971576227 0.4888969638242894 0.8575177648578811 0.4836482558139535 0.857921511627907
1 0.9136385658914729 0.9988291343669251 0.9116198320413437 0.9907541989664083 0.9096010981912144 0.9818717700258398 0.9112160852713178 0.9717781007751938 0.9124273255813954 0.9604731912144703 0.9172722868217054 0.951187015503876 0.9225209948320413 0.9471495478036175 0.9314034237726098 0.9475532945736433 0.9423045865633075 0.9528020025839793 0.953609496124031 0.9637031653746769 0.9584544573643411 0.9725855943152454 0.9628956718346253 0.9834867571059431 0.9632994186046511 0.9943879198966408 0.9632994186046511 0.9988291343669251
1 0.5090843023255814 0.9895429586563308 0.49535691214470284 0.9927729328165374 0.484859496124031 0.9919654392764857 0.46911337209302323 0.9879279715762274 0.4586159560723514 0.9834867571059431 0.454578488372093 0.9750080749354005 0.4517522609819122 0.9620881782945736 0.454578488372093 0.9523982558139534 0.46507590439276486 0.9471495478036175 0.47638081395348836 0.943515826873385 0.484859496124031 0.9431120801033592 0.49697189922480617 0.9443233204134367 0.5070655684754521 0.9499757751937985 0.5171592377260982 0.961280684754522 0.5195817183462532 0.9721818475452195 0.5191779715762274 0.9802567829457364 0.5163517441860466 0.9855054909560723
1 0.5623788759689923 0.9988291343669251 0.5643976098191215 0.9927729328165374 0.5744912790697675 0.9859092377260982 0.5841812015503877 0.9806605297157623 0.5962936046511628 0.9782380490956072 0.608406007751938 0.9782380490956072 0.6156734496124031 0.9782380490956072 0.6213259043927649 0.9826792635658915 0.6241521317829457 0.9899467054263567 0.6253633720930233 0.9972141472868217 0.625 0.9989583333333333 0.5625 0.9989583333333333
1 0.9984253875968992 0.3302244832041344 0.9931766795865633 0.33587693798449614 0.9842942506459949 0.34031815245478036 0.9754118217054264 0.34354812661498707 0.9641069121447028 0.34031815245478036 0.9576469638242895 0.33628068475452194 0.953609496124031 0.3269945090439277 0.9544169896640826 0.31286337209302323 0.9653181524547804 0.3023659560723514 0.9721818475452195 0.29469476744186046 0.981468023255814 0.29065729974160204 0.9867167312661498 0.2890423126614987 0.9947916666666666 0.2890423126614987 0.9984253875968992 0.2894460594315245
1 0.415994623655914 0.5610439068100358 0.41263440860215056 0.5733646953405017 0.4171146953405018 0.584005376344086 0.4305555555555556 0.5935259856630825 0.44063620071684595 0.595766129032258 0.45239695340501795 0.5968862007168458 0.4607974910394265 0.595766129032258 0.46975806451612906 0.5912858422939068 0.4753584229390681 0.5856854838709677 0.47927867383512546 0.5756048387096774 0.47871863799283154 0.5616039426523297 0.4747983870967742 0.5560035842293907 0.46695788530465954 0.547603046594982 0.45183691756272404 0.5442428315412186 0.42719534050179214 0.5442428315412186 0.41935483870967744 0.5504032258064516
0 0.7324074074074074 0.46574074074074073 0.725 0.4587962962962963 0.7203703703703703 0.4550925925925926 0.7166666666666667 0.45 0.7138888888888889 0.44583333333333336 0.711574074074074 0.4412037037037037 0.7106481481481481 0.4375 0.711111111111111 0.4361111111111111 0.712962962962963 0.4361111111111111 0.7171296296296297 0.4393518518518518 0.7310185185185186 0.45416666666666666 0.7375 0.46388888888888885 0.7388888888888889 0.4675925925925926 0.7375 0.4689814814814815
0 0.875 0.7925925925925926 0.8574074074074074 0.7768518518518519 0.8462962962962963 0.762962962962963 0.8449074074074073 0.7601851851851852 0.8481481481481481 0.7597222222222223 0.8541666666666666 0.7648148148148147 0.8648148148148148 0.774074074074074 0.8773148148148148 0.7861111111111111 0.8810185185185185 0.7912037037037037 0.8814814814814814 0.7939814814814814
0 0.8671296296296297 0.2699074074074074 0.8708333333333333 0.25462962962962965 0.8726851851851852 0.23148148148148148 0.875 0.23148148148148148 0.875462962962963 0.23564814814814816 0.874074074074074 0.2611111111111111 0.8680555555555556 0.27824074074074073 0.8666666666666667 0.27592592592592596
0 0.42685185185185187 0.15416666666666667 0.42083333333333334 0.16064814814814815 0.4185185185185185 0.1560185185185185 0.42083333333333334 0.1462962962962963 0.42685185185185187 0.12824074074074074 0.43009259259259264 0.12037037037037038 0.4337962962962963 0.11481481481481483 0.4361111111111111 0.11342592592592592 0.4375 0.11435185185185184 0.4375 0.12175925925925926 0.4361111111111111 0.1310185185185185 0.43287037037037035 0.14259259259259258 0.43148148148148147 0.1462962962962963
0 0.7162322274881517 0.8816153238546605 0.7093206951026857 0.8717417061611374 0.7068522906793049 0.8682859399684044 0.7038902053712481 0.8658175355450237 0.7029028436018958 0.8623617693522907 0.7024091627172198 0.8584123222748816 0.7048775671406005 0.856437598736177 0.7088270142180095 0.856437598736177 0.7117890995260665 0.8603870458135863 0.7137638230647709 0.8643364928909953 0.717219589257504 0.8692733017377567 0.7201816745655609 0.8742101105845183 0.723637440758294 0.8781595576619274 0.727093206951027 0.8826026856240128 0.7290679304897315 0.8865521327014219 0.7295616113744077 0.8895142180094788 0.7261058451816746 0.8900078988941549 0.7211690363349132 0.8880331753554503 0.7191943127962086 0.8860584518167458
0 0.33310439560439564 0.7552083333333334 0.33539377289377287 0.7483402014652014 0.3356799450549451 0.7451923076923077 0.3359661172161172 0.7417582417582417 0.3339629120879121 0.7414720695970696 0.3313873626373626 0.7443337912087913 0.3299565018315018 0.7469093406593407 0.3293841575091575 0.7517742673992674 0.32909798534798534 0.7563530219780219 0.3288118131868132 0.7597870879120878 0.32909798534798534 0.7609317765567766 0.3308150183150183 0.7597870879120878
0 0.008370535714285714 0.35435267857142855 0.015345982142857142 0.3497023809523809 0.019066220238095236 0.34830729166666663 0.02278645833333333 0.34644717261904756 0.026041666666666664 0.3455171130952381 0.029296874999999997 0.34319196428571425 0.028831845238095236 0.34086681547619047 0.025576636904761904 0.3404017857142857 0.02232142857142857 0.34086681547619047 0.016741071428571428 0.34319196428571425 0.00744047619047619 0.3473772321428571 0.0004650297619047619 0.35156249999999994 0.0004650297619047619 0.35481770833333326 0.003720238095238095 0.35574776785714285
0 0.34052230046948356 0.8651701877934272 0.34330985915492956 0.8595950704225352 0.35475352112676056 0.8593016431924881 0.36326291079812206 0.8620892018779341 0.3739730046948357 0.8641431924882628 0.37998826291079807 0.8656103286384976 0.38189553990610325 0.8692781690140844 0.37059859154929575 0.8720657276995304 0.36062206572769956 0.8707453051643192 0.3446302816901408 0.8664906103286384
0 0.930751864939144 0.5569051825677267 0.9365184530820573 0.5473351001177856 0.9375 0.5365380840204161 0.9397084805653709 0.5361700039261876 0.9424077345897134 0.5380104043973302 0.9421623478602277 0.5450039261876718 0.938972320376914 0.5539605418138986 0.9371319199057715 0.5593590498625834 0.9330830388692579 0.5596044365920692
0 0.938097800095648 0.9989239598278336 0.9337637494022 0.9926470588235294 0.9336142993782879 0.9835306073648973 0.9291307986609278 0.977403156384505 0.9280846484935438 0.9648493543758967 0.9319703491152559 0.9684361549497849 0.9404890004782401 0.9818866571018652 0.9436274509803921 0.9945899091343855 0.9436274509803921 0.9989583333333333 0.9385461501673841 0.9989583333333333
0 0.5113117001828154 0.7160268129189519 0.4998857404021938 0.7204067641681902 0.4886502132845826 0.724024984765387 0.4850319926873858 0.7249771480804388 0.48465112736136506 0.7223110907982938 0.4882693479585619 0.719264168190128 0.4956962218159659 0.7156459475929311 0.503694393662401 0.7137416209628277 0.5076934795856185 0.7120277269957344 0.5153107861060329 0.7106946983546618 0.5214046313223644 0.7097425350396099 0.5229280926264473 0.7099329677026204 0.5217854966483851 0.7135511882998172 0.5181672760511884 0.7148842169408898 0.5145490554539915 0.7160268129189519
0 0.7141649763353617 0.7836798512508452 0.7078262339418527 0.7845250169033131 0.7016987829614604 0.785158891142664 0.6955713319810682 0.7864266396213658 0.6898664638269101 0.7885395537525356 0.6850067613252198 0.7893847194050034 0.6843728870858689 0.7864266396213658 0.6898664638269101 0.7828346855983773 0.6972616632860041 0.7798766058147397 0.7055020283975659 0.7788201487491548 0.7122633536173091 0.77776369168357 0.7181795131845842 0.7773411088573361 0.7188133874239352 0.778608857336038 0.7188133874239352 0.7811443542934415
0 0.1866151866151866 0.8399694337194338 0.19264800514800517 0.8399694337194338 0.20209942084942084 0.8379584942084943 0.2089366151866152 0.8369530244530244 0.21597490347490347 0.8357464607464608 0.2151705276705277 0.8333333333333334 0.21134974259974262 0.8325289575289576 0.2073278635778636 0.8319256756756757 0.20390926640926643 0.8319256756756757 0.19928410553410553 0.8321267696267697 0.19526222651222652 0.8329311454311454 0.19144144144144146 0.8335344272844273 0.18701737451737452 0.834740990990991 0.18500643500643502 0.8359475546975548 0.18440315315315317 0.8371541184041185
0 0.8272879464285714 0.3813244047619048 0.8266679067460317 0.37605406746031744 0.8260478670634921 0.37109375 0.8260478670634921 0.3670634920634921 0.8260478670634921 0.36396329365079366 0.8255828373015873 0.36008804563492064 0.8243427579365079 0.3572978670634921 0.8235677083333334 0.35559275793650796 0.8196924603174603 0.35466269841269843 0.8187624007936508 0.35636780753968256 0.8187624007936508 0.35931299603174605 0.8187624007936508 0.3642733134920635 0.8187624007936508 0.37186879960317465 0.8190724206349207 0.37636408730158727 0.8201574900793651 0.3793092757936508 0.8210875496031745 0.38209945436507936 0.8226376488095238 0.3836495535714286 0.824187748015873 0.3838045634920635
0 0.7161458333333334 0.6797138047138047 0.722064393939394 0.6833964646464648 0.7292981902356902 0.6865530303030304 0.7332438973063974 0.6893150252525253 0.7386363636363636 0.6908933080808081 0.7428451178451179 0.6920770202020202 0.7432396885521886 0.6901041666666666 0.7420559764309764 0.688788930976431 0.7390309343434344 0.6864215067340067 0.7356113215488216 0.6845801767676768 0.7331123737373737 0.6826073232323232 0.7304819023569024 0.6799768518518519 0.7294297138047139 0.6794507575757576 0.726667718855219 0.6786616161616161 0.7224589646464648 0.6768202861952861 0.720223063973064 0.6765572390572391 0.717198021885522 0.6764257154882155 0.7160143097643098 0.6773463804713805
