1 0.26968344155844165 0.0013528138528138528 0.26427218614718617 0.00744047619047619 0.26089015151515155 0.018939393939393936 0.26562500000000006 0.030438311688311688 0.2703598484848485 0.035849567099567096 0.28050595238095244 0.040584415584415584 0.29606331168831174 0.04193722943722944 0.30959145021645024 0.039231601731601735 0.3204139610389611 0.031114718614718612 0.32920725108225113 0.019615800865800868 0.32920725108225113 0.00744047619047619 0.3265016233766234 0.0
1 0.38196699134199136 0.002029220779220779 0.38061417748917753 0.014204545454545454 0.38331980519480524 0.025027056277056276 0.38737824675324684 0.035849567099567096 0.3934659090909091 0.045995670995671 0.40428841991341996 0.052083333333333336 0.41646374458874463 0.052083333333333336 0.42458062770562777 0.04667207792207792 0.4286390692640693 0.036525974025974024 0.4286390692640693 0.018939393939393936 0.4252570346320346 0.00744047619047619 0.41916937229437234 0.0006764069264069264
1 0.6281791125541126 0.036525974025974024 0.641707251082251 0.029085497835497836 0.6660579004329005 0.02435064935064935 0.687702922077922 0.02976190476190476 0.6971726190476191 0.035173160173160176 0.7012310606060607 0.04734848484848485 0.7012310606060607 0.05614177489177489 0.6897321428571429 0.06290584415584416 0.6775568181818182 0.06628787878787878 0.6579410173160174 0.0689935064935065 0.6383252164502164 0.064258658008658 0.6302083333333334 0.06020021645021645 0.624120670995671 0.0487012987012987
1 0.43472673160173164 0.07778679653679653 0.4333739177489178 0.0899621212121212 0.440814393939394 0.10078463203463203 0.47125270562770566 0.09807900432900432 0.49154491341991347 0.09131493506493507 0.4983089826839827 0.07846320346320347 0.4976325757575758 0.06696428571428571 0.49019209956709964 0.060876623376623376 0.4651650432900433 0.0615530303030303 0.4469020562770563 0.06764069264069264
1 0.20813041125541126 0.13933982683982685 0.2067775974025974 0.12581168831168832 0.21083603896103897 0.10416666666666667 0.22030573593073596 0.0899621212121212 0.2372159090909091 0.0845508658008658 0.25074404761904767 0.08522727272727272 0.25615530303030304 0.09063852813852814 0.25615530303030304 0.10146103896103895 0.25277326839826836 0.11634199134199134 0.24736201298701302 0.1278409090909091 0.24330357142857145 0.137987012987013 0.22842261904761907 0.1440746753246753 0.22165854978354982 0.1440746753246753
1 0.0011498917748918056 0.3104707792207792 0.007237554112554145 0.3158820346320346 0.01603084415584419 0.32196969696969696 0.01738365800865804 0.3314393939393939 0.014678030303030332 0.3469967532467532 0.009943181818181853 0.3564664502164502 0.0 0.36041666666666666
1 0.043763528138528164 0.4085497835497835 0.04443993506493509 0.4173430735930736 0.04849837662337665 0.4274891774891775 0.05390963203463207 0.4376352813852814 0.06337932900432904 0.44710497835497837 0.07690746753246756 0.4498106060606061 0.08637716450216454 0.44304653679653677 0.08908279220779224 0.4356060606060606 0.08502435064935068 0.4193722943722944 0.07893668831168835 0.4017857142857143 0.07081980519480523 0.39096320346320346 0.05796807359307363 0.3896103896103896 0.045792748917748954 0.3943452380952381 0.04308712121212125 0.4004329004329004
1 0.0829951298701299 0.3273809523809524 0.07826028138528142 0.3415854978354978 0.08367153679653683 0.3618777056277056 0.09178841991341995 0.3740530303030303 0.10058170995670998 0.376758658008658 0.11681547619047623 0.37337662337662336 0.12493235930735934 0.3666125541125541 0.12560876623376627 0.3524080086580087 0.12222673160173163 0.33955627705627706 0.11681547619047623 0.330762987012987 0.10869859307359311 0.3246753246753247 0.09855248917748921 0.31994047619047616 0.08570075757575761 0.31994047619047616
1 0.16957521645021648 0.3997564935064935 0.17904491341991344 0.3828463203463203 0.1885146103896104 0.3720238095238095 0.1986607142857143 0.3720238095238095 0.2061011904761905 0.37811147186147187 0.21151244588744592 0.3896103896103896 0.21151244588744592 0.4017857142857143 0.20745400432900435 0.4173430735930736 0.20204274891774893 0.431547619047619 0.1932494588744589 0.4457521645021645 0.17904491341991344 0.44710497835497837 0.16822240259740262 0.4443993506493506 0.16213474025974026 0.432224025974026 0.16213474025974026 0.4186958874458874 0.1655167748917749 0.40719696969696967
1 0.28524080086580095 0.4822781385281385 0.29403409090909094 0.46875 0.3089150432900433 0.46063311688311687 0.31973755411255417 0.4633387445887446 0.32514880952380953 0.4714556277056277 0.32717803030303033 0.4816017316017316 0.32717803030303033 0.4924242424242424 0.3244724025974026 0.5018939393939393 0.31973755411255417 0.5086580086580087 0.31567911255411263 0.515422077922078 0.30756222943722944 0.5208333333333334 0.29673971861471865 0.5215097402597403 0.28524080086580095 0.5181277056277056 0.2798295454545455 0.505275974025974 0.2798295454545455 0.4944534632034632
1 0.43743235930735935 0.4274891774891775 0.4516369047619048 0.4180194805194805 0.4617830086580087 0.4153138528138528 0.47463474025974034 0.4153138528138528 0.4827516233766234 0.4193722943722944 0.48951569264069267 0.4274891774891775 0.49086850649350655 0.4362824675324675 0.48681006493506496 0.4464285714285714 0.47598755411255417 0.4565746753246753 0.4604301948051948 0.4633387445887446 0.44352002164502163 0.4667207792207792 0.43405032467532473 0.4613095238095238 0.43066829004329005 0.4531926406926407 0.4293154761904762 0.4443993506493506 0.43066829004329005 0.4349296536796537
1 0.503720238095238 0.31858766233766234 0.5118371212121212 0.3097943722943723 0.5219832251082251 0.30641233766233766 0.5294237012987014 0.30641233766233766 0.5382169913419914 0.3118235930735931 0.5395698051948052 0.31994047619047616 0.5382169913419914 0.3294101731601732 0.531452922077922 0.3456439393939394 0.5172483766233766 0.3618777056277056 0.49898538961038963 0.3686417748917749 0.49019209956709964 0.3625541125541126 0.4847808441558442 0.3524080086580087 0.48681006493506496 0.34023268398268397 0.4976325757575758 0.3253517316017316
1 0.6092397186147186 0.3612012987012987 0.6193858225108226 0.35173160173160173 0.6281791125541126 0.349702380952381 0.6349431818181819 0.35376082251082247 0.6396780303030304 0.358495670995671 0.6396780303030304 0.367288961038961 0.6376488095238096 0.3787878787878788 0.6308847402597403 0.3902867965367965 0.623444264069264 0.4011093073593074 0.6132981601731602 0.404491341991342 0.6011228354978356 0.4017857142857143 0.5950351731601732 0.3902867965367965 0.5984172077922079 0.37811147186147187 0.6031520562770563 0.367288961038961
1 0.5639204545454546 0.4538690476190476 0.5456574675324676 0.4667207792207792 0.5348349567099568 0.4795725108225108 0.5294237012987014 0.4897186147186147 0.5267180735930737 0.5005411255411255 0.5307765151515152 0.5106872294372294 0.5388933982683982 0.5181277056277056 0.5517451298701299 0.5174512987012987 0.5639204545454546 0.5120400432900433 0.578125 0.4998647186147186 0.5862418831168832 0.4836309523809524 0.5909767316017316 0.47551406926406925 0.5916531385281386 0.4640151515151515 0.587594696969697 0.4565746753246753 0.5828598484848485 0.4531926406926407 0.5720373376623377 0.4511634199134199
1 0.7424918831168832 0.4126082251082251 0.7560200216450217 0.4051677489177489 0.7722537878787878 0.4024621212121212 0.7871347402597403 0.4024621212121212 0.7999864718614719 0.41125541125541126 0.8081033549783551 0.42410714285714285 0.807426948051948 0.4369588744588745 0.8020156926406926 0.4484577922077922 0.7878111471861472 0.4552218614718615 0.7681953463203464 0.4565746753246753 0.7512851731601732 0.4498106060606061 0.7404626623376624 0.43898809523809523 0.7357278138528138 0.4329004329004329 0.7370806277056278 0.4207251082251082
1 0.7208468614718615 0.3321158008658009 0.7303165584415584 0.3131764069264069 0.7391098484848485 0.2976190476190476 0.7479031385281386 0.2935606060606061 0.7627840909090909 0.294237012987013 0.7675189393939394 0.30438311688311687 0.7675189393939394 0.3138528138528139 0.7580492424242424 0.3354978354978355 0.7445211038961038 0.35173160173160173 0.7323457792207793 0.35511363636363635 0.7235524891774893 0.35173160173160173 0.7194940476190477 0.3449675324675325
1 0.8283955627705628 0.2854437229437229 0.8324540043290044 0.30370670995670995 0.835836038961039 0.3165584415584416 0.8392180735930737 0.3280573593073593 0.845305735930736 0.3327922077922078 0.8554518398268398 0.3334686147186147 0.8662743506493507 0.3300865800865801 0.8696563852813852 0.31858766233766234 0.8696563852813852 0.2949134199134199 0.8696563852813852 0.28612012987012986 0.8669507575757576 0.2746212121212121 0.8588338744588745 0.26785714285714285 0.8486877705627706 0.266504329004329 0.8351596320346321 0.2739448051948052 0.8304247835497836 0.2780032467532468
1 0.8642451298701299 0.3693181818181818 0.872362012987013 0.35173160173160173 0.8804788961038962 0.33955627705627706 0.891301406926407 0.3388798701298701 0.9021239177489178 0.3429383116883117 0.9048295454545454 0.349702380952381 0.9048295454545454 0.3612012987012987 0.8980654761904763 0.3801406926406926 0.8865665584415584 0.395021645021645 0.8757440476190477 0.4004329004329004 0.8642451298701299 0.3970508658008658 0.8588338744588745 0.3896103896103896 0.8581574675324676 0.3801406926406926
1 0.8459821428571429 0.4396645021645022 0.8574810606060607 0.4335768398268398 0.87303841991342 0.4335768398268398 0.8845373376623377 0.4342532467532468 0.8919778138528138 0.4376352813852814 0.8960362554112554 0.4416937229437229 0.8960362554112554 0.4498106060606061 0.8940070346320347 0.4565746753246753 0.8899485930735931 0.45995670995670995 0.88183170995671 0.4660443722943723 0.8662743506493507 0.4660443722943723 0.8534226190476191 0.4619859307359307 0.845305735930736 0.4558982683982684 0.8432765151515152 0.4484577922077922
1 0.35288149350649356 0.39096320346320346 0.35085227272727276 0.4017857142857143 0.35423430735930744 0.4166666666666667 0.36302759740259744 0.431547619047619 0.37655573593073594 0.44034090909090906 0.38805465367965375 0.431547619047619 0.38873106060606066 0.4193722943722944 0.38873106060606066 0.4085497835497835 0.38602543290043295 0.4011093073593074 0.38331980519480524 0.3902867965367965 0.37655573593073594 0.3821699134199134 0.36505681818181823 0.3821699134199134 0.3569399350649351 0.3821699134199134
1 0.38737824675324684 0.4978354978354978 0.40090638528138534 0.4876893939393939 0.41443452380952384 0.4836309523809524 0.42458062770562777 0.48295454545454547 0.43405032467532473 0.4849837662337662 0.43946158008658015 0.4910714285714286 0.440814393939394 0.4978354978354978 0.43878517316017324 0.5079816017316018 0.43269751082251084 0.5167748917748918 0.4205221861471862 0.5242153679653679 0.4083468614718615 0.5296266233766234 0.3982007575757576 0.5343614718614719 0.3846726190476191 0.5309794372294372 0.375879329004329 0.5242153679653679 0.3738501082251082 0.5194805194805194 0.375879329004329 0.5093344155844155 0.37926136363636365 0.5025703463203464
1 0.779694264069264 0.4978354978354978 0.789163961038961 0.4863365800865801 0.799310064935065 0.4795725108225108 0.8114853896103896 0.4768668831168831 0.8216314935064936 0.47821969696969696 0.8283955627705628 0.4822781385281385 0.8311011904761905 0.49039502164502163 0.8304247835497836 0.5012175324675324 0.8236607142857143 0.5127164502164502 0.8108089826839827 0.5228625541125541 0.7966044372294372 0.5275974025974025 0.7851055194805194 0.5248917748917749 0.7790178571428572 0.5188041125541125 0.7749594155844156 0.5093344155844155 0.7749594155844156 0.5032467532467533
1 0.8973890692640693 0.5296266233766234 0.9129464285714286 0.5255681818181819 0.9305330086580087 0.523538961038961 0.946090367965368 0.5282738095238095 0.9535308441558442 0.533685064935065 0.955560064935065 0.5404491341991342 0.9501488095238096 0.5499188311688312 0.9433847402597403 0.5580357142857142 0.9170048701298702 0.560064935064935 0.9028003246753247 0.5587121212121212 0.8946834415584416 0.5533008658008658 0.8892721861471862 0.5451839826839826 0.890625 0.5377435064935064
1 0.7587256493506495 0.5688582251082251 0.7668425324675324 0.5620941558441558 0.7736066017316018 0.5587121212121212 0.7851055194805194 0.5573593073593074 0.7952516233766235 0.560064935064935 0.8013392857142858 0.5654761904761905 0.8053977272727273 0.5742694805194806 0.8067505411255412 0.5850919913419914 0.8047213203463204 0.5925324675324676 0.8013392857142858 0.597943722943723 0.7918695887445888 0.6020021645021646 0.7823998917748918 0.6026785714285714 0.7729301948051949 0.597267316017316 0.7641369047619048 0.5911796536796536 0.7600784632034633 0.5844155844155844 0.7573728354978356 0.579004329004329
1 0.024147727272727303 0.48295454545454547 0.0315882034632035 0.47754329004329 0.04105790043290047 0.4768668831168831 0.05323322510822514 0.4802489177489177 0.06676136363636367 0.4876893939393939 0.07352543290043294 0.49648268398268397 0.07487824675324678 0.505275974025974 0.07149621212121215 0.5160984848484849 0.05932088744588748 0.5194805194805194 0.047821969696969724 0.5194805194805194 0.03564664502164505 0.5160984848484849 0.02685335497835501 0.5079816017316018 0.021442099567099596 0.4998647186147186 0.020765692640692675 0.4924242424242424
1 0.05052759740259744 0.5553300865800865 0.0572916666666667 0.5478896103896104 0.0674377705627706 0.5445075757575758 0.08096590909090913 0.5478896103896104 0.08772997835497838 0.5566829004329004 0.10125811688311691 0.5681818181818182 0.10869859307359311 0.5776515151515151 0.11275703463203465 0.5864448051948051 0.11343344155844158 0.5945616883116883 0.10802218614718619 0.6047077922077921 0.09990530303030305 0.6080898268398268 0.08367153679653683 0.606737012987013 0.06879058441558446 0.5911796536796536 0.06067370129870134 0.5823863636363636 0.05323322510822514 0.5722402597402597 0.0518804112554113 0.5647997835497836
1 0.0315882034632035 0.6466450216450216 0.03835227272727277 0.6358225108225108 0.047821969696969724 0.6324404761904762 0.0654085497835498 0.6378517316017316 0.0701433982683983 0.643262987012987 0.07217261904761908 0.6574675324675324 0.07352543290043294 0.6689664502164502 0.07081980519480523 0.6824945887445888 0.06337932900432904 0.6926406926406926 0.054586038961038995 0.699404761904762 0.03564664502164505 0.6973755411255411 0.030911796536796567 0.689935064935065 0.02482413419913423 0.6757305194805194 0.02482413419913423 0.6622023809523809 0.025500541125541155 0.652056277056277
1 0.19527867965367968 0.7798971861471862 0.20339556277056278 0.7636634199134199 0.2142180735930736 0.7528409090909091 0.2372159090909091 0.7487824675324676 0.2493912337662338 0.7494588744588744 0.25818452380952384 0.7548701298701298 0.26359577922077926 0.7650162337662337 0.26359577922077926 0.78125 0.25750811688311687 0.7954545454545454 0.24533279220779222 0.8137175324675324 0.23315746753246755 0.8258928571428572 0.21083603896103897 0.8245400432900433 0.19730790043290045 0.817775974025974 0.19257305194805197 0.8096590909090909 0.19189664502164502 0.7968073593073594 0.19189664502164502 0.790719696969697
1 0.6789096320346321 0.4552218614718615 0.6626758658008658 0.4701028138528139 0.6565882034632035 0.4802489177489177 0.6565882034632035 0.4931006493506493 0.6586174242424242 0.5018939393939393 0.6660579004329005 0.5079816017316018 0.6782332251082251 0.5032467532467533 0.6849972943722944 0.4924242424242424 0.6937905844155844 0.4795725108225108 0.698525432900433 0.4673971861471861 0.698525432900433 0.4558982683982684 0.6904085497835498 0.450487012987013 0.6856737012987014 0.4511634199134199
1 0.6883793290043291 0.6189123376623377 0.6958198051948052 0.6080898268398268 0.7093479437229439 0.6020021645021646 0.7201704545454546 0.6013257575757576 0.7276109307359307 0.6101190476190476 0.7296401515151516 0.6209415584415584 0.7309929653679654 0.6405573593073594 0.72558170995671 0.6601731601731602 0.7188176406926406 0.671672077922078 0.7052895021645023 0.6791125541125541 0.6944669913419914 0.6784361471861472 0.6870265151515152 0.670319264069264 0.6816152597402598 0.6547619047619048 0.6816152597402598 0.6371753246753247 0.6829680735930737 0.6277056277056278
1 0.8094561688311689 0.6358225108225108 0.817573051948052 0.624323593073593 0.8297483766233766 0.6141774891774892 0.8412472943722944 0.6135010822510822 0.8534226190476191 0.6175595238095238 0.8561282467532468 0.6229707792207791 0.8561282467532468 0.6358225108225108 0.8554518398268398 0.6500270562770563 0.845305735930736 0.6628787878787878 0.8311011904761905 0.6689664502164502 0.817573051948052 0.670995670995671 0.8060741341991342 0.6682900432900433 0.8026920995670996 0.661525974025974 0.8026920995670996 0.6486742424242424
1 0.8344832251082251 0.6926406926406926 0.8493641774891775 0.6858766233766234 0.8615395021645023 0.6838474025974026 0.87303841991342 0.6838474025974026 0.88183170995671 0.688582251082251 0.8858901515151516 0.6939935064935064 0.8872429653679654 0.7041396103896104 0.8845373376623377 0.7122564935064936 0.8696563852813852 0.7196969696969696 0.8513933982683982 0.7217261904761905 0.8426001082251082 0.7224025974025974 0.8338068181818182 0.716991341991342 0.8297483766233766 0.7075216450216449 0.8297483766233766 0.699404761904762
1 0.46787067099567103 0.6371753246753247 0.47598755411255417 0.6304112554112554 0.49019209956709964 0.6263528138528138 0.5010146103896104 0.6263528138528138 0.5064258658008658 0.6310876623376623 0.5064258658008658 0.6405573593073594 0.5023674242424243 0.6554383116883116 0.4942505411255411 0.6730248917748918 0.48545725108225113 0.6845238095238095 0.47260551948051954 0.6872294372294372 0.4624594155844156 0.6865530303030304 0.45434253246753253 0.679788961038961 0.45434253246753253 0.6676136363636364 0.45704816017316025 0.652732683982684 0.46110660173160173 0.6439393939393939
1 0.35152867965367973 0.6723484848484849 0.3616747835497836 0.670319264069264 0.375879329004329 0.6635551948051948 0.38737824675324684 0.6547619047619048 0.3975243506493507 0.643262987012987 0.40293560606060613 0.6331168831168832 0.40631764069264076 0.6182359307359307 0.40225919913419916 0.6047077922077921 0.39008387445887455 0.6013257575757576 0.36979166666666674 0.6074134199134199 0.35558712121212127 0.6236471861471862 0.34814664502164505 0.63379329004329 0.34070616883116883 0.6466450216450216 0.339353354978355 0.660849567099567 0.3400297619047619 0.6669372294372294
1 0.6532061688311689 0.8367153679653679 0.670792748917749 0.8164231601731602 0.687702922077922 0.8069534632034632 0.6998782467532468 0.8028950216450216 0.707318722943723 0.8008658008658008 0.7147591991341992 0.8049242424242424 0.7215232683982684 0.8110119047619048 0.7235524891774893 0.8218344155844156 0.7201704545454546 0.8346861471861472 0.7134063852813852 0.8502435064935064 0.7012310606060607 0.864448051948052 0.687702922077922 0.8752705627705628 0.669439935064935 0.882711038961039 0.6545589826839827 0.8813582251082251 0.6477949134199135 0.873917748917749 0.6437364718614719 0.863095238095238 0.6450892857142858 0.846185064935065
1 0.8229843073593074 0.78125 0.8419237012987014 0.7765151515151515 0.8588338744588745 0.7744859307359307 0.8696563852813852 0.7731331168831168 0.8804788961038962 0.7771915584415584 0.8865665584415584 0.7832792207792207 0.8872429653679654 0.7927489177489178 0.8825081168831168 0.8035714285714286 0.8716856060606061 0.8103354978354979 0.8507169913419914 0.8130411255411255 0.8371888528138528 0.8130411255411255 0.8229843073593074 0.808306277056277 0.817573051948052 0.8035714285714286 0.8155438311688312 0.7954545454545454 0.816896645021645 0.7866612554112554
1 0.954883658008658 0.762987012987013 0.9427083333333334 0.7683982683982684 0.936620670995671 0.7798971861471862 0.9339150432900433 0.7920725108225108 0.935944264069264 0.8049242424242424 0.9427083333333334 0.8096590909090909 0.955560064935065 0.8116883116883116 0.9623241341991342 0.8110119047619048 0.9697646103896104 0.8015422077922078 0.9744994588744589 0.7886904761904762 0.9772050865800866 0.7758387445887446 0.9744994588744589 0.7656926406926406 0.9663825757575758 0.762310606060606
1 0.37046807359307365 0.7311958874458874 0.37046807359307365 0.7406655844155844 0.37858495670995673 0.7521645021645021 0.39211309523809523 0.7582521645021646 0.40631764069264076 0.7609577922077921 0.42999188311688313 0.7562229437229437 0.43405032467532473 0.7399891774891775 0.43269751082251084 0.7291666666666666 0.4157873376623377 0.7183441558441558 0.39955357142857145 0.7149621212121212 0.38129058441558444 0.7203733766233766
1 0.5321293290043291 0.7738095238095238 0.541599025974026 0.7650162337662337 0.5503923160173161 0.7636634199134199 0.5632440476190477 0.7643398268398268 0.5733901515151516 0.7677218614718614 0.5794778138528138 0.7738095238095238 0.5815070346320347 0.780573593073593 0.5815070346320347 0.7886904761904762 0.5740665584415584 0.7961309523809523 0.5585091991341992 0.7981601731601732 0.5429518398268398 0.7941017316017316 0.5348349567099568 0.7873376623376623
1 0.4516369047619048 0.8225108225108225 0.4692234848484849 0.817775974025974 0.48613365800865804 0.817775974025974 0.49966179653679654 0.8238636363636364 0.5071022727272728 0.8292748917748918 0.5091314935064936 0.8387445887445888 0.5091314935064936 0.8482142857142857 0.5057494588744589 0.8563311688311688 0.495603354978355 0.8637716450216449 0.4780167748917749 0.8651244588744588 0.4651650432900433 0.8617424242424242 0.45366612554112556 0.854978354978355 0.44554924242424243 0.846185064935065 0.44352002164502163 0.8353625541125541 0.4448728354978355 0.827245670995671
1 0.3068858225108225 0.8340097402597402 0.31906114718614725 0.826569264069264 0.33597132034632043 0.826569264069264 0.34949945887445893 0.827245670995671 0.3603219696969697 0.8319805194805194 0.36708603896103903 0.8400974025974026 0.36708603896103903 0.8502435064935064 0.36370400432900435 0.8590367965367965 0.357616341991342 0.864448051948052 0.34611742424242425 0.8671536796536796 0.33258928571428575 0.8671536796536796 0.3224431818181818 0.8664772727272727 0.31162067099567103 0.8624188311688311 0.30350378787878796 0.854978354978355 0.3021509740259741 0.8441558441558442
1 0.39887716450216454 0.8718885281385281 0.4110524891774892 0.8664772727272727 0.43810876623376627 0.8658008658008658 0.45096049783549785 0.8712121212121212 0.45704816017316025 0.8779761904761905 0.4631358225108225 0.8867694805194806 0.4624594155844156 0.8962391774891775 0.45569534632034636 0.9036796536796536 0.44216720779220786 0.9084145021645021 0.41849296536796543 0.9050324675324676 0.40564123376623384 0.8982683982683982 0.3954951298701299 0.8881222943722944 0.39414231601731603 0.882034632034632
1 0.20474837662337667 0.92870670995671 0.21557088744588745 0.919237012987013 0.22504058441558442 0.919237012987013 0.23112824675324675 0.9232954545454546 0.23518668831168835 0.9320887445887446 0.23518668831168835 0.94629329004329 0.23518668831168835 0.9598214285714286 0.23112824675324675 0.9753787878787878 0.22368777056277056 0.9868777056277056 0.2148944805194805 0.9889069264069263 0.20813041125541126 0.9889069264069263 0.20271915584415587 0.9821428571428572 0.20001352813852816 0.9665854978354977 0.19798430735930736 0.9537337662337662 0.19933712121212122 0.9408820346320346
1 0.09178841991341995 0.9476461038961038 0.09990530303030305 0.9300595238095238 0.1161390692640693 0.9239718614718614 0.12560876623376627 0.9273538961038962 0.1289908008658009 0.9347943722943722 0.1289908008658009 0.9483225108225108 0.12425595238095241 0.965232683982684 0.11546266233766238 0.9807900432900433 0.10734577922077926 0.9862012987012986 0.10125811688311691 0.9882305194805194 0.09246482683982687 0.9882305194805194 0.08637716450216454 0.9780844155844156 0.08705357142857145 0.964556277056277 0.08840638528138531 0.9571158008658008
1 0.7884875541125542 0.882711038961039 0.7952516233766235 0.8718885281385281 0.8033685064935064 0.8664772727272727 0.8148674242424242 0.864448051948052 0.8243371212121212 0.872564935064935 0.8304247835497836 0.8887987012987012 0.8331304112554112 0.900297619047619 0.8324540043290044 0.9158549783549783 0.8277191558441559 0.92870670995671 0.8229843073593074 0.9341179653679653 0.8067505411255412 0.9354707792207791 0.7952516233766235 0.9293831168831168 0.789163961038961 0.9205898268398268 0.7884875541125542 0.9070616883116883 0.7878111471861472 0.892180735930736
1 0.8852137445887446 0.8948863636363636 0.8716856060606061 0.8881222943722944 0.863568722943723 0.882034632034632 0.8588338744588745 0.8718885281385281 0.8581574675324676 0.8617424242424242 0.8595102813852814 0.8515963203463204 0.8676271645021646 0.8495670995670995 0.8777732683982684 0.8495670995670995 0.8926542207792209 0.8583603896103896 0.9007711038961038 0.8617424242424242 0.9075351731601732 0.8698593073593074 0.9122700216450217 0.8779761904761905 0.9129464285714286 0.8860930735930735 0.908887987012987 0.8942099567099567 0.9007711038961038 0.8969155844155844 0.8919778138528138 0.8969155844155844
1 0.890625 0.9713203463203464 0.8892721861471862 0.9611742424242424 0.8933306277056278 0.9537337662337662 0.9014475108225108 0.9510281385281385 0.9136228354978356 0.9496753246753246 0.9244453463203464 0.9544101731601732 0.937297077922078 0.9598214285714286 0.9474431818181819 0.9632034632034632 0.954883658008658 0.9713203463203464 0.9602949134199135 0.9787608225108225 0.9609713203463204 0.9862012987012986 0.9582656926406926 0.9936417748917749 0.9474431818181819 0.9977002164502164 0.927150974025974 0.9983766233766234 0.9102408008658008 0.9936417748917749 0.9014475108225108 0.9862012987012986 0.8967126623376624 0.9807900432900433
1 0.5517451298701299 0.6378517316017316 0.5443046536796536 0.6446158008658008 0.5409226190476191 0.6581439393939393 0.5409226190476191 0.6723484848484849 0.5443046536796536 0.6838474025974026 0.559862012987013 0.6906114718614718 0.5774485930735931 0.6852002164502164 0.5848890692640693 0.6737012987012986 0.5896239177489178 0.6561147186147186 0.5903003246753247 0.6439393939393939 0.5848890692640693 0.6351461038961038 0.5733901515151516 0.6297348484848484 0.5618912337662338 0.6297348484848484
1 0.2771239177489178 0.6148538961038962 0.2710362554112554 0.6229707792207791 0.26697781385281394 0.6371753246753247 0.26697781385281394 0.6459686147186148 0.26697781385281394 0.6540854978354979 0.2703598484848485 0.661525974025974 0.2771239177489178 0.6655844155844156 0.2879464285714286 0.6628787878787878 0.29944534632034636 0.6567911255411255 0.30350378787878796 0.643262987012987 0.3055330086580087 0.6331168831168832 0.30282738095238104 0.6195887445887446 0.29741612554112556 0.6094426406926406 0.28929924242424243 0.6080898268398268 0.284564393939394 0.6094426406926406
0 0.6167028535980149 0.38820822994210086 0.6252326302729528 0.3690808519437552 0.6265250206782464 0.3667545492142266 0.6267834987593053 0.3652036807278743 0.6257495864350703 0.3649452026468155 0.6234232837055418 0.3652036807278743 0.621355459057072 0.3688223738626964 0.619546112489661 0.3724410669975186 0.6174782878411911 0.37605976013234077 0.6154104631927212 0.3783860628618693 0.6133426385442515 0.3817462779156327 0.6120502481389579 0.38562344913151364 0.6120502481389579 0.38820822994210086 0.6120502481389579 0.3895006203473945 0.6130841604631928 0.3895006203473945 0.6143765508684864 0.3895006203473945
0 0.2793889578163772 0.019360008271298617 0.3173852357320099 0.018067617866004984 0.32152088502894954 0.01755066170388753 0.322037841191067 0.01574131513647645 0.31971153846153844 0.013673490488006639 0.3140250206782465 0.013415012406947913 0.27783808933002485 0.013415012406947913 0.275770264681555 0.013931968569065365 0.2755117866004963 0.01574131513647645 0.2768041770057899 0.01832609594706371
0 0.04656228433402349 0.6818064182194618 0.043650793650793676 0.6654158040027605 0.04343512767425813 0.6489173567977916 0.046023119392684636 0.6464371980676328 0.049473775017253294 0.6499956866804693 0.05001293995859215 0.6567891649413388 0.04968944099378884 0.6669254658385093 0.05163043478260872 0.6767382677708764 0.04839544513457559 0.6825612491373361
0 0.2145630505331479 0.8113120074177097 0.213404033379694 0.8078349559573481 0.22209666203059802 0.7930574872508113 0.22861613351877608 0.7820468242929995 0.23890241075567917 0.7695873898933704 0.24353847936949466 0.7629230412610106 0.24629114510894762 0.7633576726935558 0.24382823365785813 0.7700220213259156 0.23165855354659248 0.7856687528975428 0.22209666203059802 0.8029091330551691 0.21659133055169213 0.8104427445526193
0 0.5561352253756261 0.6747356705620479 0.5571786310517529 0.6639538119087368 0.5611783528102393 0.6540414579855315 0.5660475792988314 0.6432595993322203 0.569177796327212 0.6425639955481357 0.5686560934891485 0.6500417362270451 0.5636129660545353 0.6568238731218697 0.5592654424040067 0.6712576516416249 0.5592654424040067 0.6750834724540902
0 0.7028216860787577 0.8189475873544094 0.6953688297282308 0.824667221297837 0.6872226844148641 0.8290002773155851 0.682542983915696 0.8350665557404326 0.6790765391014976 0.8404395452024404 0.6724902939545203 0.8465058236272879 0.670583749306711 0.8497989462007765 0.668330560177482 0.8518788130892957 0.6648641153632834 0.8588117027176928 0.6638241819190238 0.8626247920133111 0.6617443150305048 0.8659179145867999 0.6633042151968941 0.8695576816417083 0.6695438158624516 0.8679977814753189 0.6790765391014976 0.8636647254575708 0.682716306156406 0.8593316694398225 0.6894758735440932 0.8555185801442041 0.6974486966167499 0.8445992789794786 0.6988352745424292 0.8419994453688298 0.7023017193566279 0.8321200776483638 0.7024750415973379 0.829520244037715 0.7047282307265668 0.8229339988907377 0.7047282307265668 0.8205074875207986
0 0.3199728260869565 0.8448822463768114 0.3290307971014492 0.8437499999999999 0.3358242753623188 0.8430706521739129 0.34261775362318836 0.8442028985507245 0.34737318840579706 0.845335144927536 0.35258152173913043 0.8471467391304347 0.3534873188405797 0.8509963768115941 0.3494112318840579 0.853034420289855 0.34737318840579706 0.8534873188405796 0.3439764492753623 0.8534873188405796 0.34103260869565216 0.8521286231884058 0.338768115942029 0.8507699275362318 0.3355978260869565 0.8503170289855072 0.33197463768115937 0.8498641304347826 0.32155797101449274 0.8512228260869564 0.3181612318840579 0.8475996376811594
0 0.3881533700137551 0.5181109582760202 0.39230857404860153 0.515388583218707 0.3994727189362678 0.5116632278771206 0.40720999541494723 0.5090841357175607 0.41380100871160014 0.5057886290692343 0.41738308115543327 0.5040692342961944 0.4206785878037597 0.5012035763411279 0.42024873911049976 0.4989110499770747 0.4165233837689133 0.49948418156808805 0.41208161393856024 0.49977074736359467 0.40663686382393394 0.500343878954608 0.40033241632278765 0.5023498395231545 0.39775332416322784 0.5042125171939477 0.39488766620816135 0.5063617606602475 0.3888697845025218 0.5136691884456671 0.3875802384227418 0.5163915635029802
0 0.06390901771336553 0.5636070853462158 0.07061862587224906 0.5679683306494901 0.07699275362318841 0.5750134192163178 0.0813539989264627 0.5807165861513687 0.08521202361782071 0.5852455716586152 0.09041196994095545 0.5916196994095545 0.095276435856146 0.5938003220611916 0.09913446054750402 0.5946390230810521 0.09695383789586688 0.5894390767579174 0.09460547504025765 0.5822262479871175 0.08823134728931831 0.5782004830917875 0.08437332259796028 0.5721618357487923 0.0813539989264627 0.569813472893183 0.07816693505099302 0.567800590445518 0.07581857219538378 0.5664586688137413 0.07229602791196994 0.5642780461621041 0.06927670424047234 0.5626006441223833 0.0672638217928073 0.5612587224906066 0.06525093934514224 0.5609232420826623
0 0.1946564885496183 0.38676844783715014 0.19099872773536897 0.3920165394402036 0.18893129770992367 0.3975826972010178 0.18654580152671757 0.4028307888040713 0.1851145038167939 0.4085559796437659 0.18368320610687022 0.41364503816793896 0.1825699745547074 0.4176208651399491 0.18193384223918577 0.4214376590330789 0.1808206106870229 0.42493638676844786 0.1803435114503817 0.42748091603053434 0.18018447837150128 0.4303435114503817 0.17954834605597964 0.4336832061068703 0.17907124681933842 0.43654580152671757 0.1808206106870229 0.4375 0.18225190839694658 0.43543256997455476 0.18352417302798985 0.4306615776081425 0.18559160305343514 0.4236641221374046 0.18654580152671757 0.4196882951653944 0.18765903307888043 0.41571246819338425 0.18813613231552165 0.4122137404580153 0.18909033078880408 0.4087150127226463 0.19052162849872772 0.4050572519083969 0.1916348600508906 0.4012404580152672 0.19227099236641224 0.3986959287531807 0.19306615776081426 0.39599236641221375 0.19433842239185753 0.39328880407124683 0.19576972010178118 0.3910623409669211 0.19608778625954199 0.3893129770992366 0.1962468193384224 0.38708651399491095
0 0.7485491476242293 0.4238075807036635 0.7550099746100835 0.42188066739209285 0.7596572361262243 0.42222071091766417 0.7665714544795068 0.42607453754080526 0.7715587595212187 0.4272080159593762 0.7746191512513602 0.42754805948494745 0.7785863257163583 0.4277747551686616 0.7859539354370693 0.4290215814290896 0.7889009793253536 0.42936162495466085 0.7944550235763511 0.432081973159231 0.796721980413493 0.433215451577802 0.7953618063112079 0.4353690605730867 0.7907145447950672 0.4359357997823722 0.7850471527022126 0.43604914762422925 0.7811933260790714 0.4370692782009431 0.7733723249909322 0.43559575625680086 0.7655513239027929 0.4346889735219442 0.7588638012332246 0.4323086688429453 0.7560301051867973 0.4314018861080885 0.751949582879942 0.4286815379035183 0.7476423648893725 0.42494105912223434
0 0.9020390070921985 0.539949024822695 0.9135361258865248 0.5380097517730497 0.9239250886524821 0.5378712322695035 0.934729609929078 0.5377327127659574 0.939023714539007 0.5387023492907801 0.9372229609929078 0.5421653368794327 0.9312666223404255 0.542719414893617 0.9239250886524821 0.5429964539007092 0.9185228280141844 0.5436890514184397 0.9135361258865248 0.5438275709219857 0.9077183067375886 0.5439660904255318 0.9039782801418439 0.5436890514184397
0 0.7725788900979326 0.5720665578527385 0.7758659775117882 0.5716131664853101 0.779379760609358 0.5721799056945955 0.7827801958650707 0.5741068190061662 0.7851605005440697 0.5754669931084513 0.7887876314834965 0.5787540805223069 0.7900344577439247 0.5800009067827349 0.7920747188973523 0.582607907145448 0.7925281102647806 0.5841947769314473 0.7926414581066378 0.5871418208197317 0.7910545883206385 0.5880486035545883 0.7870874138556403 0.5855549510337323 0.7833469350743562 0.5836280377221619 0.7808532825535003 0.5807943416757345 0.77813293434893 0.5792074718897352 0.7750725426187886 0.5771672107363076 0.7740524120420748 0.5755803409503083 0.7723521944142183 0.5737667754805948
0 0.961039693279206 0.7727221470455571 0.9573748308525033 0.7770917907081641 0.9555423996391519 0.7816023906179521 0.9517365809652684 0.7880863779882723 0.9507498872350022 0.7899188092016237 0.949904149751917 0.7921741091565178 0.9500451059990979 0.7947113216057734 0.9510317997293639 0.7979533152909337 0.953287099684258 0.8003495714930084 0.9572338746053224 0.7954161028416779 0.9585024808299504 0.7910464591790708 0.9617444745151105 0.7830119530897608 0.9630130807397383 0.7811795218764096 0.9649864682002706 0.7744136220117276 0.9649864682002706 0.7727221470455571 0.9641407307171853 0.77159449706811 0.9624492557510148 0.7718764095624717
0 0.47074697754749567 0.6716321243523315 0.47193436960276336 0.6693652849740932 0.47463298791018993 0.6668825561312608 0.47560449050086356 0.6646157167530224 0.47668393782383417 0.6620250431778929 0.4778713298791019 0.6585708117443868 0.4786269430051813 0.6568436960276338 0.4806778929188255 0.6545768566493955 0.48251295336787564 0.6530656303972365 0.48370034542314333 0.6517702936096719 0.4846718480138169 0.6501511226252159 0.48618307426597585 0.6474525043177892 0.4880181347150259 0.6446459412780656 0.4890975820379965 0.6425949913644213 0.489961139896373 0.6410837651122624 0.49158031088082904 0.6398963730569949 0.4928756476683938 0.6374136442141622 0.49212003454231434 0.6363341968911916 0.4901770293609672 0.6355785837651122 0.4889896373056995 0.6357944732297064 0.4862910189982729 0.6379533678756476 0.48240500863557856 0.6406519861830743 0.4801381692573402 0.6430267702936097 0.4778713298791019 0.6462651122625215 0.47614421416234887 0.6492875647668394 0.4745250431778929 0.6526338514680483 0.47279792746113986 0.655440414507772 0.47074697754749567 0.6580310880829016 0.4689119170984456 0.6617012089810017 0.4677245250431779 0.6651554404145077 0.46707685664939547 0.6677461139896372 0.46707685664939547 0.6697970639032815 0.46707685664939547 0.6713082901554405 0.46794041450777196 0.6720639032815199
0 0.3562201907790143 0.6577901430842608 0.359697933227345 0.6564652888182301 0.3645005299417064 0.6538155802861686 0.3661565977742448 0.6528219395866455 0.36847509273979867 0.651331478537361 0.37046237413884475 0.6495098039215687 0.37211844197138316 0.6476881293057765 0.3739401165871754 0.6453696343402225 0.37526497085320615 0.6433823529411764 0.37725225225225223 0.6408982511923688 0.3789083200847907 0.6385797562268151 0.38072999470058294 0.6351020137784843 0.382717276099629 0.6324523052464228 0.3842077371489136 0.6293057763645998 0.38553259141494434 0.6269872813990461 0.38453895071542127 0.6251656067832538 0.38188924218335984 0.6253312135665077 0.3797363540010599 0.6274841017488076 0.37642421833598305 0.6301338102808691 0.3729464758876524 0.6319554848966613 0.3676470588235294 0.6351020137784843 0.36433492315845256 0.6385797562268151 0.36102278749337574 0.6433823529411764 0.35886989931107577 0.6465288818229994 0.3563857975622681 0.6498410174880763 0.35390169581346054 0.6531531531531531 0.3520800211976683 0.6556372549019608 0.35174880763116056 0.6577901430842608 0.35323926868044514 0.6579557498675146
