1 0.19771888185654016 0.0005933544303798067 0.19771888185654016 0.014438291139240566 0.20563027426160344 0.025646097046413564 0.21551951476793255 0.03092035864978909 0.23068301687763718 0.03619462025316462 0.2471650843881857 0.03289820675105491 0.25903217299578063 0.024986814345991624 0.2629878691983123 0.015097573839662507 0.2636471518987342 0.007186181434599216 0.25833333333333336 0.0
1 0.3117747890295359 0.0025712025316456293 0.31111550632911394 0.013779008438818626 0.31704905063291144 0.026964662447257443 0.321664029535865 0.04212816455696208 0.3289161392405064 0.050039556962025375 0.3355089662447258 0.059928797468354486 0.3486946202531646 0.06256592827004225 0.3605617088607595 0.06256592827004225 0.3678138185654009 0.050039556962025375 0.3711102320675106 0.03883175105485238 0.3711102320675106 0.026964662447257443 0.3678138185654009 0.01707542194092833 0.3638581223628693 0.008504746835443099 0.36122099156118154 0.0012526371308017477
1 0.32034546413502113 0.1311313291139241 0.32693829113924056 0.11794567510548529 0.33682753164556967 0.11596782700421947 0.35133175105485237 0.11860495780590723 0.3631988396624473 0.12585706751054856 0.37506592827004226 0.13838343881856546 0.37968090717299585 0.15750263713080176 0.37770305907173 0.18123681434599162 0.36979166666666674 0.1950817510548524 0.35133175105485237 0.19640031645569628 0.3388053797468355 0.19178533755274266 0.32627900843881863 0.18057753164556967 0.3196861814345992 0.16277689873417728 0.31770833333333337 0.14563554852320681
1 0.1489319620253165 0.18980748945147685 0.16079905063291144 0.17332542194092831 0.17398470464135027 0.16475474683544308 0.1858517932489452 0.16409546413502116 0.19837816455696208 0.17200685654008444 0.20563027426160344 0.18387394514767938 0.20760812236286924 0.19310390295358654 0.20760812236286924 0.20694883966244731 0.20101529535864984 0.22079377637130806 0.19112605485232073 0.2313422995780591 0.1746439873417722 0.2372758438818566 0.16013976793248952 0.23463871308016884 0.15288765822784814 0.22540875527426166 0.1469541139240507 0.21486023206751062 0.14629483122362874 0.20233386075949372
1 0.21090453586497895 0.299907700421941 0.22606803797468358 0.2834256329113925 0.24650580168776376 0.27551424050632917 0.2616693037974684 0.2728771097046414 0.27023997890295365 0.2807885021097047 0.27419567510548526 0.288699894514768 0.27551424050632917 0.2985891350210971 0.2715585443037975 0.3137526371308017 0.25573575949367094 0.3302347046413503 0.23991297468354436 0.3374868143459916 0.22409018987341778 0.33616824894514774 0.21222310126582283 0.3289161392405064 0.20694883966244731 0.32034546413502113 0.20760812236286924 0.31111550632911394
1 0.030920358649789093 0.3506724683544304 0.03223892405063297 0.3341904008438819 0.03553533755274268 0.3243011603375528 0.038831751054852384 0.31704905063291144 0.048061708860759556 0.3150712025316456 0.059928797468354486 0.3150712025316456 0.07047732067510554 0.31638976793248946 0.07838871308016884 0.322323312236287 0.08761867088607601 0.32825685654008446 0.09355221518987349 0.3341904008438819 0.10080432489451482 0.34539820675105487 0.1034414556962026 0.3572652953586498 0.10278217299578066 0.3711102320675106 0.098826476793249 0.38297732067510554 0.08761867088607601 0.38825158227848106 0.07245516877637136 0.3908887130801688 0.05465453586497896 0.388910864978903 0.04278744725738403 0.3803401898734178 0.03355748945147686 0.36847310126582283 0.03157964135021103 0.35924314345991565
1 0.19310390295358654 0.39286656118143465 0.20431170886075956 0.37836234177215194 0.21222310126582283 0.36913238396624476 0.22145305907173002 0.366495253164557 0.23134229957805913 0.36913238396624476 0.23925369198312244 0.3763844936708861 0.24320938818565407 0.38759229957805913 0.243868670886076 0.39616297468354433 0.24320938818565407 0.4100079113924051 0.2372758438818566 0.4264899789029536 0.2247494725738397 0.44099419831223635 0.21090453586497895 0.44560917721518994 0.19771888185654016 0.44560917721518994 0.19310390295358654 0.43835706751054854 0.1871703586497891 0.4344013713080169 0.18519251054852326 0.42055643459915615 0.18519251054852326 0.4080300632911393 0.1858517932489452 0.3974815400843882
1 0.2867220464135022 0.37968090717299585 0.2966112869198313 0.3711102320675106 0.31638976793248946 0.3678138185654009 0.3341904008438819 0.3658359704641351 0.3467167721518988 0.36979166666666674 0.35396888185654013 0.3711102320675106 0.36122099156118154 0.37770305907173 0.3638581223628693 0.3856144514767933 0.3631988396624473 0.3955036919831224 0.35396888185654013 0.4067114978902954 0.33682753164556967 0.42055643459915615 0.3190268987341772 0.4271492616033756 0.3012262658227849 0.4271492616033756 0.28606276371308026 0.422534282700422 0.2794699367088608 0.4146228902953587 0.2781513713080169 0.40209651898734183 0.2794699367088608 0.3902294303797469
1 0.04212816455696209 0.43835706751054854 0.04410601265822791 0.4548391350210971 0.05069883966244732 0.4660469409282701 0.0553138185654009 0.47395833333333337 0.06124736286919837 0.477914029535865 0.07377373417721525 0.4812104430379747 0.08761867088607601 0.4812104430379747 0.09948575949367094 0.47593618143459915 0.1067378691983123 0.4693433544303798 0.11201213080168783 0.45747626582278483 0.11267141350210977 0.44626845991561187 0.10541930379746842 0.4357199367088608 0.098826476793249 0.4245121308016878 0.0922336497890296 0.41594145569620256 0.08036656118143466 0.41198575949367094 0.06718090717299584 0.41198575949367094 0.0553138185654009 0.4212157172995781 0.047402426160337616 0.4284678270042194
1 0.17859968354430386 0.5201081223628692 0.1858517932489452 0.5036260548523207 0.19640031645569628 0.49307753164556967 0.20299314345991568 0.4871439873417722 0.2135416666666667 0.4838475738396625 0.22409018987341778 0.48450685654008446 0.23397943037974692 0.49307753164556967 0.23925369198312244 0.4990110759493671 0.24123154008438824 0.5108781645569621 0.24123154008438824 0.5267009493670887 0.23793512658227856 0.5412051687763714 0.23002373417721525 0.556368670886076 0.22145305907173002 0.5695543248945147 0.2135416666666667 0.5761471518987341 0.2016745780590718 0.5807621308016877 0.18651107594936714 0.5807621308016877 0.17794040084388194 0.5768064345991561 0.16871044303797475 0.566917194092827 0.16739187763713087 0.5530722573839663 0.1680511603375528 0.5392273206751054 0.17332542194092831 0.5280195147679325
1 0.7647020042194093 0.0012526371308017477 0.7627241561181435 0.012460443037974745 0.7640427215189873 0.021031118143459974 0.767998417721519 0.028942510548523266 0.7792062236286921 0.03421677215189879 0.7923918776371308 0.03553533755274267 0.8029404008438819 0.03487605485232073 0.8108517932489452 0.026964662447257443 0.8187631856540084 0.01971255274261609 0.8240374472573839 0.013119725738396685 0.8273338607594937 0.0012526371308017477
1 0.712618670886076 0.14497626582278486 0.7350342827004219 0.13838343881856546 0.7548127637130801 0.13640559071729966 0.766679852320675 0.13640559071729966 0.7765690928270043 0.14167985232067518 0.7844804852320676 0.14629483122362874 0.790414029535865 0.15618407172995788 0.791073312236287 0.16475474683544308 0.7890954641350212 0.17530327004219412 0.7805247890295359 0.1858517932489452 0.7673391350210971 0.19178533755274266 0.746242088607595 0.1937631856540085 0.7225079113924051 0.19046677215189878 0.7106408227848102 0.17991824894514774 0.7060258438818566 0.16871044303797472 0.7047072784810128 0.15486550632911397
1 0.8701872362869199 0.12849419831223635 0.8550237341772152 0.13508702531645575 0.8411787974683544 0.14629483122362874 0.8326081223628692 0.16079905063291144 0.8312895569620253 0.1700290084388186 0.8332674050632911 0.18189609704641355 0.8405195147679325 0.19046677215189878 0.8471123417721519 0.19574103375527432 0.858320147679325 0.19442246835443042 0.8721650843881857 0.18980748945147685 0.890625 0.17728111814345998 0.9005142405063291 0.16673259493670892 0.9057885021097046 0.15486550632911397 0.9057885021097046 0.14563554852320681 0.8978771097046414 0.1344277426160338 0.890625 0.1278349156118144 0.8833728902953587 0.1245385021097047 0.8774393459915613 0.1245385021097047
1 0.9189741561181435 0.23859440928270048 0.9315005274261604 0.22343090717299582 0.9460047468354431 0.21683808016877643 0.9558939873417722 0.21486023206751062 0.968420358649789 0.21749736286919838 0.9802874472573839 0.2227716244725739 0.9881988396624473 0.23002373417721522 0.990835970464135 0.23793512658227853 0.9928138185654009 0.24782436708860764 0.9928138185654009 0.2583728902953587 0.9855617088607594 0.2708992616033756 0.9710574894514769 0.28210706751054854 0.9525975738396625 0.288699894514768 0.9374340717299579 0.28804061181434604 0.9235891350210971 0.2801292194092827 0.913040611814346 0.2676028481012659 0.9117220464135021 0.25639504219409287 0.9117220464135021 0.24518723628691988
1 0.678995253164557 0.26101002109704646 0.6908623417721519 0.2517800632911393 0.701410864978903 0.24782436708860764 0.7139372362869199 0.24650580168776376 0.723167194092827 0.24716508438818569 0.7350342827004219 0.25243934599156126 0.7409678270042195 0.26035073839662454 0.746242088607595 0.2669435654008439 0.7475606540084389 0.2748549578059072 0.7475606540084389 0.2840849156118144 0.7442642405063291 0.2919963080168777 0.7370121308016878 0.29924841772151906 0.7225079113924051 0.3038633966244726 0.7053665611814347 0.3005669831223629 0.6934994725738396 0.29397415611814354 0.6829509493670886 0.2873813291139241 0.678995253164557 0.2801292194092827 0.6763581223628692 0.2715585443037975
1 0.7310785864978904 0.3717695147679326 0.7429456751054853 0.36517668776371315 0.757449894514768 0.36385812236286924 0.7706355485232067 0.366495253164557 0.7857990506329114 0.37374736286919835 0.7970068565400844 0.38165875527426163 0.7996439873417722 0.39154799578059074 0.8009625527426161 0.40275580168776376 0.8009625527426161 0.41264504219409287 0.7930511603375529 0.4231935654008439 0.7732726793248946 0.4284678270042194 0.7548127637130801 0.4245121308016878 0.7383306962025317 0.41594145569620256 0.7271228902953587 0.400777953586498 0.7271228902953587 0.39154799578059074 0.7277821729957806 0.3809994725738397
1 0.8774393459915613 0.366495253164557 0.8899657172995781 0.36188027426160346 0.9031513713080169 0.3625395569620254 0.9163370253164557 0.3645174050632912 0.9301819620253166 0.37111023206751065 0.9367747890295359 0.37572521097046424 0.9519382911392406 0.38957014767932496 0.957871835443038 0.39945938818565413 0.9585311181434599 0.4093486286919832 0.9572125527426161 0.4198971518987342 0.9512790084388186 0.4258306962025317 0.9427083333333334 0.43044567510548526 0.9216112869198312 0.43110495780590724 0.8991956751054853 0.42121571729957813 0.8827136075949368 0.4093486286919832 0.8734836497890296 0.3968222573839663 0.8675501054852321 0.3823180379746836 0.8682093881856541 0.37440664556962033
1 0.5491165611814347 0.511537447257384 0.5590058016877638 0.4996703586497891 0.5695543248945149 0.49175896624472576 0.5801028481012659 0.48978111814346 0.589992088607595 0.48648470464135024 0.601199894514768 0.48780327004219415 0.6124077004219409 0.49175896624472576 0.6157041139240508 0.49703322784810133 0.6157041139240508 0.5049446202531647 0.6137262658227848 0.5201081223628692 0.6058148734177216 0.533293776371308 0.5959256329113924 0.5431830168776371 0.5801028481012659 0.5484572784810127 0.567576476793249 0.5497758438818565 0.5583465189873419 0.545820147679325 0.5484572784810128 0.5405458860759494 0.5438422995780592 0.5352716244725738 0.5438422995780592 0.5247231012658228
1 0.6625131856540085 0.5168117088607596 0.6724024261603375 0.5029667721518988 0.6816323839662447 0.49637394514767935 0.6908623417721519 0.4937368143459916 0.7007515822784811 0.4937368143459916 0.7093222573839663 0.49769251054852326 0.7152558016877638 0.5029667721518988 0.7178929324894515 0.5128560126582279 0.7192114978902954 0.5247231012658228 0.7165743670886077 0.5405458860759494 0.702070147679325 0.5583465189873418 0.6928401898734177 0.5682357594936709 0.6803138185654009 0.5702136075949367 0.6704245780590717 0.5688950421940928 0.6644910337552743 0.5596650843881856 0.6585574894514769 0.5497758438818565 0.656579641350211 0.5365901898734177 0.6585574894514769 0.5234045358649789
1 0.8813950421940928 0.5062631856540085 0.890625 0.49637394514767935 0.901832805907173 0.49307753164556967 0.9117220464135021 0.49109968354430383 0.9235891350210971 0.48978111814346 0.936115506329114 0.4943960970464135 0.9460047468354431 0.5003296413502111 0.9525975738396625 0.5062631856540085 0.9552347046413503 0.5148338607594937 0.9558939873417722 0.5240638185654009 0.9525975738396625 0.5313159282700423 0.9387526371308017 0.5398866033755273 0.9196334388185654 0.5464794303797469 0.9057885021097046 0.5484572784810127 0.8886471518987342 0.544501582278481 0.879417194092827 0.5372494725738396 0.8748022151898734 0.5273602320675106 0.8741429324894515 0.5181302742616034
1 0.9980880801687764 0.5787842827004219 0.9895174050632911 0.5801028481012658 0.979628164556962 0.5827399789029536 0.9710574894514769 0.5926292194092827 0.9671017932489452 0.6018591772151898 0.9664425105485233 0.6143855485232067 0.968420358649789 0.622956223628692 0.9776503164556962 0.6255933544303798 0.9888581223628692 0.6269119198312236 0.9987473628691983 0.6288897679324895
1 0.9961102320675105 0.6513053797468354 0.9842431434599156 0.6552610759493671 0.969079641350211 0.6644910337552742 0.9638053797468354 0.6750395569620252 0.9631460970464135 0.6902030590717299 0.9651239451476793 0.6987737341772152 0.9723760548523207 0.7040479957805907 0.980946729957806 0.7066851265822784 0.9989583333333333 0.7052083333333333
1 0.8075553797468354 0.711959388185654 0.8200817510548524 0.6994330168776371 0.835245253164557 0.6934994725738396 0.84645305907173 0.6908623417721518 0.8589794303797469 0.6921809071729957 0.8635944092827005 0.7014108649789029 0.8635944092827005 0.711300105485232 0.8629351265822786 0.7211893459915611 0.8602979957805907 0.7317378691983122 0.8504087552742617 0.7495385021097046 0.834585970464135 0.7567906118143459 0.8220595991561181 0.7607463080168776 0.812170358649789 0.7620648734177214 0.7983254219409284 0.7515163502109704 0.7943697257383967 0.744923523206751 0.7943697257383967 0.7304193037974683 0.7989847046413503 0.7192114978902954
1 0.6176819620253166 0.722507911392405 0.6229562236286921 0.7093222573839663 0.6368011603375529 0.7047072784810127 0.6519646624472574 0.7027294303797469 0.668446729957806 0.7053665611814346 0.6803138185654009 0.7132779535864979 0.6875659282700421 0.7205300632911392 0.6928401898734177 0.7337157172995781 0.6928401898734177 0.7462420886075949 0.6908623417721519 0.7554720464135021 0.6809731012658228 0.7633834388185653 0.6631724683544304 0.766679852320675 0.6361418776371308 0.7614055907172995 0.6242747890295359 0.7515163502109704 0.6176819620253166 0.7416271097046413 0.6150448312236286 0.734375
1 0.49769251054852326 0.7640427215189872 0.5082410337552743 0.7462420886075949 0.5253823839662447 0.7376714135021096 0.5418644514767933 0.7337157172995781 0.556368670886076 0.7337157172995781 0.5642800632911393 0.7422863924050632 0.566917194092827 0.7534941983122362 0.566917194092827 0.767339135021097 0.5517536919831224 0.789754746835443 0.5346123417721519 0.8042589662447257 0.5194488396624473 0.8108517932489451 0.5029667721518988 0.8082146624472574 0.49637394514767935 0.7976661392405063 0.49307753164556967 0.7864583333333334 0.4937368143459916 0.7752505274261604
1 0.3394646624472574 0.6433939873417721 0.3486946202531646 0.6321861814345991 0.35792457805907174 0.6262526371308017 0.36979166666666674 0.62229694092827 0.38759229957805913 0.622956223628692 0.39616297468354433 0.6288897679324895 0.4014372362869199 0.6394382911392406 0.40407436708860767 0.6526239451476793 0.4053929324894515 0.6651503164556961 0.399459388185654 0.6816323839662447 0.3902294303797469 0.6934994725738396 0.37836234177215194 0.6981144514767933 0.36517668776371315 0.6987737341772152 0.355287447257384 0.6974551687763714 0.34539820675105487 0.6882252109704641 0.34012394514767935 0.678335970464135 0.33484968354430383 0.6638317510548523 0.33484968354430383 0.6526239451476793
1 0.25243934599156126 0.756131329113924 0.2596914556962026 0.7436049578059072 0.26958069620253167 0.7403085443037974 0.2814477848101266 0.7403085443037974 0.2933148734177216 0.7436049578059072 0.3012262658227849 0.7501977848101266 0.3058412447257384 0.7574498945147679 0.3117747890295359 0.767339135021097 0.3144119198312237 0.7831619198312236 0.3137526371308017 0.7976661392405063 0.3058412447257384 0.8108517932489451 0.2933148734177216 0.8134889240506329 0.27749208860759494 0.8148074894514767 0.26430643459915615 0.8115110759493671 0.25573575949367094 0.7989847046413502 0.25178006329113933 0.7864583333333334 0.24914293248945155 0.7745912447257383 0.24980221518987347 0.7633834388185653
1 0.3572652953586498 0.7818433544303798 0.36979166666666674 0.7653612869198312 0.37968090717299585 0.7600870253164557 0.3974815400843882 0.7567906118143459 0.40341508438818574 0.7574498945147679 0.4060522151898735 0.766679852320675 0.41198575949367094 0.7805247890295359 0.4139636075949368 0.7937104430379747 0.4139636075949368 0.8049182489451476 0.40868934599156126 0.8181039029535865 0.3974815400843882 0.8319488396624471 0.3842958860759494 0.8352452531645569 0.36649525316455706 0.8332674050632911 0.35396888185654013 0.8246967299578059 0.3519910337552743 0.8161260548523206 0.35133175105485237 0.8029404008438819 0.35133175105485237 0.7943697257383966
1 0.47725474683544306 0.6018591772151898 0.4871439873417722 0.5952663502109704 0.49703322784810133 0.5939477848101266 0.5095595991561181 0.5939477848101266 0.5154931434599156 0.5972441983122362 0.5247231012658228 0.6058148734177214 0.5352716244725738 0.6209783755274262 0.5412051687763714 0.6354825949367089 0.5412051687763714 0.6519646624472574 0.5346123417721519 0.6691060126582278 0.5260416666666666 0.678335970464135 0.5062631856540085 0.677676687763713 0.4937368143459916 0.6677874472573839 0.4858254219409283 0.6572389240506329 0.477914029535865 0.6433939873417721 0.4732990506329114 0.6308676160337553 0.4732990506329114 0.6170226793248944
1 0.17859968354430386 0.8141482067510548 0.18453322784810133 0.8022811181434599 0.1950817510548524 0.7970068565400844 0.20497099156118148 0.7970068565400844 0.22079377637130806 0.800962552742616 0.2293644514767933 0.8095332278481012 0.23661656118143468 0.8187631856540084 0.2418908227848102 0.8286524261603375 0.24518723628691988 0.8431566455696202 0.24518723628691988 0.8543644514767933 0.24255010548523212 0.8695279535864979 0.23068301687763718 0.880076476793249 0.21420094936708864 0.8833728902953586 0.19771888185654016 0.8827136075949367 0.18848892405063297 0.8741429324894515 0.17662183544303806 0.8609572784810127 0.17398470464135027 0.8477716244725737 0.17398470464135027 0.834585970464135 0.17398470464135027 0.823378164556962
1 0.2016745780590718 0.9961102320675105 0.20760812236286924 0.9842431434599156 0.21486023206751062 0.9756724683544303 0.22870516877637134 0.9664425105485231 0.24518723628691988 0.9611682489451476 0.25639504219409287 0.9611682489451476 0.26430643459915615 0.9657832278481012 0.2708992616033756 0.9769910337552742 0.2715585443037975 0.9875395569620252 0.2715585443037975 0.9987473628691982
1 0.34935390295358654 0.9954509493670886 0.3473760548523207 0.990176687763713 0.3473760548523207 0.979628164556962 0.34935390295358654 0.968420358649789 0.35594672995780596 0.9585311181434599 0.3625395569620254 0.9512790084388185 0.3711102320675106 0.9413897679324894 0.3862737341772152 0.93479694092827 0.400777953586498 0.9341376582278481 0.41264504219409287 0.93479694092827 0.42055643459915615 0.9413897679324894 0.4238528481012659 0.9525975738396625 0.42121571729957813 0.9671017932489451 0.4146228902953587 0.9822652953586497 0.400777953586498 0.9928138185654007 0.3908887130801688 0.9987473628691982
1 0.5036260548523207 0.946004746835443 0.5056039029535866 0.935456223628692 0.5161524261603375 0.9268855485232067 0.521426687763713 0.9222705696202531 0.5319752109704641 0.9163370253164557 0.5438422995780592 0.9110627637130801 0.5537315400843883 0.9084256329113923 0.5629614978902954 0.9090849156118143 0.5708728902953587 0.9150184599156117 0.5754878691983123 0.923589135021097 0.5761471518987342 0.9301819620253163 0.5754878691983123 0.9413897679324894 0.5715321729957806 0.9532568565400844 0.5623022151898734 0.9651239451476793 0.5491165611814347 0.9710574894514767 0.5352716244725738 0.9736946202531646 0.521426687763713 0.9743539029535865 0.512196729957806 0.9703982067510548 0.5069224683544304 0.9638053797468354 0.5049446202531647 0.9585311181434599
1 0.6967958860759494 0.9407304852320675 0.7047072784810128 0.9255669831223627 0.7139372362869199 0.9163370253164557 0.7205300632911393 0.9117220464135021 0.7330564345991561 0.9057885021097046 0.7396492616033755 0.9031513713080168 0.7528349156118144 0.9038106540084387 0.7633834388185654 0.9071070675105485 0.7719541139240506 0.9110627637130801 0.7778876582278482 0.9202927215189872 0.7818433544303798 0.9288633966244725 0.7831619198312237 0.9400712025316456 0.779865506329114 0.9512790084388185 0.7732726793248946 0.9605089662447257 0.7581091772151899 0.9671017932489451 0.7508570675105485 0.9717167721518987 0.7310785864978904 0.9730353375527425 0.7205300632911393 0.9736946202531646 0.7033887130801688 0.9697389240506329 0.6974551687763714 0.9618275316455696 0.6928401898734177 0.9525975738396625
1 0.8108517932489452 0.9954509493670886 0.8108517932489452 0.9881988396624471 0.8115110759493671 0.9809467299578059 0.8181039029535865 0.9763317510548523 0.8227188818565401 0.9736946202531646 0.8299709915611815 0.9723760548523206 0.8385416666666666 0.9723760548523206 0.845793776371308 0.9750131856540084 0.8530458860759494 0.9816060126582278 0.8596387130801688 0.9868802742616033 0.8675501054852321 0.9954509493670886 0.8695279535864979 0.9980880801687763
1 0.5741693037974684 0.6269119198312236 0.5807621308016878 0.6163633966244725 0.5853771097046414 0.6091112869198312 0.5959256329113924 0.6058148734177214 0.6084520042194093 0.6031777426160337 0.6203190928270043 0.6005406118143459 0.6315268987341773 0.6011998945147679 0.6400975738396625 0.6038370253164557 0.6460311181434599 0.610429852320675 0.6480089662447258 0.6183412447257383 0.6466904008438819 0.6275712025316456 0.6420754219409284 0.6374604430379747 0.6374604430379748 0.6493275316455696 0.6262526371308018 0.6605353375527426 0.6190005274261604 0.6664688818565401 0.6084520042194093 0.6691060126582278 0.5926292194092827 0.6677874472573839 0.5833992616033755 0.6625131856540084 0.5761471518987342 0.6519646624472574 0.5721914556962026 0.644053270042194 0.5721914556962026 0.6381197257383966
0 0.21249236874236876 0.42235195360195366 0.224702380952381 0.39602411477411475 0.22508394383394387 0.3910637973137973 0.22355769230769235 0.38801129426129427 0.22088675213675216 0.38801129426129427 0.2163079975579976 0.39526098901098905 0.211729242979243 0.4059447496947497 0.20638736263736265 0.42082570207570213 0.20600579975579977 0.4250228937728938 0.20867673992673996 0.4257860195360196
0 0.23347832722832726 0.31551434676434675 0.25675366300366304 0.2975808913308914 0.2556089743589744 0.29490995115995117 0.2521749084249085 0.29452838827838834 0.24759615384615385 0.29719932844932845 0.2266101953601954 0.3086462148962149 0.22317612942612944 0.31208028083028083 0.2243208180708181 0.31627747252747257 0.2262286324786325 0.3174221611721612
0 0.7672847985347987 0.40403693528693535 0.7527854090354091 0.38991910866910867 0.7520222832722834 0.38686660561660563 0.7520222832722834 0.385721916971917 0.7577457264957267 0.3887744200244201 0.7680479242979243 0.39945818070818073 0.7745344932844934 0.405181623931624 0.7737713675213677 0.4063263125763126
0 0.7192078754578756 0.27850274725274726 0.6940247252747253 0.2735424297924298 0.692116910866911 0.2704899267399268 0.6947878510378511 0.2678189865689866 0.7005112942612944 0.26629273504273504 0.7073794261294263 0.26629273504273504 0.7165369352869354 0.2685821123321123 0.724168192918193 0.27163461538461536 0.7314178876678877 0.2758318070818071 0.7321810134310135 0.27773962148962156 0.7283653846153847 0.27850274725274726
0 0.6646443833943835 0.7443910256410257 0.6409874847374848 0.737141330891331 0.6360271672771673 0.734088827838828 0.6322115384615385 0.7314178876678877 0.6310668498168499 0.7283653846153847 0.6325931013431014 0.7264575702075703 0.6364087301587303 0.7264575702075703 0.6528159340659342 0.7333257020757021 0.6722756410256411 0.7401938339438341 0.6738018925518927 0.7424832112332113 0.6699862637362639 0.7440094627594629
0 0.37389346764346765 0.9832493894993896 0.40327380952380953 0.9565399877899878 0.40556318681318687 0.9538690476190477 0.405181623931624 0.9511981074481075 0.4025106837606838 0.9500534188034189 0.39678724053724057 0.9527243589743591 0.36969627594627597 0.9752365689865691 0.3647359584859585 0.9801968864468865 0.3628281440781441 0.985157203907204 0.3635912698412699 0.9878281440781441 0.36817002442002444 0.9870650183150184
0 0.2365308302808303 0.9939331501831502 0.24797771672771676 0.981723137973138 0.24988553113553116 0.9824862637362639 0.24988553113553116 0.98859126984127 0.24606990231990233 0.9924068986568988 0.2430173992673993 0.9962225274725276 0.23996489621489622 0.9985119047619049 0.23385989010989014 0.9973672161172161
0 0.3464209401709402 0.036591880341880385 0.3288690476190476 0.007211538461538496 0.3300137362637363 0.003014346764346799 0.33344780219780223 0.0033959096459096807 0.3357371794871795 0.009119352869352905 0.3414606227106228 0.018276862026862063 0.35138125763125766 0.03430250305250309 0.3521443833943834 0.04078907203907208 0.34985500610500614 0.04078907203907208
0 0.1964613970588235 0.5595128676470588 0.19378063725490194 0.5570235906862745 0.1935891544117647 0.5493642769607843 0.19741881127450978 0.5390242034313725 0.20469515931372548 0.5237055759803921 0.21063112745098037 0.512408088235294 0.21407781862745096 0.5141314338235293 0.2121629901960784 0.5233226102941176 0.20565257352941174 0.5313648897058824 0.19933363970588233 0.5503216911764706
0 0.36980889378904813 0.6794377067254687 0.36923465637633224 0.6749586549062844 0.3703831312017641 0.6607175670709299 0.3702682837192209 0.6498070562293274 0.37359886071297316 0.6467061742006615 0.37509187798603455 0.6515297684674751 0.37428794560823225 0.667149026093348 0.3737137081955163 0.6742695700110254 0.37164645350973907 0.6798970966556414
0 0.3780208333333333 0.8098958333333334 0.3797916666666667 0.8020833333333334 0.38354166666666667 0.7910416666666666 0.3876041666666667 0.7820833333333332 0.3907291666666667 0.7811458333333333 0.3882291666666667 0.7882291666666668 0.3829166666666667 0.7994791666666666 0.380625 0.8069791666666667
0 0.7170484727755645 0.9465471447543161 0.7203685258964144 0.9390770252324038 0.729913678618858 0.9370019920318725 0.74734395750332 0.9311918990703851 0.7602091633466136 0.929116865869854 0.7610391766268261 0.9328519256308102 0.7465139442231076 0.9403220451527224 0.7303286852589642 0.9473771580345286 0.7224435590969456 0.949867197875166
0 0.9866590794132524 0.6080867475973697 0.983181588265048 0.6063480020232676 0.9857106727364695 0.6022382397572079 0.9910849772382397 0.5993930197268589 0.9964592817400102 0.5960735963581184 0.9989583333333333 0.5960735963581184 0.9989583333333333 0.6028705108750632 0.9940882650480526 0.6036608497723823
0 0.9827073849266567 0.6834850784016187 0.9828654527061204 0.6796914516944866 0.9874494183105716 0.6758978249873545 0.9945624683864441 0.672578401618614 0.9988302984319676 0.6714719271623673 0.9989583333333333 0.6772334977238229 0.9920333839150228 0.6809559939301973 0.9855526049570056 0.6841173495194739
0 0.7241100323624595 0.16914441747572814 0.7316949838187702 0.17040857605177992 0.7390271035598706 0.17192556634304207 0.7483818770226537 0.1721783980582524 0.754955501618123 0.17293689320388347 0.7615291262135921 0.1734425566343042 0.7683555825242718 0.17243122977346279 0.7711367313915858 0.1706614077669903 0.7721480582524272 0.16788025889967637 0.7711367313915858 0.16459344660194172 0.7701254045307444 0.16257079288025889 0.7648159385113268 0.159789644012945 0.7620347896440128 0.1590311488673139 0.7557139967637541 0.15726132686084143 0.7488875404530744 0.15650283171521034 0.7440837378640777 0.15650283171521034 0.7397855987055016 0.15650283171521034 0.7352346278317152 0.15599716828478966 0.7311893203883495 0.15549150485436894 0.7266383495145631 0.15549150485436894 0.7193062297734627 0.16054813915857605 0.7185477346278317 0.16257079288025889 0.7195590614886732 0.16459344660194172
0 0.8550884955752213 0.17920353982300882 0.8600663716814159 0.17717551622418878 0.8644911504424778 0.17404129793510323 0.8672566371681415 0.17035398230088494 0.8714970501474926 0.16703539823008848 0.8761061946902654 0.16316371681415928 0.8805309734513274 0.16021386430678464 0.8836651917404129 0.15763274336283184 0.8860619469026548 0.15523598820058995 0.8880899705014749 0.15173303834808258 0.8893805309734513 0.14878318584070796 0.889933628318584 0.14583333333333334 0.8867994100294985 0.14417404129793507 0.8829277286135693 0.14325221238938055 0.8783185840707964 0.14620206489675516 0.8716814159292035 0.15173303834808258 0.8676253687315634 0.15523598820058995 0.8620943952802359 0.1607669616519174 0.855272861356932 0.16537610619469026 0.8482669616519174 0.1685103244837758 0.8469764011799409 0.17385693215339232 0.8478982300884955 0.17588495575221239 0.8506637168141592 0.1775442477876106
0 0.8994565217391305 0.5282608695652173 0.9043478260869565 0.5278985507246376 0.9135869565217392 0.5273550724637681 0.9199275362318841 0.5266304347826087 0.9240942028985508 0.5260869565217391 0.9297101449275362 0.5244565217391304 0.932608695652174 0.5211956521739131 0.9355072463768116 0.5168478260869566 0.9356884057971014 0.5155797101449275 0.9356884057971014 0.5143115942028985 0.9342391304347826 0.5125 0.9322463768115942 0.511231884057971 0.9300724637681159 0.5106884057971014 0.9277173913043478 0.5106884057971014 0.9246376811594204 0.5103260869565217 0.9215579710144927 0.5103260869565217 0.9161231884057971 0.5103260869565217 0.9135869565217392 0.5103260869565217 0.9088768115942029 0.5110507246376812 0.9052536231884059 0.5119565217391304 0.9005434782608696 0.5134057971014493 0.8971014492753624 0.5144927536231884 0.8927536231884059 0.5161231884057971 0.8914855072463769 0.5184782608695653 0.8911231884057972 0.5222826086956521 0.8932971014492754 0.5253623188405797 0.8954710144927537 0.5271739130434783
0 0.809382603406326 0.7447536496350364 0.8150851581508516 0.7447536496350364 0.822118309002433 0.7434230535279804 0.824779501216545 0.7411420316301702 0.8280109489051095 0.7381006690997566 0.8335234184914841 0.7325881995133819 0.8363746958637469 0.7303071776155717 0.8405565693430657 0.7249847931873479 0.8435979318734792 0.7213731751824817 0.8454987834549877 0.7173813868613138 0.8460690389294404 0.7112986618004865 0.8462591240875912 0.709587895377129 0.8434078467153284 0.7086374695863746 0.8407466545012166 0.7090176399026763 0.835044099756691 0.7118689172749392 0.8274406934306568 0.717191301703163 0.8240191605839416 0.7211830900243309 0.8186967761557178 0.7263153892944039 0.8139446472019464 0.7304972627737226 0.8109032846715327 0.7341088807785887 0.8080520072992701 0.7390510948905109 0.8076718369829684 0.7424726277372262
0 0.19826680672268907 0.85718662464986 0.2026435574229692 0.8628764005602242 0.20811449579831934 0.8692226890756304 0.2105217086834734 0.8692226890756304 0.21227240896358543 0.8679096638655462 0.21643032212885155 0.858937324929972 0.21686799719887956 0.8567489495798319 0.21686799719887956 0.8525910364145659 0.21599264705882354 0.8453693977591037 0.2144607843137255 0.8385854341736695 0.21336659663865548 0.8311449579831933 0.21227240896358543 0.8261116946778713 0.2105217086834734 0.821078431372549 0.20811449579831934 0.818014705882353 0.20417542016806722 0.816920518207283 0.20067401960784315 0.816920518207283 0.1991421568627451 0.817577030812325 0.19717261904761907 0.8217349439775911 0.195421918767507 0.8278623949579832 0.195421918767507 0.8339898459383754 0.19717261904761907 0.8401172969187676 0.19804796918767506 0.8479954481792717 0.19804796918767506 0.8525910364145659
0 0.27245273109243695 0.777748599439776 0.275297619047619 0.782125350140056 0.2787990196078432 0.7873774509803921 0.28295693277310924 0.7921918767507002 0.2866771708683473 0.7950367647058824 0.29039740896358546 0.7978816526610645 0.2921481092436975 0.7981004901960785 0.29389880952380953 0.7967874649859944 0.29433648459383754 0.7950367647058824 0.29433648459383754 0.7908788515406163 0.2934611344537815 0.7860644257703081 0.29083508403361347 0.7788427871148459 0.2888655462184874 0.7742471988795518 0.28580182072829136 0.7698704481792717 0.28295693277310924 0.7661502100840336 0.2801120448179272 0.7633053221288516 0.27814250700280113 0.7606792717086835 0.27420343137254904 0.7584908963585434 0.26873249299719887 0.7571778711484594 0.2674194677871149 0.7591474089635855 0.2674194677871149 0.7626488095238096 0.2676383053221289 0.7674632352941176 0.26829481792717086 0.7729341736694678 0.2698266806722689 0.7764355742296919
