1 0.14194139194139194 0.21119505494505492 0.14709249084249085 0.1991758241758242 0.15682234432234432 0.19001831501831504 0.17113095238095238 0.18315018315018314 0.18429487179487178 0.1820054945054945 0.19402472527472528 0.18429487179487178 0.19860347985347984 0.18887362637362637 0.20203754578754576 0.1951694139194139 0.2026098901098901 0.20146520146520147 0.19402472527472528 0.21520146520146521 0.1865842490842491 0.2249313186813187 0.17628205128205127 0.23179945054945056 0.1671245421245421 0.23637820512820512 0.15224358974358976 0.23695054945054944 0.14594780219780218 0.2358058608058608 0.1407967032967033 0.23179945054945056 0.14022435897435898 0.2249313186813187
1 0.001717032967032967 0.16998626373626372 0.009157509157509156 0.1745650183150183 0.015453296703296702 0.18028846153846154 0.020604395604395604 0.1865842490842491 0.02232142857142857 0.19345238095238093 0.021749084249084248 0.20203754578754576 0.018315018315018312 0.21119505494505492 0.004006410256410256 0.2157738095238095 0.0005723443223443223 0.21691849816849818
1 0.0005723443223443223 0.24725274725274723 0.011446886446886446 0.24553571428571427 0.020604395604395604 0.24439102564102563 0.033195970695970696 0.24725274725274723 0.04178113553113553 0.2518315018315018 0.05036630036630037 0.25755494505494503 0.053800366300366304 0.2667124542124542 0.054372710622710624 0.2758699633699634 0.05093864468864469 0.28273809523809523 0.04063644688644688 0.29132326007326004 0.03205128205128205 0.29475732600732596 0.01717032967032967 0.29475732600732596 0.005723443223443223 0.2941849816849817 0.0005723443223443223 0.29246794871794873
1 0.19688644688644688 0.2999084249084249 0.19116300366300365 0.2941849816849817 0.1877289377289377 0.2861721611721612 0.18543956043956042 0.28102106227106227 0.18601190476190474 0.27300824175824173 0.1894459706959707 0.2661401098901099 0.19345238095238093 0.260989010989011 0.20089285714285715 0.2564102564102564 0.20890567765567764 0.2546932234432234 0.21691849816849818 0.2541208791208791 0.22664835164835165 0.2586996336996337 0.23237179487179485 0.2644230769230769 0.23695054945054944 0.27071886446886445 0.23923992673992672 0.275297619047619 0.23981227106227104 0.28331043956043955 0.23923992673992672 0.2907509157509158 0.23466117216117213 0.29590201465201466 0.22893772893772893 0.29876373626373626 0.2232142857142857 0.30105311355311354 0.21062271062271062 0.3021978021978022
1 0.08928571428571427 0.33253205128205127 0.09787087912087912 0.34054487179487175 0.11275183150183149 0.346268315018315 0.13392857142857142 0.34397893772893773 0.14251373626373626 0.33940018315018317 0.14766483516483517 0.32967032967032966 0.14995421245421245 0.3187957875457875 0.14938186813186813 0.3084935897435897 0.14480311355311354 0.2993360805860806 0.1379349816849817 0.2907509157509158 0.1230540293040293 0.2850274725274725 0.10645604395604395 0.28445512820512825 0.08699633699633699 0.29189560439560436 0.07898351648351648 0.3021978021978022 0.07669413919413919 0.3096382783882784 0.07841117216117216 0.3193681318681319 0.08012820512820512 0.3245192307692308
1 0.02403846153846154 0.40235805860805857 0.02403846153846154 0.4132326007326007 0.026327838827838828 0.42239010989010983 0.033195970695970696 0.431547619047619 0.046932234432234425 0.4372710622710622 0.0641025641025641 0.43383699633699635 0.0715430402930403 0.42696886446886445 0.07497710622710622 0.41781135531135527 0.07383241758241758 0.4057921245421245 0.07039835164835165 0.397779304029304 0.0641025641025641 0.39091117216117216 0.05608974358974359 0.3857600732600732 0.04407051282051282 0.38518772893772896 0.028044871794871796 0.3891941391941392 0.025183150183150184 0.39606227106227104
1 0.13278388278388278 0.40865384615384615 0.1390796703296703 0.40350274725274726 0.14938186813186813 0.4017857142857143 0.15853937728937728 0.4017857142857143 0.17399267399267399 0.40636446886446886 0.18086080586080583 0.4109432234432234 0.19001831501831504 0.41838369963369965 0.1945970695970696 0.42925824175824173 0.1945970695970696 0.4401327838827839 0.1928800366300366 0.44814560439560436 0.1820054945054945 0.45787545787545786 0.17113095238095238 0.4607371794871795 0.14423076923076922 0.4561584249084249 0.13450091575091574 0.44757326007326004 0.12934981684981686 0.43383699633699635 0.12934981684981686 0.42124542124542125
1 0.005723443223443223 0.5036630036630036 0.01488095238095238 0.49450549450549447 0.032623626373626376 0.4893543956043956 0.054372710622710624 0.48878205128205127 0.06353021978021978 0.48820970695970695 0.07726648351648352 0.4893543956043956 0.08699633699633699 0.49450549450549447 0.09100274725274725 0.500801282051282 0.09271978021978021 0.5082417582417582 0.09271978021978021 0.5162545787545787 0.08871336996336997 0.5277014652014652 0.0744047619047619 0.5385760073260073 0.06295787545787546 0.5471611721611721 0.046932234432234425 0.5488782051282051 0.02403846153846154 0.5448717948717949 0.014308608058608058 0.5385760073260073 0.005151098901098901 0.5282738095238095 0.001717032967032967 0.516826923076923 0.0028617216117216115 0.5088141025641025
1 0.20203754578754576 0.4950778388278388 0.20833333333333334 0.5070970695970696 0.21520146520146521 0.5133928571428571 0.2277930402930403 0.521978021978022 0.24267399267399267 0.5271291208791209 0.2564102564102564 0.5277014652014652 0.2644230769230769 0.521978021978022 0.26728479853479853 0.5156822344322344 0.27071886446886445 0.5070970695970696 0.2718635531135531 0.4990842490842491 0.27014652014652013 0.49164377289377287 0.26499542124542125 0.4819139194139194 0.24954212454212454 0.47275641025641024 0.2358058608058608 0.46989468864468864 0.2186355311355311 0.47046703296703296 0.20890567765567764 0.4739010989010989 0.20203754578754576 0.48019688644688646 0.19860347985347984 0.48878205128205127
1 0.22607600732600733 0.5837912087912087 0.23179945054945056 0.5769230769230769 0.2409569597069597 0.5729166666666666 0.2518315018315018 0.5729166666666666 0.260989010989011 0.5752060439560439 0.26842948717948717 0.5803571428571428 0.27243589743589747 0.587797619047619 0.27358058608058605 0.5958104395604396 0.2718635531135531 0.6049679487179487 0.2644230769230769 0.610691391941392 0.2506868131868132 0.6095467032967032 0.24210164835164835 0.6072573260073261 0.2358058608058608 0.6026785714285714 0.22951007326007328 0.5958104395604396
1 0.23637820512820512 0.6559065934065934 0.24381868131868129 0.6473214285714286 0.2586996336996337 0.6444597069597069 0.26785714285714285 0.6444597069597069 0.2793040293040293 0.6484661172161171 0.2838827838827839 0.6530448717948718 0.28559981684981683 0.6581959706959707 0.2861721611721612 0.6644917582417583 0.28445512820512825 0.6707875457875457 0.2781593406593406 0.6765109890109889 0.2638507326007326 0.6788003663003663 0.24553571428571427 0.6782280219780219 0.23695054945054944 0.6719322344322344 0.23237179487179485 0.6627747252747253
1 0.09558150183150182 0.6444597069597069 0.10702838827838827 0.639308608058608 0.11733058608058607 0.6335851648351648 0.12706043956043955 0.6312957875457875 0.14251373626373626 0.6312957875457875 0.1573946886446886 0.6341575091575091 0.1642628205128205 0.6381639194139194 0.16998626373626372 0.6450320512820512 0.17170329670329668 0.6513278388278388 0.1688415750915751 0.6599130036630036 0.16025641025641024 0.6667811355311355 0.15052655677655677 0.6713598901098902 0.13621794871794873 0.6725045787545787 0.11961996336996336 0.6725045787545787 0.10302197802197802 0.6679258241758242 0.09615384615384616 0.6610576923076923 0.09500915750915752 0.6541895604395604
1 0.15796703296703296 0.7142857142857142 0.1614010989010989 0.7062728937728938 0.16769688644688643 0.6982600732600732 0.1768543956043956 0.6919642857142857 0.18601190476190474 0.6902472527472526 0.19631410256410256 0.6908195970695971 0.207760989010989 0.6948260073260073 0.2157738095238095 0.7016941391941391 0.2180631868131868 0.7102793040293041 0.2157738095238095 0.7234432234432233 0.21062271062271062 0.7326007326007326 0.19860347985347984 0.7388965201465201 0.18028846153846154 0.7411858974358975 0.16769688644688643 0.7394688644688645 0.16082875457875456 0.7343177655677656 0.15796703296703296 0.7257326007326007
1 0.012591575091575092 0.6559065934065934 0.010874542124542124 0.6633470695970696 0.011446886446886446 0.6725045787545787 0.01717032967032967 0.6845238095238095 0.025183150183150184 0.6913919413919414 0.03434065934065934 0.694253663003663 0.04464285714285714 0.6953983516483516 0.053228021978021976 0.6919642857142857 0.05780677655677655 0.6833791208791208 0.05780677655677655 0.6713598901098902 0.054945054945054944 0.6610576923076923 0.053228021978021976 0.6547619047619048 0.04407051282051282 0.6484661172161171 0.033195970695970696 0.6473214285714286 0.023466117216117213 0.6484661172161171 0.01717032967032967 0.6501831501831501
1 0.22149725274725274 0.4321199633699634 0.22092490842490842 0.42181776556776557 0.22435897435897437 0.4126602564102564 0.23294413919413917 0.4057921245421245 0.24839743589743588 0.4057921245421245 0.2546932234432234 0.40636446886446886 0.2604166666666667 0.41037087912087916 0.2632783882783883 0.4149496336996337 0.26499542124542125 0.42467948717948717 0.26270604395604397 0.43326465201465203 0.2569826007326007 0.4384157509157509 0.243246336996337 0.44070512820512814 0.23237179487179485 0.4378434065934066
1 0.24668040293040291 0.32909798534798534 0.24381868131868129 0.3376831501831502 0.24439102564102563 0.34684065934065933 0.24954212454212454 0.3582875457875458 0.2569826007326007 0.3663003663003663 0.26842948717948717 0.37087912087912084 0.27701465201465203 0.37087912087912084 0.2850274725274725 0.3680173992673993 0.2890338827838828 0.3634386446886447 0.293040293040293 0.35428113553113555 0.293040293040293 0.34798534798534797 0.29189560439560436 0.3416895604395604 0.2878891941391941 0.3348214285714286 0.2838827838827839 0.32909798534798534 0.27300824175824173 0.32509157509157505 0.2586996336996337 0.32509157509157505 0.25297619047619047 0.32623626373626374
1 0.3096382783882784 0.4756181318681319 0.3147893772893772 0.4641712454212454 0.32108516483516486 0.45787545787545786 0.32909798534798534 0.4538690476190476 0.33825549450549447 0.45215201465201466 0.3451236263736263 0.45215201465201466 0.35542582417582413 0.4584478021978022 0.3588598901098901 0.4618818681318681 0.35943223443223443 0.46932234432234426 0.3588598901098901 0.4767628205128205 0.3559981684981685 0.4870650183150183 0.34684065934065933 0.49851190476190477 0.33940018315018317 0.5076694139194139 0.3256639194139194 0.5093864468864469 0.31707875457875456 0.5070970695970696 0.3090659340659341 0.5019459706959707 0.3056318681318681 0.4939331501831502 0.30677655677655674 0.48134157509157505
1 0.31707875457875456 0.6204212454212453 0.31021062271062266 0.6307234432234432 0.31078296703296704 0.6381639194139194 0.31421703296703296 0.6484661172161171 0.3176510989010989 0.6576236263736264 0.3245192307692308 0.6650641025641025 0.33711080586080583 0.6667811355311355 0.3491300366300366 0.6633470695970696 0.35428113553113555 0.657051282051282 0.35657051282051283 0.6501831501831501 0.3559981684981685 0.6421703296703297 0.35256410256410253 0.6341575091575091 0.34741300366300365 0.626717032967033 0.33997252747252743 0.6198489010989011 0.33253205128205127 0.6175595238095238 0.32222985347985345 0.6169871794871794
1 0.054372710622710624 0.8911401098901098 0.06009615384615385 0.8831272893772893 0.06810897435897437 0.8814102564102563 0.08070054945054946 0.8848443223443223 0.08756868131868131 0.8899954212454212 0.09329212454212454 0.8957188644688645 0.09615384615384616 0.9060210622710623 0.0972985347985348 0.9157509157509157 0.0972985347985348 0.9254807692307693 0.09329212454212454 0.9380723443223443 0.08527930402930403 0.9415064102564102 0.0744047619047619 0.9409340659340659 0.06181318681318681 0.9380723443223443 0.053800366300366304 0.9323489010989011 0.0486492673992674 0.9134615384615384 0.0486492673992674 0.9025869963369964
1 0.6043956043956044 0.7509157509157508 0.5940934065934066 0.7457646520146519 0.5918040293040293 0.7343177655677656 0.5918040293040293 0.7240155677655677 0.5952380952380952 0.7125686813186812 0.5998168498168498 0.7034111721611721 0.610691391941392 0.6982600732600732 0.6192765567765568 0.6965430402930403 0.6295787545787545 0.6948260073260073 0.6364468864468864 0.6948260073260073 0.6438873626373627 0.6988324175824175 0.6490384615384616 0.7016941391941391 0.6524725274725275 0.7102793040293041 0.653617216117216 0.7200091575091575 0.6496108058608059 0.7308836996336996 0.6450320512820512 0.740613553113553 0.6312957875457875 0.7514880952380952 0.6181318681318682 0.7537774725274725 0.6112637362637362 0.7537774725274725
1 0.5351419413919414 0.7051282051282051 0.5385760073260073 0.6862408424908425 0.5483058608058609 0.6742216117216117 0.5563186813186812 0.6684981684981685 0.5643315018315018 0.6667811355311355 0.5706272893772895 0.6673534798534798 0.5757783882783882 0.6713598901098902 0.5786401098901098 0.6759386446886446 0.5797847985347986 0.6833791208791208 0.5763507326007326 0.6919642857142857 0.570054945054945 0.7011217948717949 0.55746336996337 0.711996336996337 0.5500228937728938 0.7154304029304029 0.5414377289377289 0.7160027472527472 0.5374313186813187 0.711996336996337
1 0.3972069597069597 0.625 0.3983516483516484 0.610691391941392 0.40293040293040294 0.6003891941391941 0.40865384615384615 0.5940934065934066 0.4195283882783883 0.5912316849816849 0.42925824175824173 0.5912316849816849 0.43956043956043955 0.5969551282051282 0.4452838827838828 0.6038232600732601 0.45100732600732596 0.6135531135531135 0.4532967032967033 0.625 0.4527243589743589 0.6347298534798534 0.44757326007326004 0.6444597069597069 0.42925824175824173 0.6467490842490842 0.41380494505494503 0.6433150183150182 0.4052197802197802 0.6364468864468864 0.4017857142857143 0.6318681318681318
1 0.4281135531135531 0.23523351648351648 0.43669871794871795 0.2277930402930403 0.44814560439560436 0.22435897435897437 0.4618818681318681 0.2232142857142857 0.4744734432234432 0.22722069597069597 0.483058608058608 0.23294413919413917 0.48820970695970695 0.23866758241758243 0.4893543956043956 0.24725274725274723 0.486492673992674 0.2541208791208791 0.4796245421245421 0.2604166666666667 0.45157967032967034 0.260989010989011 0.4441391941391941 0.25755494505494503 0.43669871794871795 0.25240384615384615 0.4321199633699634 0.24668040293040291
1 0.5282738095238095 0.28044871794871795 0.5277014652014652 0.28846153846153844 0.5277014652014652 0.2970467032967033 0.5328525641025641 0.3044871794871795 0.5368589743589743 0.3096382783882784 0.5437271062271062 0.3159340659340659 0.5563186813186812 0.3182234432234432 0.5660485347985348 0.31994047619047616 0.5746336996336996 0.31707875457875456 0.5809294871794871 0.3090659340659341 0.5803571428571428 0.29590201465201466 0.5746336996336996 0.2867445054945055 0.5677655677655677 0.2815934065934066 0.5586080586080586 0.27701465201465203 0.5465888278388279 0.27644230769230765 0.5402930402930403 0.27701465201465203 0.5339972527472526 0.278731684981685
1 0.4635989010989011 0.023466117216117213 0.46989468864468864 0.01488095238095238 0.48248626373626374 0.008585164835164834 0.504235347985348 0.011446886446886446 0.5133928571428571 0.016025641025641024 0.523695054945055 0.02232142857142857 0.5288461538461539 0.027472527472527472 0.5305631868131868 0.036057692307692304 0.5294184981684982 0.046359890109890105 0.5259844322344323 0.05608974358974359 0.5208333333333334 0.06581959706959707 0.5036630036630036 0.0715430402930403 0.483058608058608 0.06696428571428571 0.47332875457875456 0.06066849816849817 0.4624542124542124 0.053228021978021976 0.4584478021978022 0.04063644688644688 0.45902014652014655 0.028617216117216116
1 0.3582875457875458 0.11332417582417582 0.3714514652014652 0.10760073260073261 0.38518772893772896 0.10473901098901098 0.39892399267399264 0.10931776556776555 0.41437728937728935 0.1201923076923077 0.4229624542124542 0.12763278388278387 0.42639652014652013 0.13564560439560439 0.4258241758241758 0.14194139194139194 0.41838369963369965 0.1465201465201465 0.39949633699633696 0.14995421245421245 0.3788919413919414 0.14423076923076922 0.3605769230769231 0.13221153846153846 0.3559981684981685 0.1259157509157509 0.35542582417582413 0.120764652014652
1 0.3159340659340659 0.2048992673992674 0.3216575091575091 0.2180631868131868 0.330242673992674 0.22722069597069597 0.33997252747252743 0.23237179487179485 0.35428113553113555 0.23523351648351648 0.3674450549450549 0.23752289377289376 0.3794642857142857 0.23408882783882784 0.3874771062271062 0.2283653846153846 0.39205586080586075 0.22206959706959706 0.39320054945054944 0.21348443223443223 0.3891941391941392 0.20203754578754576 0.38404304029304026 0.1945970695970696 0.3645833333333333 0.18601190476190474 0.346268315018315 0.18372252747252746 0.3308150183150183 0.18486721611721613 0.3193681318681319 0.19402472527472528
1 0.33253205128205127 0.2970467032967033 0.33711080586080583 0.2890338827838828 0.3456959706959707 0.2867445054945055 0.36000457875457875 0.2878891941391941 0.3691620879120879 0.2896062271062271 0.37774725274725274 0.29532967032967034 0.383470695970696 0.30105311355311354 0.38804945054945056 0.30792124542124544 0.38804945054945056 0.31650641025641024 0.3863324175824176 0.32509157509157505 0.3788919413919414 0.33253205128205127 0.3645833333333333 0.3359661172161172 0.3531364468864469 0.3359661172161172 0.3359661172161172 0.3308150183150183 0.3273809523809524 0.32108516483516486 0.32623626373626374 0.3056318681318681
1 0.6353021978021978 0.1156135531135531 0.6461767399267399 0.0995879120879121 0.6581959706959707 0.08871336996336997 0.6679258241758242 0.08413461538461538 0.6770833333333334 0.08298992673992674 0.6856684981684982 0.08527930402930403 0.6908195970695971 0.08814102564102563 0.6936813186813187 0.09271978021978021 0.6959706959706959 0.09901556776556776 0.6971153846153846 0.10645604395604395 0.6971153846153846 0.11446886446886446 0.6953983516483516 0.12190934065934064 0.6919642857142857 0.1304945054945055 0.6850961538461537 0.1379349816849817 0.6736492673992674 0.14251373626373626 0.6616300366300366 0.1436584249084249 0.6490384615384616 0.1407967032967033 0.6415979853479853 0.13621794871794873 0.6370192307692307 0.12763278388278387
1 0.6438873626373627 0.3050595238095238 0.655334249084249 0.3096382783882784 0.6770833333333334 0.3090659340659341 0.6868131868131867 0.3050595238095238 0.6936813186813187 0.29876373626373626 0.6965430402930403 0.2907509157509158 0.6976877289377289 0.28102106227106227 0.6953983516483516 0.27300824175824173 0.6919642857142857 0.2667124542124542 0.6845238095238095 0.25812728937728935 0.6782280219780219 0.2541208791208791 0.653617216117216 0.2518315018315018 0.6415979853479853 0.25240384615384615 0.6324404761904762 0.2564102564102564 0.625 0.2661401098901099 0.623282967032967 0.275297619047619 0.6244276556776556 0.28445512820512825 0.6290064102564102 0.293040293040293 0.6347298534798534 0.2993360805860806
1 0.6753663003663004 0.5597527472527472 0.6656364468864469 0.5654761904761905 0.6599130036630036 0.5706272893772895 0.6547619047619048 0.5757783882783882 0.6507554945054945 0.5883699633699634 0.6501831501831501 0.5992445054945055 0.6507554945054945 0.6118360805860805 0.6501831501831501 0.6261446886446885 0.6513278388278388 0.6341575091575091 0.653617216117216 0.6415979853479853 0.658768315018315 0.6461767399267399 0.6673534798534798 0.6507554945054945 0.6816620879120878 0.6524725274725275 0.6931089743589743 0.6524725274725275 0.7016941391941391 0.6467490842490842 0.7074175824175823 0.6341575091575091 0.7108516483516483 0.6227106227106227 0.71371336996337 0.6118360805860805 0.7142857142857142 0.5975274725274725 0.7131410256410257 0.5849358974358975 0.7114239926739927 0.5763507326007326 0.7062728937728938 0.5660485347985348 0.7016941391941391 0.5580357142857142 0.6936813186813187 0.5563186813186812 0.6862408424908425 0.5563186813186812
1 0.5626144688644689 0.8447802197802197 0.5706272893772895 0.8316163003663004 0.5837912087912087 0.8247481684981685 0.5992445054945055 0.8224587912087912 0.6181318681318682 0.8258928571428571 0.6347298534798534 0.8344780219780219 0.639308608058608 0.8436355311355311 0.641025641025641 0.8562271062271062 0.641025641025641 0.8648122710622711 0.6364468864468864 0.8733974358974359 0.6169871794871794 0.8808379120879121 0.5975274725274725 0.8819826007326007 0.5803571428571428 0.8745421245421244 0.5689102564102565 0.8671016483516483 0.5620421245421245 0.8573717948717949
1 0.7726648351648352 0.9975961538461537 0.7709478021978022 0.987293956043956 0.7720924908424909 0.972985347985348 0.7738095238095237 0.9621108058608059 0.7772435897435896 0.951808608058608 0.782967032967033 0.9426510989010989 0.7926968864468864 0.9397893772893773 0.8007097069597069 0.9415064102564102 0.8070054945054945 0.9489468864468864 0.8104395604395604 0.9581043956043956 0.811584249084249 0.9684065934065934 0.811584249084249 0.9821428571428571 0.8104395604395604 0.9901556776556776 0.8075778388278388 0.9964514652014652 0.8064331501831501 0.9987408424908425
1 0.7560668498168498 0.8711080586080586 0.7583562271062271 0.882554945054945 0.7629349816849816 0.8917124542124542 0.7726648351648352 0.8980082417582417 0.7864010989010989 0.8991529304029304 0.8012820512820512 0.8991529304029304 0.808150183150183 0.8940018315018315 0.8104395604395604 0.885989010989011 0.8075778388278388 0.8762591575091574 0.7989926739926739 0.8642399267399268 0.7892628205128205 0.8562271062271062 0.7766712454212453 0.8527930402930403 0.766941391941392 0.8533653846153846 0.7589285714285714 0.8585164835164835 0.7572115384615384 0.8636675824175823
1 0.8524659863945577 0.860969387755102 0.8499149659863945 0.8622448979591836 0.8493589743589743 0.8877060439560439 0.8539377289377289 0.8951465201465201 0.8671016483516483 0.900297619047619 0.8888507326007326 0.9048763736263736 0.898580586080586 0.9043040293040293 0.9094551282051282 0.9014423076923077 0.9163232600732601 0.8997252747252747 0.9323489010989011 0.898580586080586 0.9363553113553114 0.8911401098901098 0.9383503401360543 0.8775510204081631 0.9345238095238095 0.8639455782312925 0.9251700680272108 0.8545918367346937 0.9085884353741496 0.8503401360544217 0.8937074829931971 0.8443877551020408 0.8792517006802721 0.8452380952380951 0.8660714285714285 0.8524659863945577 0.8562925170068028 0.855017006802721 0.84878663003663 0.8705357142857142
1 0.9271978021978022 0.9975961538461537 0.9226190476190476 0.9907280219780219 0.9203296703296703 0.9809981684981685 0.9237637362637362 0.967834249084249 0.9277701465201464 0.9575320512820512 0.9329212454212453 0.9489468864468864 0.9415064102564102 0.9437957875457875 0.9495192307692307 0.9455128205128205 0.9575320512820512 0.9495192307692307 0.966117216117216 0.9552426739926739 0.9689789377289377 0.9649725274725275 0.9701236263736264 0.9752747252747251 0.967834249084249 0.987293956043956 0.9649725274725275 0.9953067765567766 0.9604166666666667 0.9989583333333333
1 0.921474358974359 0.6908195970695971 0.9140338827838828 0.6948260073260073 0.9083104395604396 0.7034111721611721 0.9043040293040293 0.7160027472527472 0.9043040293040293 0.7303113553113553 0.9077380952380952 0.7383241758241758 0.9117445054945055 0.7451923076923077 0.9249084249084248 0.7520604395604396 0.9363553113553114 0.7560668498168498 0.9466575091575091 0.7549221611721612 0.9563873626373627 0.7491987179487178 0.9615384615384616 0.7446199633699634 0.9655448717948718 0.7354624542124542 0.9672619047619048 0.7245879120879121 0.9655448717948718 0.7125686813186812 0.9621108058608059 0.7022664835164835 0.9546703296703297 0.6919642857142857 0.9426510989010989 0.6879578754578755
1 0.8070054945054945 0.6559065934065934 0.8138736263736264 0.6467490842490842 0.831043956043956 0.6415979853479853 0.8442078754578755 0.6398809523809523 0.8625228937728938 0.6398809523809523 0.8722527472527472 0.6427426739926739 0.8791208791208791 0.6484661172161171 0.885989010989011 0.6576236263736264 0.8871336996336996 0.6667811355311355 0.8848443223443223 0.6759386446886446 0.8745421245421244 0.6850961538461537 0.8527930402930403 0.6913919413919414 0.8327609890109889 0.6868131868131867 0.8207417582417583 0.6828067765567766 0.8121565934065934 0.6782280219780219 0.8064331501831501 0.6713598901098902 0.8052884615384616 0.6639194139194139
1 0.7463369963369964 0.6971153846153846 0.742330586080586 0.706845238095238 0.7388965201465201 0.7222985347985348 0.7377518315018315 0.7326007326007326 0.7394688644688645 0.744047619047619 0.7429029304029304 0.7514880952380952 0.7497710622710623 0.7589285714285714 0.7612179487179487 0.7612179487179487 0.7715201465201464 0.7635073260073261 0.7823946886446885 0.7595009157509157 0.7921245421245421 0.7474816849816849 0.795558608058608 0.7320283882783882 0.795558608058608 0.7188644688644689 0.7909798534798534 0.7091346153846153 0.7835393772893773 0.6988324175824175 0.7755265567765567 0.6919642857142857 0.7640796703296703 0.6885302197802197 0.7583562271062271 0.6885302197802197 0.7491987179487178 0.6902472527472526
1 0.9048763736263736 0.5614697802197802 0.9025869963369964 0.5729166666666666 0.9060210622710623 0.5837912087912087 0.9163232600732601 0.5923763736263736 0.9260531135531135 0.5980998168498168 0.9352106227106226 0.6003891941391941 0.9472298534798534 0.5975274725274725 0.9546703296703297 0.5895146520146519 0.9552426739926739 0.584363553113553 0.9609661172161171 0.5780677655677656 0.9575320512820512 0.5637591575091575 0.9489468864468864 0.55746336996337 0.9380723443223443 0.5517399267399268 0.9266254578754578 0.5500228937728938 0.9157509157509157 0.5500228937728938 0.9083104395604396 0.5523122710622711
1 0.8877060439560439 0.49965659340659335 0.8831272893772893 0.48878205128205127 0.882554945054945 0.4716117216117216 0.8865613553113553 0.4584478021978022 0.8917124542124542 0.4504349816849817 0.8980082417582417 0.4441391941391941 0.9094551282051282 0.4401327838827839 0.9209020146520146 0.44070512820512814 0.935782967032967 0.4458562271062271 0.9420787545787545 0.45444139194139194 0.9455128205128205 0.4641712454212454 0.9455128205128205 0.4756181318681319 0.9420787545787545 0.4870650183150183 0.9363553113553114 0.49450549450549447 0.9271978021978022 0.500801282051282 0.9186126373626373 0.5070970695970696 0.9094551282051282 0.5088141025641025 0.9008699633699634 0.5076694139194139 0.8951465201465201 0.5053800366300366
1 0.7606456043956044 0.47046703296703296 0.7560668498168498 0.4613095238095238 0.7543498168498168 0.4470009157509158 0.7572115384615384 0.4355540293040293 0.7657967032967032 0.4258241758241758 0.779532967032967 0.4189560439560439 0.7898351648351648 0.41723901098901095 0.7995650183150182 0.41838369963369965 0.808150183150183 0.42067307692307687 0.815018315018315 0.4281135531135531 0.8184523809523809 0.4355540293040293 0.8190247252747253 0.4470009157509158 0.8144459706959707 0.4595924908424908 0.8070054945054945 0.46932234432234426 0.793841575091575 0.4756181318681319 0.7818223443223443 0.47847985347985345 0.7680860805860805 0.47847985347985345
1 0.9975961538461537 0.5277014652014652 0.9907280219780219 0.5225503663003663 0.9844322344322344 0.5173992673992674 0.9764194139194139 0.5088141025641025 0.972985347985348 0.49336080586080583 0.9741300366300366 0.48248626373626374 0.9809981684981685 0.4739010989010989 0.9878663003663004 0.46875 0.9958791208791208 0.4681776556776557 0.9981684981684982 0.46989468864468864
1 0.8716804029304029 0.23809523809523808 0.8671016483516483 0.2512591575091575 0.8659569597069597 0.2632783882783883 0.8676739926739927 0.27758699633699635 0.8728250915750915 0.2907509157509158 0.8831272893772893 0.30391483516483514 0.8997252747252747 0.31421703296703296 0.9186126373626373 0.3193681318681319 0.9306318681318682 0.31650641025641024 0.9375 0.31021062271062266 0.9403617216117215 0.2993360805860806 0.9375 0.2821657509157509 0.9266254578754578 0.2604166666666667 0.9180402930402931 0.24839743589743588 0.9031593406593407 0.23866758241758243 0.8945741758241758 0.23408882783882784 0.8836996336996337 0.23237179487179485 0.8791208791208791 0.23351648351648352
1 0.7331730769230769 0.14594780219780218 0.7371794871794871 0.15682234432234432 0.7429029304029304 0.16540750915750915 0.7560668498168498 0.16998626373626372 0.7749542124542124 0.17113095238095238 0.7835393772893773 0.1671245421245421 0.7869734432234432 0.16025641025641024 0.7875457875457875 0.15052655677655677 0.779532967032967 0.1379349816849817 0.7692307692307693 0.12877747252747251 0.7532051282051282 0.1230540293040293 0.7400412087912087 0.120764652014652 0.7343177655677656 0.12362637362637362 0.7303113553113553 0.13163919413919414 0.7303113553113553 0.13850732600732601
1 0.7738095238095237 0.06066849816849817 0.7743818681318682 0.07097069597069597 0.7778159340659341 0.08070054945054946 0.7869734432234432 0.09214743589743589 0.7961309523809523 0.0972985347985348 0.8064331501831501 0.09901556776556776 0.8121565934065934 0.09500915750915752 0.8144459706959707 0.08928571428571427 0.8138736263736264 0.08012820512820512 0.8087225274725275 0.06696428571428571 0.8012820512820512 0.05837912087912088 0.7892628205128205 0.055517399267399264 0.7823946886446885 0.055517399267399264 0.7789606227106226 0.05666208791208791
0 0.674537037037037 0.6208333333333333 0.674537037037037 0.5847222222222223 0.674537037037037 0.5805555555555556 0.675 0.576851851851852 0.6777777777777777 0.575925925925926 0.6796296296296297 0.5782407407407407 0.6810185185185186 0.6231481481481481 0.6796296296296297 0.6361111111111111 0.6777777777777777 0.637962962962963 0.6759259259259259 0.6337962962962963
0 0.06481481481481481 0.9277777777777777 0.059722222222222225 0.9212962962962963 0.057407407407407414 0.9111111111111111 0.05787037037037037 0.9069444444444444 0.059722222222222225 0.9046296296296297 0.062037037037037036 0.9032407407407407 0.06712962962962962 0.9041666666666667 0.06944444444444445 0.9064814814814814 0.07083333333333333 0.9101851851851852 0.07222222222222222 0.9152777777777777 0.07268518518518517 0.9199074074074074 0.07268518518518517 0.925 0.07222222222222222 0.9287037037037037 0.07129629629629629 0.9310185185185186
0 0.662962962962963 0.125 0.6759259259259259 0.10972222222222222 0.6777777777777777 0.10509259259259258 0.6782407407407407 0.10185185185185185 0.6759259259259259 0.10046296296296296 0.673148148148148 0.10046296296296296 0.6689814814814814 0.10092592592592592 0.6652777777777777 0.1037037037037037 0.6615740740740741 0.10648148148148148 0.6578703703703703 0.11018518518518518 0.6555555555555556 0.11481481481481483 0.6546296296296297 0.11851851851851851 0.6532407407407407 0.12175925925925926 0.6523148148148148 0.125 0.6532407407407407 0.12731481481481483 0.6560185185185186 0.12824074074074074 0.6583333333333333 0.12824074074074074
0 0.35694444444444445 0.31666666666666665 0.3435185185185185 0.30833333333333335 0.34074074074074073 0.3060185185185185 0.33842592592592596 0.30462962962962964 0.33564814814814814 0.30185185185185187 0.337037037037037 0.29907407407407405 0.34305555555555556 0.29768518518518516 0.34907407407407404 0.2972222222222222 0.35462962962962963 0.2986111111111111 0.36018518518518516 0.3 0.3652777777777778 0.30185185185185187 0.36759259259259264 0.30416666666666664 0.3699074074074074 0.30787037037037035 0.3712962962962963 0.3106481481481482 0.37083333333333335 0.3148148148148148 0.3685185185185185 0.3175925925925926 0.3648148148148148 0.31805555555555554
0 0.9268170926517573 0.5803714057507988 0.9238218849840256 0.5787074014909479 0.9218250798722045 0.5763777955271565 0.9198282747603834 0.5737153887113952 0.9184970713525027 0.5707201810436634 0.9178314696485622 0.568057774227902 0.9198282747603834 0.5677249733759318 0.9271498935037275 0.5687233759318424 0.9321419062832802 0.5717185835995741 0.9348043130990416 0.5737153887113952 0.9361355165069223 0.5777089989350372 0.9364683173588925 0.5807042066027689 0.9364683173588925 0.5823682108626198 0.9344715122470714 0.5820354100106496
0 0.5435416666666666 0.2911458333333333 0.5530208333333333 0.29322916666666665 0.5615625000000001 0.29875 0.5675 0.30239583333333336 0.5664583333333333 0.30531250000000004 0.5592708333333333 0.30364583333333334 0.55125 0.2990625 0.5452083333333333 0.29489583333333336
0 0.6503095716198125 0.2779869477911647 0.6553296519410977 0.27882362784471215 0.6595130522088353 0.27986947791164657 0.6620230923694778 0.28049698795180716 0.6664156626506023 0.2815428380187416 0.6714357429718875 0.2821703480589023 0.6764558232931727 0.28279785809906294 0.6800117135207496 0.2836345381526104 0.6854501338688085 0.2838437081659973 0.6881693440428379 0.28321619812583665 0.6883785140562249 0.2794511378848728 0.6869143239625167 0.2771502677376171 0.6848226238286479 0.2750585676037483 0.681057563587684 0.27338520749665324 0.6760374832663989 0.272130187416332 0.6712265729585006 0.2715026773761713 0.668716532797858 0.270456827309237 0.6655789825970548 0.27003848728246316 0.660140562248996 0.2696201472556894 0.654911311914324 0.2698293172690763 0.65114625167336 0.2708751673360107 0.6488453815261044 0.27192101740294505 0.6484270414993306 0.27443105756358765
