1 0.65625 0.49683415032679734 0.648080065359477 0.4922385620915033 0.6455269607843136 0.4907066993464052 0.6419526143790849 0.48764297385620914 0.6378676470588236 0.48355800653594766 0.6358251633986928 0.4799836601307189 0.6296977124183006 0.47436683006535946 0.6291870915032679 0.47181372549019607 0.6281658496732025 0.4692606209150327 0.6261233660130718 0.4646650326797385 0.6251021241830066 0.45904820261437906 0.6245915032679739 0.45241013071895425 0.6251021241830066 0.4473039215686274 0.6286764705882353 0.4411764705882353 0.632250816993464 0.4350490196078431 0.6378676470588236 0.43147467320261434 0.6429738562091504 0.43045343137254904 0.6511437908496732 0.42994281045751637 0.6582924836601306 0.43249591503267976 0.6659517973856208 0.4360702614379085 0.6725898692810457 0.43964460784313725 0.6782066993464052 0.4457720588235294 0.6828022875816994 0.4513888888888889 0.6858660130718953 0.455984477124183 0.6879084967320261 0.46415441176470584 0.6884191176470588 0.47181372549019607 0.6889297385620915 0.4779411764705882 0.6884191176470588 0.4856004901960784 0.6853553921568627 0.4927491830065359 0.6822916666666666 0.49683415032679734 0.6782066993464052 0.49989787581699346 0.6741217320261438 0.5009191176470588 0.6664624183006536 0.5019403594771242 0.6613562091503268 0.5014297385620915
1 0.7711397058823529 0.45241013071895425 0.7787990196078431 0.44424019607843135 0.7818627450980391 0.44168709150326796 0.786968954248366 0.4386233660130719 0.7920751633986928 0.4376021241830065 0.7987132352941176 0.4376021241830065 0.8058619281045751 0.4376021241830065 0.8099468954248366 0.43913398692810457 0.8155637254901961 0.44168709150326796 0.8211805555555555 0.4467933006535948 0.8262867647058824 0.4518995098039216 0.8293504901960784 0.4595588235294118 0.829861111111111 0.46977124183006536 0.8267973856209151 0.47845179738562094 0.8237336601307189 0.4861111111111111 0.8211805555555555 0.49019607843137253 0.8176062091503268 0.4927491830065359 0.8130106209150327 0.49428104575163395 0.8058619281045751 0.49530228758169936 0.8007557189542484 0.49530228758169936 0.7946282679738561 0.4932598039215686 0.7874795751633987 0.4907066993464052 0.7823733660130718 0.4881535947712418 0.7782883986928104 0.4856004901960784 0.774203431372549 0.4804942810457516 0.7711397058823529 0.47487745098039214 0.7690972222222221 0.4672181372549019
1 0.560336976320583 0.4797928051001822 0.5626138433515483 0.4726775956284153 0.5640368852459017 0.46954690346083794 0.5663137522768671 0.4678392531876139 0.5691598360655737 0.46670081967213123 0.5720059198542806 0.46584699453551914 0.5762750455373407 0.4647085610200365 0.5813979963570127 0.4647085610200365 0.5850979052823316 0.4647085610200365 0.5885132058287798 0.4655623861566485 0.5913592896174864 0.4675546448087432 0.5939207650273225 0.4698315118397086 0.5964822404371585 0.47182377049180335 0.5990437158469946 0.4743852459016394 0.6018897996357013 0.47751593806921677 0.6041666666666666 0.4803620218579236 0.6061589253187614 0.4829234972677596 0.6087204007285975 0.4863387978142077 0.6101434426229508 0.4891848816029144 0.6121357012750456 0.4931693989071039 0.6138433515482696 0.4985769581056467 0.6149817850637523 0.5048383424408015 0.6158356102003644 0.5110997267759563 0.616120218579235 0.5179303278688525 0.616120218579235 0.5239071038251367 0.6138433515482696 0.5307377049180328 0.611851092896175 0.5355760473588342 0.6095742258652095 0.5395605646630237 0.6067281420765027 0.5432604735883425 0.6033128415300547 0.5458219489981785 0.5996129326047359 0.5478142076502732 0.5964822404371585 0.5483834244080146 0.592497723132969 0.5469603825136613 0.5887978142076503 0.5441142987249545 0.5850979052823316 0.5401297814207651 0.5825364298724955 0.536714480874317 0.5808287795992714 0.5335837887067396 0.5774134790528234 0.5284608378870674 0.5742827868852459 0.5239071038251367 0.5714367030965393 0.5190687613843352 0.5691598360655737 0.5156534608378871 0.5677367941712205 0.5119535519125684 0.5660291438979964 0.5076844262295083 0.564606102003643 0.5039845173041895 0.5631830601092898 0.4994307832422587 0.5620446265938069 0.49459244080145726 0.561190801457195 0.4914617486338798 0.5606215846994537 0.4877618397085611 0.560336976320583 0.48434653916211295
1 0.4883310564663024 0.4655623861566485 0.49686930783242267 0.4612932604735884 0.5022768670309655 0.45958561020036437 0.5065459927140256 0.45901639344262296 0.5110997267759563 0.45873178506375234 0.5145150273224044 0.45873178506375234 0.5173611111111112 0.45987021857923505 0.5204918032786886 0.4615778688524591 0.5227686703096539 0.4638547358834245 0.5239071038251367 0.4669854280510019 0.52533014571949 0.47040072859744997 0.526183970856102 0.4743852459016394 0.5258993624772315 0.4780851548269582 0.52533014571949 0.48064663023679427 0.5250455373406193 0.4832081056466303 0.5247609289617486 0.48690801457194904 0.524476320582878 0.49117714025500914 0.5230532786885246 0.4954462659380693 0.5202071948998179 0.5005692167577415 0.5179303278688525 0.5031306921675774 0.5139458105646632 0.5073998178506376 0.5091074681238617 0.5108151183970857 0.5054075591985429 0.513091985428051 0.5014230418943534 0.5145150273224044 0.496584699453552 0.5159380692167578 0.49174635701275055 0.5162226775956285 0.4877618397085611 0.5162226775956285 0.48463114754098363 0.5153688524590164 0.48064663023679427 0.5139458105646632 0.4766621129326048 0.5122381602914391 0.4741006375227687 0.5059767759562842 0.4741006375227687 0.5022768670309655 0.4738160291438981 0.497438524590164 0.4741006375227687 0.4920309653916212 0.47466985428051006 0.48690801457194904 0.47609289617486344 0.48150045537340624 0.4778005464480875 0.47751593806921677 0.4803620218579236 0.47324681238615673 0.48263888888888895 0.4701161202185793
1 0.6869877049180328 0.3978255919854281 0.6852800546448088 0.395264116575592 0.6844262295081969 0.392702641165756 0.6838570127504554 0.3881489071038252 0.6841416211293261 0.38416438979963574 0.6858492714025501 0.3801798724954463 0.6886953551912569 0.3767645719489982 0.6952413479052824 0.37278005464480884 0.7029257741347906 0.37135701275045546 0.7123178506375228 0.37050318761384343 0.720856102003643 0.37050318761384343 0.7288251366120219 0.37135701275045546 0.7365095628415301 0.3736338797814208 0.7410632969034608 0.37562613843351556 0.745332422586521 0.37875683060109294 0.7496015482695811 0.38188752276867033 0.7527322404371585 0.3850182149362478 0.7552937158469946 0.3881489071038252 0.7570013661202186 0.39184881602914395 0.7578551912568307 0.3964025500910748 0.7572859744990893 0.39981785063752284 0.755009107468124 0.40266393442622955 0.7515938069216759 0.406648451730419 0.7481785063752278 0.4089253187613844 0.7441939890710383 0.41063296903460844 0.7419171220400729 0.41205601092896177 0.7387864298724955 0.41376366120218583 0.7330942622950821 0.4163251366120219 0.7271174863387979 0.418032786885246 0.7217099271402551 0.41860200364298733 0.7160177595628416 0.41888661202185795 0.7126024590163935 0.418032786885246 0.7083333333333334 0.4166097449908926 0.7049180327868853 0.4149020947176686 0.7032103825136613 0.41290983606557385 0.7015027322404371 0.4109175774134791 0.6986566484517305 0.40920992714025506 0.695525956284153 0.40693306010928965 0.6932490892531876 0.4046561930783243 0.691256830601093 0.40266393442622955
1 0.2777208561020037 0.4271402550091075 0.2799977231329691 0.4234403460837888 0.2825591985428052 0.42116347905282336 0.2856898907103826 0.420594262295082 0.29052823315118403 0.4203096539162114 0.2965050091074682 0.42116347905282336 0.3002049180327869 0.4237249544626594 0.30362021857923505 0.4265710382513662 0.30675091074681243 0.43027094717668496 0.30959699453551914 0.4342554644808744 0.3115892531876139 0.43823998178506385 0.31301229508196726 0.4416552823315119 0.3147199453551913 0.44563979963570133 0.31557377049180335 0.4490551001821494 0.31585837887067403 0.45303961748633886 0.3161429872495447 0.45730874316939896 0.316712204007286 0.4618624772313298 0.316712204007286 0.46670081967213123 0.3161429872495447 0.4706853369763207 0.31557377049180335 0.47495446265938074 0.315004553734062 0.4780851548269582 0.3135815118397086 0.4820696721311476 0.31272768670309664 0.48434653916211295 0.3113046448087432 0.4871926229508198 0.3084585610200365 0.4891848816029144 0.3044740437158471 0.4914617486338798 0.3002049180327869 0.49174635701275055 0.29422814207650283 0.49117714025500914 0.289674408014572 0.4891848816029144 0.2862591074681239 0.486054189435337 0.2831284153005465 0.4829234972677596 0.2791438979963571 0.4795081967213115 0.276582422586521 0.47723132969034615 0.27316712204007293 0.4738160291438981 0.2708902550091076 0.4698315118397086 0.2697518214936248 0.4655623861566485 0.26889799635701284 0.460724043715847 0.2683287795992715 0.4553164845173043 0.2680441712204008 0.44962431693989074 0.26861338797814216 0.445924408014572 0.2697518214936248 0.44108606557377056 0.2708902550091076 0.43823998178506385 0.27259790528233163 0.43482468123861573 0.27459016393442626 0.43169398907103834
1 0.5170765027322405 0.6522654826958106 0.5199225865209472 0.6511270491803279 0.5227686703096539 0.6508424408014573 0.5256147540983608 0.6508424408014573 0.5307377049180328 0.6508424408014573 0.5387067395264117 0.6531193078324227 0.5406989981785064 0.6548269581056466 0.5429758652094718 0.65625 0.5458219489981785 0.6571038251366121 0.5486680327868854 0.6582422586520947 0.5515141165755921 0.6613729508196722 0.5535063752276869 0.6650728597449909 0.5543602003642988 0.6673497267759564 0.5557832422586522 0.6701958105646632 0.5572062841530055 0.6741803278688525 0.5577755009107469 0.6787340619307832 0.5577755009107469 0.6830031876138434 0.5577755009107469 0.6867030965391622 0.5566370673952642 0.6895491803278689 0.5543602003642988 0.692110655737705 0.5512295081967213 0.6935336976320584 0.5463911657559198 0.693818306010929 0.5418374316939892 0.6935336976320584 0.5369990892531876 0.6923952641165756 0.5327299635701276 0.6906876138433516 0.5295992714025501 0.6892645719489983 0.5258993624772315 0.6872723132969035 0.5216302367941713 0.6847108378870674 0.5179303278688525 0.6821493624772313 0.5153688524590164 0.6793032786885246 0.513091985428051 0.6764571948998179 0.5108151183970857 0.6733265027322405 0.5099612932604737 0.6701958105646632 0.509676684881603 0.6664959016393442 0.509676684881603 0.6627959927140256 0.510530510018215 0.6596653005464481 0.5128073770491803 0.6568192167577414
1 0.5868055555555556 0.6499886156648452 0.5825364298724955 0.6417349726775956 0.5811133879781422 0.638888888888889 0.5802595628415301 0.6357581967213116 0.5791211293260474 0.6323428961748635 0.5782673041894354 0.628358378870674 0.577698087431694 0.6249430783242259 0.5774134790528234 0.6209585610200364 0.5813979963570127 0.6149817850637523 0.5828210382513661 0.611851092896175 0.5856671220400729 0.6090050091074682 0.589082422586521 0.6075819672131147 0.5936361566484518 0.6072973588342442 0.5993283242258652 0.6078665755919855 0.6041666666666666 0.6092896174863388 0.6084357923497269 0.6115664845173042 0.6127049180327869 0.615266393442623 0.6158356102003644 0.6181124772313298 0.6192509107468124 0.6215277777777779 0.6226662112932605 0.6257969034608379 0.6263661202185793 0.6312044626593808 0.628358378870674 0.6368966302367942 0.6297814207650274 0.6445810564663024 0.6303506375227688 0.6511270491803279 0.6303506375227688 0.6556807832422588 0.6303506375227688 0.6599499089253188 0.6286429872495447 0.6642190346083789 0.6260815118397086 0.665926684881603 0.6223816029143898 0.666780510018215 0.6175432604735884 0.666780510018215 0.613558743169399 0.666780510018215 0.6078665755919855 0.6650728597449909 0.60132058287796 0.6619421675774135 0.5970514571948998 0.6599499089253188 0.5936361566484518 0.6573884335154827 0.5910746812386157 0.654542349726776
1 0.5478142076502732 0.5680214025500911 0.548098816029144 0.5754212204007287 0.548098816029144 0.5791211293260474 0.5463911657559198 0.5828210382513661 0.5438296903460837 0.586520947176685 0.5404143897996357 0.589082422586521 0.5355760473588342 0.590790072859745 0.5295992714025501 0.5919285063752278 0.5216302367941713 0.5922131147540984 0.5147996357012751 0.5922131147540984 0.5099612932604737 0.5910746812386157 0.5036999089253188 0.589082422586521 0.4985769581056467 0.5870901639344264 0.4951616575591986 0.5856671220400729 0.4931693989071039 0.5845286885245903 0.49089253187613846 0.5831056466302369 0.4883310564663024 0.5805441712204008 0.4863387978142077 0.5765596539162113 0.4857695810564664 0.5717213114754098 0.4857695810564664 0.5671675774134791 0.4874772313296904 0.5648907103825137 0.49117714025500914 0.562898451730419 0.4943078324225866 0.5609061930783242 0.497438524590164 0.5586293260473589 0.4997153916211294 0.5572062841530055 0.5022768670309655 0.5560678506375228 0.5059767759562842 0.5549294171220401 0.510530510018215 0.5546448087431695 0.5187841530054645 0.5543602003642988 0.5241917122040074 0.5543602003642988 0.5313069216757742 0.5549294171220401 0.5355760473588342 0.5563524590163935 0.5395605646630237 0.5583447176684883 0.5432604735883425 0.561190801457195 0.5452527322404372 0.564606102003643
1 0.7743624772313298 0.6593806921675774 0.7809084699453552 0.6579576502732241 0.7826161202185793 0.6576730418943535 0.784608378870674 0.6573884335154827 0.7880236794171221 0.6573884335154827 0.7908697632058288 0.6579576502732241 0.7922928051001822 0.6582422586520947 0.7954234972677596 0.6590960837887069 0.7988387978142076 0.6608037340619308 0.8016848816029145 0.6622267759562842 0.8042463570127505 0.6642190346083789 0.8062386156648452 0.6662112932604737 0.80823087431694 0.668488160291439 0.809938524590164 0.6716188524590164 0.8110769581056466 0.6756033697632059 0.8119307832422588 0.6801571038251366 0.8122153916211293 0.6847108378870674 0.811646174863388 0.6886953551912569 0.8093693078324227 0.6932490892531876 0.8053847905282332 0.6978028233151184 0.8002618397085611 0.7015027322404371 0.7954234972677596 0.704348816029144 0.7897313296903461 0.7066256830601093 0.784608378870674 0.7077641165755921 0.7786316029143898 0.7083333333333334 0.7720856102003643 0.7083333333333334 0.7646857923497269 0.7083333333333334 0.759278233151184 0.7071948998178507 0.7541552823315119 0.704348816029144 0.7501707650273224 0.7000796903460837 0.7478938979963571 0.6952413479052824 0.7467554644808744 0.6901183970856103 0.7464708561020037 0.6852800546448088 0.7467554644808744 0.6795878870673954 0.7493169398907104 0.6738957194899818 0.7530168488160293 0.6699112021857924 0.75757058287796 0.6664959016393442 0.7626935336976322 0.6636498178506376 0.7678164845173042 0.6613729508196722
1 0.6525500910746813 0.6983720400728598 0.6559653916211293 0.6963797814207651 0.6608037340619308 0.6941029143897998 0.6662112932604737 0.6923952641165756 0.6707650273224045 0.6915414389799637 0.6747495446265938 0.6915414389799637 0.6784494535519127 0.6935336976320584 0.6801571038251366 0.6969489981785064 0.6812955373406193 0.7017873406193079 0.6818647540983608 0.706056466302368 0.6818647540983608 0.7106102003642988 0.68158014571949 0.7151639344262295 0.680726320582878 0.720002276867031 0.679872495446266 0.7242714025500911 0.6781648451730419 0.7291097449908926 0.6770264116575593 0.7336634790528234 0.6750341530054645 0.7382172131147542 0.6738957194899818 0.7419171220400729 0.6721880692167578 0.746186247723133 0.6710496357012751 0.7496015482695811 0.6690573770491803 0.7530168488160293 0.668488160291439 0.7541552823315119 0.6656420765027323 0.7581397996357013 0.6625113843351549 0.7612704918032788 0.6556807832422588 0.7652550091074681 0.6468579234972679 0.7678164845173042 0.6394581056466303 0.7686703096539163 0.6366120218579235 0.7672472677595629 0.6326275045537341 0.7638319672131147 0.6297814207650274 0.7598474499089254 0.6292122040072861 0.7544398907103826 0.6292122040072861 0.7507399817850637 0.630066029143898 0.7459016393442623 0.6303506375227688 0.7416325136612022 0.6306352459016394 0.7362249544626595 0.6314890710382514 0.7308173952641166 0.6326275045537341 0.7254098360655737 0.6346197632058288 0.720002276867031 0.6374658469945356 0.7148793260473589 0.6420195810564664 0.7089025500910747 0.6465733151183971 0.7046334244080146
1 0.7282559198542806 0.7541552823315119 0.7293943533697632 0.7535860655737705 0.7311020036429874 0.7530168488160293 0.7325250455373407 0.7521630236794171 0.7353711293260474 0.7521630236794171 0.7399248633879782 0.7527322404371585 0.742770947176685 0.7541552823315119 0.745332422586521 0.7570013661202186 0.747040072859745 0.7607012750455374 0.748747723132969 0.7646857923497269 0.7501707650273224 0.7712317850637523 0.7504553734061932 0.7766393442622951 0.7510245901639345 0.7809084699453552 0.7510245901639345 0.7857468123861566 0.7504553734061932 0.7888775045537341 0.7478938979963571 0.7928620218579235 0.7459016393442623 0.7957081056466303 0.7433401639344264 0.7982695810564664 0.7376479963570127 0.8022540983606558 0.7319558287795993 0.8059540072859745 0.7271174863387979 0.8079462659380693 0.720002276867031 0.8090846994535519 0.7134562841530055 0.8090846994535519 0.7097563752276869 0.8085154826958106 0.70691029143898 0.8053847905282332 0.7057718579234974 0.8002618397085611 0.7057718579234974 0.7934312386156649 0.7074795081967213 0.7857468123861566 0.7094717668488161 0.7797700364298726 0.7123178506375228 0.7737932604735884 0.7148793260473589 0.7689549180327869 0.7182946265938069 0.7638319672131147 0.7219945355191257 0.759278233151184 0.7256944444444445 0.7561475409836066
1 0.327242714025501 0.8329918032786885 0.3326502732240438 0.8455145719489983 0.33407331511839716 0.8494990892531876 0.3352117486338798 0.8551912568306012 0.3357809653916212 0.860598816029144 0.3363501821493626 0.8665755919854281 0.3357809653916212 0.8722677595628416 0.33293488160291446 0.877106102003643 0.32895036429872504 0.8799521857923498 0.3204121129326048 0.8816598360655737 0.3115892531876139 0.8808060109289618 0.30248178506375234 0.8759676684881603 0.29565118397085616 0.8691370673952642 0.29052823315118403 0.86316029143898 0.28597449908925326 0.8560450819672132 0.28198998178506385 0.8489298724954464 0.2788592896174864 0.8406762295081969 0.27686703096539167 0.8301457194899818 0.2762978142076503 0.8193306010928961 0.27971311475409844 0.8096539162112932 0.28398224043715853 0.8042463570127505 0.28796675774134795 0.8031079234972679 0.29451275045537345 0.8033925318761385 0.30219717668488166 0.8051001821493625 0.3076047358834245 0.8090846994535519 0.31272768670309664 0.8125 0.3172814207650274 0.8164845173041895 0.3212659380692168 0.822176684881603
1 0.848360655737705 0.940858378870674 0.8549066484517305 0.9400045537340619 0.8594603825136613 0.9411429872495447 0.8637295081967213 0.942566029143898 0.8682832422586522 0.9445582877959927 0.8722677595628416 0.9465505464480874 0.875398451730419 0.9493966302367942 0.8776753187613843 0.9525273224043717 0.8799521857923498 0.9562272313296903 0.8813752276867032 0.9593579234972679 0.8827982695810566 0.9633424408014571 0.8842213114754098 0.9673269581056466 0.8856443533697632 0.9713114754098361 0.8862135701275046 0.9758652094717669 0.8856443533697632 0.9807035519125684 0.8845059198542805 0.9838342440801457 0.8825136612021859 0.9866803278688525 0.877106102003643 0.98981102003643 0.8682832422586522 0.9906648451730419 0.862306466302368 0.9892418032786885 0.8568989071038252 0.9858265027322405 0.8514913479052824 0.9812727686703098 0.8477914389799637 0.9758652094717669 0.8449453551912569 0.9710268670309655 0.8426684881602914 0.9664731329690347 0.8415300546448088 0.9624886156648452 0.8409608378870674 0.9570810564663024 0.8412454462659381 0.9525273224043717 0.8420992714025501 0.9485428051001822 0.8449453551912569 0.9451275045537341
1 0.9525273224043717 0.9784266848816029 0.9502504553734062 0.9752959927140256 0.9482581967213115 0.9715960837887069 0.9471197632058288 0.966188524590164 0.9465505464480874 0.9590733151183971 0.9465505464480874 0.9533811475409837 0.9471197632058288 0.9468351548269581 0.9488274134790529 0.940858378870674 0.9516734972677595 0.9351662112932605 0.9559426229508198 0.9289048269581056 0.9604963570127505 0.9232126593806922 0.966188524590164 0.9178051001821494 0.9710268670309655 0.91382058287796 0.9752959927140256 0.9118283242258652 0.9798497267759564 0.9115437158469946 0.9858265027322405 0.9118283242258652 0.9900956284153006 0.9141051912568307 0.9937955373406193 0.9169512750455374 0.9963570127504554 0.9200819672131147 0.9974954462659381 0.9229280510018216 0.9986338797814208 0.9271971766848817 0.9986338797814208 0.9308970856102003 0.9972108378870674 0.9351662112932605 0.9952185792349727 0.9402891621129327 0.99408014571949 0.9445582877959927 0.9920878870673953 0.9502504553734062 0.9883879781420766 0.9587887067395264 0.9841188524590164 0.9664731329690347 0.9798497267759564 0.9721653005464481 0.9750113843351548 0.9767190346083789 0.9696038251366121 0.9804189435336976 0.9641962659380693 0.9826958105646632 0.9607809653916212 0.9826958105646632 0.955658014571949 0.9815573770491803
1 0.822176684881603 0.8136384335154827 0.8278688524590164 0.8045309653916212 0.8366917122040074 0.7954234972677596 0.8435223132969035 0.7891621129326047 0.849214480874317 0.7848929872495447 0.8554758652094718 0.7809084699453552 0.8603142076502732 0.7789162112932605 0.8620218579234974 0.7783469945355193 0.8651525500910747 0.7774931693989071 0.8694216757741348 0.7774931693989071 0.8734061930783242 0.7783469945355193 0.876252276867031 0.7797700364298726 0.8790983606557378 0.7823315118397086 0.8822290528233151 0.7848929872495447 0.8850751366120219 0.7894467213114755 0.8879212204007286 0.7937158469945356 0.8899134790528234 0.7982695810564664 0.8910519125683061 0.8036771402550092 0.8919057377049181 0.8088000910746813 0.8919057377049181 0.8142076502732241 0.8916211293260474 0.8204690346083789 0.8910519125683061 0.8267304189435337 0.8896288706739527 0.8338456284153006 0.8870673952641166 0.8426684881602914 0.8825136612021859 0.8514913479052824 0.8765368852459017 0.8594603825136613 0.8679986338797814 0.8668602003642988 0.8603142076502732 0.8722677595628416 0.8523451730418945 0.8768214936247724 0.8438069216757742 0.8802367941712205 0.8358378870673953 0.8813752276867032 0.8295765027322405 0.8813752276867032 0.8235997267759564 0.8779599271402551 0.8187613843351549 0.8722677595628416 0.8153460837887069 0.8668602003642988 0.8142076502732241 0.861452641165756 0.8136384335154827 0.8563296903460837 0.8133538251366121 0.850922131147541 0.8130692167577414 0.8460837887067395 0.8127846083788708 0.8409608378870674 0.8127846083788708 0.8358378870673953 0.8136384335154827 0.8304303278688525 0.8150614754098361 0.8253073770491803 0.8176229508196722 0.8198998178506376
1 0.7928620218579235 0.6055897085610201 0.7891621129326047 0.5973360655737706 0.7880236794171221 0.592497723132969 0.7868852459016394 0.5876593806921676 0.7868852459016394 0.5825364298724955 0.7877390710382514 0.577698087431694 0.7888775045537341 0.5737135701275046 0.7908697632058288 0.5700136612021859 0.7934312386156649 0.5680214025500911 0.7979849726775956 0.5674521857923498 0.8025387067395264 0.5674521857923498 0.8048155737704918 0.5674521857923498 0.8090846994535519 0.5685906193078325 0.8127846083788708 0.5702982695810566 0.8173383424408015 0.5720059198542806 0.8241689435336976 0.5731443533697632 0.8275842440801457 0.5742827868852459 0.8295765027322405 0.5762750455373407 0.8327071948998179 0.5799749544626595 0.8344148451730419 0.5831056466302369 0.8364071038251366 0.5862363387978142 0.8381147540983608 0.5896516393442623 0.8398224043715847 0.5933515482695811 0.8412454462659381 0.5973360655737706 0.8423838797814208 0.603028233151184 0.8429530965391622 0.6078665755919855 0.8432377049180328 0.613558743169399 0.8423838797814208 0.6206739526411659 0.8392531876138434 0.6257969034608379 0.8364071038251366 0.6289275956284154 0.8321379781420766 0.6314890710382514 0.8284380692167578 0.6320582877959927 0.8227459016393442 0.6312044626593808 0.8167691256830601 0.630066029143898 0.8133538251366121 0.6289275956284154 0.8070924408014573 0.6277891621129327 0.8045309653916212 0.62665072859745 0.8016848816029145 0.6238046448087432 0.7996926229508198 0.6198201275045537 0.7982695810564664 0.6155510018214937 0.7965619307832423 0.6129895264116576
1 0.8523451730418945 0.548952641165756 0.8540528233151184 0.5452527322404372 0.8563296903460837 0.5424066484517305 0.8594603825136613 0.5401297814207651 0.8637295081967213 0.5398451730418945 0.8694216757741348 0.5398451730418945 0.875398451730419 0.5406989981785064 0.8805214025500911 0.5426912568306012 0.8830828779599271 0.5449681238615666 0.885928961748634 0.548098816029144 0.8890596539162113 0.5526525500910747 0.8916211293260474 0.5572062841530055 0.8941826047358835 0.5614754098360656 0.8964594717668489 0.5677367941712205 0.8978825136612022 0.5731443533697632 0.899020947176685 0.5794057377049181 0.8984517304189436 0.586520947176685 0.8961748633879781 0.592497723132969 0.8944672131147542 0.5976206739526412 0.8927595628415301 0.6024590163934427 0.8916211293260474 0.6084357923497269 0.890198087431694 0.613558743169399 0.887636612021858 0.6175432604735884 0.8830828779599271 0.6195355191256832 0.8782445355191257 0.6186816939890711 0.8734061930783242 0.6146971766848817 0.8685678506375228 0.6090050091074682 0.8645833333333334 0.6038820582877961 0.8620218579234974 0.600466757741348 0.8594603825136613 0.5964822404371585 0.8566142987249545 0.5916438979963571 0.854337431693989 0.5862363387978142 0.8529143897996357 0.5816826047358835 0.851775956284153 0.5765596539162113 0.8506375227686703 0.5720059198542806 0.850068306010929 0.5677367941712205 0.8497836976320584 0.5631830601092898 0.8497836976320584 0.5577755009107469 0.8512067395264117 0.5520833333333335
1 0.8731215846994537 0.43169398907103834 0.8756830601092898 0.42799408014571955 0.8793829690346084 0.4234403460837888 0.8830828779599271 0.4203096539162114 0.8879212204007286 0.41917122040072863 0.8958902550091075 0.41860200364298733 0.903290072859745 0.41860200364298733 0.9101206739526412 0.4208788706739527 0.9166666666666666 0.4245787795992715 0.9240664845173042 0.42941712204007293 0.9291894353369764 0.43482468123861573 0.9331739526411658 0.4405168488160292 0.9371584699453552 0.44677823315118403 0.9414275956284154 0.4541780510018215 0.9445582877959927 0.46271630236794176 0.9459813296903461 0.471254553734062 0.9465505464480874 0.47865437158469953 0.9462659380692169 0.4871926229508198 0.9448428961748634 0.4931693989071039 0.9419968123861566 0.498292349726776 0.9365892531876139 0.5019922586520947 0.9306124772313298 0.5028460837887068 0.9234972677595629 0.5017076502732241 0.917235883424408 0.5000000000000001 0.91382058287796 0.4985769581056467 0.9118283242258652 0.498292349726776 0.9067053734061932 0.496584699453552 0.8961748633879781 0.4923155737704919 0.8910519125683061 0.48690801457194904 0.8864981785063752 0.4797928051001822 0.8827982695810566 0.4738160291438981 0.8790983606557378 0.4669854280510019 0.8765368852459017 0.4601548269581057 0.8742600182149364 0.4547472677595629 0.8728369763205829 0.44962431693989074 0.8716985428051003 0.44364754098360665 0.8714139344262295 0.43767076502732244
1 0.8346994535519127 0.33492714025500914 0.8329918032786885 0.33065801457194904 0.8315687613843352 0.32610428051001833 0.8298611111111112 0.3215505464480875 0.8290072859744991 0.3152891621129327 0.8295765027322405 0.3081739526411658 0.8321379781420766 0.301912568306011 0.8349840619307832 0.29678961748633886 0.8432377049180328 0.2856898907103826 0.8469376138433516 0.2817053734061931 0.8520605646630237 0.2780054644808744 0.8591757741347906 0.27515938069216767 0.8660063752276866 0.27402094717668496 0.8711293260473589 0.27402094717668496 0.8768214936247724 0.274874772313297 0.8816598360655737 0.27686703096539167 0.8862135701275046 0.27971311475409844 0.8893442622950821 0.2822745901639345 0.8921903460837888 0.28597449908925326 0.8941826047358835 0.2919512750455374 0.8941826047358835 0.2984972677595629 0.8941826047358835 0.3047586520947177 0.8933287795992714 0.3113046448087432 0.8927595628415301 0.31415072859744997 0.8893442622950821 0.3292349726775957 0.8882058287795993 0.3352117486338798 0.8862135701275046 0.34090391621129335 0.8836520947176685 0.34517304189435344 0.8808060109289618 0.3488729508196722 0.8773907103825137 0.3522882513661203 0.8725523679417122 0.35570355191256836 0.8677140255009108 0.3576958105646631 0.861452641165756 0.3591188524590165 0.8546220400728598 0.35940346083788716 0.8477914389799637 0.3576958105646631 0.8443761384335156 0.3545651183970857 0.8418146630236795 0.34915755919854286 0.8398224043715847 0.34375000000000006 0.83783014571949 0.33976548269581064
1 0.9565118397085611 0.36623406193078334 0.9619193989071039 0.35854963570127507 0.9713114754098361 0.35058060109289624 0.9798497267759564 0.34602686703096547 0.9863957194899818 0.3454576502732241 0.991518670309654 0.3454576502732241 0.9949339708561021 0.3471653005464482 0.9972108378870674 0.3511498178506376 0.9989184881602914 0.3562727686703097 0.9983492714025501 0.39583333333333337 0.9974954462659381 0.39953324225865217 0.9955031876138434 0.4023793260473589 0.991518670309654 0.405794626593807 0.9863957194899818 0.4086407103825137 0.9778574681238617 0.41034836065573776 0.9713114754098361 0.41063296903460844 0.967896174863388 0.41006375227686714 0.9641962659380693 0.4083561020036431 0.9610655737704918 0.40607923497267767 0.9579348816029145 0.40294854280510023 0.9548041894353371 0.3981102003642988 0.953096539162113 0.3946948998178507 0.9519581056466303 0.3909949908925319 0.9519581056466303 0.38530282331511845 0.9528119307832423 0.37818761384335164 0.9536657559198543 0.3710724043715848
1 0.7456170309653917 0.26377504553734066 0.7459016393442623 0.25381375227686703 0.7459016393442623 0.2501138433515483 0.747040072859745 0.24556010928961752 0.748747723132969 0.24072176684881608 0.7513091985428051 0.23616803278688528 0.7544398907103826 0.2316142987249545 0.7587090163934427 0.2276297814207651 0.7626935336976322 0.22478369763205833 0.7672472677595629 0.22336065573770497 0.774077868852459 0.22250683060109294 0.7792008196721312 0.22250683060109294 0.7826161202185793 0.2239298724954463 0.7857468123861566 0.22563752276867036 0.7885928961748635 0.22819899817850642 0.7905851548269581 0.23132969034608383 0.7925774134790529 0.23645264116575596 0.7931466302367942 0.24214480874316943 0.7934312386156649 0.24641393442622955 0.7940004553734062 0.2501138433515483 0.7945696721311476 0.25438296903460844 0.7948542805100183 0.2592213114754099 0.795138888888889 0.26491347905282336 0.795138888888889 0.2703210382513662 0.7940004553734062 0.275728597449909 0.7928620218579235 0.2822745901639345 0.7903005464480874 0.2882513661202186 0.7868852459016394 0.2928051001821494 0.7826161202185793 0.29678961748633886 0.7772085610200364 0.29992030965391625 0.7720856102003643 0.30134335154826963 0.7675318761384335 0.301058743169399 0.7632627504553735 0.29992030965391625 0.759278233151184 0.2976434426229509 0.7555783242258652 0.2953665755919855 0.7541552823315119 0.29422814207650283 0.7524476320582879 0.2922358834244081 0.7504553734061932 0.28882058287796003 0.748747723132969 0.28426684881602926 0.7473246812386157 0.2788592896174864 0.7464708561020037 0.27459016393442626 0.746186247723133 0.2703210382513662 0.7459016393442623 0.2669057377049181
1 0.9493966302367942 0.25182149362477235 0.9553734061930784 0.23559881602914393 0.9587887067395264 0.22819899817850642 0.9624886156648452 0.22108378870673956 0.967042349726776 0.21339936247723137 0.9724499089253188 0.2051457194899818 0.9772882513661203 0.19973816029143904 0.9812727686703098 0.19689207650273227 0.9863957194899818 0.19603825136612024 0.991518670309654 0.1957536429872496 0.9943647540983608 0.19660746812386162 0.9989583333333333 0.19966985428051007 0.9989583333333333 0.2447062841530055 0.9943647540983608 0.2580828779599272 0.9903802367941713 0.26405965391621133 0.9869649362477232 0.26861338797814216 0.9835496357012751 0.2734517304189436 0.9795651183970856 0.2777208561020037 0.9733037340619308 0.2831284153005465 0.967896174863388 0.2862591074681239 0.9622040072859745 0.28739754098360665 0.9553734061930784 0.28711293260473597 0.9502504553734062 0.2831284153005465 0.9476889799635703 0.27829007285974505 0.9468351548269581 0.2723132969034609 0.9468351548269581 0.26662112932604737 0.9476889799635703 0.26092896174863395
1 0.48150045537340624 0.20372267759562845 0.48690801457194904 0.19063069216757747 0.49117714025500914 0.18607695810564667 0.49630009107468126 0.18180783242258655 0.5008538251366121 0.17867714025500916 0.5071152094717669 0.1758310564663024 0.511384335154827 0.17440801457194904 0.5173611111111112 0.17412340619307837 0.521914845173042 0.17440801457194904 0.5247609289617486 0.17526183970856107 0.5276070127504554 0.17668488160291443 0.5304530965391622 0.17896174863387984 0.5327299635701276 0.18294626593806926 0.5338683970856103 0.18550774134790532 0.5341530054644809 0.18721539162112938 0.5361452641165756 0.1903460837887068 0.5372836976320584 0.19347677595628418 0.5378529143897998 0.19803051001821498 0.5378529143897998 0.20201502732240442 0.5378529143897998 0.20713797814207655 0.5369990892531876 0.21368397085610205 0.5347222222222222 0.21823770491803282 0.5318761384335156 0.2219376138433516 0.5273224043715847 0.22535291438979968 0.5224840619307833 0.2284836065573771 0.5156534608378871 0.2316142987249545 0.510530510018215 0.23218351548269583 0.5042691256830601 0.23246812386156654 0.4988615664845174 0.23246812386156654 0.4943078324225866 0.23218351548269583 0.4897540983606558 0.2304758652094718 0.486054189435337 0.2276297814207651 0.483492714025501 0.2239298724954463 0.4817850637522769 0.2205145719489982 0.4809312386156649 0.2162454462659381 0.48064663023679427 0.21112249544626596 0.48064663023679427 0.2065687613843352
1 0.45958561020036437 0.1137864298724955 0.45873178506375234 0.10240209471766853 0.4593010018214937 0.0972791438979964 0.460724043715847 0.09272540983606563 0.4632855191256831 0.08817167577413484 0.46670081967213123 0.08333333333333338 0.47210837887067403 0.07764116575591991 0.47751593806921677 0.07479508196721317 0.48377732240437166 0.07365664845173046 0.4891848816029144 0.07365664845173046 0.4928847905282332 0.07564890710382519 0.49630009107468126 0.07906420765027326 0.4991461748633881 0.08304872495446271 0.5022768670309655 0.08817167577413484 0.5039845173041895 0.09301001821493629 0.5054075591985429 0.0995560109289618 0.5062613843351549 0.10524817850637527 0.5062613843351549 0.11236338797814212 0.5062613843351549 0.11720173041894359 0.5056921675774135 0.12317850637522773 0.5051229508196722 0.1300091074681239 0.5039845173041895 0.13513205828779604 0.5025614754098362 0.1379781420765028 0.4994307832422587 0.14139344262295087 0.496584699453552 0.14367030965391628 0.49174635701275055 0.146516393442623 0.48406193078324233 0.14822404371584702 0.4795081967213115 0.14850865209471772 0.47609289617486344 0.14793943533697637 0.47210837887067403 0.1453779599271403 0.4684084699453553 0.1411088342440802 0.4655623861566485 0.1365551001821494 0.4632855191256831 0.13086293260473594
1 0.7843237704918032 0.10581739526411663 0.78290072859745 0.09130236794171225 0.7823315118397086 0.08760245901639349 0.7820469034608379 0.08304872495446271 0.7820469034608379 0.07821038251366125 0.7834699453551913 0.07422586520947182 0.7857468123861566 0.06938752276867036 0.7888775045537341 0.06625683060109294 0.7931466302367942 0.0634107468123862 0.7971311475409837 0.061703096539162165 0.8011156648451732 0.06113387978142081 0.8048155737704918 0.06284153005464485 0.8085154826958106 0.06483378870673957 0.8105077413479054 0.06739526411657563 0.8119307832422588 0.07024134790528237 0.8139230418943534 0.07394125683060114 0.8159153005464481 0.07821038251366125 0.8167691256830601 0.08304872495446271 0.8179075591985429 0.08817167577413484 0.8193306010928961 0.09357923497267764 0.8201844262295083 0.09927140255009112 0.8204690346083789 0.1038251366120219 0.8207536429872495 0.10923269581056472 0.8207536429872495 0.11464025500910752 0.8201844262295083 0.12033242258652099 0.8187613843351549 0.12488615664845178 0.8161999089253188 0.12744763205828785 0.8133538251366121 0.12858606557377053 0.8102231329690347 0.12915528233151188 0.8045309653916212 0.12915528233151188 0.7999772313296903 0.12830145719489985 0.7954234972677596 0.1268784153005465 0.7917235883424408 0.1246015482695811 0.7888775045537341 0.12061703096539166 0.7857468123861566 0.11179417122040076
1 0.848360655737705 0.13484744990892536 0.8480760473588342 0.12175546448087436 0.8489298724954464 0.11663251366120224 0.8503529143897998 0.11236338797814212 0.8520605646630237 0.10866347905282336 0.854337431693989 0.10524817850637527 0.8577527322404371 0.10154826958105652 0.8617372495446266 0.09813296903460843 0.8662909836065574 0.09614071038251372 0.8722677595628416 0.09414845173041898 0.8773907103825137 0.09272540983606563 0.8822290528233151 0.09215619307832427 0.8887750455373407 0.0918715846994536 0.8938979963570127 0.09215619307832427 0.8978825136612022 0.09301001821493629 0.9018670309653917 0.09471766848816034 0.9061361566484518 0.09756375227686707 0.9098360655737705 0.10154826958105652 0.9121129326047359 0.10638661202185797 0.9135359744990893 0.11236338797814212 0.91382058287796 0.1180555555555556 0.9118283242258652 0.12374772313296908 0.9086976320582879 0.1302937158469946 0.904997723132969 0.1357012750455374 0.9004439890710383 0.1396857923497268 0.8921903460837888 0.14452413479052828 0.8839367030965393 0.14850865209471772 0.8773907103825137 0.1507855191256831 0.8699908925318761 0.1522085610200365 0.8628756830601093 0.1522085610200365 0.8577527322404371 0.1516393442622951 0.8540528233151184 0.14993169398907108 0.851775956284153 0.14708561020036434 0.8503529143897998 0.14338570127504557 0.8494990892531876 0.13911657559198548
1 0.6033128415300547 0.05401867030965397 0.6018897996357013 0.04747267759562846 0.6018897996357013 0.043203551912568354 0.603028233151184 0.03864981785063757 0.6041666666666666 0.03438069216757746 0.6050204918032788 0.030111566484517353 0.6070127504553735 0.025842440801457246 0.6107126593806922 0.02100409836065579 0.6169740437158471 0.016734972677595678 0.6255122950819673 0.013035063752276917 0.6317736794171221 0.0110428051001822 0.6383196721311476 0.010473588342440852 0.6442964480874317 0.01018897996357018 0.6474271402550092 0.0110428051001822 0.6511270491803279 0.012750455373406244 0.6539731329690347 0.015027322404371634 0.65625 0.017873406193078374 0.6582422586520947 0.02100409836065579 0.6596653005464481 0.024419398907103877 0.6599499089253188 0.028119307832422634 0.6605191256830601 0.03210382513661207 0.6608037340619308 0.035519125683060156 0.6613729508196722 0.03921903460837892 0.6605191256830601 0.04405737704918038 0.6585268670309655 0.04775728597449914 0.655396174863388 0.05202641165755925 0.6525500910746813 0.05515710382513666 0.6488501821493625 0.05857240437158475 0.6445810564663024 0.06084927140255014 0.640596539162113 0.06255692167577419 0.6343351548269581 0.06369535519125688 0.6286429872495447 0.06397996357012756 0.6226662112932605 0.06397996357012756 0.6192509107468124 0.06369535519125688 0.6149817850637523 0.06227231329690351 0.6092896174863388 0.059426229508196766
1 0.8571835154826959 0.028688524590163984 0.851775956284153 0.019865664845173093 0.8503529143897998 0.01531193078324231 0.8497836976320584 0.010473588342440852 0.8506375227686703 0.0064890710382514176 0.8514913479052824 0.0050660291438980485 0.8551912568306012 0.0013661202185792866 0.8566142987249545 0.0002276867030965909 0.884164389799642 0.0 0.8933287795992714 0.0019353369763206345 0.8973132969034608 0.0056352459016393965 0.900728597449909 0.013604280510018267 0.9012978142076503 0.015881147540983655 0.902436247723133 0.020719489981785116 0.9030054644808743 0.024419398907103877 0.9030054644808743 0.029257741347905333 0.9018670309653917 0.03409608378870679 0.8987363387978142 0.03893442622950825 0.8958902550091075 0.04092668488160297 0.8910519125683061 0.042634335154827 0.8836520947176685 0.042634335154827 0.8742600182149364 0.04064207650273229 0.8694216757741348 0.038080601092896224 0.864867941712204 0.03494990892531881
1 0.9340277777777779 0.014742714025500961 0.9334585610200364 0.006773679417122092 0.9340277777777779 0.0002276867030965909 0.9761498178506376 0.0005122950819672647 0.9767190346083789 0.0019353369763206345 0.9778574681238617 0.0076275045537341135 0.9781420765027323 0.013604280510018267 0.9781420765027323 0.01958105646630242 0.9775728597449909 0.02669626593806927 0.9761498178506376 0.03438069216757746 0.9741575591985429 0.04234972677595634 0.9713114754098361 0.04747267759562846 0.9673269581056466 0.05202641165755925 0.9616347905282332 0.05544171220400733 0.9570810564663024 0.05629553734061935 0.9488274134790529 0.055726320582878006 0.9422814207650274 0.052880236794171274 0.9380122950819673 0.04946493624772318 0.9351662112932605 0.045480418943533746 0.9323201275045537 0.04092668488160297 0.9314663023679418 0.035234517304189486 0.9311816939890711 0.031534608378870725 0.9311816939890711 0.028119307832422634 0.9323201275045537 0.0241347905282332 0.9337431693989071 0.019865664845173093
1 0.5330369595536959 0.01394700139470014 0.536523709902371 0.0008716875871687587 0.5809797768479776 0.00043584379358437936 0.5796722454672245 0.00653765690376569 0.5770571827057183 0.013511157601115759 0.5748779637377963 0.018741283124128313 0.5722629009762901 0.023971408647140865 0.568776150627615 0.028765690376569033 0.5626743375174338 0.03486750348675035 0.5565725244072525 0.038790097629009763 0.5513423988842399 0.04184100418410042 0.5482914923291492 0.0422768479776848 0.543497210599721 0.04053347280334728 0.5378312412831241 0.03617503486750349 0.5334728033472803 0.03181659693165969 0.5312935843793584 0.0274581589958159 0.5304218967921897 0.023099721059972104
1 0.3474178403755868 0.0740414710485133 0.3400821596244131 0.06817292644757433 0.337881455399061 0.06572769953051642 0.3356807511737089 0.06352699530516431 0.3334800469483568 0.06108176838810641 0.3322574334898278 0.059370109546165874 0.3312793427230047 0.05692488262910798 0.3305457746478873 0.05423513302034429 0.3300567292644757 0.050322769953051634 0.3300567292644757 0.04665492957746478 0.3300567292644757 0.04323161189358372 0.33103482003129886 0.03931924882629108 0.3337245696400626 0.03687402190923317 0.33641431924882625 0.035895931142410006 0.3400821596244131 0.033206181533646316 0.34228286384976525 0.03051643192488262 0.34472809076682315 0.027582159624413134 0.34692879499217527 0.025625978090766815 0.35133020344287946 0.024158841940532073 0.35719874804381846 0.02440336463223786 0.3628227699530516 0.025870500782472605 0.3689358372456964 0.027826682316118925 0.374070813771518 0.030027386541471038 0.3792057902973396 0.03296165884194052 0.38311815336463223 0.03687402190923317 0.38727503912363065 0.0412754303599374 0.39069835680751175 0.04592136150234741 0.3936326291079812 0.05056729264475743 0.3958333333333333 0.05472417840375587 0.39730046948356806 0.058636541471048506 0.398523082942097 0.06328247261345853 0.3990121283255086 0.06817292644757433 0.3982785602503912 0.0737969483568075 0.3958333333333333 0.07819835680751173 0.3911874021909233 0.08259976525821597 0.38727503912363065 0.08382237871674492 0.3809174491392801 0.08455594679186228 0.37529342723004694 0.08357785602503912 0.36991392801251954 0.08211071987480438 0.3630672926447574 0.08064358372456963 0.3579323161189358 0.07991001564945227 0.35475352112676056 0.0789319248826291 0.3510856807511737 0.07697574334898279
1 0.37260367762128327 0.21635367762128327 0.3696694053208137 0.2029049295774648 0.3689358372456964 0.19728090766823161 0.3679577464788732 0.1923904538341158 0.36746870109546165 0.1872554773082942 0.368202269170579 0.18089788732394366 0.3701584507042253 0.17600743348982786 0.372848200312989 0.17185054773082944 0.3755379499217527 0.1672046165884194 0.378716744913928 0.16304773082942098 0.3828736306729264 0.1596244131455399 0.3875195618153365 0.1574237089201878 0.3911874021909233 0.1569346635367762 0.3982785602503912 0.1569346635367762 0.4041471048513302 0.15889084507042253 0.409037558685446 0.1625586854460094 0.4114827856025039 0.16818270735524257 0.4134389671361502 0.17551838810641626 0.4151506259780907 0.18432120500782473 0.41539514866979654 0.19312402190923317 0.41490610328638494 0.20168231611893583 0.4131944444444444 0.20901799687010952 0.41197183098591544 0.2153755868544601 0.41001564945226915 0.22320031298904539 0.4078149452269171 0.2305359937402191 0.4063478090766823 0.23469287949921752 0.4036580594679186 0.237627151799687 0.3995011737089202 0.23909428794992177 0.39461071987480434 0.23933881064162754 0.38776408450704225 0.23860524256651017 0.3840962441314554 0.23689358372456965 0.37969483568075113 0.2332257433489828 0.37651604068857586 0.22857981220657278 0.374070813771518 0.22368935837245696
1 0.0412754303599374 0.17136150234741784 0.03051643192488262 0.16671557120500782 0.026359546165884186 0.1625586854460094 0.022936228482003117 0.15815727699530516 0.022202660406885746 0.15179968701095461 0.02440336463223786 0.14373043818466352 0.02880477308294209 0.13786189358372455 0.03662949921752738 0.1317488262910798 0.045432316118935834 0.1275919405320814 0.05472417840375587 0.1246576682316119 0.06352699530516431 0.12294600938967136 0.07110719874804382 0.12245696400625979 0.07844287949921752 0.12319053208137715 0.08431142410015649 0.12490219092331768 0.0892018779342723 0.12783646322378717 0.0943368544600939 0.1319933489827856 0.09702660406885759 0.1368838028169014 0.09849374021909234 0.142018779342723 0.09947183098591549 0.14642018779342722 0.10020539906103286 0.15179968701095461 0.09971635367762129 0.15791275430359936 0.09751564945226916 0.16133607198748043 0.09384780907668232 0.1652484350547731 0.08822378716744914 0.1701388888888889 0.08259976525821597 0.17307316118935837 0.07722026604068857 0.17551838810641626 0.07257433489827855 0.1772300469483568 0.06719483568075117 0.17796361502347416 0.06303794992175274 0.17820813771517996 0.059370109546165874 0.17796361502347416 0.054479655712050074 0.17698552425665104 0.04885563380281689 0.17551838810641626
1 0.02538145539906102 0.04249804381846635 0.03296165884194052 0.04665492957746478 0.0361404538341158 0.05154538341158059 0.03809663536776212 0.05668035993740218 0.03834115805946791 0.061326291079812204 0.03834115805946791 0.06572769953051642 0.03711854460093896 0.07110719874804382 0.03516236306729264 0.07673122065727699 0.033206181533646316 0.08186619718309858 0.031005477308294203 0.0867566510172144 0.02807120500782472 0.09091353677621283 0.02391431924882628 0.0943368544600939 0.016823161189358362 0.09824921752738654 0.008998435054773072 0.10142801251956182 0.003374413145539895 0.10313967136150234 4.625929269271486e-19 0.10386275989268948 0.00044014084507041143 0.03980829420970265 0.008020344287949911 0.03931924882629108 0.013155320813771508 0.039074726134585284 0.015111502347417831 0.039563771517996865 0.019023865414710475 0.04054186228482003
1 0.08724569640062597 0.2721048513302034 0.09262519561815337 0.25523278560250395 0.09555946791862285 0.24911971830985916 0.09849374021909234 0.24422926447574336 0.1016725352112676 0.23933881064162754 0.10582942097026603 0.23371478873239437 0.111697965571205 0.22637910798122066 0.11536580594679187 0.22222222222222224 0.12025625978090766 0.21977699530516434 0.12612480438184664 0.21879890453834117 0.13346048513302033 0.21928794992175274 0.137372848200313 0.2205105633802817 0.142018779342723 0.2227112676056338 0.14544209702660407 0.2256455399061033 0.14837636932707357 0.22955790297339593 0.14910993740219095 0.23224765258215962 0.1493544600938967 0.23664906103286387 0.1498435054773083 0.24227308294209704 0.1500880281690141 0.24863067292644755 0.1493544600938967 0.2557218309859155 0.14788732394366197 0.2640356025039124 0.14642018779342722 0.27161580594679186 0.14348591549295772 0.27992957746478875 0.14055164319248828 0.2875097809076682 0.137372848200313 0.29460093896713613 0.1341940532081377 0.30169209702660404 0.13052621283255086 0.3082942097026604 0.12588028169014084 0.31440727699530513 0.1219679186228482 0.3185641627543036 0.1170774647887324 0.32198748043818465 0.11316510172143975 0.3232100938967136 0.11243153364632238 0.3234546165884194 0.11243153364632238 0.3234546165884194 0.10998630672926447 0.3234546165884194 0.1068075117370892 0.3234546165884194 0.10338419405320813 0.322721048513302 0.0992273082942097 0.32100938967136144 0.09507042253521127 0.318075117370892 0.09140258215962442 0.31416275430359936 0.0889573552425665 0.30902777777777773 0.08749021909233176 0.30364827856025034 0.08626760563380281 0.2985133020344288 0.08577856025039124 0.2919111893583724 0.08577856025039124 0.2845755086071987 0.08577856025039124 0.27846244131455394
1 0.287754303599374 0.30413732394366194 0.28139671361502344 0.2985133020344288 0.2796850547730829 0.29631259780907665 0.2774843505477308 0.2936228482003129 0.2757726917057903 0.29093309859154926 0.27357198748043815 0.287754303599374 0.27112676056338025 0.283108372456964 0.26892605633802813 0.2782179186228482 0.26843701095461653 0.272593896713615 0.26965962441314556 0.2659917840375587 0.2733274647887324 0.2598787167449139 0.2774843505477308 0.2581670579029734 0.28971048513302033 0.2554773082942097 0.29460093896713613 0.2554773082942097 0.30144757433489827 0.25669992175273865 0.3085387323943662 0.25938967136150237 0.3136737089201878 0.2628129890453834 0.3183196400625978 0.2657472613458529 0.3224765258215962 0.26965962441314556 0.32687793427230044 0.2738165101721439 0.3300567292644757 0.277239827856025 0.333235524256651 0.2809076682316119 0.3361697965571205 0.2862871674491393 0.33763693270735523 0.2933783255086072 0.33763693270735523 0.2990023474178403 0.33763693270735523 0.30364827856025034 0.3366588419405321 0.3078051643192488 0.33445813771517996 0.31073943661971826 0.3325019561815336 0.3124510954616588 0.32712245696400627 0.31171752738654146 0.32149843505477305 0.31073943661971826 0.31709702660406885 0.3109839593114241 0.31171752738654146 0.3114730046948357 0.3080496870109546 0.3114730046948357 0.30462636932707354 0.3109839593114241 0.30095852895148667 0.31000586854460094 0.2972906885758998 0.3085387323943662 0.2941118935837245 0.3070715962441314 0.29044405320813765 0.30511541471048514
1 0.2520539906103286 0.3782276995305164 0.24422926447574336 0.3696694053208137 0.24227308294209704 0.3672241784037559 0.2408059467918623 0.36502347417840375 0.237627151799687 0.358910406885759 0.23395931142410017 0.3503521126760563 0.23102503912363068 0.33934859154929575 0.2305359937402191 0.3300567292644757 0.23102503912363068 0.322721048513302 0.2332257433489828 0.31611893583724565 0.23689358372456965 0.3119620500782473 0.24153951486697967 0.3102503912363067 0.2483861502347418 0.30902777777777773 0.25523278560250395 0.30951682316118934 0.26159037558685444 0.312206572769953 0.26868153364632236 0.3158744131455399 0.27552816901408445 0.32076486697965567 0.2809076682316119 0.3281005477308294 0.28482003129890454 0.33641431924882625 0.287754303599374 0.3444835680751173 0.28922143974960873 0.3540199530516432 0.28897691705790296 0.3623337245696401 0.2879988262910798 0.3684467918622848 0.2857981220657277 0.3738262910798122 0.283108372456964 0.3789612676056338 0.2796850547730829 0.3826291079812207 0.27503912363067295 0.38531885758998435 0.27063771517996865 0.38580790297339596 0.26501369327073554 0.38531885758998435 0.25963419405320814 0.3838517214397496
1 0.03687402190923317 0.3056044600938967 0.04298708920187792 0.312206572769953 0.04469874804381846 0.31660798122065725 0.045432316118935834 0.322721048513302 0.04567683881064163 0.32907863849765256 0.04567683881064163 0.3356807511737089 0.044454225352112665 0.3430164319248826 0.042253521126760556 0.34961854460093894 0.03834115805946791 0.35450899843505473 0.033206181533646316 0.3579323161189358 0.027337636932707347 0.35988849765258213 0.020491001564945217 0.3613556338028169 0.01486697965571204 0.36111111111111105 0.009976525821596232 0.35988849765258213 0.005575117370892007 0.3584213615023474 0.0028853677621283142 0.3557316118935837 0.0006846635367762018 0.35059663536776214 0.0011737089201877824 0.3197867762128325 0.0028853677621283142 0.31514084507042256 0.004352503912363056 0.3119620500782473 0.0058196400625977985 0.3102503912363067 0.008020344287949911 0.3078051643192488 0.011199139280125186 0.30535993740219086 0.015111502347417831 0.3034037558685446 0.018290297339593104 0.3021811424100156 0.02318075117370891 0.3007140062597809 0.027582159624413134 0.30046948356807507 0.03076095461658841 0.30120305164319244 0.033939749608763684 0.3026701877934272
1 0.06866197183098592 0.39241001564945227 0.07428599374021909 0.39020931142410015 0.07844287949921752 0.3894757433489827 0.08235524256651017 0.38972026604068855 0.0865121283255086 0.3904538341158059 0.0892018779342723 0.3916764475743349 0.09311424100156494 0.3941216744913928 0.09629303599374021 0.39730046948356806 0.09849374021909234 0.4014573552425665 0.10020539906103286 0.40708137715179965 0.1016725352112676 0.4131944444444444 0.1019170579029734 0.4188184663536776 0.10142801251956182 0.4246870109546166 0.10044992175273865 0.43128912363067295 0.0992273082942097 0.43740219092331767 0.09776017214397495 0.44278169014084506 0.096537558685446 0.44669405320813765 0.0943368544600939 0.449872848200313 0.09238067292644757 0.45011737089201875 0.08944640062597808 0.449872848200313 0.08431142410015649 0.4496283255086072 0.08064358372456963 0.4496283255086072 0.07575312989045384 0.4491392801251956 0.07208528951486698 0.4479166666666667 0.06719483568075117 0.444004303599374 0.06401604068857589 0.4388693270735524 0.06157081377151799 0.4349569640062597 0.060592723004694836 0.4310446009389671 0.05985915492957746 0.42517605633802813 0.05985915492957746 0.4180848982785602 0.05985915492957746 0.41221635367762127 0.061326291079812204 0.4063478090766823 0.06328247261345853 0.40047926447574334 0.06572769953051642 0.39681142410015646
1 0.1796752738654147 0.4435152582159624 0.1701388888888889 0.44180359937402186 0.1652484350547731 0.44058098591549294 0.16182511737089203 0.439358372456964 0.15840179968701096 0.43764671361502344 0.15546752738654146 0.4354460093896713 0.15179968701095461 0.4310446009389671 0.14837636932707357 0.4232198748043818 0.14593114241001565 0.4127053990610329 0.1444640062597809 0.40219092331768386 0.14421948356807512 0.39265453834115804 0.14544209702660407 0.38311815336463223 0.14813184663536777 0.37578247261345854 0.152533255086072 0.3696694053208137 0.15864632237871673 0.36624608763693267 0.16304773082942098 0.36551251956181535 0.16916079812206572 0.3652679968701095 0.17307316118935837 0.3652679968701095 0.17649647887323944 0.36649061032863844 0.1799197965571205 0.3684467918622848 0.18358763693270735 0.37089201877934275 0.1875 0.3755379499217527 0.19067879499217527 0.38238458528951486 0.19336854460093897 0.3909428794992175 0.1953247261345853 0.3987676056338028 0.19605829420970267 0.4068368544600939 0.19679186228482004 0.4146615805946792 0.19728090766823161 0.4210191705790297 0.19679186228482004 0.4283548513302034 0.19556924882629106 0.434712441314554 0.19312402190923317 0.439358372456964 0.1901897496087637 0.4413145539906103 0.18578834115805948 0.44327073552425666 0.18309859154929578 0.44327073552425666
1 0.14421948356807512 0.5 0.1398180751173709 0.494131455399061 0.137372848200313 0.49046361502347413 0.13566118935837246 0.4875293427230047 0.13370500782472614 0.4838615023474178 0.1319933489827856 0.4794600938967136 0.13125978090766824 0.4750586854460094 0.13077073552425664 0.4689456181533646 0.13077073552425664 0.4642996870109546 0.1317488262910798 0.459164710485133 0.13346048513302033 0.454518779342723 0.13639475743348983 0.4503618935837245 0.14079616588419405 0.448650234741784 0.14642018779342722 0.44840571205007823 0.15082159624413147 0.4491392801251956 0.15546752738654146 0.45133998435054773 0.16109154929577463 0.4528071205007825 0.16549295774647887 0.4550078247261346 0.1698943661971831 0.4589201877934272 0.17405125195618154 0.46307707355242567 0.17674100156494524 0.46674491392801254 0.17894170579029733 0.4694346635367762 0.18089788732394366 0.4726134585289515 0.1826095461658842 0.47677034428794995 0.18554381846635368 0.4863067292644757 0.18701095461658843 0.4916862284820031 0.18798904538341157 0.49657668231611896 0.18872261345852898 0.5007335680751174 0.18921165884194052 0.5063575899843505 0.1877445226917058 0.5122261345852895 0.1852992957746479 0.5156494522691706 0.18138693270735523 0.517361111111111 0.17771909233176839 0.5176056338028169 0.1720950704225352 0.5168720657276995 0.16818270735524257 0.5158939749608763 0.1645148669796557 0.5139377934272301 0.16158059467918623 0.5127151799687011 0.15815727699530516 0.5110035211267605 0.1547339593114241 0.5085582942097027 0.15106611893583724 0.5056240219092332 0.1473982785602504 0.5029342723004695
1 0.24178403755868547 0.5555066510172144 0.23664906103286387 0.5484154929577465 0.23493740219092332 0.5459702660406885 0.232981220657277 0.5410798122065728 0.23102503912363068 0.5342331768388107 0.22931338028169013 0.5271420187793427 0.2280907668231612 0.5171165884194053 0.22882433489827855 0.5061130672926447 0.2305359937402191 0.49853286384976525 0.23395931142410017 0.49070813771517996 0.23689358372456965 0.4863067292644757 0.2405614241001565 0.4841060250391236 0.2452073552425665 0.48312793427230044 0.24887519561815336 0.48312793427230044 0.2520539906103286 0.4841060250391236 0.25376564945226915 0.4845950704225352 0.25669992175273865 0.48655125195618154 0.25938967136150237 0.4897300469483568 0.26183489827856027 0.4929088419405321 0.2640356025039124 0.49755477308294205 0.2664808294209703 0.5026897496087637 0.2681924882629108 0.5075802034428795 0.26965962441314556 0.5114925665101722 0.27186032863849763 0.516383020344288 0.2733274647887324 0.5217625195618153 0.2743055555555555 0.5259194053208137 0.27503912363067295 0.5298317683881064 0.27503912363067295 0.5337441314553991 0.2752836463223787 0.5379010172143974 0.2752836463223787 0.5423024256651018 0.2752836463223787 0.5471928794992175 0.2747946009389671 0.5520833333333334 0.27406103286384975 0.5567292644757433 0.27234937402190923 0.5613751956181533 0.26843701095461653 0.5660211267605634 0.26452464788732394 0.5677327856025038 0.25865610328638494 0.5677327856025038 0.2532766040688576 0.5662656494522692 0.24936424100156496 0.5633313771517997
1 0.16573748043818468 0.5530614241001566 0.1696498435054773 0.5579518779342723 0.17038341158059467 0.5603971048513301 0.17111697965571207 0.5635758998435054 0.17111697965571207 0.5674882629107981 0.1701388888888889 0.5709115805946792 0.16891627543035995 0.574579420970266 0.1672046165884194 0.5775136932707354 0.16427034428794993 0.5797143974960876 0.16109154929577463 0.581670579029734 0.15840179968701096 0.5836267605633803 0.1544894366197183 0.5860719874804381 0.15179968701095461 0.5882726917057902 0.1495989827856025 0.5912069640062597 0.14813184663536777 0.5936521909233178 0.14642018779342722 0.5953638497652582 0.14324139280125198 0.5973200312989045 0.14104068857589983 0.5975645539906103 0.1368838028169014 0.5980535993740219 0.13052621283255086 0.5987871674491393 0.12636932707355242 0.5987871674491393 0.12147887323943661 0.5987871674491393 0.11609937402190923 0.5973200312989045 0.11023082942097026 0.5953638497652582 0.10558489827856025 0.5924295774647886 0.10216158059467918 0.5877836463223787 0.10020539906103286 0.5828931924882629 0.09898278560250391 0.5780027386541471 0.09776017214397495 0.5762910798122065 0.09580399061032864 0.5716451486697965 0.0943368544600939 0.5679773082942098 0.09360328638497652 0.5645539906103286 0.09360328638497652 0.560641627543036 0.09458137715179968 0.5564847417840376 0.09629303599374021 0.5525723787167449 0.09849374021909234 0.5486600156494522 0.10216158059467918 0.544258607198748 0.10509585289514867 0.5408352895148669 0.10803012519561815 0.5379010172143974 0.11071987480438185 0.536189358372457 0.11487676056338028 0.5342331768388107 0.12050078247261345 0.5320324726134585 0.126858372456964 0.5308098591549295 0.13394953051643194 0.5312989045383412 0.1422633020344288 0.5325215179968701 0.14764280125195617 0.5342331768388107 0.15277777777777776 0.5369229264475742 0.15669014084507044 0.5393681533646323 0.1598689358372457 0.5437695618153364 0.1623141627543036 0.5474374021909233 0.1647593896713615 0.5503716744913928
1 0.034428794992175264 0.6435348200312989 0.018045774647887314 0.641089593114241 0.011932707355242555 0.6386443661971831 0.00728677621283254 0.6366881846635368 0.0021517996870109436 0.6335093896713615 0.0006846635367762018 0.6325312989045384 0.00019561815336462113 0.5824041471048513 0.003374413145539895 0.581670579029734 0.013644366197183089 0.5814260563380281 0.019268388106416266 0.581670579029734 0.02464788732394365 0.5831377151799687 0.029782863849765247 0.5855829420970265 0.033206181533646316 0.587539123630673 0.03931924882629108 0.5904733959311425 0.04323161189358372 0.5929186228482003 0.04665492957746478 0.5963419405320813 0.050322769953051634 0.600254303599374 0.053257042253521125 0.6036776212832551 0.05668035993740218 0.6080790297339593 0.05961463223787167 0.6129694835680751 0.061815336463223784 0.6185935054773083 0.06205985915492958 0.6242175273865415 0.061815336463223784 0.6288634585289514 0.06010367762128325 0.6335093896713615 0.057169405320813764 0.6366881846635368 0.05252347417840375 0.639866979655712 0.04861111111111111 0.6415786384976525 0.04347613458528951 0.6425567292644757
1 0.20119327073552426 0.6770344287949921 0.20339397496087636 0.6635856807511737 0.2055946791862285 0.6508705007824727 0.20706181533646323 0.6474471830985916 0.20901799687010952 0.6430457746478874 0.21097417840375587 0.638888888888889 0.2126858372456964 0.6357100938967136 0.2156201095461659 0.6308196400625978 0.21830985915492956 0.625929186228482 0.22148865414710486 0.6217723004694836 0.22637910798122066 0.6161482785602505 0.23224765258215962 0.6115023474178404 0.23664906103286387 0.6097906885758999 0.24398474178403756 0.6088125978090767 0.2510758998435055 0.6090571205007824 0.257433489827856 0.6107687793427229 0.26159037558685444 0.6139475743348982 0.2652582159624413 0.6185935054773083 0.2674589201877934 0.6234839593114241 0.26843701095461653 0.6288634585289514 0.26917057902973396 0.6349765258215962 0.26941510172143973 0.6403560250391236 0.26965962441314556 0.6442683881064163 0.26965962441314556 0.6498924100156495 0.26965962441314556 0.65625 0.26965962441314556 0.6616294992175273 0.26892605633802813 0.6679870892018779 0.2681924882629108 0.6731220657276995 0.2669698748043818 0.6787460876369327 0.2657472613458529 0.6826584507042254 0.26183489827856027 0.692439358372457 0.2544992175273865 0.7093114241001566 0.2515649452269171 0.7144464006259781 0.24863067292644755 0.7188478090766822 0.24447378716744914 0.7237382629107981 0.23958333333333334 0.7286287167449139 0.23371478873239437 0.7318075117370892 0.22955790297339593 0.7322965571205008 0.22124413145539906 0.730829420970266 0.21366392801251957 0.726183489827856 0.20877347417840378 0.7200704225352113 0.2051056338028169 0.7132237871674492 0.20192683881064163 0.7056435837245696 0.20070422535211266 0.6978188575899844 0.2002151799687011 0.6914612676056338 0.1999706572769953 0.6855927230046948 0.20045970266040689 0.6811913145539906
1 0.04861111111111111 0.7264280125195619 0.04323161189358372 0.7352308294209703 0.039563771517996865 0.7398767605633803 0.033695226917057904 0.7435446009389672 0.027093114241001557 0.7455007824726134 0.022202660406885746 0.7459898278560251 0.01657863849765257 0.7447672143974962 0.010710093896713603 0.7430555555555556 0.003374413145539895 0.7403658059467919 0.00019561815336462113 0.738898669796557 0.00044014084507041143 0.700508607198748 0.009487480438184653 0.6980633802816901 0.01486697965571204 0.6975743348982786 0.020491001564945217 0.6973298122065728 0.025625978090766815 0.6978188575899844 0.030027386541471038 0.6990414710485133 0.034428794992175264 0.7009976525821596 0.03736306729264475 0.702953834115806 0.04029733959311423 0.7063771517996871 0.04249804381846635 0.7107785602503912 0.044209702660406885 0.7137128325508607 0.04567683881064163 0.7166471048513302 0.04714397496087637 0.7195813771517997 0.04836658841940532 0.7239827856025038
1 0.11267605633802817 0.7738654147104852 0.11878912363067291 0.7692194835680751 0.12612480438184664 0.7653071205007825 0.13101525821596244 0.7616392801251956 0.1371283255086072 0.7579714397496088 0.1422633020344288 0.7545481220657277 0.14813184663536777 0.7513693270735524 0.15351134585289514 0.7491686228482003 0.15913536776212833 0.7477014866979655 0.1647593896713615 0.747212441314554 0.16916079812206572 0.7479460093896714 0.17429577464788734 0.7499021909233178 0.17820813771517996 0.7528364632237872 0.18187597809076683 0.7596830985915494 0.1821205007824726 0.7667742566510172 0.1801643192488263 0.7736208920187794 0.17625195618153364 0.7812010954616588 0.17185054773082944 0.7875586854460094 0.1669600938967136 0.7931827073552425 0.16182511737089203 0.7992957746478874 0.15571205007824726 0.8066314553990611 0.1471537558685446 0.815923317683881 0.14055164319248828 0.8210582942097027 0.1317488262910798 0.8254597026604069 0.12343505477308293 0.827660406885759 0.11609937402190923 0.8286384976525821 0.10900821596244131 0.8281494522691706 0.10093896713615023 0.8247261345852894 0.09702660406885759 0.8198356807511737 0.0940923317683881 0.8142116588419406 0.09335876369327073 0.804186228482003 0.09507042253521127 0.7958724569640062 0.09996087636932707 0.7880477308294209 0.10558489827856025 0.7814456181533647
1 0.1904342723004695 0.8907472613458529 0.1948356807511737 0.8856122848200313 0.2024158841940532 0.8819444444444444 0.20852895148669798 0.8809663536776213 0.2156201095461659 0.8807218309859155 0.22320031298904539 0.881210876369327 0.22980242566510173 0.8826780125195619 0.23689358372456965 0.8851232394366197 0.24227308294209704 0.8875684663536776 0.24691901408450703 0.8907472613458529 0.24960876369327073 0.8939260563380281 0.2515649452269171 0.8978384194053208 0.2520539906103286 0.9027288732394366 0.25132042253521125 0.906885758998435 0.25009780907668233 0.9105535993740219 0.24863067292644755 0.9144659624413145 0.2478971048513302 0.9166666666666666 0.2483861502347418 0.9181338028169015 0.24936424100156496 0.9210680751173709 0.24911971830985916 0.9252249608763693 0.24765258215962443 0.9284037558685446 0.2454518779342723 0.9303599374021909 0.2430066510172144 0.9318270735524258 0.23884976525821597 0.9330496870109547 0.23347026604068857 0.9335387323943662 0.2278462441314554 0.933783255086072 0.22197769953051644 0.9330496870109547 0.2151310641627543 0.9310935054773083 0.20852895148669798 0.9279147104851331 0.20143779342723003 0.9232687793427231 0.19581377151799687 0.9181338028169015 0.19165688575899845 0.913976917057903 0.18896713615023472 0.9103090766823161 0.1875 0.9049295774647887 0.1875 0.900039123630673 0.18896713615023472 0.8949041471048513
1 0.05056729264475743 0.882433489827856 0.052767996870109544 0.8839006259780908 0.05472417840375587 0.8873239436619719 0.055946791862284816 0.8922143974960876 0.055946791862284816 0.9002836463223787 0.05570226917057903 0.9076193270735524 0.05399061032863849 0.9144659624413145 0.0513008607198748 0.9222906885758999 0.04787754303599374 0.929137323943662 0.044209702660406885 0.9354949139280125 0.03883020344287949 0.9433196400625978 0.03345070422535211 0.9479655712050079 0.025870500782472605 0.9521224569640062 0.018779342723004685 0.9545676838810642 0.012421752738654137 0.9555457746478874 0.0077758215962441205 0.9557902973395931 0.0038634585289514752 0.9555457746478874 0.0011737089201877824 0.9550567292644757 0.000929186228481992 0.9041960093896714 0.002640845070422524 0.9012617370892019 0.005575117370892007 0.8968603286384976 0.008998435054773072 0.8922143974960876 0.01437793427230046 0.887079420970266 0.019512910798122056 0.8831670579029735 0.02513693270735523 0.8807218309859155 0.03149452269170578 0.8787656494522692 0.03565140845070422 0.8787656494522692 0.0412754303599374 0.8790101721439749 0.04518779342723004 0.8797437402190924
0 0.23095603271983645 0.6898006134969326 0.2357489775051125 0.6715874233128835 0.2415005112474438 0.657528118609407 0.24757157464212684 0.6447469325153374 0.24884969325153378 0.6412321063394683 0.2491692229038855 0.6373977505112475 0.24597392638036814 0.6373977505112475 0.24373721881390598 0.6402735173824131 0.2415005112474438 0.644107873210634 0.23702709611451944 0.6552914110429449 0.229038854805726 0.6789366053169734 0.22616308793456036 0.695232617586912 0.22552402862985688 0.699066973415133 0.22520449897750516 0.702581799591002 0.22552402862985688 0.7051380368098159 0.22712167689161558 0.7060966257668712 0.22967791411042945 0.7016232106339468
0 0.5920245398773006 0.5159764826175869 0.5856339468302658 0.501278118609407 0.5846753578732107 0.4971242331288344 0.5846753578732107 0.493928936605317 0.5853144171779141 0.49233128834355827 0.5872315950920246 0.49233128834355827 0.5894683026584867 0.49520705521472397 0.5933026584867076 0.5025562372188139 0.5961784253578732 0.5115030674846626 0.5958588957055215 0.5153374233128835
0 0.257157464212679 0.3520577709611452 0.2517254601226994 0.3395961145194274 0.249808282208589 0.33512269938650313 0.24757157464212684 0.33128834355828224 0.24661298568507162 0.3271344580777097 0.24629345603271985 0.32330010224948874 0.24853016359918204 0.3239391615541923 0.2507668711656442 0.3271344580777097 0.25779652351738247 0.3395961145194274 0.2609918200408998 0.3488624744376278 0.2616308793456033 0.352377300613497 0.261950408997955 0.35557259713701433 0.261950408997955 0.35908742331288346 0.2590746421267894 0.3594069529652352 0.2574769938650307 0.3552530674846626
0 0.1168839468302659 0.28559560327198363 0.11912065439672807 0.27377300613496935 0.1200792433537833 0.2699386503067485 0.12167689161554197 0.2661042944785276 0.12391359918200415 0.2609918200408998 0.12583077709611457 0.25524028629856854 0.12646983640081805 0.249808282208589 0.12646983640081805 0.2446958077709612 0.12646983640081805 0.24022239263803685 0.12423312883435589 0.24022239263803685 0.1210378323108385 0.24661298568507162 0.11975971370143154 0.2514059304703477 0.11880112474437633 0.2568379345603272 0.11784253578732112 0.2609918200408998 0.11656441717791416 0.2641871165644172 0.11592535787321069 0.2661042944785276 0.11528629856850721 0.26898006134969327 0.11432770961145199 0.2721753578732107 0.11304959100204505 0.27473159509202455 0.11145194274028634 0.2772878323108385 0.11049335378323114 0.2792050102249489 0.10985429447852767 0.2967791411042945
0 0.4801891615541923 0.12135736196319025 0.47923057259713703 0.1117714723926381 0.47827198364008183 0.10793711656441723 0.47827198364008183 0.10314417177914116 0.47795245398773006 0.09962934560327204 0.47955010224948874 0.0967535787321064 0.4814672801635992 0.09707310838445812 0.48210633946830267 0.10058793456032726 0.48274539877300615 0.10538087934560332 0.4840235173824131 0.11209100204498984 0.48689928425357876 0.12583077709611457 0.4862602249488753 0.12966513292433543 0.4846625766871166 0.1303041922290389 0.48210633946830267 0.12806748466257675
0 0.3092407975460123 0.29198619631901845 0.3009330265848671 0.2875127811860941 0.2983767893660532 0.28559560327198363 0.2951814928425358 0.28367842535787324 0.29294478527607365 0.28240030674846633 0.2907080777096115 0.27984406952965235 0.2903885480572598 0.2782464212678937 0.2942229038854806 0.27792689161554196 0.30700408997955014 0.2843174846625767 0.31403374233128833 0.28879089979550104 0.31690950920245403 0.2910276073619632 0.31722903885480574 0.29262525562372194 0.3143532719836401 0.29262525562372194
0 0.8083461145194274 0.4747571574642127 0.7933282208588958 0.46932515337423314 0.7901329243353783 0.46772750511247446 0.7875766871165644 0.4667689161554192 0.7859790388548057 0.46325408997955014 0.785659509202454 0.46165644171779147 0.7882157464212678 0.46101738241308793 0.7920501022494887 0.46101738241308793 0.7978016359918201 0.4622955010224949 0.8009969325153374 0.46357361963190186 0.80515081799591 0.465810327198364 0.8096242331288344 0.46868609406952966 0.813778118609407 0.47188139059304707 0.8169734151329243 0.4750766871165644 0.8169734151329243 0.4773133946830266 0.8144171779141104 0.47763292433537835
0 0.9118737218813906 0.4712423312883436 0.9067612474437627 0.4626150306748466 0.9054831288343558 0.4591002044989775 0.9048440695296524 0.4562244376278119 0.9042050102249489 0.45366820040899797 0.9058026584867076 0.45366820040899797 0.9080393660531698 0.4562244376278119 0.915069018404908 0.465810327198364 0.9169861963190183 0.4699642126789366 0.9179447852760736 0.47411809815950917 0.9176252556237219 0.4760352760736196
0 0.6572085889570551 0.4667689161554192 0.651457055214724 0.4603783231083845 0.6482617586912066 0.4578220858895706 0.6453859918200409 0.4546267893660532 0.6457055214723926 0.4514314928425358 0.64890081799591 0.4498338445807771 0.6508179959100205 0.44951431492842536 0.6533742331288344 0.4517510224948875 0.654971881390593 0.45398773006134974 0.65625 0.4562244376278119 0.6600843558282209 0.45846114519427406 0.6616820040899795 0.4619759713701432 0.6629601226993865 0.46485173824130877 0.6620015337423314 0.4680470347648262
1 0.7071172479531376 0.5743883757687438 0.7093539555195997 0.5695954309834678 0.712549252043117 0.5664001344599504 0.7163836078713379 0.5641634268934882 0.7227742009183727 0.5619267193270261 0.7288452643130557 0.560968130369971 0.7352358573600905 0.560968130369971 0.7416264504071253 0.5619267193270261 0.7457803358876979 0.5632048379364331 0.7496146917159188 0.5648024861981917 0.7534490475441395 0.5670391937646538 0.756644344067657 0.569275901331116 0.7585615219817673 0.5718321385499299 0.7604786998958778 0.5750274350734473 0.7607982295482295 0.577903201944613 0.7607982295482295 0.582696146729889 0.7617568185052848 0.5871695618628134 0.7623958778099882 0.5910039176910343 0.7630349371146917 0.5957968624763104 0.7636739964193953 0.6002702776092347 0.763993526071747 0.6044241630898072 0.7630349371146917 0.6092171078750834 0.7607982295482295 0.6136905230080077 0.7569638737200087 0.6162467602268216 0.7486561027588635 0.6172053491838768 0.7413069207547736 0.6178444084885802 0.7349163277077387 0.6175248788362285 0.7304429125748144 0.6162467602268216 0.7259694974418901 0.6140100526603595 0.7208570230042622 0.6111342857891937 0.7163836078713379 0.6066608706562694 0.7119101927384136 0.6015483962186415 0.7083953665625445 0.5977140403904208 0.706478188648434 0.5935601549098481 0.7055195996913788 0.5887672101245721 0.7055195996913788 0.5833352060345925 0.7061586589960823 0.5785422612493164
0 0.30033003300330036 0.8316831683168318 0.30445544554455445 0.8323019801980198 0.3116749174917492 0.8436468646864687 0.3118811881188119 0.8502475247524753 0.3063118811881188 0.8430280528052806
0 0.5504149257195914 0.01579909470752084 0.5507050835654596 0.011156569173630402 0.55926474001857 0.00027564995357469185 0.5633269498607241 0.00013057103064061576 0.5601352135561745 0.006949280408542194 0.553606662024141 0.014783542246982306
0 0.8541666666666666 0.13386194029850745 0.8630286069651741 0.12562189054726366 0.8728233830845772 0.11893656716417911 0.8902363184079601 0.11427238805970148 0.8976990049751243 0.11271766169154228 0.9000310945273632 0.11333955223880596 0.8959888059701492 0.11847014925373135 0.8835509950248757 0.12562189054726366 0.8700248756218906 0.13013059701492538 0.8624067164179104 0.13479477611940296 0.8541666666666666 0.13588308457711443
0 0.8663302277432712 0.9714673913043478 0.864550983436853 0.9677471532091098 0.8567870082815734 0.96192417184265 0.8524197722567287 0.962409420289855 0.8575957556935817 0.968555900621118
0 0.04341471801925722 0.15331270059605684 0.04699679046309033 0.15374254928931683 0.050149014213663454 0.15402911508482348 0.0545907840440165 0.1541723979825768 0.0587459880788629 0.1541723979825768 0.06232806052269601 0.15388583218707014 0.06576685006877578 0.15388583218707014 0.06977877120586887 0.15345598349381015 0.07350412654745528 0.15302613480055022 0.07636978450252177 0.15288285190279685 0.07980857404860156 0.15187987161852362 0.08081155433287483 0.15059032553874369 0.08038170563961484 0.1490142136634571 0.07794589637780834 0.14743810178817054 0.07364740944520862 0.14715153599266392 0.06920563961485555 0.14686497019715725 0.06605341586428244 0.14700825309491056 0.06261462631820265 0.14743810178817054 0.057743007794589636 0.14844108207244383 0.053874369555249886 0.14915749656121044 0.04971916552040348 0.14930077945896378 0.0462803759743237 0.14930077945896378 0.04341471801925722 0.1501604768454837 0.0421251719394773 0.15059032553874369 0.0421251719394773 0.1513067400275103
