1 0.37502584780810583 0.3755428039702233 0.37864454094292804 0.37140715467328367 0.3809708436724566 0.368305417700579 0.38355562448304387 0.36572063688999173 0.38769127377998347 0.36313585607940446 0.3902760545905707 0.36184346567411085 0.3944117038875103 0.3608095533498759 0.3980303970223325 0.3605510752688172 0.4011321339950372 0.3613265095119934 0.40294148056244833 0.362618899917287 0.40552626137303555 0.3646867245657568 0.4078525641025641 0.3680469396195203 0.4094034325889165 0.37140715467328367 0.4109543010752688 0.37502584780810583 0.4122466914805624 0.3778691066997518 0.41379755996691475 0.381487799834574 0.4150899503722084 0.3851064929693962 0.41586538461538464 0.38820822994210086 0.4161238626964433 0.3910514888337469 0.416382340777502 0.39596257237386273 0.4166408188585608 0.4011321339950372 0.416382340777502 0.40449234904880066 0.4156069065343259 0.4073356079404466 0.41431451612903225 0.41121277915632753 0.4127636476426799 0.4150899503722084 0.4106958229942101 0.41845016542597185 0.40914495450785776 0.4197425558312655 0.4065601736972705 0.4207764681555004 0.4039753928866832 0.42155190239867657 0.4011321339950372 0.42206885856079407 0.3980303970223325 0.4233612489660877 0.3949286600496278 0.42568755169561623 0.39260235732009924 0.4282723325062035 0.3895006203473945 0.430598635235732 0.3863988833746898 0.4318910256410256 0.38381410256410253 0.4318910256410256 0.3809708436724566 0.430598635235732 0.3783860628618693 0.4280138544251447 0.3755428039702233 0.4243951612903226 0.3734749793217535 0.4202595119933829 0.37192411083540117 0.416382340777502 0.3708901985111662 0.411729735318445 0.37063172043010756 0.4078525641025641 0.37037324234904884 0.40294148056244833 0.37037324234904884 0.3998397435897436 0.37037324234904884 0.39570409429280395 0.37037324234904884 0.39130996691480563 0.37063172043010756 0.3861404052936311 0.37140715467328367 0.3812293217535153 0.3724410669975186 0.3778691066997518
1 0.4406792803970223 0.45954818031430933 0.44223014888337464 0.45696339950372206 0.4435225392886683 0.4554125310173697 0.4450734077750207 0.45386166253101734 0.44688275434243174 0.45127688172043007 0.44895057899090157 0.4492090570719603 0.4520523159636063 0.44714123242349046 0.45515405293631095 0.4450734077750207 0.45851426799007444 0.4437810173697271 0.4618744830438379 0.44274710504549214 0.4660101323407775 0.44093775847808103 0.4696288254755997 0.43964536807278737 0.4722136062861869 0.43912841191067 0.47557382133995035 0.43912841191067 0.4779001240694789 0.4406792803970223 0.47996794871794873 0.44274710504549214 0.4820357733664185 0.44584884201819686 0.4835866418527709 0.4492090570719603 0.4846205541770058 0.45386166253101734 0.4846205541770058 0.4567049214226634 0.48436207609594706 0.45980665839536805 0.4830696856906534 0.46316687344913154 0.4817772952853598 0.4665270885028949 0.48022642679900746 0.4701457816377171 0.4784170802315964 0.4737644747725393 0.47660773366418524 0.47686621174524396 0.4742814309346567 0.47970947063689 0.47143817204301075 0.4835866418527709 0.4688533912324235 0.48565446650124067 0.4654931761786601 0.48823924731182794 0.46316687344913154 0.48953163771712155 0.46058209263854427 0.49030707196029777 0.4561879652605459 0.4905655500413565 0.4536031844499586 0.4905655500413565 0.45127688172043007 0.48979011579818027 0.44765818858560796 0.48875620347394544 0.4437810173697271 0.4877222911497105 0.44093775847808103 0.48617142266335817 0.4378360215053763 0.4817772952853598 0.436285153019024 0.4776416459884202 0.43602667493796526 0.474022952853598 0.43680210918114143 0.4704042597187758 0.4378360215053763 0.46730252274607115 0.43886993382961126 0.46445926385442515
1 0.5781896195202647 0.3608095533498759 0.5717276674937966 0.35693238213399503 0.5634563688999173 0.3517628205128205 0.5619055004135649 0.34943651778329193 0.5600961538461539 0.34711021505376344 0.5585452853598015 0.34375 0.5572528949545078 0.3411652191894127 0.5559605045492142 0.3383219602977668 0.5546681141439206 0.3354787014061208 0.5536342018196857 0.3321184863523573 0.553375723738627 0.3282413151364764 0.5538926799007445 0.32436414392059554 0.5546681141439206 0.32177936311000827 0.5559605045492142 0.31971153846153844 0.5577698511166254 0.3173852357320099 0.5606131100082713 0.3150589330024814 0.5629394127377999 0.313508064516129 0.5657826716294458 0.31169871794871795 0.5688844086021505 0.3096308933002481 0.5714691894127378 0.30859698097601324 0.5743124483043839 0.30833850289495446 0.5781896195202647 0.30885545905707196 0.5815498345740282 0.3104063275434243 0.5846515715467329 0.3122156741108354 0.5864609181141439 0.3148004549214226 0.5898211331679074 0.3181606699751861 0.5926643920595535 0.322037841191067 0.5957661290322581 0.32591501240694787 0.597833953680728 0.32849979321753514 0.6004187344913152 0.3310845740281224 0.6032619933829612 0.33444478908188585 0.6053298180314309 0.33728804797353185 0.608173076923077 0.340906741108354 0.6102409015715468 0.34375 0.6125672043010754 0.34711021505376344 0.613859594706369 0.3496949958643507 0.613859594706369 0.3525382547559967 0.6125672043010754 0.3546060794044665 0.6107578577336643 0.3579662944582299 0.6094654673283706 0.36029259718775847 0.607139164598842 0.362618899917287 0.6037789495450786 0.3646867245657568 0.5991263440860216 0.36597911497105046 0.5955076509511994 0.36597911497105046 0.5926643920595535 0.36572063688999173 0.5890456989247312 0.3652036807278743 0.5859439619520265 0.3639112903225807 0.5818083126550868 0.36236042183622824
1 0.4737644747725393 0.32307175351530193 0.47247208436724564 0.31557588916459883 0.47247208436724564 0.31169871794871795 0.47247208436724564 0.3073045905707196 0.47247208436724564 0.30342741935483875 0.4729890405293631 0.300325682382134 0.474022952853598 0.2967069892473118 0.4750568651778329 0.2930882961124897 0.47583229942100913 0.28869416873449133 0.47712468982630274 0.2853339536807279 0.4791925144747725 0.28326612903225806 0.48126033912324234 0.28197373862696445 0.48410359801488834 0.281456782464847 0.48849772539288666 0.28119830438378823 0.4918579404466501 0.2809398263027295 0.4947011993382961 0.2809398263027295 0.498578370554177 0.2809398263027295 0.5024555417700579 0.28119830438378823 0.5063327129859387 0.2822322167080232 0.5094344499586435 0.2840415632754343 0.5109853184449958 0.2855924317617866 0.5127946650124069 0.2884356906534326 0.5148624896608768 0.2923128618693135 0.5156379239040529 0.2972239454094293 0.5161548800661704 0.3011011166253102 0.5164133581472291 0.306012200165426 0.5153794458229942 0.3093724152191894 0.5143455334987592 0.31299110835401156 0.5127946650124069 0.31764371381306866 0.5109853184449958 0.32152088502894954 0.5094344499586435 0.324881100082713 0.5078835814722911 0.327724358974359 0.5058157568238213 0.33030913978494625 0.5027140198511166 0.3308260959470637 0.5003877171215881 0.3316015301902399 0.4975444582299421 0.3328939205955335 0.49366728701406115 0.3347032671629446 0.4915994623655914 0.335220223325062 0.48953163771712155 0.335220223325062 0.4874638130686518 0.3347032671629446 0.48487903225806456 0.33315239867659224 0.482552729528536 0.332376964433416 0.47660773366418524 0.33056761786600497 0.47453990901571547 0.32720740281224153
1 0.3367710918114144 0.28610938792390406 0.34478391232423494 0.28119830438378823 0.34711021505376344 0.2806813482216708 0.3517628205128205 0.2801643920595534 0.35563999172870137 0.2806813482216708 0.36003411910669975 0.281456782464847 0.3641697684036394 0.2827491728701406 0.3685638957816377 0.2840415632754343 0.3724410669975186 0.2853339536807279 0.3763182382133995 0.28740177832919767 0.37967845326716293 0.2894696029776675 0.3822632340777502 0.29127894954507855 0.38381410256410253 0.2933467741935484 0.3848480148883375 0.29593155500413565 0.38588192721257236 0.2977409015715467 0.38433105872622 0.2982578577336642 0.38407258064516125 0.29955024813895786 0.3851064929693962 0.3021350289495451 0.38588192721257236 0.30368589743589747 0.38691583953680725 0.3062706782464847 0.38743279569892475 0.30833850289495446 0.38794975186104214 0.310664805624483 0.38794975186104214 0.31299110835401156 0.3866573614557485 0.3160928453267163 0.3848480148883375 0.31867762613730355 0.38329714640198514 0.3194530603804797 0.3817462779156327 0.32048697270471466 0.3820047559966915 0.3241056658395368 0.3820047559966915 0.32643196856906537 0.3804538875103391 0.327724358974359 0.3778691066997518 0.32979218362282875 0.37476736972704716 0.3310845740281224 0.3685638957816377 0.332376964433416 0.3639112903225807 0.3328939205955335 0.359775641025641 0.33341087675765096 0.3566739040529363 0.3336693548387097 0.3520212985938792 0.3328939205955335 0.346593258891646 0.33134305210918114 0.34142369727047145 0.32927522746071136 0.33444478908188585 0.32513957816377176 0.3321184863523573 0.3222963192721257 0.33030913978494625 0.31867762613730355 0.32875827129859386 0.3148004549214226 0.3282413151364764 0.31273263027295284 0.3279828370554177 0.3093724152191894 0.32901674937965264 0.306012200165426 0.3295337055417701 0.3026519851116625 0.33056761786600497 0.3005841604631927 0.3316015301902399 0.2967069892473118 0.33263544251447474 0.2936052522746071 0.33418631100082713 0.29127894954507855
1 0.39156844499586435 0.22433312655086848 0.39337779156327546 0.21399400330851942 0.39467018196856907 0.21140922249793218 0.39596257237386273 0.20934139784946237 0.39751344086021506 0.20753205128205127 0.40164909015715466 0.20365488006617039 0.40449234904880066 0.2010700992555831 0.4073356079404466 0.19926075268817206 0.4119882133995037 0.1977098842018197 0.4168992969396195 0.19745140612076098 0.42000103391232424 0.1977098842018197 0.4236197270471464 0.19951923076923078 0.42620450785773367 0.2010700992555831 0.4285308105872622 0.2046887923904053 0.430598635235732 0.20934139784946237 0.4316325475599669 0.21218465674110837 0.4326664598842018 0.21632030603804797 0.43395885028949543 0.22045595533498757 0.4344758064516129 0.22407464846980976 0.4344758064516129 0.22769334160463195 0.433441894127378 0.23053660049627792 0.4321495037220844 0.23260442514474772 0.43008167907361455 0.23570616211745243 0.4274968982630273 0.23880789909015715 0.42413668320926384 0.2419096360628619 0.4205179900744417 0.24578680727874277 0.4161238626964433 0.24863006617038874 0.4114712572373863 0.2509563688999173 0.4078525641025641 0.25173180314309346 0.40423387096774194 0.2519902812241522 0.40035669975186106 0.2509563688999173 0.3982888751033912 0.24992245657568238 0.39570409429280395 0.2473376757650951 0.3944117038875103 0.2442359387923904 0.3936362696443342 0.24061724565756826 0.3920854011579818 0.23648159636062863 0.39079301075268813 0.2331213813068652 0.390017576509512 0.22898573200992559
1 0.3349617452440033 0.20210401157981803 0.3398728287841191 0.20753205128205127 0.3411652191894127 0.210633788254756 0.34168217535153017 0.2145109594706369 0.3424576095947064 0.21916356492969397 0.3429745657568238 0.22381617038875104 0.34323304383788256 0.22821029776674936 0.3434915219189413 0.232345947063689 0.34271608767576506 0.23932485525227462 0.34142369727047145 0.24165115798180314 0.3388389164598842 0.2442359387923904 0.3365126137303556 0.2460452853598015 0.3339278329197684 0.24759615384615385 0.3282413151364764 0.2501809346567411 0.32436414392059554 0.25069789081885857 0.32177936311000827 0.2509563688999173 0.31867762613730355 0.24966397849462366 0.31583436724565755 0.2481131100082713 0.3137665425971878 0.24552832919768403 0.3119571960297767 0.2432020264681555 0.3096308933002481 0.23984181141439206 0.30756306865177835 0.23751550868486354 0.3052367659222498 0.23570616211745243 0.30394437551695613 0.2341552936311001 0.3023935070306038 0.23157051282051283 0.3023935070306038 0.23079507857733664 0.2982578577336642 0.22304073614557485 0.2977409015715467 0.21787117452440033 0.297482423490488 0.21476943755169564 0.2972239454094293 0.210633788254756 0.297482423490488 0.20727357320099257 0.29877481389578164 0.20391335814722913 0.29980872622001653 0.20029466501240695 0.3018765508684863 0.19667597187758482 0.30368589743589747 0.19409119106699751 0.3062706782464847 0.19073097601323408 0.30833850289495446 0.188921629445823 0.3111817617866005 0.1878877171215881 0.3137665425971878 0.18762923904052936 0.3173852357320099 0.18762923904052936 0.32152088502894954 0.18840467328370555 0.324881100082713 0.19047249793217536 0.3269489247311828 0.19279880066170388 0.32901674937965264 0.19538358147229115 0.3308260959470637 0.1977098842018197
1 0.7105303970223324 0.3732165012406948 0.700708229942101 0.37967845326716293 0.6973480148883375 0.38071236559139787 0.6885597601323408 0.3825217121588089 0.6841656327543425 0.38381410256410253 0.6802884615384616 0.3851064929693962 0.6771867245657569 0.3861404052936311 0.673309553349876 0.3866573614557485 0.669432382133995 0.38562344913151364 0.6658136889991729 0.38458953680727875 0.6629704301075269 0.38355562448304387 0.659093258891646 0.3820047559966915 0.65625 0.3809708436724566 0.6541821753515303 0.37967845326716293 0.6526313068651779 0.3781275847808106 0.6518558726220017 0.3755428039702233 0.6518558726220017 0.37295802315963605 0.6518558726220017 0.3690808519437552 0.6523728287841191 0.36572063688999173 0.6536652191894128 0.3621019437551695 0.6552160876757651 0.35874172870140614 0.6575423904052936 0.35615694789081886 0.6601271712158809 0.3538306451612903 0.6634873862696443 0.3517628205128205 0.6665891232423491 0.3507289081885856 0.6717586848635235 0.3491780397022332 0.6779621588089331 0.34711021505376344 0.6823562861869313 0.34581782464846983 0.6872673697270472 0.3445254342431762 0.6908860628618694 0.3440084780810587 0.6968310587262201 0.3445254342431762 0.700708229942101 0.3450423904052936 0.7048438792390406 0.34581782464846983 0.7084625723738628 0.34736869313482216 0.7115643093465674 0.34943651778329193 0.7144075682382134 0.3517628205128205 0.7159584367245658 0.35434760132340776 0.7172508271298594 0.35770781637717125 0.7177677832919769 0.36106803143093463 0.7172508271298594 0.3639112903225807 0.7162169148056245 0.36727150537634407 0.7141490901571548 0.37063172043010756
1 0.6187706782464847 0.4106958229942101 0.6275589330024814 0.40707712985938793 0.6332454507857734 0.4039753928866832 0.6360887096774194 0.40294148056244833 0.6389319685690654 0.4026830024813896 0.6425506617038875 0.4026830024813896 0.6459108767576509 0.4034584367245657 0.6495295698924732 0.40449234904880066 0.6531482630272953 0.406043217535153 0.6570254342431762 0.40836952026468154 0.6598686931348222 0.4109543010752688 0.6621949958643507 0.41328060380479736 0.6642628205128206 0.4150899503722084 0.6665891232423491 0.41793320926385447 0.6686569478908189 0.42206885856079407 0.6704662944582299 0.42568755169561623 0.6712417287014062 0.42878928866832094 0.6715002067824649 0.433441894127378 0.6707247725392887 0.4378360215053763 0.6691739040529363 0.44145471464019853 0.6681399917287014 0.44429797353184447 0.6665891232423491 0.446624276261373 0.664779776674938 0.449467535153019 0.6634873862696443 0.45101840363937135 0.6616780397022333 0.45282775020678245 0.6596102150537635 0.4548955748552522 0.6565084780810587 0.4564464433416046 0.6510804383788255 0.4577388337468982 0.6466863110008272 0.4577388337468982 0.6422921836228288 0.4572218775847808 0.6386734904880066 0.4564464433416046 0.6342793631100083 0.45515405293631095 0.6309191480562448 0.45282775020678245 0.6273004549214227 0.4505014474772539 0.6244571960297767 0.4481751447477254 0.6221308933002482 0.44559036393713813 0.6200630686517783 0.4424886269644334 0.6185122001654261 0.43912841191067 0.6172198097601325 0.4352512406947891 0.6167028535980149 0.42930624483043833 0.6164443755169562 0.42310277088502896 0.6161858974358975 0.4197425558312655 0.6161858974358975 0.4148314722911497
1 0.5241677005789909 0.4915994623655914 0.5283033498759305 0.4828112076095947 0.5298542183622829 0.47970947063689 0.5321805210918114 0.47686621174524396 0.5347653019023987 0.4742814309346567 0.537350082712986 0.47273056244830436 0.540193341604632 0.47195512820512825 0.5438120347394542 0.4706627377998346 0.5484646401985113 0.4691118693134822 0.5507909429280397 0.4688533912324235 0.5536342018196857 0.4688533912324235 0.5577698511166254 0.469370347394541 0.5608715880893301 0.4704042597187758 0.5642318031430935 0.47143817204301075 0.5688844086021505 0.47324751861042186 0.5719861455748554 0.4747983870967742 0.5748294044665012 0.4776416459884202 0.5766387510339123 0.48074338296112484 0.5781896195202647 0.48487903225806456 0.5789650537634409 0.48979011579818027 0.5792235318444996 0.49418424317617865 0.5797404880066171 0.4993538047973532 0.5799989660876758 0.5047818444995864 0.5784480976013235 0.5089174937965261 0.5768972291149711 0.5122777088502894 0.57508788254756 0.5156379239040529 0.5727615798180314 0.5200320512820513 0.5701767990074441 0.5239092224979321 0.5686259305210919 0.5270109594706368 0.5662996277915633 0.530629652605459 0.564748759305211 0.5332144334160464 0.5629394127377999 0.5357992142266337 0.5608715880893301 0.5383839950372209 0.5575113730355666 0.5396763854425146 0.5549265922249794 0.5404518196856907 0.5518248552522746 0.5417442100909843 0.5474307278742764 0.5427781224152193 0.5438120347394542 0.5432950785773367 0.5394179073614558 0.5438120347394542 0.5376085607940447 0.5435535566583954 0.5342483457402812 0.5425196443341604 0.5308881306865177 0.5412272539288668 0.528820306038048 0.5404518196856907 0.5267524813895782 0.5378670388751033 0.5252016129032258 0.5350237799834575 0.5233922663358147 0.5316635649296939 0.5220998759305211 0.5280448717948718 0.5213244416873449 0.5246846567411083 0.5205490074441687 0.5208074855252274 0.5200320512820513 0.517447270471464 0.519256617038875 0.5130531430934656 0.519256617038875 0.5096929280397022 0.52029052936311 0.5047818444995864 0.5218413978494624 0.4996122828784119 0.523133788254756 0.4962520678246484
1 0.36106803143093463 0.554409636062862 0.36236042183622824 0.5453629032258065 0.3633943341604632 0.5414857320099257 0.3639112903225807 0.5383839950372209 0.3649452026468155 0.5350237799834575 0.3664960711331679 0.5321805210918114 0.368305417700579 0.5293372622001654 0.37037324234904884 0.5267524813895782 0.3734749793217535 0.5241677005789909 0.376835194375517 0.5226168320926385 0.3820047559966915 0.5215829197684037 0.3861404052936311 0.5210659636062862 0.39079301075268813 0.5213244416873449 0.3936362696443342 0.5220998759305211 0.39673800661703884 0.5233922663358147 0.3990643093465674 0.524943134822167 0.40139061207609594 0.5270109594706368 0.403199958643507 0.5308881306865177 0.4037169148056245 0.5342483457402812 0.40449234904880066 0.5389009511993383 0.4052677832919768 0.5443289909015715 0.40552626137303555 0.5500155086848636 0.40552626137303555 0.5546681141439206 0.4052677832919768 0.5598376757650951 0.4047508271298594 0.5642318031430935 0.4034584367245657 0.5681089743589745 0.4021660463192721 0.5714691894127378 0.4006151778329198 0.5748294044665012 0.39880583126550867 0.577931141439206 0.3964795285359802 0.5802574441687346 0.39467018196856907 0.5812913564929694 0.3920854011579818 0.5812913564929694 0.3897590984284533 0.5812913564929694 0.387174317617866 0.580774400330852 0.38355562448304387 0.5799989660876758 0.37993693134822165 0.5787065756823822 0.37605976013234077 0.5771557071960298 0.3724410669975186 0.5753463606286187 0.3695978081058726 0.573278535980149 0.3667545492142266 0.5696598428453268 0.36442824648469807 0.5660411497105046 0.36313585607940446 0.5626809346567412 0.3621019437551695 0.5590622415219191
1 0.5725031017369727 0.5841346153846154 0.5735370140612076 0.5825837468982631 0.5748294044665012 0.580774400330852 0.5768972291149711 0.5794820099255583 0.5789650537634409 0.5789650537634409 0.5812913564929694 0.5789650537634409 0.5846515715467329 0.5787065756823822 0.58930417700579 0.577931141439206 0.5918889578163772 0.577931141439206 0.5942152605459057 0.5787065756823822 0.5962830851943756 0.5802574441687346 0.5983509098428453 0.5823252688172044 0.6001602564102565 0.5849100496277917 0.6017111248966088 0.588270264681555 0.6027450372208437 0.5918889578163772 0.6032619933829612 0.5947322167080231 0.6037789495450786 0.5983509098428453 0.6037789495450786 0.6030035153019024 0.6035204714640199 0.6073976426799008 0.6024865591397849 0.6115332919768404 0.6014526468155501 0.6151519851116626 0.5993848221670802 0.6203215467328371 0.5970585194375517 0.624198717948718 0.5947322167080231 0.6280758891645989 0.5934398263027295 0.6306606699751861 0.5916304797353185 0.6332454507857734 0.5898211331679074 0.6366056658395369 0.5877533085194375 0.6391904466501241 0.585427005789909 0.6415167493796526 0.5818083126550868 0.6430676178660051 0.5774141852770885 0.6446184863523573 0.5712107113316791 0.6451354425144749 0.5675920181968569 0.6448769644334161 0.5642318031430935 0.6435845740281224 0.5613885442514476 0.6420337055417701 0.5593207196029777 0.6407413151364765 0.5564774607113318 0.6389319685690654 0.5549265922249794 0.6363471877584781 0.554409636062862 0.6329869727047146 0.5541511579818031 0.6296267576509512 0.554409636062862 0.6265250206782464 0.5551850703060381 0.624198717948718 0.5564774607113318 0.6231648056244831 0.5569944168734492 0.6210969809760133 0.5572528949545078 0.6174782878411911 0.5577698511166254 0.6143765508684864 0.5590622415219191 0.6112748138957816 0.5603546319272127 0.6084315550041357 0.5613885442514476 0.6053298180314309 0.5626809346567412 0.6019696029776676 0.563714846980976 0.5988678660049628 0.5650072373862697 0.5957661290322581 0.5668165839536808 0.5924059139784946 0.5686259305210919 0.58930417700579 0.5709522332506204 0.5864609181141439
1 0.6810638957816377 0.6549576095947064 0.6753773779983459 0.6619365177832921 0.6722756410256411 0.6650382547559968 0.669432382133995 0.6660721670802316 0.6658136889991729 0.6665891232423491 0.6621949958643507 0.6665891232423491 0.6575423904052936 0.6658136889991729 0.6536652191894128 0.664779776674938 0.6508219602977668 0.6629704301075269 0.6479787014061208 0.6603856492969397 0.6459108767576509 0.6565084780810587 0.6453939205955336 0.6526313068651779 0.6453939205955336 0.6490126137303558 0.6453939205955336 0.6459108767576509 0.6453939205955336 0.6422921836228288 0.6453939205955336 0.6391904466501241 0.6456523986765923 0.6358302315963607 0.6459108767576509 0.6332454507857734 0.6461693548387097 0.6301437138130688 0.6464278329197685 0.6267834987593053 0.6472032671629446 0.6229063275434243 0.6484956575682382 0.6200630686517783 0.6497880479735318 0.6169613316790736 0.6510804383788255 0.6146350289495451 0.6531482630272953 0.6117917700578991 0.6552160876757651 0.6086900330851944 0.6570254342431762 0.6063637303556658 0.6583178246484699 0.6045543837882548 0.6609026054590571 0.6024865591397849 0.6632289081885857 0.6009356906534327 0.6658136889991729 0.6001602564102565 0.669432382133995 0.599643300248139 0.6730510752688172 0.599643300248139 0.6771867245657569 0.599643300248139 0.6797715053763441 0.599643300248139 0.6823562861869313 0.599643300248139 0.6844241108354012 0.6004187344913152 0.6885597601323408 0.6006772125723738 0.691144540942928 0.6006772125723738 0.6932123655913979 0.6017111248966088 0.6950217121588089 0.6032619933829612 0.6965725806451614 0.6058467741935484 0.6973480148883375 0.6084315550041357 0.697864971050455 0.6123087262200165 0.6981234491315137 0.6172198097601325 0.6981234491315137 0.6223893713813069 0.6968310587262201 0.6273004549214227 0.6952801902398676 0.6306606699751861 0.6934708436724566 0.6342793631100083 0.6916614971050455 0.637381100082713 0.6895936724565758 0.6409997932175352 0.6877843258891647 0.6443600082712987 0.6862334574028123 0.6469447890818859 0.6844241108354012 0.6497880479735318
1 0.46368382961124893 0.6609026054590571 0.46575165425971876 0.6583178246484699 0.4680779569892473 0.65625 0.4709212158808933 0.6552160876757651 0.4747983870967742 0.6549576095947064 0.4776416459884202 0.6552160876757651 0.48126033912324234 0.6559915219189414 0.48539598842018195 0.657283912324235 0.48849772539288666 0.6580593465674112 0.4921164185277088 0.6588347808105872 0.4949596774193548 0.659093258891646 0.49831989247311825 0.6601271712158809 0.5006461952026469 0.6616780397022333 0.5029724979321754 0.6637458643507032 0.5050403225806451 0.6658136889991729 0.5076251033912323 0.6686569478908189 0.5096929280397022 0.6712417287014062 0.5109853184449958 0.6740849875930521 0.5125361869313482 0.6774452026468156 0.5140870554177005 0.680805417700579 0.5153794458229942 0.6844241108354012 0.5161548800661704 0.6877843258891647 0.5169303143093466 0.6903691066997519 0.5169303143093466 0.6937293217535153 0.5153794458229942 0.6973480148883375 0.514604011579818 0.699674317617866 0.5138285773366419 0.7030345326716295 0.5125361869313482 0.7058777915632756 0.5104683622828784 0.7076871381306866 0.5058157568238213 0.71104735318445 0.5021970636889992 0.7128566997518611 0.49806141439205953 0.7131151778329198 0.49315033085194376 0.7123397435897437 0.48901468155500416 0.7107888751033913 0.4838451199338296 0.7089795285359802 0.4789340363937138 0.7066532258064516 0.47557382133995035 0.7045854011579818 0.4729890405293631 0.7027760545905707 0.4688533912324235 0.6994158395368074 0.4660101323407775 0.6965725806451614 0.46368382961124893 0.6924369313482217 0.4623914392059553 0.6875258478081059 0.4618744830438379 0.6846825889164598 0.460840570719603 0.6820978081058726 0.4603236145574855 0.6784791149710505 0.46058209263854427 0.6743434656741109 0.460840570719603 0.6707247725392887 0.4621329611248966 0.6663306451612904
1 0.34555934656741105 0.680805417700579 0.3434915219189413 0.6769282464846981 0.3424576095947064 0.6740849875930521 0.34142369727047145 0.6709832506203475 0.3411652191894127 0.6671060794044666 0.3411652191894127 0.6632289081885857 0.34168217535153017 0.6598686931348222 0.34375 0.6549576095947064 0.3463347808105873 0.6513389164598843 0.34995347394540943 0.6484956575682382 0.3546060794044665 0.6466863110008272 0.3595171629445823 0.6464278329197685 0.36701302729528534 0.6479787014061208 0.37114867659222495 0.6497880479735318 0.37399193548387094 0.6513389164598843 0.3776106286186931 0.6534067411083541 0.38071236559139787 0.6549576095947064 0.38303866832092637 0.6567669561621176 0.38562344913151364 0.6596102150537635 0.387174317617866 0.6621949958643507 0.38846670802315963 0.6660721670802316 0.3892421422663358 0.6709832506203475 0.3889836641852771 0.6753773779983459 0.38743279569892475 0.6779621588089331 0.38458953680727875 0.6802884615384616 0.3801954094292804 0.6833901985111662 0.37580128205128205 0.6854580231596361 0.37295802315963605 0.6864919354838711 0.3690808519437552 0.6875258478081059 0.365462158808933 0.6877843258891647 0.3608095533498759 0.6875258478081059 0.3579662944582299 0.6872673697270472 0.3546060794044665 0.6862334574028123 0.35150434243176176 0.6846825889164598 0.34891956162117455 0.6831317204301076
1 0.44274710504549214 0.7906586021505377 0.4357681968569065 0.7829042597187759 0.43421732837055416 0.7800610008271299 0.43292493796526055 0.7767007857733664 0.4318910256410256 0.7733405707196029 0.4316325475599669 0.7692049214226634 0.4318910256410256 0.764810794044665 0.4324079818031431 0.7614505789909016 0.43395885028949543 0.7583488420181969 0.4357681968569065 0.7560225392886684 0.43835297766749376 0.7542131927212573 0.44016232423490487 0.7531792803970223 0.44300558312655086 0.7526623242349049 0.4463657981803143 0.7524038461538463 0.449467535153019 0.7524038461538463 0.45282775020678245 0.7531792803970223 0.45696339950372206 0.7549886269644335 0.4610990488006617 0.7567979735318445 0.4654931761786601 0.7593827543424319 0.46781947890818854 0.7617090570719603 0.4706627377998346 0.7645523159636063 0.47324751861042186 0.7673955748552522 0.47609077750206785 0.7699803556658396 0.4784170802315964 0.7725651364764268 0.4810018610421836 0.7759253515301903 0.4835866418527709 0.7805779569892474 0.48539598842018195 0.7852305624483045 0.4859129445822994 0.7914340363937138 0.48487903225806456 0.7960866418527709 0.482552729528536 0.8002222911497106 0.4789340363937138 0.8020316377171216 0.4737644747725393 0.8020316377171216 0.4680779569892473 0.8015146815550042 0.460840570719603 0.7999638130686518 0.45386166253101734 0.7973790322580645 0.44998449131513646 0.7958281637717123 0.44559036393713813 0.793243382961125
1 0.41250516956162114 0.8798335401157983 0.41121277915632753 0.8775072373862697 0.41043734491315137 0.8731131100082713 0.41043734491315137 0.8694944168734492 0.4106958229942101 0.8643248552522746 0.4109543010752688 0.8612231182795699 0.41121277915632753 0.8578629032258065 0.4114712572373863 0.8545026881720431 0.4122466914805624 0.8516594292803971 0.41328060380479736 0.8475237799834575 0.41431451612903225 0.8446805210918115 0.4156069065343259 0.8415787841191068 0.41741625310173697 0.838477047146402 0.4194840777502068 0.8351168320926387 0.42181038047973535 0.8325320512820513 0.4243951612903226 0.8299472704714641 0.42723842018196856 0.8278794458229942 0.42930624483043833 0.8263285773366419 0.4331834160463192 0.8247777088502896 0.436285153019024 0.8242607526881721 0.44093775847808103 0.8240022746071134 0.4453318858560794 0.8250361869313482 0.4492090570719603 0.8265870554177006 0.4533447063688999 0.828137923904053 0.4574803556658395 0.8296887923904053 0.46058209263854427 0.8309811827956989 0.46445926385442515 0.83279052936311 0.46730252274607115 0.8343413978494624 0.4701457816377171 0.8366677005789909 0.47273056244830436 0.8389940033085195 0.4737644747725393 0.8426126964433416 0.474022952853598 0.84700682382134 0.474022952853598 0.8508839950372208 0.4737644747725393 0.8565705128205129 0.47324751861042186 0.8604476840363938 0.47247208436724564 0.8663926799007444 0.47117969396195203 0.8713037634408602 0.4696288254755997 0.8749224565756824 0.4680779569892473 0.8787996277915633 0.4654931761786601 0.8837107113316791 0.46290839536807277 0.88758788254756 0.45954818031430933 0.8917235318444996 0.4554125310173697 0.8950837468982631 0.4505014474772539 0.8968930934656741 0.4473997105045492 0.8968930934656741 0.44300558312655086 0.8958591811414393 0.43990384615384615 0.8948252688172043 0.436285153019024 0.893274400330852 0.43111559139784944 0.8912065756823822 0.42723842018196856 0.8896557071960297 0.42310277088502896 0.8878463606286187 0.4205179900744417 0.886553970223325 0.41741625310173697 0.8837107113316791
1 0.30316894127377997 0.8317566170388752 0.30006720430107525 0.8291718362282878 0.2977409015715467 0.8276209677419355 0.29619003308519437 0.827104011579818 0.2930882961124897 0.825294665012407 0.29127894954507855 0.8221929280397023 0.29050351530190244 0.8180572787427626 0.29050351530190244 0.8136631513647643 0.29076199338296116 0.8097859801488834 0.29179590570719605 0.8061672870140613 0.29412220843672454 0.8020316377171216 0.2956730769230769 0.7991883788254756 0.2985163358147229 0.7955696856906534 0.3005841604631927 0.7937603391232424 0.30368589743589747 0.7914340363937138 0.3073045905707196 0.7891077336641853 0.3104063275434243 0.7870399090157155 0.3137665425971878 0.7854890405293631 0.3184191480562448 0.783679693961952 0.3225547973531845 0.7821288254755997 0.327724358974359 0.7805779569892474 0.33056761786600497 0.7803194789081885 0.3349617452440033 0.7808364350703061 0.33806348221670807 0.781870347394541 0.340906741108354 0.7834212158808934 0.34375 0.7870399090157155 0.3468517369727047 0.7901416459884202 0.34995347394540943 0.7927264267990074 0.3535721670802316 0.795052729528536 0.35693238213399503 0.7971205541770059 0.36003411910669975 0.7994468569065344 0.36236042183622824 0.8020316377171216 0.3641697684036394 0.8066842431761787 0.3652036807278743 0.8110783705541771 0.3641697684036394 0.8149555417700579 0.36184346567411085 0.8193496691480563 0.35900020678246486 0.823485318444996 0.35150434243176176 0.8289133581472291 0.3406482630272953 0.8348583540115798 0.33599565756823824 0.8371846567411084 0.3310845740281224 0.8392524813895782 0.32720740281224153 0.8402863937138131 0.3233302315963606 0.8402863937138131 0.319194582299421 0.8400279156327544 0.31583436724565755 0.8395109594706369 0.31273263027295284 0.8387355252274608 0.310664805624483 0.8382185690653433 0.30833850289495446 0.8371846567411084 0.3052367659222498 0.8351168320926387
1 0.613859594706369 0.8180572787427626 0.6125672043010754 0.8149555417700579 0.6110163358147229 0.8108198924731183 0.6104993796526055 0.8069427212572374 0.6102409015715468 0.8028070719602979 0.6102409015715468 0.7989299007444169 0.6107578577336643 0.7953112076095947 0.6125672043010754 0.7909170802315963 0.6143765508684864 0.7878153432588917 0.6177367659222498 0.784713606286187 0.621355459057072 0.7829042597187759 0.6278174110835402 0.7813533912324235 0.6311776261373035 0.7810949131513648 0.6350547973531845 0.7813533912324235 0.6381565343258891 0.7826457816377171 0.6420337055417701 0.7852305624483045 0.6459108767576509 0.7888492555831266 0.6484956575682382 0.7911755583126552 0.6508219602977668 0.7940188172043011 0.6539236972704715 0.7986714226633581 0.657283912324235 0.803582506203474 0.6601271712158809 0.8077181555004136 0.6629704301075269 0.8131461952026469 0.6660721670802316 0.8203835814722912 0.667623035566584 0.8247777088502896 0.6689154259718777 0.8312396608767577 0.6696908602150539 0.8371846567411084 0.6696908602150539 0.8420957402812241 0.6702078163771713 0.8464898676592225 0.6702078163771713 0.8501085607940447 0.6696908602150539 0.8542442100909843 0.6689154259718777 0.8578629032258065 0.6681399917287014 0.8617400744416874 0.6658136889991729 0.8651002894954508 0.6627119520264682 0.8679435483870968 0.6585763027295286 0.8707868072787428 0.6541821753515303 0.8731131100082713 0.6510804383788255 0.8736300661703887 0.6479787014061208 0.8736300661703887 0.6459108767576509 0.8725961538461539 0.6430676178660051 0.8707868072787428 0.640224358974359 0.867685070306038 0.6368641439205955 0.8643248552522746 0.6332454507857734 0.8604476840363938 0.6293682795698925 0.8563120347394542 0.6254911083540117 0.8511424731182796 0.6231648056244831 0.8462313895781638 0.6223893713813069 0.8426126964433416 0.621355459057072 0.8387355252274608 0.6200630686517783 0.8361507444168734 0.6187706782464847 0.8330490074441688 0.6177367659222498 0.8309811827956989 0.6164443755169562 0.8278794458229942 0.6151519851116626 0.823485318444996
1 0.5668165839536808 0.7717897022332507 0.5712107113316791 0.7658447063689 0.573278535980149 0.7624844913151365 0.5758633167907362 0.7598997105045492 0.5792235318444996 0.7570564516129032 0.5825837468982631 0.7552471050454922 0.5872363523573202 0.753437758478081 0.591113523573201 0.7521453680727874 0.5942152605459057 0.75162841191067 0.5970585194375517 0.7513699338296113 0.6006772125723738 0.75162841191067 0.6040374276261373 0.7529208023159637 0.607139164598842 0.7549886269644335 0.609982423490488 0.7580903639371381 0.6123087262200165 0.7614505789909016 0.613859594706369 0.7650692721257237 0.6146350289495451 0.7694633995037221 0.6141180727874276 0.7735990488006618 0.6123087262200165 0.7777346980976013 0.6110163358147229 0.7826457816377171 0.6092069892473119 0.7870399090157155 0.607139164598842 0.7906586021505377 0.6042959057071962 0.7945357733664186 0.6024865591397849 0.7973790322580645 0.5993848221670802 0.7999638130686518 0.5929228701406121 0.8020316377171216 0.5874948304383789 0.8030655500413565 0.5831007030603804 0.803582506203474 0.5781896195202647 0.803582506203474 0.5743124483043839 0.803582506203474 0.5714691894127378 0.8033240281224152 0.5691428866832093 0.8020316377171216 0.5668165839536808 0.8002222911497106 0.564748759305211 0.7986714226633581 0.5626809346567412 0.7963451199338297 0.5619055004135649 0.7945357733664186 0.5613885442514476 0.7914340363937138 0.5613885442514476 0.7880738213399504 0.5613885442514476 0.7849720843672456 0.5619055004135649 0.7803194789081885 0.5634563688999173 0.7777346980976013 0.5650072373862697 0.7743744830438379
1 0.7418062448304384 0.9462624069478909 0.7337934243176178 0.9434191480562448 0.7301747311827957 0.9400589330024814 0.7260390818858561 0.9351478494623656 0.7239712572373863 0.9315291563275435 0.722420388751034 0.9268765508684864 0.7208695202646815 0.9227409015715468 0.7195771298593879 0.9183467741935484 0.7182847394540943 0.9129187344913151 0.7169923490488006 0.907490694789082 0.7159584367245658 0.9023211331679074 0.7164753928866833 0.8940498345740282 0.718543217535153 0.8862954921422664 0.722420388751034 0.879058105872622 0.7314671215880894 0.8671681141439206 0.7353442928039703 0.8635494210090985 0.741289288668321 0.8627739867659223 0.7474927626137303 0.8632909429280397 0.7518868899917287 0.8666511579818031 0.7555055831265509 0.8707868072787428 0.759124276261373 0.879058105872622 0.7617090570719603 0.8844861455748553 0.7635184036393714 0.8906896195202647 0.7650692721257237 0.8950837468982631 0.7661031844499586 0.8992193961952027 0.7671370967741936 0.9041304797353185 0.7681710090984285 0.9087830851943756 0.7684294871794872 0.9126602564102565 0.7689464433416047 0.9173128618693135 0.7694633995037221 0.9217069892473119 0.7697218775847808 0.9273935070306039 0.7697218775847808 0.9323045905707197 0.7679125310173698 0.936698717948718 0.7661031844499586 0.9408343672456575 0.7642938378825476 0.9439361042183624 0.7598997105045492 0.9467793631100083 0.7542131927212573 0.9478132754342432 0.7493021091811414 0.9483302315963607
1 0.7679727979274612 0.4527741796200345 0.7701316925734024 0.4430591537132988 0.7747193436960277 0.4330742659758204 0.7790371329879103 0.4265975820379965 0.7874028497409327 0.42120034542314333 0.801435664939551 0.4209304835924007 0.8092616580310882 0.4236291018998273 0.8162780656303973 0.4328044041450777 0.818976683937824 0.44548791018998274 0.8149287564766841 0.4592508635578583 0.8068329015544042 0.47328367875647664 0.8011658031088084 0.48083981001727116 0.7936096718480139 0.48137953367875647 0.7860535405872194 0.4819192573402418 0.7771481001727116 0.4789507772020725 0.775259067357513 0.47463298791019 0.7706714162348879 0.4657275474956822
1 0.8146588946459413 0.32135146804835923 0.8216753022452504 0.31568436960276336 0.8254533678756477 0.31379533678756477 0.8308506044905009 0.3116364421416235 0.8351683937823835 0.3108268566493955 0.8413752158894646 0.3105569948186528 0.8508203799654577 0.3110967184801382 0.8564874784110537 0.3121761658031088 0.8629641623488774 0.31460492227979275 0.8694408462867014 0.3178432642487046 0.8740284974093265 0.3210816062176166 0.8778065630397237 0.3235103626943005 0.8802353195164077 0.32674870466321243 0.8810449050086356 0.33268566493955093 0.8810449050086356 0.33781303972366145 0.8783462867012091 0.3434801381692573 0.8759175302245251 0.34725820379965455 0.8721394645941278 0.3494170984455958 0.8670120898100174 0.35157599309153714 0.8597258203799656 0.3537348877374784 0.8497409326424871 0.354814335060449 0.8416450777202072 0.3550841968911917 0.8357081174438687 0.3540047495682211 0.8295012953367876 0.35211571675302245 0.8243739205526771 0.35049654576856654 0.8219451640759932 0.3499568221070811 0.8154684801381694 0.34671848013816925 0.8100712435233162 0.3345746977547496 0.8119602763385146 0.32512953367875647
1 0.8405656303972366 0.5939119170984456 0.8408354922279794 0.5793393782383419 0.8425925925925927 0.5731481481481481 0.8454231433506045 0.5685449050086356 0.85 0.562962962962963 0.8572970639032816 0.5547819516407599 0.8683613989637305 0.5480354058721935 0.875925925925926 0.5449074074074074 0.8821243523316064 0.5439874784110537 0.8875215889464595 0.5472258203799655 0.8904900690846288 0.558020293609672 0.8918393782383421 0.5761010362694301 0.8902202072538861 0.5887845423143351 0.8861722797927462 0.5984995682210709 0.8810449050086356 0.6065954231433506 0.8724093264248706 0.6117227979274612 0.8616148531951641 0.6155008635578585 0.853788860103627 0.6160405872193437 0.8454231433506045 0.6119926597582039 0.8424546632124353 0.6020077720207254
1 0.7585276338514682 0.7687823834196892 0.7525906735751295 0.7628454231433507 0.7480030224525044 0.7512413644214163 0.7477331606217616 0.7463838514680484 0.7501619170984456 0.7390975820379967 0.7523208117443869 0.7342400690846288 0.7558290155440415 0.7299222797927462 0.7601468048359241 0.7266839378238342 0.7647344559585493 0.7250647668393783 0.775259067357513 0.723715457685665 0.7836247841105355 0.7242551813471503 0.7882124352331608 0.7256044905008636 0.7944192573402418 0.7291126943005182 0.7990069084628671 0.7328907599309155 0.8025151122625217 0.7380181347150259 0.8041342832469776 0.7428756476683938 0.8044041450777203 0.7480030224525044 0.8041342832469776 0.7528605354058723 0.802245250431779 0.7590673575129535 0.8000863557858378 0.7644645941278067 0.7973877374784111 0.7701316925734024 0.7928000863557859 0.7747193436960277 0.788752158894646 0.7774179620034543 0.7817357512953368 0.778497409326425 0.7771481001727116 0.7771481001727116 0.7706714162348879 0.775259067357513 0.7655440414507773 0.7733700345423143
1 0.7860535405872194 0.8591860967184801 0.7790371329879103 0.8564874784110537 0.776068652849741 0.852169689119171 0.7739097582037997 0.8475820379965459 0.7722905872193437 0.8413752158894646 0.7706714162348879 0.8348985319516409 0.7698618307426598 0.8286917098445596 0.7701316925734024 0.8222150259067358 0.7736398963730571 0.8168177892918825 0.7782275474956822 0.8125000000000001 0.7838946459412781 0.8098013816925734 0.7946891191709845 0.8084520725388601 0.8046740069084629 0.8087219343696028 0.8122301381692574 0.8119602763385146 0.8187068221070812 0.818976683937824 0.8214054404145078 0.8254533678756477 0.8227547495682211 0.8303108808290156 0.8227547495682211 0.8373272884283248 0.8211355785837652 0.8438039723661486 0.8195164075993092 0.8494710708117444 0.8160082037996547 0.8527094127806564 0.8119602763385146 0.8551381692573403 0.8071027633851469 0.8583765112262522 0.8017055267702936 0.8602655440414508 0.7949589810017271 0.8608052677029362 0.7890220207253886 0.8605354058721935
1 0.8443436960276339 0.9217940414507773 0.8467724525043179 0.9120790155440415 0.8481217616580312 0.9083009499136442 0.8508203799654577 0.903713298791019 0.8535189982728844 0.8991256476683939 0.8567573402417962 0.8937284110535406 0.8613449913644214 0.8867120034542315 0.8651230569948187 0.8850928324697755 0.8697107081174439 0.8853626943005182 0.8756476683937824 0.8896804835924007 0.8810449050086356 0.895077720207254 0.8869818652849742 0.9045228842832471 0.8912996545768567 0.9126187392055268 0.8923791018998274 0.919635146804836 0.8923791018998274 0.9280008635578585 0.8912996545768567 0.9369063039723662 0.8888708981001727 0.9444624352331608 0.8867120034542315 0.9514788428324699 0.8840133851468048 0.956876079447323 0.8815846286701209 0.9625431778929189 0.8788860103626944 0.9657815198618308 0.8751079447322971 0.9687500000000001 0.8691709844559586 0.9706390328151986 0.8662025043177893 0.9709088946459413 0.8465025906735751 0.9493199481865287 0.8438039723661486 0.9390651986183075 0.8438039723661486 0.9293501727115718
1 0.9428191489361701 0.5877659574468085 0.9379432624113474 0.5789007092198581 0.9379432624113474 0.5682624113475178 0.9476950354609929 0.5571808510638298 0.9618794326241135 0.5443262411347517 0.9667553191489361 0.5403368794326241 0.974290780141844 0.536790780141844 0.9791666666666666 0.5354609929078014 0.9835992907801417 0.537677304964539 0.9867021276595744 0.5452127659574467 0.988031914893617 0.552304964539007 0.9849290780141844 0.5598404255319149 0.9796099290780141 0.5687056737588653 0.9765070921985815 0.5749113475177304 0.974290780141844 0.5789007092198581 0.9694148936170212 0.5824468085106383 0.9658687943262411 0.5859929078014184 0.9587765957446808 0.588209219858156 0.9490248226950354 0.5895390070921986
1 0.07801418439716312 0.4104609929078014 0.07225177304964539 0.4055851063829787 0.07180851063829788 0.39140070921985815 0.07535460992907801 0.3825354609929078 0.07668439716312056 0.3745567375886525 0.08111702127659573 0.3674645390070922 0.08421985815602835 0.36391843971631205 0.09042553191489361 0.362145390070922 0.09751773049645389 0.3612588652482269 0.10460992907801418 0.3612588652482269 0.11436170212765956 0.3612588652482269 0.12234042553191489 0.362145390070922 0.12854609929078015 0.36391843971631205 0.13164893617021275 0.36657801418439717 0.13253546099290778 0.37145390070921985 0.13253546099290778 0.37810283687943264 0.13253546099290778 0.3856382978723404 0.12987588652482268 0.3874113475177305 0.125 0.39051418439716307 0.1201241134751773 0.3962765957446808 0.11702127659574467 0.401595744680851 0.1125886524822695 0.4055851063829787 0.10948581560283688 0.40735815602836883 0.10372340425531915 0.4091312056737589 0.09574468085106382 0.4109042553191489 0.08643617021276596 0.41134751773049644
1 0.21586879432624112 0.44104609929078015 0.22453703703703703 0.4351851851851852 0.23194444444444443 0.4337962962962963 0.237962962962963 0.4342592592592593 0.2449074074074074 0.43657407407407406 0.25 0.4439814814814815 0.25177304964539005 0.4490248226950354 0.24955673758865246 0.4570035460992907 0.24768518518518517 0.46342592592592596 0.2455673758865248 0.4725177304964539 0.2429078014184397 0.4800531914893617 0.2402482269503546 0.4849290780141844 0.2375886524822695 0.4906914893617021 0.23359929078014183 0.49689716312056736 0.22872340425531912 0.50177304964539 0.21897163120567376 0.5013297872340425 0.2078900709219858 0.4991134751773049 0.200354609929078 0.4951241134751773 0.19503546099290778 0.4844858156028369 0.19636524822695034 0.4782801418439716 0.200354609929078 0.4680851063829787 0.2034574468085106 0.4609929078014184 0.20567375886524822 0.4552304964539007 0.2078900709219858 0.45168439716312053 0.21143617021276595 0.44636524822695034
1 0.2317557803468208 0.39131743737957614 0.22453034682080922 0.38650048169556844 0.2185091522157996 0.3756623314065511 0.21640173410404623 0.36873795761079 0.21610067437379576 0.3633188824662813 0.21730491329479767 0.3563945086705203 0.22061657032755297 0.3458574181117534 0.22392822736030826 0.34043834296724473 0.22784200385356454 0.3353203275529866 0.23055154142581888 0.33321290944123316 0.23446531791907513 0.33200867052023125 0.23928227360308282 0.3311054913294798 0.24530346820809248 0.3305033718689788 0.2513246628131021 0.3308044315992293 0.2564426782273603 0.3338150289017341 0.26246387283236994 0.34164258188824664 0.26366811175337185 0.34886801541425816 0.2633670520231214 0.35669556840077077 0.2621628131021195 0.3642220616570328 0.2603564547206166 0.3702432562620424 0.25824903660886317 0.3753612716763006 0.2564426782273603 0.3789739884393064 0.2546363198458574 0.3816835260115607 0.2510236030828516 0.38439306358381503 0.2462066473988439 0.38770472061657035 0.24108863198458572 0.3892100192678228
1 0.08634393063583815 0.2799253371868979 0.08995664739884392 0.2720977842003854 0.09266618497109826 0.2660765895953757 0.09597784200385355 0.2585500963391137 0.0998916184971098 0.2510236030828516 0.10410645472061655 0.24861512524084778 0.10982658959537571 0.2465077071290944 0.11614884393063582 0.2447013487475915 0.12518063583815028 0.2434971098265896 0.13180394990366087 0.2428949903660886 0.1393304431599229 0.24379816955684006 0.1429431599229287 0.24590558766859344 0.14414739884393063 0.2498193641618497 0.14655587668593448 0.2549373795761079 0.1477601156069364 0.2603564547206166 0.14625481695568399 0.2666787090558767 0.1408357418111753 0.2720977842003854 0.13029865125240847 0.2814306358381503 0.12066473988439304 0.29076348747591524 0.11072976878612714 0.29558044315992293 0.09447254335260115 0.29678468208092484 0.08724710982658959 0.2898603082851638
1 0.5355250481695568 0.12728805394990364 0.5433526011560693 0.11735308285163776 0.5484706165703275 0.10922447013487475 0.555696050096339 0.10230009633911366 0.5653299614643544 0.096881021194605 0.5701469171483622 0.09627890173410404 0.5776734104046243 0.09778420038535644 0.580684007707129 0.10049373795761077 0.5827914258188824 0.10440751445086703 0.5848988439306358 0.10922447013487475 0.5851999036608863 0.11464354527938342 0.5842967244701349 0.12156791907514448 0.5830924855491328 0.12789017341040462 0.58128612716763 0.13361030828516376 0.5788776493256261 0.13902938342967242 0.5755659922928709 0.14354527938342967 0.5671363198458574 0.1525770712909441 0.5535886319845856 0.1595014450867052 0.5364282273603082 0.16341522157996147 0.5334176300578034 0.16341522157996147 0.5246868978805395 0.1607056840077071 0.5228805394990367 0.15859826589595374 0.524385838150289 0.1510717726396917 0.526192196531792 0.14414739884393063 0.5298049132947977 0.13692196531791906
1 0.4975915221579961 0.06587186897880538 0.5042148362235068 0.059549614643545266 0.5141498073217726 0.05382947976878612 0.5246868978805395 0.050818882466281294 0.5325144508670521 0.05172206165703274 0.5370303468208093 0.05443159922928708 0.540040944123314 0.060452793834296706 0.540040944123314 0.07068882466281308 0.5388367052023121 0.07821531791907514 0.5376324662813102 0.08273121387283236 0.5364282273603082 0.08845134874759152 0.5295038535645472 0.10380539499036608 0.5216763005780347 0.11404142581888245 0.5144508670520231 0.11735308285163776 0.5045158959537572 0.11855732177263968 0.49427986512524086 0.11554672447013487 0.4879576107899808 0.10892341040462426 0.4852480732177264 0.10260115606936414 0.48494701348747593 0.09266618497109826 0.49126926782273606 0.07580684007707128
1 0.4449060693641619 0.05924855491329479 0.44279865125240847 0.048711464354527924 0.44219653179190754 0.036970134874759135 0.44309971098265893 0.028239402697495166 0.44881984585741813 0.019809730250481678 0.45574421965317924 0.011380057803468195 0.46658236994219654 0.003853564547206152 0.47369664295242325 0.0 0.49729046242774566 0.0 0.49729046242774566 0.0056599229287090415 0.49668834296724473 0.009874759152215785 0.49668834296724473 0.014390655105973012 0.49668834296724473 0.02312138728323698 0.49307562620423895 0.03907755298651251 0.4855491329479769 0.04961464354527937 0.47832369942196534 0.05985067437379575 0.46899084778420036 0.06888246628131019 0.4623675337186898 0.07098988439306357 0.45183044315992293 0.06978564547206163 0.44731454720616576 0.06466763005780346
1 0.30942919075144515 0.09868737957610789 0.3124397880539499 0.0902577071290944 0.3157514450867052 0.08483863198458573 0.3211705202312139 0.07640895953757225 0.32689065510597304 0.06888246628131019 0.3347182080924856 0.06707610789980731 0.34104046242774566 0.06767822736030828 0.3485669556840077 0.07460260115606936 0.35338391136801545 0.08152697495183042 0.35609344894026973 0.08845134874759152 0.3536849710982659 0.09567678227360307 0.3506743737957611 0.10260115606936414 0.3461584778420039 0.11343930635838148 0.3389330443159923 0.12217003853564545 0.3308044315992293 0.12728805394990364 0.3217726396917149 0.12698699421965318 0.31665462427745666 0.12548169556840075 0.3154503853564547 0.12096579961464353 0.31033236994219654 0.1182562620423892 0.3091281310211946 0.11012764932562619
1 0.5894147398843931 0.00897157996146434 0.5915221579961465 0.00174614643545278 0.5923952312138728 0.0 0.65625 0.0 0.6541425818882466 0.005960982658959524 0.6496266859344894 0.01559489402697494 0.6411970134874759 0.024325626204238907 0.630057803468208 0.02884152215799613 0.6153058766859344 0.03305635838150287 0.6029624277456647 0.034260597302504796 0.5945327552986512 0.03305635838150287 0.5906189788053949 0.029443641618497097 0.5894147398843931 0.024024566473988426 0.588812620423892 0.018906551059730235
1 0.41329479768786126 0.02161608863198457 0.40546724470134876 0.02673410404624276 0.3949301541425819 0.03004576107899806 0.3846941233140655 0.029142581888246612 0.3804792870905588 0.022820327552986498 0.37927504816955687 0.01408959537572253 0.38078034682080925 0.002950385356454707 0.3816654624277457 0.0 0.42955202312138735 0.0 0.42593930635838156 0.007165221579961451 0.41690751445086704 0.016498073217726384
1 0.29437620423892097 0.49729046242774566 0.2997952793834297 0.4903660886319846 0.30581647398843936 0.4852480732177264 0.3109344894026975 0.4807321772639692 0.32086946050096343 0.47892581888246627 0.32990125240847784 0.48163535645472066 0.3371266859344894 0.48825867052023125 0.3392341040462428 0.4987957610789981 0.33863198458574184 0.5123434489402697 0.33622350674373797 0.524385838150289 0.328094894026975 0.5355250481695568 0.319364161849711 0.5451589595375722 0.3070207129094413 0.5475674373795761 0.29377408477842004 0.5460621387283237 0.2844412331406551 0.5439547206165702 0.2817316955684008 0.5379335260115606 0.28112957610789985 0.5286006743737958 0.28474229287090563 0.5147519267822737 0.2886560693641619 0.5048169556840078
1 0.20857418111753373 0.6454118497109825 0.20104768786127164 0.6439065510597303 0.195628612716763 0.6390895953757225 0.19141377649325625 0.6324662813102119 0.1908116570327553 0.6273482658959537 0.19141377649325625 0.6192196531791907 0.1905105973025048 0.6104889210019268 0.1920158959537572 0.6023603082851637 0.19442437379576108 0.5963391136801541 0.19683285163776493 0.5927263969171483 0.19984344894026973 0.5897157996146435 0.20466040462427743 0.5870062620423891 0.21278901734104044 0.5833935452793834 0.21881021194605008 0.581888246628131 0.22483140655105974 0.5815871868978806 0.22964836223506743 0.5839956647398844 0.23536849710982657 0.5885115606936415 0.23928227360308282 0.5933285163776493 0.2416907514450867 0.5981454720616569 0.24379816955684006 0.6038656069364162 0.24530346820809248 0.6089836223506744 0.2462066473988439 0.6153058766859344 0.2465077071290944 0.6204238921001927 0.2462066473988439 0.6285525048169557 0.244400289017341 0.6372832369942196 0.2398843930635838 0.6442076107899807 0.23536849710982657 0.6475192678227359 0.2236271676300578 0.6535404624277457 0.21700385356454718 0.6508309248554912
1 0.31484826589595377 0.7586103082851637 0.30069845857418115 0.7546965317919074 0.29016136801541426 0.7510838150289018 0.2829359344894027 0.7441594412331406 0.2802263969171484 0.7363318882466281 0.2784200385356455 0.727601156069364 0.2793232177263969 0.7191714836223506 0.2850433526011561 0.713150289017341 0.3022037572254336 0.705021676300578 0.3181599229287091 0.7032153179190751 0.3335139691714836 0.7038174373795761 0.34375 0.7047206165703275 0.3527817919075145 0.7089354527938343 0.35940510597302505 0.7155587668593449 0.36151252408477846 0.7224831406551059 0.360609344894027 0.7360308285163776 0.35759874759152216 0.7456647398843931 0.35097543352601157 0.7513848747591522 0.3392341040462428 0.7568039499036608 0.3253853564547206 0.7589113680154143
1 0.14655587668593448 0.9220857418111753 0.1429431599229287 0.9157634874759152 0.1378251445086705 0.8976999036608863 0.13692196531791906 0.8823458574181118 0.13752408477842 0.8712066473988439 0.14053468208092484 0.8630780346820809 0.14926541425818882 0.8597663776493256 0.16281310211946048 0.8576589595375722 0.17033959537572255 0.8597663776493256 0.178769267822736 0.8678949903660886 0.18268304431599228 0.8784320809248555 0.1871989402697495 0.8925818882466281 0.1890052986512524 0.9097422928709056 0.18780105973025046 0.9184730250481695 0.18689788053949905 0.928709055876686 0.17937138728323695 0.934429190751445 0.16702793834296725 0.9359344894026974 0.1561897880539499 0.9320207129094412 0.14986753371868977 0.9281069364161849
1 0.23536849710982657 0.9693521194605009 0.23115366088631983 0.9624277456647399 0.22904624277456648 0.9542991329479769 0.22844412331406552 0.9452673410404624 0.22964836223506743 0.9380419075144508 0.23597061657032756 0.9311175337186898 0.24229287090558765 0.9281069364161849 0.252528901734104 0.9278058766859344 0.25945327552986513 0.9311175337186898 0.2645712909441233 0.9377408477842003 0.2681840077071291 0.9461705202312138 0.2708935452793835 0.9564065510597303 0.2708935452793835 0.9648362235067437 0.2708935452793835 0.9747711946050096 0.2684850674373796 0.9804913294797687 0.2633670520231214 0.9835019267822737 0.25192678227360304 0.9871146435452793 0.24530346820809248 0.9822976878612716 0.23928227360308282 0.9747711946050096
1 0.3500722543352601 0.9494821772639691 0.3413415221579961 0.950686416184971 0.3341160886319846 0.9470736994219653 0.3265895953757225 0.94376204238921 0.32086946050096343 0.9356334296724469 0.32026734104046245 0.9272037572254335 0.31996628131021193 0.9178709055876685 0.3217726396917149 0.9085380539499036 0.32388005780346824 0.9010115606936415 0.3292991329479769 0.8964956647398844 0.3371266859344894 0.8958935452793834 0.34375 0.8961946050096338 0.3554913294797688 0.8989041425818882 0.3618135838150289 0.9070327552986512 0.3654263005780347 0.9163656069364162 0.36452312138728327 0.9296122350674374 0.3609104046242775 0.9389450867052023 0.35579238921001927 0.9467726396917148
1 0.9112475915221581 0.3536849710982659 0.9172687861271676 0.35037331406551064 0.9235910404624277 0.3470616570327553 0.9302143545279383 0.34465317919075145 0.9377408477842003 0.3470616570327553 0.94376204238921 0.351878612716763 0.9515895953757225 0.35579238921001927 0.9570086705202312 0.3627167630057804 0.9588150289017341 0.3738559730250482 0.9561054913294798 0.37957610789980734 0.9515895953757225 0.38650048169556844 0.9455684007707128 0.39131743737957614 0.935031310211946 0.39131743737957614 0.9244942196531791 0.38860789980732174 0.9169677263969171 0.3852962427745665 0.9106454720616569 0.37716763005780346 0.9094412331406551 0.36934007707129096 0.9091401734104047 0.36301782273603084
1 0.9049253371868978 0.23777697495183045 0.9061295761078997 0.23055154142581888 0.9085380539499036 0.22272398843930633 0.9136560693641618 0.21670279383429672 0.9205804431599228 0.211885838150289 0.9272037572254335 0.20857418111753373 0.935031310211946 0.20917630057803469 0.9413535645472062 0.21489643545279383 0.9458694605009633 0.22392822736030826 0.9488800578034682 0.2299494219653179 0.9497832369942196 0.23687379576107898 0.9476758188824662 0.2431960500963391 0.9458694605009633 0.2498193641618497 0.9410525048169557 0.25764691714836224 0.9365366088631984 0.26065751445086704 0.9311175337186898 0.26427023121387283 0.9211825626204239 0.2666787090558767 0.9136560693641618 0.2627649325626204 0.9061295761078997 0.25885115606936415 0.9040221579961465 0.253131021194605 0.9040221579961465 0.2462066473988439
1 0.8946893063583815 0.0950746628131021 0.8934850674373795 0.08965558766859343 0.8934850674373795 0.08393545279383428 0.8961946050096338 0.07941955684007705 0.902516859344894 0.07369942196531791 0.9079359344894027 0.07008670520231212 0.9166666666666666 0.06617292870905586 0.9247952793834296 0.06346339113680152 0.9335260115606937 0.0622591522157996 0.9446652215799615 0.06526974951830442 0.9485789980732178 0.07098988439306357 0.9509874759152216 0.07671001926782273 0.9515895953757225 0.08815028901734104 0.9497832369942196 0.09627890173410404 0.9440631021194605 0.105009633911368 0.9347302504816956 0.11012764932562619 0.9199783236994219 0.11193400770712908 0.9103444123314065 0.11103082851637763 0.9037210982658959 0.10711705202312137 0.8970977842003853 0.10079479768786125
1 0.7122471098265896 0.03727119460500962 0.7086343930635838 0.028239402697495166 0.7074301541425818 0.018906551059730235 0.7080322736030829 0.009874759152215785 0.7101396917148362 0.0026493256262042257 0.7408477842003853 0.0005419075144508533 0.746266859344894 0.006864161849710968 0.7516859344894027 0.016498073217726384 0.7540944123314065 0.02673410404624276 0.7519869942196531 0.037572254335260104 0.7477721579961465 0.0441955684007707 0.7408477842003853 0.048711464354527924 0.7318159922928709 0.05021676300578033 0.721881021194605 0.047507225433526 0.7140534682080925 0.041787090558766844
1 0.985609344894027 0.19773603082851637 0.9798892100192678 0.18810211946050095 0.977480732177264 0.1790703275529865 0.9762764932562621 0.16943641618497107 0.9777817919075144 0.16040462427745664 0.9841040462427746 0.15348025048169556 0.9904263005780346 0.15167389210019266 0.9967485549132947 0.1528781310211946 0.9989583333333333 0.15484237850567334 0.9989583333333333 0.2115847784200385 0.9916305394990366 0.20676782273603084 0.9874157032755299 0.20225192678227358
1 0.8709055876685934 0.44580924855491333 0.8763246628131021 0.44099229287090563 0.8835500963391136 0.43527215799614644 0.8925818882466281 0.4307562620423892 0.9034200385356453 0.4247350674373796 0.9133550096339113 0.4235308285163777 0.9202793834296724 0.4283477842003854 0.9208815028901733 0.4370785163776494 0.9235910404624277 0.44400289017341044 0.919376204238921 0.45574421965317924 0.9094412331406551 0.46808766859344897 0.9007105009633911 0.47772157996146436 0.8928829479768786 0.4792268786127168 0.8877649325626203 0.48013005780346824 0.8796363198458574 0.4810332369942197 0.8724108863198459 0.4810332369942197 0.8703034682080925 0.48043111753371875 0.8684971098265896 0.47772157996146436 0.8663896917148362 0.47591522157996147 0.8633790944123313 0.4720014450867052 0.8615727360308284 0.46838872832369943 0.861873795761079 0.46206647398843936 0.86247591522158 0.45995905587668595 0.8639812138728323 0.45634633911368017 0.8657875722543352 0.45333574181117536
1 0.9455684007707128 0.5216763005780347 0.9392461464354528 0.516257225433526 0.9371387283236994 0.5123434489402697 0.9365366088631984 0.5033116570327553 0.9377408477842003 0.4975915221579961 0.9392461464354528 0.4927745664739885 0.9416546242774566 0.48615125240847784 0.9464715799614644 0.4810332369942197 0.9533959537572254 0.47651734104046245 0.961825626204239 0.4732056840077072 0.9654383429672446 0.47109826589595377 0.9723627167630057 0.46899084778420036 0.9789860308285163 0.4686897880539499 0.9871146435452793 0.4686897880539499 0.9916305394990366 0.4695929672447014 0.9973506743737957 0.47049614643545284 0.9989583333333333 0.4709554775667493 0.9989583333333333 0.5129455684007708 0.99373795761079 0.5186657032755299 0.9889210019267822 0.5222784200385356 0.9822976878612716 0.5258911368015414 0.9783839113680154 0.5264932562620425 0.9717605973025047 0.5273964354527938 0.967545761078998 0.5286006743737958 0.9636319845857418 0.5289017341040463 0.958212909441233 0.5286006743737958 0.9542991329479769 0.5267943159922929
1 0.08519206939281289 0.7183240396530359 0.07706009913258983 0.7156133828996283 0.06776641883519208 0.705545229244114 0.07241325898389096 0.7012856257744733 0.07163878562577448 0.6985749690210656 0.07125154894671623 0.6962515489467163 0.07202602230483272 0.6912174721189591 0.07396220570012392 0.6873451053283767 0.07551115241635689 0.6834727385377943 0.07977075588599752 0.6796003717472119 0.0824814126394052 0.6768897149938042 0.08596654275092937 0.6730173482032219 0.09022614622057001 0.6699194547707559 0.09564745972738538 0.6683705080545229 0.1006815365551425 0.6672087980173482 0.10455390334572491 0.6672087980173482 0.10997521685254028 0.6683705080545229 0.1150092936802974 0.6699194547707559 0.12081784386617102 0.6722428748451054 0.12778810408921934 0.674953531598513 0.13204770755885997 0.6792131350681536 0.1332094175960347 0.6854089219330854 0.13282218091697645 0.6904429987608426 0.13204770755885997 0.6939281288723668 0.13204770755885997 0.6970260223048327 0.13204770755885997 0.6993494423791822 0.13049876084262702 0.703996282527881 0.1293370508054523 0.707094175960347 0.12894981412639406 0.7113537794299877 0.12585192069392812 0.7160006195786865 0.12430297397769516 0.7190985130111525 0.12197955390334572 0.7210346964064436 0.11888166047087981 0.7229708798017349 0.11384758364312268 0.7237453531598513 0.1072645600991326 0.7241325898389095 0.09951982651796779 0.7245198265179678 0.0968091697645601 0.7245198265179678 0.09100061957868649 0.7210346964064436
1 0.05924721189591078 0.5367100371747212 0.05537484510532838 0.5281908302354399 0.05421313506815365 0.5219950433705081 0.05343866171003718 0.5169609665427509 0.05498760842627014 0.513863073110285 0.058472738537794305 0.5096034696406444 0.06002168525402726 0.505731102850062 0.06273234200743495 0.49876084262701365 0.06505576208178439 0.4937267657992565 0.07202602230483272 0.49140334572490707 0.08364312267657993 0.49101610904584886 0.09642193308550186 0.4917905824039653 0.1092007434944238 0.49488847583643125 0.1150092936802974 0.4975991325898389 0.11888166047087981 0.5018587360594796 0.11926889714993805 0.5053438661710037 0.11849442379182155 0.5088289962825279 0.11849442379182155 0.512314126394052 0.11926889714993805 0.5173482032218092 0.11810718711276331 0.5212205700123916 0.11462205700123915 0.5247057001239157 0.11152416356877323 0.5266418835192069 0.10958798017348204 0.5301270136307311 0.1092007434944238 0.5339993804213136 0.10765179677819084 0.5367100371747212 0.10377942998760843 0.5386462205700123 0.09448574969021066 0.5401951672862454 0.0786090458488228 0.5398079306071871 0.06699194547707558 0.5382589838909542
1 0.014327757125154893 0.7109665427509294 0.023234200743494422 0.7028345724907064 0.027106567534076826 0.7016728624535316 0.031753407682775715 0.7001239157372987 0.036400247831474594 0.6989622057001239 0.04065985130111524 0.6981877323420075 0.04763011152416357 0.6981877323420075 0.0507280049566295 0.6993494423791822 0.05537484510532838 0.7043835192069393 0.05885997521685254 0.7121282527881042 0.06040892193308551 0.7190985130111525 0.06040892193308551 0.724907063197026 0.06040892193308551 0.7287794299876084 0.05885997521685254 0.7349752168525403 0.057311028500619574 0.7419454770755887 0.05150247831474598 0.755498760842627 0.042983271375464684 0.7632434944237918 0.03407682775712516 0.766728624535316 0.022459727385377944 0.7582094175960348 0.012004337050805452 0.7411710037174721 0.01006815365551425 0.7334262701363073 0.010455390334572491 0.719872986369269 0.011617100371747211 0.7163878562577447
1 0.17580545229244116 0.2462825278810409 0.1847118959107807 0.2385377942998761 0.19323110285006198 0.23350371747211895 0.1994268897149938 0.23156753407682776 0.21104399008674102 0.2346654275092937 0.2149163568773234 0.2389250309789343 0.2203376703841388 0.25015489467162333 0.2203376703841388 0.25441449814126393 0.2184014869888476 0.2586741016109046 0.21801425030978935 0.2617719950433705 0.21995043370508055 0.2710656753407683 0.21917596034696407 0.2760997521685254 0.2164653035935564 0.2807465923172243 0.212592936802974 0.28384448574969023 0.21065675340768278 0.2850061957868649 0.2079460966542751 0.2888785625774473 0.2052354399008674 0.291589219330855 0.2021375464684015 0.29236369268897155 0.1947800495662949 0.2919764560099133 0.18897149938042132 0.29081474597273854 0.1847118959107807 0.2884913258983891 0.1792905824039653 0.2822955390334573 0.17657992565055763 0.27764869888475835 0.1734820322180917 0.26796778190830234 0.17386926889714996 0.25635068153655516
1 0.01742565055762082 0.24783147459727387 0.025944857496902108 0.24163568773234204 0.03330235439900867 0.2385377942998761 0.03717472118959108 0.23737608426270138 0.040272614622057 0.23737608426270138 0.04337050805452292 0.23776332094175961 0.046081164807930605 0.24008674101610905 0.052664188351920695 0.24395910780669144 0.0565365551425031 0.2462825278810409 0.057311028500619574 0.2509293680297398 0.05692379182156134 0.2548017348203222 0.05537484510532838 0.25906133828996286 0.05537484510532838 0.26758054522924407 0.05421313506815365 0.27261462205700127 0.0507280049566295 0.2784231722428749 0.04801734820322181 0.2822955390334573 0.041821561338289966 0.2881040892193309 0.03756195786864932 0.28965303593556385 0.032527881040892194 0.29120198265179675 0.025944857496902108 0.29120198265179675 0.023234200743494422 0.29042750929368033 0.018200123915737297 0.28345724907063197 0.013553283767038413 0.2741635687732342 0.011617100371747211 0.26370817843866173 0.012004337050805452 0.2551889714993804
1 0.011229863692688972 0.837592936802974 0.01703841387856258 0.8306226765799257 0.022846964064436186 0.8271375464684015 0.03330235439900867 0.826363073110285 0.039498141263940516 0.8313971499380421 0.04569392812887237 0.8445631970260223 0.04763011152416357 0.856954770755886 0.04801734820322181 0.8736059479553904 0.042208798017348205 0.8821251548946717 0.035238537794299876 0.8852230483271376 0.026332094175960347 0.8856102850061959 0.022459727385377944 0.8844485749690211 0.015489467162329617 0.8778655514250311 0.010455390334572491 0.8677973977695167 0.007744733581164808 0.856954770755886 0.008131970260223048 0.8468866171003718
1 0.08286864931846344 0.9429213135068154 0.07706009913258983 0.9344021065675341 0.07202602230483272 0.9220105328376704 0.06815365551425032 0.9107806691449815 0.06699194547707558 0.9014869888475836 0.06699194547707558 0.8918060718711277 0.07280049566294919 0.8852230483271376 0.08131970260223048 0.8840613382899628 0.09835811648079305 0.8863847583643122 0.10803903345724906 0.8906443618339529 0.11694547707558861 0.8983890954151177 0.12081784386617102 0.9088444857496902 0.12314126394052045 0.9212360594795539 0.12507744733581166 0.9301425030978935 0.1254646840148699 0.9405978934324659 0.11965613382899629 0.9460192069392813 0.11384758364312268 0.9510532837670385 0.10765179677819084 0.9564745972738538 0.09874535315985129 0.9557001239157372 0.08674101610904585 0.9502788104089219
0 0.9342592592592592 0.3773148148148148 0.9263888888888889 0.3726851851851852 0.923148148148148 0.3685185185185185 0.9212962962962963 0.3652777777777778 0.9208333333333333 0.3625 0.9208333333333333 0.3597222222222222 0.924074074074074 0.35879629629629634 0.9268518518518519 0.3597222222222222 0.9296296296296297 0.36203703703703705 0.9328703703703703 0.3648148148148148 0.9361111111111111 0.36759259259259264 0.9393518518518519 0.37037037037037035 0.9412037037037037 0.374537037037037 0.9402777777777778 0.3782407407407407
0 0.4652777777777778 0.46481481481481485 0.46111111111111114 0.47407407407407404 0.45787037037037037 0.4787037037037037 0.4550925925925926 0.4805555555555555 0.45185185185185184 0.4814814814814815 0.4513888888888889 0.4810185185185185 0.45092592592592595 0.4782407407407407 0.4513888888888889 0.475 0.45231481481481484 0.47268518518518515 0.45416666666666666 0.4689814814814815 0.45555555555555555 0.4666666666666667 0.4574074074074074 0.46342592592592596 0.46064814814814814 0.46064814814814814 0.46388888888888885 0.4601851851851852
0 0.9254629629629629 0.24444444444444444 0.9263888888888889 0.23333333333333334 0.9263888888888889 0.2287037037037037 0.9263888888888889 0.22546296296296298 0.9268518518518519 0.22314814814814815 0.9291666666666667 0.22268518518518518 0.9314814814814815 0.22407407407407406 0.9328703703703703 0.22777777777777777 0.9337962962962963 0.23333333333333334 0.9337962962962963 0.237962962962963 0.9333333333333333 0.24351851851851852 0.9319444444444444 0.2486111111111111 0.9296296296296297 0.250462962962963
1 0.0548878205128205 0.037660256410256415 0.03966346153846156 0.032852564102564104 0.034855769230769225 0.028044871794871796 0.030849358974359 0.020833333333333336 0.030849358974359 0.013621794871794872 0.030849358974359 0.008814102564102566 0.03245192307692305 0.0024038461538461566 0.03325320512820511 0.0 0.0861378205128205 0.0 0.08774038461538461 0.005608974358974357 0.08854166666666667 0.011217948717948718 0.08854166666666667 0.018429487179487176 0.08774038461538461 0.021634615384615384 0.08693910256410256 0.02403846153846154 0.08533653846153845 0.027243589743589747 0.08133012820512822 0.031249999999999997 0.07652243589743589 0.03445512820512821 0.07331730769230767 0.03685897435897436
0 0.39664932680538556 0.4212566299469604 0.38759689922480617 0.4127141982864137 0.383389432884537 0.4045542635658915 0.3812219502243982 0.38695940432476544 0.3831344349245206 0.37777947776417786 0.38938188494492043 0.37688698490412076 0.39027437780497753 0.38938188494492043 0.3930793553651571 0.40276927784577726 0.39703182374541 0.41041921664626685 0.39843431252549977 0.4165391676866585 0.39856181150550796 0.4212566299469604
0 0.35552083333333334 0.6671875 0.3530208333333333 0.6636458333333334 0.3584375 0.6640625 0.3701041666666667 0.6657291666666667 0.37614583333333335 0.6709375000000001 0.3770833333333333 0.6733333333333333 0.37562500000000004 0.6739583333333333 0.36989583333333337 0.6709375000000001 0.3609375 0.6695833333333333
1 0.9627016129032258 0.29351478494623656 0.9658938172043011 0.27839381720430106 0.9711021505376344 0.26528897849462363 0.9801747311827957 0.25991263440860213 0.9939516129032258 0.26243279569892475 0.996135752688172 0.26327284946236557 0.9957997311827957 0.31535618279569894 0.9884072580645161 0.3197244623655914 0.9801747311827957 0.3214045698924731 0.9650537634408601 0.31451612903225806 0.9615255376344085 0.30443548387096775
1 0.5914692265795207 0.9652437363834423 0.5804057734204793 0.9555419389978214 0.575129357298475 0.9409041394335511 0.5746187363834423 0.9216707516339869 0.5814270152505447 0.9102668845315904 0.5887459150326797 0.9020969498910675 0.5998093681917211 0.9128199891067539 0.6084899237472766 0.9274577886710239 0.6146173747276689 0.943287037037037 0.6115536492374728 0.9558823529411764 0.6096813725490196 0.9655841503267975 0.5977668845315904 0.9691584967320261
1 0.6469566993464053 0.9866898148148148 0.6391271786492375 0.9672862200435729 0.6432121459694989 0.9565631808278867 0.6518927015250545 0.9409041394335511 0.6566584967320261 0.9409041394335511 0.6673815359477123 0.9546909041394335 0.6784449891067539 0.9679670479302832 0.687636165577342 0.9839665032679739 0.6958061002178649 0.9984340958605664 0.6961992783224401 0.9989583333333333 0.6525735294117647 0.9989583333333333
