1 0.9382208765859285 0.03820645905420992 0.9310121107266435 0.02631199538638985 0.9270472895040368 0.021986735870818914 0.9259659746251442 0.017661476355247983 0.9252450980392157 0.011534025374855823 0.9248846597462513 0.006848327566320645 0.9245242214532872 0.002162629757785467 0.9252450980392157 0.0003604382929642445 0.9555219146482122 0.0003604382929642445 0.9666955017301038 0.0072087658592848896 0.971381199538639 0.012615340253748558 0.9749855824682814 0.016219723183391002 0.978950403690888 0.022707612456747402 0.9825547866205305 0.028474625144175317 0.9829152249134947 0.02955594002306805 0.984717416378316 0.032079008073817764 0.9868800461361015 0.0364042675893887 0.9879613610149942 0.045054786620530564 0.9850778546712802 0.05154267589388696 0.9803921568627451 0.05550749711649365 0.9757064590542099 0.056949250288350635 0.9717416378316032 0.05875144175317185 0.9677768166089965 0.05875144175317185 0.9602076124567474 0.05658881199538639 0.9544405997693194 0.05370530565167243 0.9486735870818915 0.04974048442906574
1 0.8181949250288351 0.018742791234140712 0.8026960784313725 0.011534025374855823 0.7918829296424452 0.005406574394463667 0.7868367935409458 0.0003604382929642445 0.8618079584775086 0.000720876585928489 0.8610870818915802 0.007569204152249135 0.8549596309111879 0.015859284890426758 0.8509948096885813 0.020184544405997693 0.8477508650519031 0.022707612456747402 0.8434256055363322 0.024509803921568627 0.8365772779700115 0.025230680507497116 0.8315311418685121 0.025230680507497116 0.8272058823529412 0.023428489042675894
1 0.6538350634371395 0.05226355247981545 0.6632064590542099 0.04613610149942329 0.6668108419838524 0.04469434832756632 0.672217416378316 0.04217128027681661 0.6743800461361015 0.04181084198385236 0.684111880046136 0.04469434832756632 0.6880767012687428 0.04649653979238754 0.6931228373702422 0.049380046136101495 0.6963667820069204 0.053344867358708185 0.7010524798154556 0.058030565167243364 0.7035755478662052 0.06415801614763553 0.7053777393310265 0.07064590542099193 0.7064590542099192 0.07713379469434832 0.7071799307958477 0.0818194925028835 0.707540369088812 0.08866782006920415 0.7071799307958477 0.09335351787773934 0.7053777393310265 0.09948096885813149 0.7039359861591695 0.10344579008073818 0.7006920415224914 0.10993367935409458 0.6967272202998847 0.11642156862745098 0.692762399077278 0.11930507497116492 0.6877162629757785 0.1214677047289504 0.6826701268742792 0.1214677047289504 0.6743800461361015 0.1189446366782007 0.6678921568627451 0.11570069204152249 0.6624855824682814 0.11137543252595154 0.6581603229527104 0.10560841983852363 0.6534746251441753 0.09839965397923875 0.650230680507497 0.09119088811995386 0.6477076124567474 0.08290080738177624 0.6466262975778547 0.07425028835063437 0.6469867358708189 0.0655997693194925 0.6487889273356402 0.058030565167243364
1 0.794766435986159 0.11714244521337945 0.8059400230680507 0.11353806228373702 0.8099048442906575 0.11281718569780853 0.8156718569780853 0.1117358708189158 0.8225201845444059 0.1110149942329873 0.8272058823529412 0.1110149942329873 0.8315311418685121 0.1117358708189158 0.8362168396770472 0.11389850057670127 0.8409025374855824 0.1175028835063437 0.8459486735870818 0.12363033448673585 0.8499134948096886 0.12903690888119954 0.8527970011534024 0.1351643598615917 0.8513552479815456 0.13985005767012687 0.8481113033448673 0.1448961937716263 0.8419838523644751 0.15282583621683968 0.8347750865051903 0.15931372549019607 0.8275663206459054 0.16147635524798154 0.8181949250288351 0.16255767012687425 0.8066608996539791 0.16255767012687425 0.801975201845444 0.1618367935409458 0.796208189158016 0.16003460207612455 0.7908016147635524 0.1578719723183391 0.7850346020761246 0.15534890426758938 0.7799884659746251 0.15246539792387542 0.7771049596309112 0.14922145328719724 0.77530276816609 0.14381487889273356 0.77530276816609 0.13985005767012687 0.7756632064590542 0.1344434832756632 0.7778258362168397 0.1279555940023068 0.7807093425605536 0.1247116493656286 0.7846741637831602 0.12218858131487889
1 0.5539936562860438 0.17445213379469435 0.5507497116493656 0.16580161476355249 0.5507497116493656 0.15967416378316032 0.5507497116493656 0.15498846597462512 0.5521914648212225 0.148861014994233 0.5543540945790081 0.14237312572087657 0.5565167243367936 0.13552479815455593 0.5579584775086505 0.13264129181084197 0.5622837370242214 0.1279555940023068 0.5676903114186851 0.12363033448673585 0.5727364475201846 0.12002595155709342 0.5781430219146482 0.11786332179930795 0.5857122260668973 0.11786332179930795 0.5932814302191465 0.12002595155709342 0.5961649365628604 0.12254901960784313 0.6001297577854671 0.12687427912341406 0.6030132641291811 0.13155997693194924 0.6066176470588236 0.13840830449826988 0.608780276816609 0.1448961937716263 0.6102220299884659 0.1521049596309112 0.6113033448673587 0.15715109573241062 0.6116637831603229 0.163638985005767 0.6116637831603229 0.16976643598615918 0.6102220299884659 0.17553344867358706 0.6076989619377162 0.18274221453287198 0.605896770472895 0.18742791234140715 0.6033737024221453 0.1903114186851211 0.5983275663206459 0.19535755478662054 0.5914792387543252 0.2000432525951557 0.5860726643598615 0.20148500576701267 0.5774221453287197 0.20184544405997693 0.5716551326412918 0.19860149942329872 0.5680507497116493 0.19319492502883504 0.5651672433679354 0.1881487889273356 0.5612024221453287 0.18490484429065743 0.5590397923875432 0.18202133794694347
1 0.43108419838523643 0.16472029988465975 0.4263985005767012 0.1506632064590542 0.42603806228373703 0.14201268742791232 0.42747981545559394 0.13155997693194924 0.43180507497116494 0.12110726643598616 0.4354094579008073 0.11425893886966551 0.4382929642445213 0.1117358708189158 0.443699538638985 0.11065455594002307 0.4516291810841984 0.11065455594002307 0.45739619377162627 0.11317762399077277 0.46136101499423293 0.11642156862745098 0.4635236447520184 0.12002595155709342 0.4646049596309112 0.1254325259515571 0.46604671280276816 0.13155997693194924 0.46820934256055363 0.1391291810841984 0.4700115340253748 0.145977508650519 0.47181372549019607 0.1521049596309112 0.4736159169550173 0.15931372549019607 0.47397635524798154 0.16580161476355249 0.47469723183391005 0.17120818915801614 0.47469723183391005 0.1787773933102653 0.47469723183391005 0.18418396770472895 0.4728950403690888 0.18850922722029986 0.4689302191464821 0.19319492502883504 0.46604671280276816 0.1957179930795848 0.4610005767012687 0.19896193771626297 0.4559544405997693 0.2000432525951557 0.45126874279123413 0.19932237600922723 0.44838523644752015 0.1957179930795848 0.4429786620530565 0.18850922722029986 0.43685121107266434 0.17949826989619375 0.43216551326412916 0.17228950403690887
1 0.5976066897347174 0.5028114186851211 0.6149077277970012 0.4945213379469434 0.6217560553633218 0.4927191464821223 0.6300461361014994 0.4916378316032295 0.6361735870818915 0.4916378316032295 0.6423010380622837 0.4916378316032295 0.6466262975778547 0.492358708189158 0.6513119953863898 0.4941608996539792 0.657439446366782 0.4977652825836217 0.6599625144175316 0.49992791234140715 0.6635668973471741 0.5046136101499423 0.6671712802768166 0.5096597462514417 0.6700547866205305 0.5165080738177623 0.6711361014994233 0.5190311418685121 0.6711361014994233 0.5193915801614764 0.6732987312572087 0.5255190311418685 0.673659169550173 0.5302047289504037 0.6732987312572087 0.5363321799307958 0.6678921568627451 0.5442618223760092 0.6610438292964245 0.550028835063437 0.6520328719723183 0.5547145328719724 0.641219723183391 0.5568771626297578 0.6325692041522492 0.5568771626297578 0.6275230680507496 0.555795847750865 0.6210351787773933 0.5536332179930795 0.6131055363321799 0.5507497116493656 0.6066176470588236 0.5478662053056517 0.5994088811995386 0.5449826989619377 0.5947231833910035 0.5420991926182237 0.5929209919261822 0.5406574394463668 0.5907583621683968 0.5388552479815456 0.5893166089965398 0.5348904267589388 0.5878748558246828 0.5262399077277969 0.5885957324106114 0.5197520184544406 0.591118800461361 0.5111014994232987
1 0.7731401384083045 0.4804642445213379 0.7598039215686274 0.47469723183391005 0.7536764705882353 0.4700115340253748 0.7493512110726643 0.4649653979238754 0.7461072664359861 0.45955882352941174 0.7457468281430218 0.4552335640138408 0.7468281430219147 0.44982698961937717 0.7511534025374856 0.4397347174163783 0.754757785467128 0.43721164936562856 0.7605247981545559 0.4346885813148789 0.7677335640138409 0.43180507497116494 0.7749423298731257 0.4307237600922722 0.7814302191464821 0.43108419838523643 0.7897202998846597 0.4339677047289504 0.7951268742791234 0.4361303344867358 0.8023356401384082 0.4397347174163783 0.8084630911188004 0.44550173010380617 0.8142301038062283 0.4509083044982699 0.8203575547866204 0.4581170703575548 0.8254036908881199 0.4642445213379469 0.8268454440599768 0.4692906574394463 0.8261245674740484 0.4754181084198385 0.8232410611303345 0.4840686274509804 0.8192762399077278 0.4891147635524798 0.8138696655132641 0.49091695501730104 0.8073817762399077 0.4898356401384083 0.7994521337946944 0.48731257208765855 0.7904411764705882 0.4855103806228373 0.7846741637831602 0.4844290657439446 0.7817906574394463 0.48370818915801617
1 0.8679354094579008 0.4429786620530565 0.8542387543252594 0.43108419838523643 0.8499134948096886 0.4256776239907728 0.8455882352941176 0.4217128027681661 0.8391003460207612 0.4145040369088812 0.835856401384083 0.4080161476355248 0.8351355247981546 0.4015282583621684 0.8354959630911188 0.39431949250288345 0.8376585928489042 0.38927335640138405 0.8434256055363322 0.38242502883506346 0.8481113033448673 0.37882064590542097 0.8542387543252594 0.37846020761245674 0.8607266435986158 0.37846020761245674 0.8650519031141869 0.38098327566320644 0.869737600922722 0.3835063437139562 0.8733419838523645 0.3871107266435986 0.8783881199538638 0.3917964244521338 0.8848760092272202 0.3997260668973472 0.8906430219146482 0.40657439446366783 0.8953287197231834 0.4123414071510957 0.8985726643598615 0.4159457900807382 0.9000144175317185 0.4177479815455594 0.9039792387543252 0.4242358708189158 0.9054209919261822 0.42964244521337946 0.9047001153402536 0.4346885813148789 0.9018166089965398 0.44153690888119956 0.9000144175317185 0.4462226066897347 0.896410034602076 0.4505478662053056 0.8920847750865052 0.4523500576701268 0.8881199538638984 0.4519896193771626 0.8827133794694347 0.4509083044982699 0.8769463667820069 0.44910611303344866
1 0.9616493656286044 0.5741782006920414 0.9493944636678201 0.5712946943483276 0.9443483275663206 0.5691320645905421 0.9393021914648212 0.5633650519031141 0.9367791234140714 0.5594002306805075 0.9338956170703575 0.5503892733564014 0.9342560553633218 0.542459630911188 0.9378604382929642 0.5323673587081891 0.943267012687428 0.5237168396770472 0.9490340253748557 0.517589388696655 0.9566032295271049 0.5129036908881199 0.9634515570934256 0.5089388696655133 0.9721020761245674 0.5060553633217993 0.9764273356401384 0.5056949250288351 0.9839965397923875 0.5053344867358708 0.9912053056516723 0.5053344867358708 0.9984140715109573 0.5056949250288351 0.9987745098039215 0.5709342560553633 0.9868800461361015 0.573457324106113 0.9706603229527104 0.5745386389850058
1 0.8675749711649365 0.622116493656286 0.8560409457900807 0.6300461361014994 0.8499134948096886 0.6314878892733564 0.8409025374855824 0.6325692041522492 0.8333333333333334 0.6325692041522492 0.8282871972318339 0.630767012687428 0.8232410611303345 0.6286043829296425 0.8221597462514417 0.6253604382929642 0.8221597462514417 0.619232987312572 0.8239619377162629 0.6127450980392157 0.8268454440599768 0.6066176470588236 0.8293685121107266 0.6008506343713956 0.8333333333333334 0.595444059976932 0.8376585928489042 0.5893166089965398 0.843065167243368 0.5849913494809689 0.8527970011534024 0.5785034602076125 0.8614475201845444 0.5752595155709342 0.8686562860438293 0.5745386389850058 0.8762254901960784 0.5738177623990772 0.8809111880046135 0.5745386389850058 0.8852364475201846 0.5767012687427913 0.8895617070357554 0.5795847750865052 0.8917243367935409 0.5835495963091119 0.8910034602076123 0.5900374855824683 0.8895617070357554 0.5947231833910035 0.8870386389850057 0.6008506343713956 0.8837946943483276 0.6062572087658592 0.8787485582468281 0.6120242214532872
1 0.7183535178777393 0.6275230680507496 0.7158304498269896 0.6145472895040369 0.7154700115340253 0.6066176470588236 0.717993079584775 0.5997693194925028 0.7226787773933102 0.5940023068050749 0.7284457900807381 0.591118800461361 0.7352941176470588 0.5889561707035755 0.7432237600922722 0.588235294117647 0.7522347174163783 0.5907583621683968 0.7551182237600923 0.5940023068050749 0.7576412918108419 0.5979671280276816 0.7612456747404844 0.6044550173010381 0.7644896193771625 0.6123846597462513 0.766652249134948 0.6174307958477508 0.7688148788927336 0.6231978085351788 0.7702566320645905 0.6257208765859285 0.7713379469434832 0.6275230680507496 0.7716983852364475 0.6300461361014994 0.7716983852364475 0.6358131487889273 0.769535755478662 0.6441032295271049 0.7662918108419838 0.6484284890426758 0.7616061130334486 0.651672433679354 0.7561995386389849 0.654555940023068 0.7486303344867358 0.6552768166089965 0.738538062283737 0.6549163783160323 0.7324106113033448 0.6509515570934256
1 0.5406574394463668 0.6682525951557092 0.5457035755478662 0.657439446366782 0.5539936562860438 0.6505911188004614 0.5622837370242214 0.6480680507497116 0.5741782006920414 0.6480680507497116 0.5817474048442907 0.6498702422145328 0.5867935409457901 0.6523933102652825 0.5922001153402536 0.655997693194925 0.5947231833910035 0.6596020761245674 0.5961649365628604 0.6657295271049596 0.5965253748558247 0.6725778546712803 0.5965253748558247 0.6776239907727797 0.5950836216839677 0.6805074971164936 0.591118800461361 0.6830305651672434 0.5875144175317185 0.685553633217993 0.5835495963091119 0.6887975778546713 0.5774221453287197 0.6909602076124568 0.5694925028835063 0.691320645905421 0.5604815455594002 0.691320645905421 0.5518310265282583 0.6895184544405998 0.5478662053056517 0.6877162629757785 0.5457035755478662 0.6848327566320646 0.5420991926182237 0.6797866205305652
1 0.47073241061130333 0.6570790080738178 0.47397635524798154 0.6549163783160323 0.47902249134948094 0.6527537485582469 0.4833477508650519 0.6523933102652825 0.4883938869665513 0.6523933102652825 0.49344002306805074 0.654555940023068 0.4977652825836217 0.6570790080738178 0.5006487889273356 0.6606833910034602 0.5031718569780853 0.6657295271049596 0.5060553633217993 0.6707756632064591 0.508578431372549 0.67510092272203 0.5125432525951557 0.6815888119953863 0.5154267589388696 0.6862745098039215 0.5165080738177623 0.6956459054209919 0.5165080738177623 0.7057381776239907 0.5150663206459054 0.7122260668973471 0.5129036908881199 0.7176326412918108 0.5082179930795847 0.719434832756632 0.5049740484429066 0.7212370242214533 0.49956747404844287 0.7226787773933102 0.4930795847750865 0.7226787773933102 0.4862312572087658 0.7226787773933102 0.48298731257208766 0.7215974625144175 0.4775807381776239 0.7187139561707035 0.47073241061130333 0.7147491349480969 0.4635236447520184 0.7097029988465974 0.458477508650519 0.7042964244521337 0.45775663206459055 0.6978085351787774 0.45703575547866204 0.689878892733564 0.4566753171856978 0.6819492502883506 0.45703575547866204 0.672217416378316 0.4591983852364475 0.6657295271049596 0.46244232987312567 0.6614042675893886
1 0.6105824682814303 0.7288062283737025 0.6188725490196079 0.7215974625144175 0.625 0.7197952710495963 0.6314878892733564 0.7183535178777393 0.6361735870818915 0.7183535178777393 0.639777970011534 0.7187139561707035 0.6451845444059977 0.7233996539792388 0.6505911188004614 0.7313292964244521 0.653114186851211 0.7381776239907727 0.6534746251441753 0.7464677047289503 0.6534746251441753 0.7536764705882353 0.6527537485582469 0.7587226066897347 0.6509515570934256 0.7623269896193771 0.6480680507497116 0.7670126874279124 0.6444636678200691 0.7709775086505191 0.6376153402537486 0.7778258362168397 0.6311274509803921 0.7832324106113033 0.6253604382929642 0.785755478662053 0.6159890426758938 0.7861159169550173 0.6102220299884659 0.7853950403690888 0.6044550173010381 0.7821510957324106 0.6001297577854671 0.7778258362168397 0.5965253748558247 0.7727797001153401 0.595444059976932 0.7673731257208766 0.5958044982698961 0.7576412918108419 0.6001297577854671 0.7475490196078431 0.6044550173010381 0.7388985005767013
1 0.7608852364475202 0.7543973471741637 0.7619665513264129 0.7435841983852364 0.7644896193771625 0.7352941176470588 0.766652249134948 0.7291666666666666 0.7698961937716262 0.723760092272203 0.77530276816609 0.7205161476355247 0.7803489042675893 0.719434832756632 0.7843137254901961 0.719434832756632 0.7900807381776239 0.720876585928489 0.7965686274509803 0.7241205305651672 0.803416955017301 0.7291666666666666 0.8081026528258362 0.7349336793540946 0.8113465974625144 0.7410611303344867 0.8142301038062283 0.7468281430219147 0.8174740484429066 0.7558391003460208 0.8203575547866204 0.7637687427912341 0.8221597462514417 0.769535755478662 0.8232410611303345 0.7735005767012687 0.8243223760092272 0.7814302191464821 0.8239619377162629 0.7908016147635524 0.8217993079584774 0.7994521337946944 0.8185553633217992 0.8052191464821222 0.8138696655132641 0.8088235294117646 0.8081026528258362 0.8117070357554786 0.8012543252595156 0.8113465974625144 0.78719723183391 0.8073817762399077 0.7767445213379468 0.8030565167243368 0.772419261822376 0.7980103806228374 0.768094002306805 0.7908016147635524 0.7637687427912341 0.7807093425605536 0.7608852364475202 0.7727797001153401 0.7598039215686274 0.7659313725490196
1 0.9201989619377162 0.7825115340253748 0.9083044982698961 0.7763840830449826 0.902177047289504 0.772419261822376 0.8985726643598615 0.7684544405997692 0.896410034602076 0.7634083044982699 0.896410034602076 0.7543973471741637 0.8974913494809689 0.7453863898500577 0.8996539792387543 0.7392589388696655 0.9050605536332179 0.7352941176470588 0.9122693194925028 0.7331314878892734 0.9295703575547866 0.734212802768166 0.9411043829296424 0.7378171856978085 0.9468713956170702 0.7410611303344867 0.9529988465974625 0.7450259515570934 0.9576845444059977 0.7497116493656286 0.9623702422145328 0.754757785467128 0.9652537485582469 0.7587226066897347 0.9681372549019608 0.7655709342560554 0.9692185697808534 0.773861014994233 0.968497693194925 0.7792675893886967 0.9666955017301038 0.7832324106113033 0.9638119953863898 0.7886389850057669 0.9602076124567474 0.7922433679354094 0.9540801614763552 0.794766435986159 0.9504757785467127 0.7951268742791234 0.934616493656286 0.7904411764705882
1 0.4462226066897347 0.8383794694348327 0.4354094579008073 0.8336937716262975 0.4292820069204152 0.830089388696655 0.4263985005767012 0.8221597462514417 0.4263985005767012 0.8153114186851211 0.42892156862745096 0.8073817762399077 0.43649077277970005 0.7951268742791234 0.44586216839677045 0.7875576701268743 0.45631487889273353 0.7821510957324106 0.46604671280276816 0.7781862745098038 0.4757785467128028 0.7745818915801614 0.4847895040369089 0.7735005767012687 0.4945213379469434 0.7731401384083045 0.5010092272202998 0.773861014994233 0.504253171856978 0.7771049596309112 0.5078575547866205 0.7810697808535179 0.510020184544406 0.7861159169550173 0.5139850057670127 0.7908016147635524 0.5157871972318339 0.7965686274509803 0.5165080738177623 0.801975201845444 0.5147058823529412 0.8084630911188004 0.5114619377162629 0.8149509803921569 0.5074971164936563 0.8214388696655133 0.5017301038062284 0.8261245674740484 0.4977652825836217 0.8297289504036909 0.4919982698961938 0.8333333333333334 0.48370818915801617 0.8365772779700115 0.4757785467128028 0.8383794694348327 0.4671280276816609 0.8387399077277969 0.4581170703575548 0.8387399077277969 0.4509083044982699 0.8383794694348327
1 0.6610438292964245 0.87550461361015 0.6592416378316032 0.8610870818915802 0.6617647058823529 0.8513552479815456 0.6642877739331026 0.8445069204152248 0.6686130334486736 0.8365772779700115 0.673659169550173 0.8308102652825835 0.6794261822376009 0.8254036908881199 0.6862745098039215 0.8217993079584774 0.6909602076124568 0.8207179930795847 0.6956459054209919 0.8207179930795847 0.6996107266435986 0.8225201845444059 0.7042964244521337 0.8264850057670127 0.708982122260669 0.8308102652825835 0.7125865051903113 0.8362168396770472 0.7151095732410612 0.841623414071511 0.7158304498269896 0.8481113033448673 0.7161908881199538 0.8542387543252594 0.7158304498269896 0.8618079584775086 0.7133073817762399 0.8690167243367934 0.7107843137254902 0.8758650519031141 0.7071799307958477 0.8827133794694347 0.7028546712802768 0.8884803921568627 0.6974480968858131 0.8924452133794694 0.6891580161476355 0.8938869665513264 0.6794261822376009 0.8931660899653979 0.6758217993079584 0.8906430219146482 0.6707756632064591 0.8870386389850057 0.6657295271049596 0.8837946943483276
1 0.3171856978085351 0.884515570934256 0.315383506343714 0.8794694348327566 0.3168252595155709 0.8722606689734717 0.3215109573241061 0.8654123414071511 0.325836216839677 0.8621683967704729 0.33160322952710497 0.8596453287197232 0.3377306805074971 0.8574826989619377 0.3424163783160323 0.8574826989619377 0.3517877739331026 0.8582035755478662 0.359717416378316 0.8603662053056517 0.3658448673587082 0.8621683967704729 0.3741349480968858 0.8654123414071511 0.38098327566320644 0.8690167243367934 0.38638985005767007 0.8726211072664359 0.3925173010380623 0.8780276816608996 0.39431949250288345 0.8848760092272202 0.3932381776239907 0.8910034602076123 0.38927335640138405 0.8967704728950403 0.3856689734717416 0.9014561707035755 0.3795415224913495 0.9057814302191465 0.3748558246828143 0.9072231833910035 0.3676470588235294 0.9086649365628604 0.35827566320645904 0.909385813148789 0.34710207612456745 0.9086649365628604 0.33809111880046133 0.9068627450980391 0.3323241061130335 0.9047001153402536 0.327277970011534 0.9014561707035755 0.3240340253748558 0.8985726643598615 0.3207900807381776 0.8946078431372548
1 0.48875432525951557 0.9371395617070356 0.4952422145328719 0.9266868512110726 0.5006487889273356 0.9201989619377162 0.507136678200692 0.9147923875432525 0.5139850057670127 0.909385813148789 0.5219146482122261 0.9068627450980391 0.5312860438292965 0.9043396770472895 0.5395761245674741 0.903618800461361 0.5442618223760092 0.903618800461361 0.5496683967704729 0.9054209919261822 0.5568771626297578 0.9086649365628604 0.5622837370242214 0.9129901960784312 0.5676903114186851 0.9187572087658592 0.5698529411764706 0.9238033448673587 0.5702133794694347 0.9292099192618224 0.5687716262975778 0.9364186851211073 0.5662485582468281 0.9454296424452134 0.5619232987312571 0.9533592848904268 0.5554354094579008 0.9573241061130334 0.5478662053056517 0.9605680507497116 0.541017877739331 0.9634515570934256 0.5338091118800461 0.9670559400230679 0.5244377162629758 0.969939446366782 0.5139850057670127 0.971381199538639 0.5013696655132641 0.971381199538639 0.492358708189158 0.9688581314878892 0.4891147635524798 0.9652537485582469 0.48659169550173004 0.9580449826989619 0.4858708189158016 0.9515570934256056
1 0.768094002306805 0.9057814302191465 0.7735005767012687 0.8974913494809689 0.7767445213379468 0.8913638985005767 0.7814302191464821 0.8841551326412918 0.78719723183391 0.8798298731257208 0.7918829296424452 0.8780276816608996 0.7958477508650519 0.8776672433679354 0.8008938869665514 0.8783881199538638 0.8070213379469435 0.8801903114186851 0.8120674740484428 0.8837946943483276 0.8153114186851211 0.8881199538638984 0.8192762399077278 0.894968281430219 0.8203575547866204 0.9018166089965398 0.8199971164936563 0.9147923875432525 0.816753171856978 0.9256055363321799 0.8124279123414071 0.9353373702422145 0.806300461361015 0.945069204152249 0.8008938869665514 0.950836216839677 0.7940455594002306 0.9529988465974625 0.7821510957324106 0.953719723183391 0.7756632064590542 0.9529988465974625 0.7720588235294117 0.9504757785467127 0.7688148788927336 0.9465109573241061 0.7655709342560554 0.9421856978085351 0.7637687427912341 0.9389417531718569 0.7612456747404844 0.9328143021914648 0.7608852364475202 0.9266868512110726 0.7619665513264129 0.9201989619377162
1 0.06487889273356401 0.7850346020761246 0.054426182237600915 0.7922433679354094 0.049019607843137254 0.7951268742791234 0.04397347174163783 0.7965686274509803 0.03820645905420992 0.7972895040369089 0.030997693194925027 0.7972895040369089 0.021986735870818914 0.7969290657439446 0.018742791234140712 0.7951268742791234 0.015498846597462514 0.7911620530565168 0.010813148788927335 0.7864763552479814 0.004325259515570934 0.7796280276816608 0.0018021914648212224 0.7763840830449826 0.0 0.7745818915801614 0.000720876585928489 0.7583621683967704 0.0018021914648212224 0.7497116493656286 0.005767012687427912 0.7461072664359861 0.01045271049596309 0.7446655132641291 0.016580161476355246 0.7432237600922722 0.023068050749711647 0.7421424452133795 0.02955594002306805 0.7421424452133795 0.03712514417531718 0.7421424452133795 0.041089965397923874 0.7421424452133795 0.04577566320645905 0.7435841983852364 0.05046136101499423 0.7450259515570934 0.05514705882352941 0.7479094579008073 0.057670126874279116 0.7507929642445214 0.061995386389850055 0.7561995386389849 0.06632064590542099 0.7608852364475202 0.0688437139561707 0.7652104959630911 0.07064590542099193 0.7702566320645905 0.07064590542099193 0.7760236447520185 0.0688437139561707 0.7817906574394463
1 0.02414936562860438 0.701773356401384 0.019824106113033445 0.6895184544405998 0.019824106113033445 0.6790657439446367 0.020544982698961937 0.6714965397923875 0.023428489042675894 0.6650086505190311 0.02739331026528258 0.658881199538639 0.032439446366782004 0.6534746251441753 0.039287773933102656 0.6498702422145328 0.045415224913494805 0.6473471741637832 0.05226355247981545 0.6451845444059977 0.058030565167243364 0.6444636678200691 0.061995386389850055 0.6444636678200691 0.06632064590542099 0.6451845444059977 0.07100634371395616 0.6473471741637832 0.07569204152249134 0.6505911188004614 0.07893598615916955 0.6552768166089965 0.08145905420991925 0.6606833910034602 0.08362168396770472 0.6650086505190311 0.08650519031141868 0.6711361014994233 0.08794694348327566 0.6797866205305652 0.08794694348327566 0.6880767012687428 0.08578431372549018 0.6949250288350635 0.08290080738177624 0.7010524798154556 0.07857554786620531 0.7068194925028836 0.07208765859284891 0.7100634371395617 0.06596020761245674 0.7122260668973471 0.05947231833910035 0.7140282583621683 0.05370530565167243 0.7161908881199538 0.048659169550173006 0.7176326412918108 0.04361303344867359 0.7172722029988466 0.0364042675893887 0.7147491349480969 0.031718569780853516 0.7133073817762399 0.02955594002306805 0.7115051903114187 0.02703287197231834 0.7082612456747405
1 0.012975778546712802 0.5590397923875432 0.021986735870818914 0.5590397923875432 0.02703287197231834 0.5594002306805075 0.030637254901960783 0.5608419838523645 0.035683391003460206 0.56300461361015 0.04217128027681661 0.5662485582468281 0.04649653979238754 0.5698529411764706 0.048659169550173006 0.5763408304498269 0.05046136101499423 0.5857122260668973 0.05010092272202999 0.592560553633218 0.045415224913494805 0.5986880046136102 0.04000865051903114 0.6040945790080737 0.03316032295271049 0.6091407151095732 0.025591118800461363 0.6127450980392157 0.014417531718569779 0.6159890426758938 0.0036043829296424448 0.6174307958477508 0.000720876585928489 0.617791234140715 0.0010813148788927334 0.5575980392156862
1 0.10092272202998846 0.5511101499423299 0.09010957324106113 0.5496683967704729 0.08434256055363322 0.5493079584775086 0.08001730103806227 0.5471453287197232 0.07821510957324106 0.5420991926182237 0.07641291810841984 0.5327277970011534 0.07713379469434832 0.5262399077277969 0.08001730103806227 0.5168685121107266 0.08362168396770472 0.5125432525951557 0.08902825836216839 0.5078575547866205 0.0940743944636678 0.5049740484429066 0.09767877739331027 0.5024509803921569 0.10236447520184545 0.5006487889273356 0.10777104959630911 0.4988465974625144 0.11389850057670127 0.4974048442906574 0.11606113033448673 0.4974048442906574 0.12110726643598616 0.4974048442906574 0.12651384083044984 0.4974048442906574 0.1319204152249135 0.4974048442906574 0.1376874279123414 0.49848615916955014 0.14273356401384082 0.49992791234140715 0.1481401384083045 0.5013696655132641 0.1521049596309112 0.5028114186851211 0.15570934256055363 0.5060553633217993 0.15967416378316032 0.5132641291810842 0.16075547866205306 0.5179498269896193 0.16075547866205306 0.5219146482122261 0.1578719723183391 0.529123414071511 0.15354671280276816 0.5334486735870818 0.14958189158016147 0.5384948096885813 0.1456170703575548 0.5420991926182237 0.13985005767012687 0.5449826989619377 0.1337226066897347 0.5475057670126874 0.1279555940023068 0.5503892733564014 0.12002595155709342 0.5518310265282583 0.1117358708189158 0.5521914648212225
1 0.2000432525951557 0.5262399077277969 0.21121683967704727 0.5204728950403691 0.21373990772779697 0.5193915801614764 0.2180651672433679 0.517589388696655 0.22419261822376008 0.5157871972318339 0.22887831603229528 0.5154267589388696 0.23608708189158015 0.5147058823529412 0.2422145328719723 0.514345444059977 0.2469002306805075 0.5147058823529412 0.25410899653979235 0.5168685121107266 0.2616782006920415 0.5190311418685121 0.2663638985005767 0.5211937716262975 0.26852652825836215 0.52479815455594 0.2696078431372549 0.5298442906574394 0.26852652825836215 0.5363321799307958 0.26600346020761245 0.5402970011534026 0.26311995386389847 0.5457035755478662 0.2584342560553633 0.5525519031141869 0.2533881199538639 0.5575980392156862 0.246179354094579 0.5608419838523645 0.24113321799307957 0.5622837370242214 0.2350057670126874 0.56300461361015 0.22851787773933102 0.5637254901960784 0.22419261822376008 0.564446366782007 0.21842560553633217 0.5651672433679354 0.21373990772779697 0.5651672433679354 0.20689158016147635 0.5640859284890426 0.20328719723183392 0.56300461361015 0.20148500576701267 0.5612024221453287 0.19788062283737023 0.5568771626297578 0.19499711649365628 0.5521914648212225 0.1935553633217993 0.5493079584775086 0.1921136101499423 0.542459630911188 0.19247404844290655 0.538134371395617 0.19463667820069203 0.5327277970011534
1 0.09948096885813149 0.4566753171856978 0.08938869665513265 0.44910611303344866 0.08758650519031143 0.44586216839677045 0.08686562860438293 0.43685121107266434 0.08614475201845444 0.42820069204152245 0.08866782006920415 0.4163062283737024 0.09335351787773934 0.40657439446366783 0.10020184544405998 0.39720299884659743 0.10560841983852363 0.3914359861591696 0.11245674740484429 0.38747116493656286 0.1175028835063437 0.38602941176470584 0.12182814302191464 0.3849480968858131 0.1279555940023068 0.3849480968858131 0.13155997693194924 0.38530853517877733 0.13840830449826988 0.38638985005767007 0.1434544405997693 0.3878316032295271 0.14777970011534025 0.39071510957324107 0.1513840830449827 0.3939590542099192 0.15570934256055363 0.4018886966551326 0.15751153402537485 0.4072952710495963 0.15931372549019607 0.41198096885813146 0.16075547866205306 0.42243367935409454 0.16003460207612455 0.4300028835063437 0.1589532871972318 0.43685121107266434 0.15426758938869664 0.4462226066897347 0.14309400230680508 0.4581170703575548 0.13804786620530562 0.46136101499423293 0.131199538638985 0.4617214532871972 0.12579296424452133 0.46280276816608995 0.12110726643598616 0.4635236447520184 0.11786332179930795 0.4635236447520184 0.11425893886966551 0.4631632064590542 0.1084919261822376 0.4610005767012687 0.10416666666666667 0.45955882352941174
1 0.07316897347174163 0.2897923875432526 0.06019319492502883 0.28835063437139563 0.05226355247981545 0.2872693194925029 0.04325259515570934 0.2836649365628604 0.03892733564013841 0.2793396770472895 0.035322952710495965 0.2746539792387543 0.031718569780853516 0.2688869665513264 0.028835063437139558 0.263840830449827 0.026672433679354093 0.2591551326412918 0.025230680507497116 0.25482987312572086 0.02487024221453287 0.2494232987312572 0.027753748558246825 0.24581891580161475 0.031718569780853516 0.24185409457900808 0.035322952710495965 0.23933102652825836 0.039287773933102656 0.23861014994232985 0.04469434832756632 0.23752883506343714 0.05118223760092273 0.23716839677047288 0.057309688581314876 0.23680795847750866 0.061634948096885814 0.23680795847750866 0.06596020761245674 0.23680795847750866 0.07064590542099193 0.23824971164936562 0.07497116493656285 0.23933102652825836 0.08001730103806227 0.24149365628604383 0.0850634371395617 0.24401672433679353 0.09010957324106113 0.2472606689734717 0.09371395617070358 0.2505046136101499 0.09803921568627451 0.25482987312572086 0.1020040369088812 0.2591551326412918 0.10632929642445213 0.263840830449827 0.10993367935409458 0.2703287197231834 0.10885236447520183 0.2746539792387543 0.10560841983852363 0.2807814302191465 0.10272491349480968 0.28510668973471737 0.09695790080738177 0.28871107266435986 0.09083044982698961 0.2905132641291811 0.08542387543252596 0.29087370242214533
1 0.08470299884659746 0.2000432525951557 0.0760524798154556 0.19139273356401384 0.07244809688581315 0.18202133794694347 0.0695645905420992 0.1733708189158016 0.06812283737024222 0.1668829296424452 0.06776239907727796 0.1546280276816609 0.06848327566320646 0.14525663206459055 0.07136678200692041 0.14057093425605535 0.0760524798154556 0.13624567474048443 0.08290080738177624 0.1337226066897347 0.09047001153402537 0.13300173010380623 0.09623702422145328 0.13408304498269896 0.1012831603229527 0.13588523644752018 0.10632929642445213 0.1391291810841984 0.1110149942329873 0.14201268742791232 0.11389850057670127 0.1448961937716263 0.1175028835063437 0.14922145328719724 0.1214677047289504 0.15426758938869664 0.1247116493656286 0.16147635524798154 0.12507208765859285 0.16724336793540945 0.12399077277970011 0.17192906574394462 0.12254901960784313 0.17841695501730104 0.1214677047289504 0.18418396770472895 0.11930507497116492 0.1903114186851211 0.11642156862745098 0.19607843137254902 0.11137543252595154 0.19932237600922723 0.10813148788927336 0.20148500576701267 0.10488754325259515 0.20328719723183392 0.09984140715109573 0.2040080738177624 0.09227220299884659 0.2040080738177624 0.08758650519031143 0.2040080738177624
1 0.061995386389850055 0.09912053056516724 0.05406574394463668 0.09623702422145328 0.05046136101499423 0.0947952710495963 0.04649653979238754 0.09263264129181084 0.04217128027681661 0.0883073817762399 0.037485582468281424 0.08290080738177624 0.035683391003460206 0.07425028835063437 0.0364042675893887 0.06307670126874279 0.04000865051903114 0.052984429065743945 0.04577566320645905 0.04757785467128028 0.05154267589388696 0.04361303344867359 0.057670126874279116 0.040729527104959626 0.06091407151095732 0.039287773933102656 0.06632064590542099 0.0364042675893887 0.0728085351787774 0.03388119953863898 0.07785467128027682 0.032079008073817764 0.08109861591695502 0.030997693194925027 0.08434256055363322 0.02955594002306805 0.09119088811995386 0.028114186851211073 0.09623702422145328 0.028114186851211073 0.1020040369088812 0.02955594002306805 0.1052479815455594 0.032079008073817764 0.10957324106113032 0.0364042675893887 0.1110149942329873 0.04253171856978085 0.11245674740484429 0.04829873125720876 0.11353806228373702 0.0558679354094579 0.1117358708189158 0.06415801614763553 0.1110149942329873 0.06920415224913494 0.10813148788927336 0.07497116493656285 0.10272491349480968 0.08109861591695502 0.09912053056516724 0.08542387543252596 0.09299307958477508 0.09010957324106113 0.08434256055363322 0.09515570934256055 0.07785467128027682 0.09695790080738177 0.07064590542099193 0.09876009227220299
1 0.9901960784313726 0.6766748366013072 0.9854302832244008 0.6657815904139434 0.9847494553376905 0.6514842047930284 0.9908769063180828 0.6365059912854031 0.9989583333333333 0.634148908405955 0.9989583333333333 0.6930147058823529
0 0.791604846686449 0.782640949554896 0.7865740740740741 0.7731481481481481 0.7833333333333333 0.7601851851851852 0.7828703703703703 0.7550925925925926 0.7824074074074073 0.750925925925926 0.7828703703703703 0.7453703703703703 0.7837962962962963 0.7402777777777777 0.7842592592592593 0.7393518518518519 0.7865740740740741 0.7425925925925926 0.7925925925925926 0.7550925925925926 0.7956231454005934 0.7678041543026706 0.7960867952522255 0.7722861028684471 0.7977868447082097 0.7793954005934718 0.798611111111111 0.7828703703703703 0.799074074074074 0.7875 0.7972222222222223 0.788425925925926
