1 0.6148897058823529 0.4350052521008403 0.6074492296918768 0.42931547619047616 0.6035101540616247 0.423625700280112 0.6000087535014006 0.4170605742296918 0.5978203781512605 0.41093312324929965 0.5956320028011205 0.40174194677871145 0.5956320028011205 0.3921130952380952 0.5973827030812324 0.38554796918767503 0.6008841036414566 0.3776698179271708 0.6056985294117647 0.37154236694677867 0.6127013305322129 0.36585259103641454 0.617515756302521 0.36497724089635847 0.6258315826330532 0.36366421568627444 0.6332720588235294 0.36322654061624643 0.6389618347338936 0.36497724089635847 0.6468399859943977 0.3693539915966386 0.6534051120448179 0.37460609243697474 0.6617209383753502 0.3820465686274509 0.6669730392156864 0.39036239495798314 0.6687237394957983 0.3986782212885153 0.6687237394957983 0.4078693977591036 0.6669730392156864 0.41749824929971985 0.6639093137254902 0.425376400560224 0.6586572128851541 0.43106617647058815 0.6503413865546219 0.43806897759103636 0.6420255602240896 0.44200805322128844 0.6372111344537815 0.44332107843137253 0.6332720588235294 0.44332107843137253 0.6280199579831933 0.44200805322128844 0.6227678571428572 0.44069502801120447
1 0.7221200980392157 0.4730829831932773 0.7085521708683474 0.46389180672268904 0.7063637955182073 0.4586397058823529 0.7072391456582633 0.45251225490196073 0.7094275210084034 0.44332107843137253 0.7129289215686274 0.4350052521008403 0.7173056722689075 0.42887780112044815 0.7286852240896359 0.41837359943977587 0.735688025210084 0.41224614845938373 0.7440038515406163 0.4056810224089636 0.7514443277310925 0.4039303221288515 0.7580094537815126 0.4043679971988795 0.7619485294117647 0.4056810224089636 0.7680759803921569 0.40918242296918766 0.773765756302521 0.4153098739495798 0.7777048319327732 0.42187499999999994 0.7781425070028012 0.4301908263305322 0.775078781512605 0.43719362745098034 0.772015056022409 0.4450717787114845 0.7667629551820728 0.45513830532212884 0.7615108543417367 0.4603904061624649 0.7558210784313726 0.46520483193277307 0.7475052521008403 0.4695815826330532 0.7387517507002801 0.4726453081232493
1 0.7969625350140056 0.4984681372549019 0.7960871848739496 0.4831495098039215 0.7956495098039216 0.4748336834733893 0.7956495098039216 0.4691439075630252 0.7956495098039216 0.46432948179271705 0.7991509103641457 0.45251225490196073 0.8026523109243697 0.4472601540616246 0.808779761904762 0.44288340336134446 0.816220238095238 0.43719362745098034 0.8205969887955182 0.4350052521008403 0.8254114145658263 0.4345675770308123 0.8306635154061625 0.4358806022408963 0.8359156162464987 0.4376313025210084 0.8424807422969188 0.44288340336134446 0.849045868347339 0.44813550420168063 0.8529849439775911 0.45470063025210083 0.8538602941176471 0.46432948179271705 0.8538602941176471 0.47439600840336127 0.8534226190476191 0.48533788515406157 0.851234243697479 0.4927783613445378 0.8468574929971989 0.50109418767507 0.8429184173669468 0.5094100140056022 0.8394170168067226 0.5133490896358543 0.8372286414565827 0.5150997899159663 0.8284751400560224 0.5181635154061623 0.8214723389355743 0.5203518907563025 0.8157825630252101 0.5207895658263305 0.811843487394958 0.5203518907563025 0.8092174369747899 0.5190388655462185 0.8030899859943977 0.5142244397759103
1 0.9055059523809524 0.4389443277310924 0.8928133753501402 0.4284401260504201 0.889749649859944 0.424938725490196 0.8862482492997199 0.4201242997198879 0.8818714985994398 0.4135591736694677 0.8796831232492998 0.4078693977591036 0.8783700980392157 0.4034926470588235 0.8779324229691877 0.3986782212885153 0.8788077731092437 0.3925507703081232 0.8809961484593838 0.38511029411764697 0.8840598739495799 0.3798581932773109 0.888874299719888 0.37373074229691866 0.8945640756302521 0.3684786414565826 0.9006915266106443 0.36410189075630245 0.9103203781512605 0.36016281512605036 0.9177608543417367 0.3579744397759103 0.9238883053221288 0.3575367647058823 0.930891106442577 0.3579744397759103 0.9387692577030813 0.36016281512605036 0.9475227591036415 0.36410189075630245 0.9554009103641457 0.3684786414565826 0.963716736694678 0.37460609243697474 0.968093487394958 0.3802958683473389 0.9711572128851541 0.38686099439775906 0.9720325630252101 0.39561449579831925 0.9720325630252101 0.4021796218487394 0.9702818627450981 0.41005777310924363 0.9689688375350141 0.4166228991596638 0.965029761904762 0.423625700280112 0.9610906862745098 0.42887780112044815 0.9536502100840336 0.4358806022408963 0.9466474089635855 0.44069502801120447 0.9392069327731093 0.44244572829131645 0.931766456582633 0.44332107843137253 0.9260766806722689 0.44288340336134446 0.9181985294117647 0.44200805322128844
1 0.8398546918767507 0.33215161064425763 0.8302258403361346 0.32383578431372545 0.8302258403361346 0.3137692577030812 0.8306635154061625 0.3041404061624649 0.8341649159663865 0.29188550420168063 0.8394170168067226 0.28050595238095233 0.8437937675070029 0.2739408263305322 0.850358893557423 0.26781337535014 0.8586747198879553 0.2638742997198879 0.8656775210084034 0.2625612745098039 0.8722426470588236 0.2625612745098039 0.8774947478991597 0.2638742997198879 0.8827468487394958 0.26781337535014 0.8875612745098039 0.2726278011204481 0.890187324929972 0.2778799019607842 0.890625 0.28750875350140054 0.891062675070028 0.2949492296918767 0.889311974789916 0.305891106442577 0.8875612745098039 0.3133315826330532 0.8844975490196079 0.3185836834733893 0.8801207983193277 0.3255864845938375 0.8744310224089635 0.3317139355742296 0.8691789215686275 0.3365283613445378 0.8617384453781513 0.3391544117647058 0.8556109943977591 0.34046743697478987 0.849045868347339 0.34002976190476186 0.8416053921568628 0.3365283613445378
1 0.694108893557423 0.3684786414565826 0.6814163165266106 0.36322654061624643 0.6783525910364145 0.3570990896358543 0.6774772408963585 0.3483455882352941 0.6809786414565827 0.3356530112044817 0.6866684173669468 0.32821253501400555 0.6906074929971989 0.3251488095238095 0.6971726190476191 0.32164740896358535 0.7050507703081232 0.31902135854341734 0.7133665966386555 0.31770833333333326 0.7203693977591037 0.31770833333333326 0.7295605742296919 0.31945903361344535 0.7365633753501402 0.3225227591036414 0.7461922268907563 0.32777485994397754 0.7492559523809524 0.3339023109243697 0.7501313025210085 0.34353116246498594 0.7483806022408964 0.3487832633053221 0.7444415266106443 0.35578606442577027 0.7435661764705883 0.36060049019607837 0.7405024509803921 0.36497724089635847 0.7370010504201682 0.3676032913165265 0.73218662464986 0.3702293417366946 0.7256214985994398 0.3728553921568627 0.7181810224089635 0.3741684173669467 0.7111782212885154 0.37460609243697474 0.7068014705882353 0.37373074229691866
1 0.7689513305322129 0.2735031512605042 0.7496936274509804 0.2787552521008403 0.7396271008403361 0.2783175770308122 0.732624299719888 0.27656687675070024 0.7278098739495799 0.27437850140056014 0.7247461484593838 0.2717524509803921 0.7221200980392157 0.26650035014005596 0.7208070728291317 0.25512079831932766 0.7264968487394958 0.24199054621848734 0.7291228991596639 0.2371761204481792 0.73218662464986 0.23323704481792712 0.735250350140056 0.22886029411764702 0.7387517507002801 0.22623424369747894 0.7440038515406163 0.22273284313725483 0.7492559523809524 0.22054446778711478 0.7545080532212886 0.21879376750700275 0.7632615546218487 0.21704306722689068 0.7693890056022409 0.21704306722689068 0.775954131652661 0.21704306722689068 0.7812062324929971 0.2183560924369747 0.7847076330532213 0.22054446778711478 0.7877713585434173 0.2249212184873949 0.7921481092436975 0.23148634453781505 0.7934611344537815 0.24111519607843132 0.7925857843137255 0.2476803221288515 0.7886467086834734 0.2529324229691876 0.7825192577030813 0.26212359943977587 0.775078781512605 0.27131477591036407
1 0.852547268907563 0.18903186274509798 0.852109593837535 0.17765231092436967 0.8538602941176471 0.17108718487394953 0.8560486694677871 0.16408438375350134 0.8591123949579832 0.15576855742296913 0.8621761204481793 0.14920343137254893 0.8683035714285714 0.14176295518207277 0.8748686974789917 0.1347601540616246 0.8814338235294118 0.13169642857142852 0.890187324929972 0.12950805322128847 0.9041929271708684 0.12775735294117643 0.9151348039215687 0.1268820028011204 0.9212622549019609 0.1268820028011204 0.927389705882353 0.12863270308123245 0.930891106442577 0.1312587535014005 0.9348301820728292 0.13432247899159658 0.9383315826330533 0.13913690476190468 0.9396446078431373 0.14482668067226884 0.9400822829131653 0.15007878151260498 0.9392069327731093 0.15576855742296913 0.9374562324929971 0.16189600840336127 0.9348301820728292 0.16671043417366943 0.930453431372549 0.17240021008403353 0.9265143557422969 0.1772146358543417 0.9203869047619048 0.1820290616246498 0.9133841036414566 0.18728116246498594 0.9050682773109244 0.1929709383753501 0.8980654761904763 0.19472163865546213 0.886685924369748 0.19691001400560218 0.8779324229691877 0.1973476890756302 0.8687412464985994 0.1973476890756302 0.8604254201680672 0.19603466386554616
1 0.4805234593837534 0.3251488095238095 0.4704569327731092 0.3207720588235293 0.4669555322128851 0.31289390756302515 0.463454131652661 0.3023897058823529 0.463454131652661 0.2892594537815125 0.463454131652661 0.2791929271708683 0.46520483193277307 0.268251050420168 0.4708946078431372 0.25643382352941174 0.47570903361344535 0.25074404761904756 0.4822741596638655 0.24724264705882346 0.48927696078431365 0.24592962184873943 0.4989058123249299 0.24592962184873943 0.502844887955182 0.24592962184873943 0.5094100140056022 0.2481179971988795 0.5137867647058824 0.25118172268907557 0.5221025910364145 0.2573091736694677 0.5242909663865546 0.2599352240896358 0.5273546918767507 0.26562499999999994 0.5312937675070027 0.27306547619047616 0.5334821428571428 0.28050595238095233 0.5347951680672269 0.2923231792717086 0.5334821428571428 0.3028273809523809 0.5312937675070027 0.31289390756302515 0.5256039915966386 0.3207720588235293 0.5194765406162465 0.3264618347338935 0.5133490896358543 0.3304009103641456 0.5080969887955181 0.33215161064425763 0.502407212885154 0.33215161064425763 0.49627976190476186 0.33215161064425763 0.4901523109243697 0.33083858543417366 0.4857755602240896 0.32908788515406157
1 0.6113883053221288 0.20391281512605036 0.6035101540616247 0.20084908963585427 0.5986957282913166 0.19691001400560218 0.5943189775910365 0.18859418767506997 0.5930059523809524 0.1794030112044817 0.5938813025210085 0.1697741596638655 0.6004464285714286 0.1592699579831932 0.6078869047619048 0.15664390756302515 0.6162027310924371 0.15533088235294112 0.6271446078431373 0.15533088235294112 0.6367734593837535 0.15664390756302515 0.6437762605042017 0.15970763305322125 0.6542804621848739 0.16495973389355736 0.6630339635854342 0.17152485994397754 0.6669730392156864 0.17808998599439768 0.6678483893557423 0.18509278711484586 0.6639093137254902 0.19209558823529405 0.6569065126050421 0.1973476890756302 0.6485906862745098 0.20435049019607837 0.6415878851540616 0.20697654061624643 0.6332720588235294 0.20828956582633046 0.6240808823529412 0.20785189075630245
1 0.49934348739495793 0.1794030112044817 0.4901523109243697 0.17152485994397754 0.4857755602240896 0.16277135854341732 0.48533788515406157 0.1540178571428571 0.4879639355742296 0.14438900560224083 0.4919030112044817 0.13738620448179265 0.4975927871148459 0.1303834033613445 0.505033263305322 0.12469362745098035 0.5133490896358543 0.12031687675070023 0.5238532913165266 0.11812850140056018 0.5321691176470588 0.11812850140056018 0.5409226190476191 0.1190038515406162 0.5470500700280112 0.12075455182072824 0.5531775210084034 0.12513130252100835 0.5588672969187676 0.13169642857142852 0.5628063725490196 0.14220063025210078 0.5641193977591037 0.150516456582633 0.5619310224089635 0.1592699579831932 0.5579919467787116 0.16671043417366943 0.5531775210084034 0.17152485994397754 0.5452993697478992 0.17633928571428564 0.537421218487395 0.18071603641456577 0.5277923669467787 0.18421743697478987 0.5177258403361343 0.1859681372549019 0.5085346638655461 0.1859681372549019
1 0.3500962885154061 0.20391281512605036 0.3378413865546218 0.19691001400560218 0.33083858543417366 0.18990721288515403 0.32821253501400555 0.18421743697478987 0.3255864845938375 0.17196253501400555 0.3251488095238095 0.16058298319327724 0.3260241596638655 0.1474527310924369 0.33215161064425763 0.13694852941176464 0.34002976190476186 0.12907037815126046 0.34703256302521 0.12513130252100835 0.35534838935574226 0.12338060224089631 0.36629026610644255 0.12338060224089631 0.3732930672268907 0.12469362745098035 0.3802958683473389 0.1273196778711484 0.38992471988795513 0.13169642857142852 0.4008665966386554 0.13913690476190468 0.40874474789915966 0.1465773809523809 0.41268382352941174 0.150954131652661 0.4157475490196078 0.15795693277310915 0.41837359943977587 0.1662727591036414 0.4192489495798319 0.17677696078431365 0.4192489495798319 0.18465511204481785 0.4161852240896358 0.19472163865546213 0.4118084733893557 0.20435049019607837 0.40699404761904756 0.21179096638655456 0.4026172969187674 0.21441701680672265 0.3934261204481792 0.2139793417366946 0.38598564425770304 0.21266631652661058 0.37548144257703076 0.21222864145658257 0.3719800420168067 0.21222864145658257 0.3667279411764705 0.21135329131652653
1 0.48446253501400555 0.0953693977591036 0.4726453081232493 0.09318102240896353 0.4691439075630252 0.0914303221288515 0.46476715686274506 0.08705357142857138 0.461265756302521 0.07873774509803916 0.46301645658263296 0.06867121848739491 0.46826855742296913 0.05772934173669462 0.47439600840336127 0.0489758403361344 0.4827118347338935 0.04066001400560218 0.4910276610644257 0.034532563025210024 0.501969537815126 0.03146883753501395 0.5107230392156862 0.030593487394957927 0.5172881652661064 0.030593487394957927 0.5221025910364145 0.030593487394957927 0.5269170168067226 0.033657212885154 0.5330444677871148 0.04066001400560218 0.5347951680672269 0.04853816526610639 0.5347951680672269 0.054665616246498544 0.5343574929971989 0.06166841736694672 0.5304184173669467 0.06779586834733889 0.5269170168067226 0.07567401960784309 0.5190388655462185 0.08617822128851535 0.5120360644257702 0.09230567226890751 0.4984681372549019 0.0953693977591036
1 0.4056810224089636 0.047662815126050355 0.3925507703081232 0.042410714285714225 0.3877363445378151 0.04066001400560218 0.3802958683473389 0.03584558823529405 0.37460609243697474 0.02752976190476185 0.3741684173669467 0.020964635854341676 0.37679446778711484 0.012648809523809467 0.3816088935574229 0.004332983193277251 0.38511029411764697 0.0008315826330531615 0.46301645658263296 0.0008315826330531615 0.46257878151260495 0.008709733893557364 0.461703431372549 0.01877626050420162 0.4595150560224089 0.029280462184873894 0.4485731792717086 0.03715861344537809 0.425376400560224 0.04591211484593831 0.4153098739495798 0.047662815126050355
1 0.23455007002801115 0.12994572829131648 0.21748074229691872 0.12338060224089631 0.21047794117647053 0.11769082633053216 0.2061011904761904 0.10849964985994393 0.2052258403361344 0.0997461484593837 0.20741421568627447 0.08880427170868342 0.2135416666666666 0.08180147058823524 0.22273284313725483 0.07348564425770303 0.2319240196078431 0.07129726890756298 0.23848914565826324 0.06954656862745093 0.24636729691876746 0.06779586834733889 0.25555847338935567 0.06648284313725485 0.26081057422969184 0.06648284313725485 0.26781337535014 0.06692051820728287 0.2756915266106442 0.06910889355742292 0.2831320028011204 0.072172619047619 0.2905724789915966 0.07742471988795513 0.29582457983193267 0.08442752100840331 0.29801295518207277 0.09274334733893554 0.29757528011204476 0.10149684873949576 0.2953869047619047 0.10631127450980386 0.2927608543417366 0.11375175070028007 0.2888217787114845 0.11987920168067222 0.2848827030812325 0.12338060224089631 0.28094362745098034 0.1260066526610644 0.2721901260504201 0.12994572829131648 0.26518732492997193 0.13169642857142852 0.2581845238095238 0.13257177871148454 0.24899334733893552 0.13257177871148454
1 0.2017244397759103 0.017900910364145598 0.18815651260504193 0.007834383753501342 0.18421743697478987 0.0003939075630251504 0.24899334733893552 0.0008315826330531615 0.2441789215686274 0.011773459383753442 0.23892682072829127 0.01702556022408958 0.23148634453781505 0.019651610644257644 0.2214198179271708 0.020964635854341676 0.21047794117647053 0.020964635854341676
1 0.3225227591036414 0.3115808823529411 0.31245623249299714 0.30676645658263296 0.30720413165266097 0.29888830532212884 0.3037027310924369 0.2905724789915966 0.30107668067226884 0.2831320028011204 0.3006390056022408 0.2739408263305322 0.30107668067226884 0.26562499999999994 0.3041404061624649 0.2568714985994397 0.30851715686274506 0.25074404761904756 0.3146446078431372 0.2441789215686274 0.31902135854341734 0.24286589635854336 0.32383578431372545 0.24242822128851535 0.33258928571428564 0.24242822128851535 0.34309348739495793 0.24549194677871142 0.3579744397759103 0.25118172268907557 0.36322654061624643 0.2559961484593837 0.36541491596638653 0.2629989495798319 0.3667279411764705 0.2717524509803921 0.3684786414565826 0.28050595238095233 0.3693539915966386 0.2905724789915966 0.3689163165266106 0.3002013305322128 0.3667279411764705 0.31201855742296913 0.36410189075630245 0.3150822829131652 0.3579744397759103 0.3155199579831932 0.3483455882352941 0.3155199579831932 0.3365283613445378 0.3155199579831932
1 0.3133315826330532 0.5558035714285714 0.305891106442577 0.5452993697478992 0.3041404061624649 0.536545868347339 0.3028273809523809 0.5299807422969187 0.3023897058823529 0.5229779411764706 0.3023897058823529 0.5142244397759103 0.3037027310924369 0.5089723389355741 0.30676645658263296 0.502844887955182 0.30983018207282903 0.4971551120448179 0.3150822829131652 0.4936537114845938 0.3225227591036414 0.4910276610644257 0.33083858543417366 0.4910276610644257 0.33433998599439774 0.4923406862745098 0.33827906162464977 0.49540441176470584 0.3422181372549019 0.500218837535014 0.34528186274509803 0.5059086134453781 0.3483455882352941 0.5133490896358543 0.3505339635854341 0.5212272408963585 0.3518469887955182 0.5277923669467787 0.3522846638655462 0.5352328431372549 0.35097163865546216 0.5435486694677871 0.3479079131652661 0.5514268207282914 0.34440651260504196 0.5575542717086835 0.3374037114845938 0.5619310224089635 0.33215161064425763 0.5641193977591037 0.3242734593837534 0.5636817226890757 0.31727065826330525 0.5623686974789915
1 0.21441701680672265 0.6315213585434173 0.20391281512605036 0.620141806722689 0.20128676470588228 0.615327380952381 0.19997373949579828 0.6065738795518207 0.19953606442577024 0.5986957282913166 0.1982230392156862 0.5890668767507002 0.19866071428571425 0.5811887254901962 0.19997373949579828 0.5750612745098039 0.20347514005602235 0.5706845238095238 0.20653886554621842 0.5654324229691877 0.2131039915966386 0.5571165966386554 0.21923144257703076 0.5527398459383754 0.22798494397759098 0.5505514705882353 0.24330357142857137 0.5531775210084034 0.24899334733893552 0.5549282212885154 0.25380777310924363 0.5584296218487396 0.25774684873949577 0.5641193977591037 0.26212359943977587 0.5728728991596639 0.26562499999999994 0.5820640756302521 0.266938025210084 0.5908175770308123 0.266938025210084 0.6000087535014006 0.2643119747899159 0.6109506302521008 0.2594975490196078 0.6218925070028012 0.2533700980392156 0.6293329831932774 0.24592962184873943 0.6328343837535014 0.23761379551820724 0.6345850840336135 0.2323616946778711 0.6350227591036415 0.22360819327731088 0.6350227591036415
1 0.4170605742296918 0.6538427871148459 0.40655637254901955 0.6499037114845939 0.4026172969187674 0.6459646358543417 0.40130427170868344 0.6415878851540616 0.3969275210084033 0.6358981092436975 0.3964898459383753 0.6148897058823529 0.39824054621848737 0.6052608543417367 0.40130427170868344 0.5973827030812324 0.4048056722689075 0.5912552521008403 0.4083070728291316 0.5846901260504201 0.4118084733893557 0.5807510504201682 0.4188112745098039 0.579438025210084 0.425376400560224 0.579438025210084 0.43062850140056014 0.579875700280112 0.4341299019607842 0.5816264005602242 0.43806897759103636 0.5851278011204482 0.4411327030812325 0.5903799019607843 0.4450717787114845 0.5995710784313726 0.44594712885154053 0.6087622549019608 0.44594712885154053 0.618391106442577 0.44594712885154053 0.6240808823529412 0.44375875350140054 0.6341474089635855 0.4411327030812325 0.6411502100840336 0.4354429271708683 0.6468399859943977 0.4284401260504201 0.651216736694678 0.42187499999999994 0.6538427871148459
1 0.35140931372549017 0.7558210784313726 0.3356530112044817 0.7448792016806723 0.3312762605042016 0.7374387254901962 0.3273371848739495 0.7295605742296919 0.32383578431372545 0.7216824229691877 0.3225227591036414 0.7138042717086835 0.32383578431372545 0.7019870448179273 0.3268995098039215 0.692795868347339 0.3317139355742296 0.6849177170868348 0.3374037114845938 0.6822916666666666 0.345719537815126 0.6792279411764707 0.3540353641456582 0.6787902661064427 0.36410189075630245 0.6809786414565827 0.3689163165266106 0.6836046918767507 0.37460609243697474 0.6875437675070029 0.3798581932773109 0.692358193277311 0.384234943977591 0.6997986694677871 0.38817401960784303 0.7050507703081232 0.3912377450980392 0.7133665966386555 0.3929884453781512 0.7216824229691877 0.3934261204481792 0.732624299719888 0.39080007002801115 0.7418154761904762 0.3877363445378151 0.7488182773109244 0.3802958683473389 0.7527573529411764 0.37460609243697474 0.7553834033613446 0.36804096638655454 0.7566964285714286 0.3610381652661064 0.7575717787114846
1 0.2901348039215686 0.7615108543417367 0.27437850140056014 0.771139705882353 0.26518732492997193 0.776391806722689 0.2529324229691876 0.7807685574229691 0.23848914565826324 0.7812062324929971 0.23104866946778704 0.7781425070028012 0.22360819327731088 0.7689513305322129 0.2209821428571428 0.7632615546218487 0.21966911764705876 0.7545080532212886 0.21923144257703076 0.7457545518207283 0.2209821428571428 0.734812675070028 0.2249212184873949 0.730435924369748 0.22886029411764702 0.7256214985994398 0.2367384453781512 0.7203693977591037 0.2446165966386554 0.7168679971988795 0.25118172268907557 0.7138042717086835 0.2603728991596638 0.7089898459383754 0.268688725490196 0.7068014705882353 0.2756915266106442 0.7068014705882353 0.28444502801120447 0.7072391456582633 0.28750875350140054 0.7081144957983194 0.29188550420168063 0.7129289215686274 0.2953869047619047 0.7203693977591037 0.29713760504201675 0.7295605742296919 0.29582457983193267 0.7387517507002801 0.2945115546218487 0.7483806022408964 0.2914478291316526 0.7558210784313726
1 0.1312587535014005 0.7453168767507002 0.11769082633053216 0.7370010504201682 0.11243872549019603 0.7286852240896359 0.11025035014005598 0.7181810224089635 0.10937499999999996 0.7068014705882353 0.10981267507002795 0.695859593837535 0.11243872549019603 0.6853553921568628 0.11637780112044813 0.6779149159663865 0.12206757703081227 0.6735381652661065 0.12819502801120444 0.6695990896358543 0.1347601540616246 0.6674107142857143 0.14088760504201675 0.6669730392156864 0.1465773809523809 0.6669730392156864 0.15182948179271702 0.6678483893557423 0.15708158263305316 0.6700367647058824 0.16408438375350134 0.6744135154061625 0.1702118347338935 0.6801032913165267 0.17633928571428564 0.6888567927170868 0.17808998599439768 0.694984243697479 0.17852766106442572 0.7050507703081232 0.1772146358543417 0.7164303221288516 0.17371323529411759 0.7278098739495799 0.1662727591036414 0.7370010504201682 0.15620623249299712 0.7457545518207283 0.14832808123249294 0.7483806022408964 0.14132528011204476 0.7483806022408964
1 0.08223914565826325 0.6490283613445378 0.07567401960784309 0.6367734593837535 0.07392331932773104 0.6310836834733894 0.07304796918767502 0.6267069327731093 0.07173494397759098 0.617515756302521 0.07129726890756298 0.6096376050420169 0.07129726890756298 0.6021971288515406 0.07523634453781507 0.5934436274509804 0.07961309523809518 0.5864408263305323 0.08486519607843132 0.5825017507002801 0.08967962184873944 0.579875700280112 0.09274334733893554 0.5803133753501402 0.09887079831932769 0.5811887254901962 0.10631127450980386 0.5820640756302521 0.11331407563025205 0.5825017507002801 0.11769082633053216 0.5838147759103641 0.12206757703081227 0.5860031512605042 0.1260066526610644 0.5886292016806723 0.12950805322128847 0.5930059523809524 0.13344712885154053 0.6000087535014006 0.1351978291316526 0.6078869047619048 0.1351978291316526 0.6144520308123249 0.1356355042016806 0.6214548319327732 0.13651085434173665 0.6275822829131653 0.13344712885154053 0.6345850840336135 0.12950805322128847 0.6420255602240896 0.12381827731092433 0.6468399859943977 0.11506477591036408 0.651654411764706 0.11025035014005598 0.6529674369747899 0.1036852240896358 0.6529674369747899 0.09755777310924364 0.651654411764706 0.0883665966386554 0.6503413865546219
1 0.5584296218487396 0.5321691176470588 0.5536151960784313 0.5159751400560224 0.5536151960784313 0.5094100140056022 0.5549282212885154 0.501969537815126 0.5571165966386554 0.4932160364145658 0.5610556722689075 0.48533788515406157 0.5658700980392157 0.4813988095238095 0.5698091736694678 0.47921043417366943 0.5724352240896359 0.4783350840336134 0.577249649859944 0.4783350840336134 0.5846901260504201 0.4783350840336134 0.5895045518207283 0.4783350840336134 0.5951943277310925 0.48008578431372545 0.5995710784313726 0.48402485994397754 0.6039478291316527 0.4901523109243697 0.6074492296918768 0.49803046218487396 0.6091999299719889 0.5063462885154061 0.6091999299719889 0.5146621148459383 0.6074492296918768 0.5234156162464986 0.6043855042016807 0.5304184173669467 0.6013217787114846 0.538296568627451 0.5969450280112044 0.5461747198879553 0.5916929271708683 0.5479254201680672 0.5816264005602242 0.5488007703081232 0.574623599439776 0.5488007703081232 0.5706845238095238 0.5483630952380952 0.5667454481792717 0.5452993697478992 0.5601803221288516 0.538296568627451
1 0.6976102941176471 0.6573441876750701 0.6801032913165267 0.6415878851540616 0.6761642156862745 0.6358981092436975 0.6731004901960785 0.6288953081232493 0.6722251400560224 0.6214548319327732 0.6726628151260504 0.6135766806722689 0.6752888655462185 0.6048231792717087 0.6805409663865547 0.5951943277310925 0.6853553921568628 0.5881915266106443 0.692795868347339 0.5829394257703081 0.7019870448179273 0.579875700280112 0.7103028711484594 0.579438025210084 0.7164303221288516 0.579875700280112 0.7221200980392157 0.5811887254901962 0.7286852240896359 0.5838147759103641 0.733937324929972 0.5877538515406163 0.7387517507002801 0.5938813025210085 0.7418154761904762 0.6026348039215687 0.7431285014005603 0.6127013305322129 0.7431285014005603 0.6232055322128852 0.7413778011204482 0.6328343837535014 0.734812675070028 0.6477153361344538 0.7282475490196079 0.6547181372549019 0.7216824229691877 0.6586572128851541 0.7142419467787116 0.659970238095238 0.7054884453781513 0.659970238095238
1 0.8004639355742298 0.660407913165266 0.7903974089635855 0.6551558123249299 0.7882090336134454 0.651654411764706 0.7877713585434173 0.6472776610644257 0.7877713585434173 0.6389618347338936 0.7890843837535014 0.6315213585434173 0.7921481092436975 0.6262692577030812 0.7969625350140056 0.619704131652661 0.8013392857142858 0.6144520308123249 0.8065913865546219 0.6109506302521008 0.8127188375350141 0.6091999299719889 0.8214723389355743 0.6061362044817927 0.8302258403361346 0.6043855042016807 0.8359156162464987 0.6043855042016807 0.8394170168067226 0.6048231792717087 0.8455444677871148 0.6065738795518207 0.8542979691876751 0.6105129551820728 0.8599877450980392 0.615327380952381 0.8639268207282914 0.6214548319327732 0.8656775210084034 0.6253939075630252 0.8665528711484594 0.6372111344537815 0.8665528711484594 0.6485906862745098 0.8621761204481793 0.6569065126050421 0.8569240196078431 0.6630339635854342 0.8468574929971989 0.6678483893557423 0.8367909663865547 0.6704744397759104 0.8293504901960785 0.6713497899159664 0.8179709383753502 0.6700367647058824 0.8096551120448179 0.6674107142857143 0.8061537114845939 0.6656600140056023
1 0.8967524509803921 0.6783525910364145 0.891500350140056 0.6674107142857143 0.8928133753501402 0.6590948879551821 0.8954394257703081 0.6503413865546219 0.8980654761904763 0.6437762605042017 0.9028799019607843 0.6363357843137255 0.9116334033613446 0.6293329831932774 0.9177608543417367 0.6240808823529412 0.9238883053221288 0.619704131652661 0.931766456582633 0.617515756302521 0.9409576330532213 0.6170780812324931 0.9497111344537815 0.617515756302521 0.9562762605042018 0.620579481792717 0.9602153361344538 0.6232055322128852 0.9615283613445379 0.6271446078431373 0.9624037114845939 0.6350227591036415 0.9619660364145659 0.6424632352941176 0.9589023109243697 0.652092086834734 0.9562762605042018 0.6582195378151261 0.9518995098039216 0.6639093137254902 0.9462097338935574 0.6695990896358543 0.9413953081232493 0.6731004901960785 0.9348301820728292 0.6766018907563025 0.9265143557422969 0.6809786414565827 0.9221376050420169 0.6818539915966386 0.9111957282913166 0.6814163165266106 0.9024422268907563 0.6801032913165267
1 0.9090073529411764 0.578562675070028 0.9006915266106443 0.5733105742296919 0.8971901260504201 0.5680584733893557 0.8941264005602242 0.5623686974789915 0.890187324929972 0.5562412464985994 0.8875612745098039 0.5501137955182073 0.886685924369748 0.5435486694677871 0.8875612745098039 0.536108193277311 0.890187324929972 0.5286677170868347 0.8941264005602242 0.5221025910364145 0.8998161764705883 0.5159751400560224 0.9063813025210085 0.5102853641456583 0.9138217787114846 0.5080969887955181 0.9195115546218487 0.5085346638655461 0.926952030812325 0.5120360644257702 0.9383315826330533 0.5159751400560224 0.9479604341736695 0.5168504901960784 0.9505864845938377 0.5207895658263305 0.9510241596638657 0.5238532913165266 0.9518995098039216 0.5269170168067226 0.9518995098039216 0.5312937675070027 0.9510241596638657 0.5391719187675069 0.9488357843137255 0.5457370448179273 0.9448967086834734 0.5540528711484594 0.9405199579831933 0.5619310224089635 0.9357055322128852 0.5684961484593837 0.9291404061624651 0.5733105742296919 0.9238883053221288 0.576811974789916 0.9190738795518207 0.578562675070028
1 0.9610906862745098 0.30807948179271705 0.9540878851540616 0.29669992997198874 0.9510241596638657 0.2910101540616246 0.9479604341736695 0.2848827030812325 0.9453343837535014 0.27700455182072825 0.9440213585434173 0.268251050420168 0.9440213585434173 0.26124824929971985 0.9479604341736695 0.25424544817927164 0.9518995098039216 0.25074404761904756 0.9589023109243697 0.24680497198879545 0.964154411764706 0.24549194677871142 0.9694065126050421 0.2450542717086834 0.9742209383753502 0.2450542717086834 0.9838497899159664 0.2476803221288515 0.9904149159663866 0.24943102240896353 0.9961046918767508 0.2516193977591036 0.9989583333333333 0.25293803418803423 0.9989583333333333 0.32047466422466425 0.9816614145658263 0.3168329831932773 0.96765581232493 0.31245623249299714
1 0.8709296218487396 0.06341911764705876 0.8687412464985994 0.059042366946778654 0.8678658963585434 0.05335259103641451 0.8691789215686275 0.048100490196078365 0.8722426470588236 0.038909313725490134 0.8753063725490197 0.033219537815125995 0.8805584733893558 0.027967436974789858 0.8879989495798319 0.025341386554621793 0.8945640756302521 0.025341386554621793 0.9006915266106443 0.025341386554621793 0.9050682773109244 0.026216736694677816 0.9055059523809524 0.026654411764705826 0.9098827030812325 0.029718137254901904 0.9133841036414566 0.03146883753501395 0.9168855042016807 0.034094887955182014 0.9212622549019609 0.039784663865546153 0.9260766806722689 0.048100490196078365 0.9287027310924371 0.05729166666666661 0.930891106442577 0.06429446778711478 0.930015756302521 0.07436099439775905 0.9256390056022409 0.08267682072829127 0.9190738795518207 0.0883665966386554 0.9138217787114846 0.09011729691876745 0.9059436274509804 0.09055497198879547 0.8963147759103641 0.08924194677871143 0.890625 0.08617822128851535 0.8849352240896359 0.07917542016806718 0.8814338235294118 0.07348564425770303 0.8757440476190477 0.06560749299719883
1 0.8416053921568628 0.10237219887955178 0.8245360644257703 0.10149684873949576 0.8175332633053222 0.09712009803921565 0.8105304621848739 0.0914303221288515 0.8022146358543417 0.08355217086834729 0.7978378851540616 0.07742471988795513 0.7947741596638657 0.07173494397759098 0.7930234593837535 0.06166841736694672 0.7943364845938377 0.05072654061624644 0.7995885854341737 0.043723739495798254 0.8052783613445378 0.039784663865546153 0.8127188375350141 0.039346988795518144 0.8245360644257703 0.04109768907563019 0.8337272408963585 0.0454744397759103 0.8402923669467788 0.04941351540616241 0.8468574929971989 0.05379026610644252 0.850796568627451 0.058604691876750645 0.8547356442577031 0.06560749299719883 0.8573616946778712 0.07348564425770303 0.8591123949579832 0.08267682072829127 0.8599877450980392 0.09186799719887949 0.8599877450980392 0.0953693977591036 0.8556109943977591 0.0997461484593837 0.850796568627451 0.10237219887955178
1 0.7987132352941176 0.927389705882353 0.7842699579831933 0.9252013305322129 0.7807685574229691 0.9234506302521008 0.776391806722689 0.9199492296918768 0.7724527310924371 0.9164478291316527 0.7680759803921569 0.9103203781512605 0.7654499299719889 0.9041929271708684 0.7645745798319328 0.8967524509803921 0.7650122549019608 0.8879989495798319 0.7663252801120449 0.8801207983193277 0.7693890056022409 0.8718049719887956 0.774641106442577 0.8656775210084034 0.7842699579831933 0.8621761204481793 0.7974002100840336 0.8586747198879553 0.8057160364145659 0.8586747198879553 0.812281162464986 0.8591123949579832 0.8201593137254902 0.8613007703081232 0.8275997899159664 0.8639268207282914 0.8346025910364147 0.8687412464985994 0.8394170168067226 0.8739933473389355 0.8451067927170868 0.8818714985994398 0.8477328431372549 0.8875612745098039 0.848608193277311 0.8958771008403361 0.8451067927170868 0.9050682773109244 0.8411677170868348 0.9129464285714286 0.8363532913165267 0.9186362044817927 0.8280374649859944 0.9230129551820728 0.8214723389355743 0.9252013305322129 0.81140581232493 0.9265143557422969
1 0.9378939075630252 0.8774947478991597 0.9361432072829132 0.8941264005602242 0.928265056022409 0.9094450280112045 0.9238883053221288 0.9173231792717087 0.9186362044817927 0.9238883053221288 0.9120710784313726 0.928265056022409 0.9037552521008404 0.930015756302521 0.8963147759103641 0.9295780812324931 0.888874299719888 0.9265143557422969 0.8840598739495799 0.9234506302521008 0.8814338235294118 0.9199492296918768 0.8779324229691877 0.9146971288515406 0.8748686974789917 0.9081320028011205 0.8731179971988795 0.9006915266106443 0.8731179971988795 0.8958771008403361 0.8731179971988795 0.886685924369748 0.8731179971988795 0.8783700980392157 0.8748686974789917 0.8709296218487396 0.8792454481792717 0.8643644957983194 0.8836221988795518 0.8577993697478993 0.889749649859944 0.8534226190476191 0.8945640756302521 0.851234243697479 0.8998161764705883 0.848608193277311 0.9050682773109244 0.8468574929971989 0.9120710784313726 0.8472951680672269 0.9164478291316527 0.849045868347339 0.9252013305322129 0.8551733193277311 0.932204131652661 0.8626137955182073 0.9361432072829132 0.8713672969187676
1 0.9847251400560225 0.9470850840336135 0.9742209383753502 0.9339548319327732 0.9720325630252101 0.9265143557422969 0.9707195378151261 0.9203869047619048 0.9702818627450981 0.9120710784313726 0.9711572128851541 0.9041929271708684 0.9737832633053222 0.8967524509803921 0.9781600140056023 0.889311974789916 0.9825367647058824 0.8844975490196079 0.9891018907563025 0.8809961484593838 0.9982930672268908 0.8774947478991597 0.9989583333333333 0.953929539295393 0.9904149159663866 0.9514618347338936
1 0.8280374649859944 0.9838497899159664 0.8346025910364147 0.9659051120448179 0.8363532913165267 0.9610906862745098 0.8411677170868348 0.9545255602240896 0.8472951680672269 0.9488357843137255 0.8586747198879553 0.9440213585434173 0.8766193977591037 0.9405199579831933 0.8853728991596639 0.9405199579831933 0.889749649859944 0.9409576330532213 0.8932510504201682 0.9427083333333334 0.8967524509803921 0.9457720588235294 0.8993785014005603 0.9488357843137255 0.9033175770308123 0.9549632352941176 0.9063813025210085 0.9606530112044818 0.9098827030812325 0.96765581232493 0.9111957282913166 0.9737832633053222 0.9133841036414566 0.9799107142857143 0.9133841036414566 0.9873511904761905 0.9133841036414566 0.9943539915966386 0.9129655271199388 0.9989583333333333 0.8271621148459384 0.9989583333333333 0.8267244397759104 0.9930409663865547
1 0.6275822829131653 0.9816614145658263 0.6271446078431373 0.9659051120448179 0.6288953081232493 0.9597776610644257 0.6306460084033614 0.9532125350140056 0.6341474089635855 0.9462097338935574 0.6385241596638657 0.9370185574229691 0.6433385854341737 0.931766456582633 0.651216736694678 0.927827380952381 0.6590948879551821 0.9260766806722689 0.6691614145658263 0.9252013305322129 0.6761642156862745 0.9256390056022409 0.6818539915966386 0.927827380952381 0.6871060924369748 0.930453431372549 0.691920518207283 0.9339548319327732 0.6967349439775911 0.9387692577030813 0.6993609943977591 0.9440213585434173 0.7019870448179273 0.9505864845938377 0.7037377450980392 0.9580269607843138 0.7046130952380952 0.96765581232493 0.7037377450980392 0.9764093137254902 0.7015493697478993 0.9838497899159664 0.6980479691876751 0.9895395658263305 0.694108893557423 0.9961046918767508 0.692358193277311 0.9982930672268908 0.6504464285714306 0.9989583333333333 0.6350227591036415 0.9982930672268908 0.6293329831932774 0.9895395658263305
1 0.5124737394957983 0.9965423669467788 0.501969537815126 0.9965423669467788 0.4984681372549019 0.9939163165266106 0.4949667366946778 0.9895395658263305 0.4932160364145658 0.9873511904761905 0.4927783613445378 0.9860381652661065 0.4919030112044817 0.9803483893557423 0.4919030112044817 0.972907913165266 0.4923406862745098 0.963716736694678 0.4949667366946778 0.9540878851540616 0.4975927871148459 0.9448967086834734 0.500218837535014 0.9370185574229691 0.503720238095238 0.931766456582633 0.5076593137254901 0.926952030812325 0.5129114145658263 0.9247636554621849 0.5216649159663865 0.9243259803921569 0.5295430672268907 0.9260766806722689 0.5326067927170868 0.9291404061624651 0.536108193277311 0.9330794817927172 0.537858893557423 0.9383315826330533 0.540047268907563 0.9462097338935574 0.5404849439775911 0.9532125350140056 0.5404849439775911 0.9619660364145659 0.538734243697479 0.9694065126050421 0.536983543417367 0.9759716386554622 0.5339198179271708 0.9834121148459384 0.5308560924369747 0.9877888655462185 0.5260416666666666 0.9917279411764707 0.5172881652661064 0.9956670168067226
1 0.5562412464985994 0.930453431372549 0.5501137955182073 0.9146971288515406 0.5496761204481793 0.9098827030812325 0.5505514705882353 0.9041929271708684 0.5536151960784313 0.8971901260504201 0.5571165966386554 0.891500350140056 0.5619310224089635 0.8879989495798319 0.5698091736694678 0.8849352240896359 0.577249649859944 0.8823091736694678 0.5838147759103641 0.8805584733893558 0.5908175770308123 0.8805584733893558 0.5969450280112044 0.8823091736694678 0.6013217787114846 0.8840598739495799 0.6052608543417367 0.887123599439776 0.6078869047619048 0.890187324929972 0.6100752801120449 0.8980654761904763 0.6113883053221288 0.9041929271708684 0.6118259803921569 0.9111957282913166 0.6074492296918768 0.9186362044817927 0.6021971288515406 0.9238883053221288 0.5973827030812324 0.927389705882353 0.5930059523809524 0.9295780812324931 0.5846901260504201 0.9330794817927172 0.5737482492997199 0.9335171568627452 0.5641193977591037 0.9326418067226891
1 0.2888217787114845 0.8613007703081232 0.2783175770308122 0.8560486694677871 0.27525385154061616 0.851234243697479 0.27481617647058815 0.8442314425770309 0.27612920168067223 0.8354779411764707 0.2787552521008403 0.8267244397759104 0.28225665266106437 0.8192839635854342 0.2870710784313725 0.8135941876750701 0.2945115546218487 0.807466736694678 0.3028273809523809 0.8030899859943977 0.3107055322128851 0.8009016106442578 0.3220850840336134 0.8004639355742298 0.3334646358543417 0.8004639355742298 0.3409051120448179 0.8009016106442578 0.346594887955182 0.8022146358543417 0.3487832633053221 0.8044030112044818 0.3518469887955182 0.811843487394958 0.35272233893557414 0.8184086134453782 0.35272233893557414 0.8258490896358543 0.35097163865546216 0.8341649159663865 0.3479079131652661 0.8407300420168068 0.34440651260504196 0.8459821428571429 0.33827906162464977 0.8534226190476191 0.3312762605042016 0.8573616946778712 0.31945903361344535 0.8617384453781513 0.3111432072829131 0.8630514705882353 0.3041404061624649 0.8630514705882353 0.2953869047619047 0.8621761204481793
1 0.12994572829131648 0.8761817226890757 0.10499824929971985 0.8739933473389355 0.10062149859943972 0.8726803221288516 0.09230567226890751 0.8691789215686275 0.08530287114845933 0.8643644957983194 0.08355217086834729 0.8573616946778712 0.08486519607843132 0.8459821428571429 0.0879289215686274 0.8381039915966386 0.09274334733893554 0.8306635154061625 0.09843312324929966 0.8254114145658263 0.10806197478991592 0.8197216386554622 0.11594012605042012 0.816657913165266 0.12775735294117643 0.8153448879551821 0.13869922969187667 0.816657913165266 0.1465773809523809 0.8192839635854342 0.1540178571428571 0.8236607142857143 0.16058298319327724 0.8271621148459384 0.16408438375350134 0.8319765406162465 0.16539740896358537 0.8381039915966386 0.1671481092436974 0.8455444677871148 0.1671481092436974 0.8516719187675069 0.16671043417366943 0.8573616946778712 0.16320903361344533 0.8621761204481793 0.15795693277310915 0.8678658963585434 0.15445553221288508 0.8700542717086835 0.1465773809523809 0.8726803221288516 0.1382615546218487 0.8753063725490197
1 0.0568539915966386 0.7925857843137255 0.04853816526610639 0.7943364845938377 0.042410714285714225 0.7947741596638657 0.03628326330532207 0.7938988095238095 0.02840511204481787 0.7917104341736695 0.019651610644257644 0.7895220588235294 0.013086484593837478 0.7873336834733894 0.004770658263305263 0.7812062324929971 0.0012692577030811727 0.7777048319327732 0.0008315826330531615 0.7247461484593838 0.01133578431372543 0.7199317226890757 0.014837184873949522 0.7186186974789915 0.02446603641456577 0.7186186974789915 0.03672093837535008 0.7216824229691877 0.04591211484593831 0.7260591736694678 0.05028886554621843 0.7295605742296919 0.05379026610644252 0.732624299719888 0.059042366946778654 0.7391894257703081 0.06341911764705876 0.7453168767507002 0.06779586834733889 0.7536327030812325 0.06910889355742292 0.7588848039215687 0.06998424369747894 0.7628238795518207 0.07042191876750696 0.7693890056022409 0.07042191876750696 0.775516456582633 0.06954656862745093 0.7829569327731093 0.06560749299719883 0.7873336834733894
1 0.019803113553113587 0.20142704517704518 0.03048687423687427 0.2029532967032967 0.03544719169719173 0.20486111111111113 0.040025946275946314 0.20829517704517705 0.04536782661782666 0.21325549450549453 0.047657203907203946 0.21745268620268624 0.050709706959706995 0.22279456654456659 0.05299908424908429 0.2288995726495727 0.05452533577533581 0.23614926739926742 0.049183455433455474 0.24149114774114777 0.04384157509157513 0.24606990231990233 0.038881257631257674 0.24950396825396828 0.03353937728937732 0.2525564713064713 0.026671245421245455 0.2552274114774115 0.01789529914529918 0.25637210012210015 0.009119352869352905 0.2575167887667888 0.0003434065934066281 0.2578983516483517 0.0014880952380952725 0.20104548229548233 0.013316544566544603 0.20104548229548233
0 0.8203220390720392 0.49065170940170943 0.8218482905982907 0.46623168498168505 0.8214667277167279 0.46165293040293043 0.8237561050061051 0.4586004273504274 0.8260454822954824 0.45821886446886445 0.827190170940171 0.4601266788766789 0.8279532967032969 0.46432387057387065 0.8279532967032969 0.47233669108669113 0.827571733821734 0.48340201465201466 0.8260454822954824 0.4948489010989011 0.8249007936507938 0.49828296703296704 0.8229929792429793 0.49942765567765574 0.8210851648351649 0.4963751526251527
0 0.7508775946275947 0.4345619658119658 0.7382860195360196 0.44867979242979245 0.7356150793650794 0.4498244810744811 0.734088827838828 0.44944291819291826 0.7344703907203908 0.44639041514041516 0.737141330891331 0.4429563492063492 0.7440094627594629 0.434180402930403 0.7516407203907204 0.42654914529914534 0.753166971916972 0.4273122710622711 0.7535485347985349 0.4315094627594628
0 0.6310668498168499 0.41586538461538464 0.624198717948718 0.40403693528693535 0.6230540293040294 0.40136599511599513 0.6226724664224665 0.39602411477411475 0.6226724664224665 0.3914453601953602 0.6222909035409037 0.38610347985347987 0.6219093406593408 0.38266941391941395 0.6226724664224665 0.3807615995115995 0.6238171550671551 0.3799984737484738 0.6261065323565325 0.3819062881562882 0.6299221611721613 0.3853403540903541 0.6325931013431014 0.3891559829059829 0.6356456043956045 0.39411630036630035 0.6367902930402932 0.3990766178266178 0.6379349816849818 0.40365537240537247 0.6386981074481075 0.4074710012210012 0.6390796703296704 0.41014194139194143 0.6394612332112334 0.414720695970696 0.6394612332112334 0.41929945054945056 0.6394612332112334 0.4234966422466423 0.6348824786324787 0.4219703907203908
0 0.7222603785103786 0.350236568986569 0.7100503663003664 0.35138125763125766 0.7054716117216118 0.3509996947496948 0.6997481684981686 0.34985500610500614 0.6986034798534799 0.3490918803418804 0.6970772283272285 0.3464209401709402 0.6974587912087913 0.34375 0.6997481684981686 0.3403159340659341 0.7035637973137975 0.33878968253968256 0.7081425518925519 0.33840811965811973 0.7123397435897437 0.33878968253968256 0.7165369352869354 0.33917124542124544 0.7214972527472528 0.3403159340659341 0.7256944444444445 0.34107905982905984 0.7295100732600733 0.34260531135531136 0.7314178876678877 0.3452762515262516 0.7298916361416362 0.3483287545787546
0 0.9294490231990232 0.41090506715506714 0.9157127594627597 0.4044184981684982 0.9126602564102565 0.4025106837606838 0.9092261904761905 0.40060286935286943 0.9069368131868133 0.3983134920634921 0.9057921245421245 0.3975503663003663 0.9042658730158731 0.39602411477411475 0.9038843101343103 0.39449786324786323 0.9042658730158731 0.392208485958486 0.9069368131868133 0.3910637973137973 0.9115155677655679 0.3910637973137973 0.9180021367521368 0.39182692307692313 0.9221993284493286 0.3929716117216117 0.927159645909646 0.39449786324786323 0.9313568376068377 0.39678724053724057 0.9340277777777779 0.3990766178266178 0.9386065323565325 0.4025106837606838 0.9412774725274726 0.40556318681318687 0.9424221611721613 0.40823412698412703 0.942803724053724 0.4112866300366301 0.9393696581196581 0.4124313186813187
0 0.8695436507936508 0.2937652625152625 0.8638202075702076 0.30788308913308915 0.8622939560439561 0.31169871794871795 0.8603861416361417 0.31551434676434675 0.8577152014652015 0.3178037240537241 0.8535180097680098 0.31818528693528697 0.8512286324786326 0.3151327838827839 0.8508470695970697 0.31169871794871795 0.8523733211233212 0.3071199633699634 0.8542811355311356 0.3025412087912088 0.85618894993895 0.2983440170940171 0.8577152014652015 0.2941468253968254 0.8600045787545788 0.2907127594627595 0.8634386446886447 0.2868971306471307 0.8664911477411478 0.2834630647130647 0.8691620879120879 0.28041056166056166 0.8703067765567767 0.2834630647130647 0.8703067765567767 0.28918650793650796
0 0.9889728327228329 0.2888049450549451 0.9744734432234433 0.2743055555555556 0.9702762515262516 0.27125305250305254 0.9656974969474971 0.26820054945054944 0.962644993894994 0.2655296092796093 0.9615003052503054 0.26247710622710624 0.9653159340659342 0.2617139804639805 0.9729471916971917 0.26820054945054944 0.98859126984127 0.2811736874236875 0.9935515873015873 0.2849893162393162 0.995077838827839 0.28651556776556775 0.9954594017094018 0.2884233821733822 0.9946962759462761 0.2918574481074481
0 0.5772664835164836 0.5238476800976801 0.576121794871795 0.5135454822954822 0.5768849206349207 0.508203601953602 0.5776480463980465 0.5036248473748474 0.5787927350427352 0.49828296703296704 0.5799374236874237 0.49599358974358976 0.5833714896214897 0.495230463980464 0.5860424297924299 0.4967567155067155 0.5883318070818072 0.5009539072039072 0.5887133699633701 0.5043879731379731 0.5879502442002443 0.5085851648351648 0.5875686813186813 0.5135454822954822 0.5875686813186813 0.5185057997557998 0.5871871184371185 0.5234661172161172 0.585660866910867 0.5288079975579976 0.5833714896214897 0.5314789377289377 0.579555860805861 0.530715811965812
0 0.704708485958486 0.6356456043956045 0.7012744200244201 0.6200015262515264 0.7005112942612944 0.6150412087912088 0.7005112942612944 0.6100808913308914 0.7012744200244201 0.6047390109890111 0.7020375457875458 0.601686507936508 0.7035637973137975 0.5974893162393163 0.7054716117216118 0.598634004884005 0.7092872405372407 0.6013049450549451 0.7127213064713066 0.6035943223443224 0.7138659951159952 0.6066468253968255 0.7153922466422468 0.6131333943833945 0.7169184981684983 0.6203830891330891 0.7173000610500612 0.6257249694749696 0.7173000610500612 0.630685286935287 0.7157738095238096 0.6367902930402932 0.7150106837606838 0.6406059218559219 0.7138659951159952 0.6421321733821734 0.7096688034188036 0.640224358974359
0 0.8382554945054946 0.6409874847374848 0.8218482905982907 0.6428952991452993 0.8149801587301587 0.6421321733821734 0.8107829670329672 0.640224358974359 0.8069673382173383 0.6383165445665446 0.8077304639804641 0.6364087301587303 0.8123092185592186 0.634119352869353 0.8172695360195361 0.6329746642246643 0.824519230769231 0.6318299755799757 0.8279532967032969 0.6314484126984128 0.8317689255189256 0.6314484126984128 0.837110805860806 0.6310668498168499 0.8424526862026862 0.6322115384615385 0.8462683150183151 0.634119352869353 0.8481761294261295 0.637171855921856 0.8432158119658121 0.6398427960927963
0 0.35824938949938956 0.7310363247863249 0.35138125763125766 0.7222603785103786 0.3490918803418804 0.7184447496947498 0.34794719169719174 0.7161553724053725 0.3468025030525031 0.7123397435897437 0.3468025030525031 0.707760989010989 0.34603937728937734 0.7043269230769231 0.3483287545787546 0.7024191086691087 0.3506181318681319 0.7024191086691087 0.35328907203907206 0.7050900488400489 0.3563415750915751 0.7085241147741148 0.3597756410256411 0.7127213064713066 0.3647359584859585 0.7180631868131868 0.36778846153846156 0.7214972527472528 0.3693147130647131 0.7249313186813188 0.3708409645909646 0.7295100732600733 0.37160409035409037 0.7337072649572651 0.3712225274725275 0.737141330891331 0.36778846153846156 0.7386675824175825 0.36435439560439564 0.7367597680097682
0 0.7657585470085471 0.24606990231990233 0.7527854090354091 0.2540827228327229 0.7489697802197803 0.25637210012210015 0.7462988400488402 0.2571352258852259 0.7436278998779 0.2575167887667888 0.7432463369963371 0.2540827228327229 0.7440094627594629 0.2510302197802198 0.7462988400488402 0.24797771672771676 0.750114468864469 0.24416208791208793 0.7527854090354091 0.2426358363858364 0.7569826007326008 0.24072802197802198 0.7604166666666667 0.23958333333333337 0.7669032356532358 0.23691239316239318 0.7703373015873017 0.2365308302808303 0.7695741758241759 0.2411095848595849
0 0.7600351037851039 0.1625076312576313 0.7497329059829061 0.1583104395604396 0.7474435286935288 0.15678418803418806 0.7436278998779 0.15373168498168502 0.7417200854700855 0.15144230769230774 0.7401938339438341 0.14610042735042736 0.7401938339438341 0.14381105006105008 0.7455357142857143 0.14419261294261296 0.7516407203907204 0.14610042735042736 0.7558379120879122 0.1480082417582418 0.7604166666666667 0.15029761904761907 0.7661401098901099 0.1533501221001221 0.7718635531135531 0.15678418803418806 0.7752976190476191 0.15983669108669113 0.7733898046398048 0.1621260683760684 0.7665216727716728 0.16288919413919417
0 0.6329746642246643 0.18692765567765568 0.6184752747252749 0.18845390720390723 0.6154227716727718 0.1873092185592186 0.6127518315018317 0.18578296703296707 0.6108440170940171 0.18387515262515264 0.6100808913308914 0.18005952380952384 0.6104624542124543 0.17815170940170943 0.6127518315018317 0.17700702075702077 0.6173305860805861 0.17586233211233215 0.624198717948718 0.1750992063492064 0.6295405982905984 0.1750992063492064 0.6333562271062273 0.1750992063492064 0.6383165445665446 0.17586233211233215 0.6417506105006106 0.17662545787545791 0.6455662393162395 0.1789148351648352 0.6455662393162395 0.18234890109890112 0.6432768620268622 0.1850198412698413
0 0.5310973748473748 0.15296855921855926 0.5165979853479854 0.16098137973137974 0.5131639194139195 0.1617445054945055 0.5101114163614163 0.1621260683760684 0.5066773504273504 0.1621260683760684 0.5059142246642246 0.1605998168498169 0.5051510989010989 0.1583104395604396 0.5062957875457876 0.15525793650793654 0.5101114163614163 0.1518238705738706 0.514690170940171 0.1495344932844933 0.5192689255189256 0.14686355311355312 0.524229242979243 0.14495573870573872 0.5261370573870574 0.14381105006105008 0.530715811965812 0.14228479853479856 0.5360576923076923 0.1415216727716728 0.5402548840048841 0.14114010989010992 0.5417811355311356 0.14381105006105008 0.5394917582417583 0.14686355311355312
0 0.4898885836385836 0.29987026862026867 0.4898885836385836 0.2868971306471307 0.4910332722832723 0.28384462759462764 0.4910332722832723 0.27964743589743596 0.4917963980463981 0.2754502442002442 0.4933226495726496 0.26972680097680096 0.49599358974358976 0.26629273504273504 0.4979014041514042 0.26591117216117216 0.49942765567765574 0.26972680097680096 0.49942765567765574 0.27621336996337004 0.4998092185592186 0.2815552503052503 0.5009539072039072 0.28651556776556775 0.5009539072039072 0.2926205738705739 0.5009539072039072 0.29719932844932845 0.49942765567765574 0.3029227716727717 0.4967567155067155 0.30750152625152627 0.49446733821733824 0.3109355921855922 0.4933226495726496 0.3109355921855922 0.4910332722832723 0.3086462148962149
0 0.37656440781440786 0.18807234432234435 0.3666437728937729 0.18158577533577536 0.3628281440781441 0.1789148351648352 0.3605387667887668 0.17586233211233215 0.3578678266178266 0.17166514041514044 0.35557844932844934 0.1678495115995116 0.353670634920635 0.1644154456654457 0.3521443833943834 0.16021825396825398 0.3509996947496948 0.15563949938949942 0.350236568986569 0.1518238705738706 0.350236568986569 0.14838980463980464 0.3521443833943834 0.14686355311355312 0.35672313797313804 0.14762667887667888 0.3613018925518926 0.1495344932844933 0.36626221001221004 0.1518238705738706 0.3704594017094018 0.15449481074481078 0.3746565934065934 0.15678418803418806 0.3796169108669109 0.15983669108669113 0.38305097680097683 0.16288919413919417 0.38610347985347987 0.16708638583638585 0.3891559829059829 0.17204670329670332 0.392208485958486 0.17700702075702077 0.39373473748473753 0.18120421245421248 0.39411630036630035 0.18616452991452992 0.39411630036630035 0.19188797313797318 0.39373473748473753 0.19532203907203907 0.38991910866910867 0.19532203907203907 0.385721916971917 0.19188797313797318 0.38266941391941395 0.19036172161172163
0 0.911134004884005 0.15449481074481078 0.8966346153846154 0.16365231990231993 0.8775564713064714 0.1750992063492064 0.8745039682539684 0.17777014652014653 0.872214590964591 0.17967796092796096 0.8695436507936508 0.1789148351648352 0.868780525030525 0.1750992063492064 0.8729777167277167 0.17166514041514044 0.8775564713064714 0.16823107448107452 0.8825167887667889 0.16479700854700857 0.8863324175824177 0.1625076312576313 0.8939636752136753 0.1583104395604396 0.8977793040293042 0.15640262515262518 0.9027396214896215 0.15373168498168502 0.9057921245421245 0.15144230769230774 0.9088446275946277 0.14991605616605622
0 0.49217796092796096 0.07474816849816854 0.5009539072039072 0.06673534798534803 0.5032432844932846 0.06406440781440785 0.5059142246642246 0.06139346764346768 0.5093482905982907 0.057959401709401746 0.5120192307692307 0.05452533577533581 0.5135454822954822 0.050328144078144114 0.5135454822954822 0.047275641025641066 0.511637667887668 0.04613095238095242 0.5085851648351648 0.0465125152625153 0.5055326617826618 0.049946581196581234 0.5040064102564102 0.05376221001221005 0.5020985958485958 0.057577838827838866 0.4990460927960928 0.06215659340659344 0.4967567155067155 0.06559065934065939 0.49255952380952384 0.06902472527472532 0.4891254578754579 0.07093253968253972 0.4868360805860806 0.07169566544566548 0.48454670329670335 0.07207722832722836 0.4807310744810745 0.07474816849816854 0.4795863858363859 0.0778006715506716 0.48263888888888895 0.08009004884004887 0.4864545177045177 0.07932692307692311
0 0.4254044566544567 0.021710927960927995 0.4063263125763126 0.019039987789987823 0.40136599511599513 0.018658424908424943 0.3979319291819292 0.01789529914529918 0.39487942612942617 0.016369047619047655 0.39449786324786323 0.014079670329670365 0.39602411477411475 0.012553418803418839 0.41204975579975583 0.011790293040293076 0.42311507936507936 0.011790293040293076 0.4276938339438339 0.011790293040293076 0.4334172771672772 0.012553418803418839 0.4364697802197802 0.014461233211233247 0.4368513431013431 0.0175137362637363 0.4368513431013431 0.02056623931623935 0.43189102564102566 0.021329365079365115
0 0.2685821123321123 0.10107600732600736 0.25675366300366304 0.10183913308913312 0.2521749084249085 0.10298382173382177 0.24759615384615385 0.10412851037851041 0.24378052503052505 0.10489163614163617 0.23996489621489622 0.10489163614163617 0.23424145299145302 0.10412851037851041 0.23157051282051283 0.10222069597069601 0.22928113553113555 0.09993131868131871 0.2281364468864469 0.09726037851037854 0.2288995726495727 0.09497100122100126 0.23385989010989014 0.0942078754578755 0.23958333333333337 0.09306318681318684 0.2468330280830281 0.09268162393162396 0.25446428571428575 0.09230006105006108 0.26056929181929184 0.09230006105006108 0.2647664835164835 0.0919184981684982 0.2704899267399268 0.09230006105006108 0.2739239926739927 0.09382631257631262 0.27621336996337004 0.09649725274725278 0.27697649572649574 0.09916819291819295
0 0.011790293040293076 0.23424145299145302 0.0007249694749695096 0.2327152014652015 0.0018696581196581542 0.22317612942612944 0.006066849816849851 0.2239392551892552 0.009500915750915785 0.2243208180708181 0.01560592185592189 0.22546550671550675 0.019803113553113587 0.2266101953601954 0.023618742368742403 0.2288995726495727 0.028579059829059863 0.23118894993894998 0.030868437118437154 0.2327152014652015 0.028579059829059863 0.2346230158730159 0.025144993894993927 0.23538614163614166 0.02247405372405376 0.23576770451770454 0.01713217338217342 0.23538614163614166
0 0.22317612942612944 0.5993971306471307 0.22317612942612944 0.5803189865689866 0.22355769230769235 0.576121794871795 0.224702380952381 0.5723061660561661 0.22584706959706963 0.5688721001221002 0.22775488400488403 0.5673458485958487 0.23118894993894998 0.5711614774114775 0.23309676434676438 0.5753586691086692 0.23500457875457878 0.5791742979242981 0.2365308302808303 0.5833714896214897 0.23767551892551894 0.5883318070818072 0.23805708180708185 0.5944368131868133 0.23805708180708185 0.5993971306471307 0.2372939560439561 0.6051205738705739 0.2365308302808303 0.6096993284493286 0.23500457875457878 0.6138965201465202 0.23347832722832726 0.6165674603174605 0.2300442612942613 0.6165674603174605 0.2266101953601954 0.6131333943833945 0.224702380952381 0.6096993284493286
0 0.33115842490842495 0.5421626984126985 0.3281059218559219 0.5444520757020758 0.32467185592185593 0.5349130036630038 0.3239087301587302 0.5288079975579976 0.3239087301587302 0.5223214285714286 0.3231456043956044 0.5185057997557998 0.32085622710622713 0.5124007936507937 0.3197115384615385 0.508203601953602 0.3193299755799756 0.5059142246642246 0.32276404151404153 0.5055326617826618 0.32505341880341887 0.5085851648351648 0.3265796703296704 0.5139270451770452 0.327724358974359 0.5200320512820513 0.327724358974359 0.5249923687423688 0.3273427960927961 0.5295711233211233 0.3281059218559219 0.5345314407814409
0 0.27087148962148966 0.7394307081807082 0.2617139804639805 0.7485882173382173 0.25293803418803423 0.7569826007326008 0.250267094017094 0.7592719780219781 0.247214590964591 0.7600351037851039 0.2449252136752137 0.7588904151404152 0.24378052503052505 0.7550747863247864 0.24606990231990233 0.750114468864469 0.24912240537240538 0.7455357142857143 0.2514117826617827 0.7413385225885226 0.2540827228327229 0.7382860195360196 0.2578983516483517 0.7352335164835165 0.26209554334554336 0.7329441391941393 0.2670558608058608 0.7302731990231991 0.27010836385836384 0.7283653846153847 0.2735424297924298 0.7256944444444445 0.2754502442002442 0.7245497557997559 0.27773962148962156 0.7260760073260074 0.27773962148962156 0.7298916361416362 0.2754502442002442 0.7333257020757021
0 0.1331272893772894 0.7108134920634921 0.13350885225885228 0.6959325396825398 0.13465354090354092 0.6905906593406594 0.13617979242979245 0.6871565934065935 0.13846916971916973 0.6852487789987791 0.14190323565323568 0.6867750305250306 0.14495573870573872 0.6894459706959708 0.14724511599511603 0.6940247252747253 0.1491529304029304 0.6993666056166057 0.1495344932844933 0.704708485958486 0.1491529304029304 0.7104319291819293 0.14762667887667888 0.7161553724053725 0.14495573870573872 0.7214972527472528 0.14304792429792432 0.7264575702075703 0.140758547008547 0.7283653846153847 0.13846916971916973 0.7276022588522589 0.13656135531135533 0.7230235042735044 0.1350351037851038 0.7176816239316239
0 0.03849969474969479 0.7684294871794872 0.03048687423687427 0.7585088522588523 0.027434371184371215 0.7546932234432234 0.02323717948717952 0.7508775946275947 0.020184676434676467 0.7478250915750916 0.01713217338217342 0.7451541514041514 0.015987484737484774 0.7417200854700855 0.018276862026862063 0.7398122710622712 0.022092490842490875 0.7401938339438341 0.02590811965811969 0.7428647741147743 0.028960622710622743 0.7462988400488402 0.03315781440781444 0.7497329059829061 0.036973443223443266 0.7535485347985349 0.039644383394383434 0.7562194749694751 0.04193376068376072 0.759653540903541 0.04574938949938954 0.7653769841269842 0.0465125152625153 0.7699557387057389 0.04346001221001225 0.772245115995116
0 0.11404914529914532 0.8462683150183151 0.1266407203907204 0.843597374847375 0.13236416361416364 0.8432158119658121 0.13732448107448111 0.8420711233211233 0.1392322954822955 0.8397817460317462 0.13885073260073263 0.8352029914529915 0.13617979242979245 0.8321504884004884 0.131219474969475 0.8329136141636142 0.12816697191697196 0.8329136141636142 0.12206196581196585 0.8336767399267401 0.11748321123321127 0.8348214285714287 0.11519383394383399 0.837110805860806 0.11290445665445668 0.8394001831501832
1 0.00568528693528697 0.6165674603174605 0.013316544566544603 0.6180937118437119 0.0175137362637363 0.6211462148962149 0.02094780219780223 0.6261065323565325 0.02323717948717952 0.6322115384615385 0.024763431013431047 0.6386981074481075 0.025144993894993927 0.6463293650793652 0.024381868131868163 0.6539606227106227 0.022092490842490875 0.6600656288156289 0.019803113553113587 0.666170634920635 0.0175137362637363 0.6711309523809524 0.014079670329670365 0.6749465811965812 0.009882478632478668 0.679143772893773 0.0007249694749695096 0.6860119047619049 0.0011065323565323912 0.6161858974358976
0 0.8144747235387046 0.8959320695102686 0.7967022116903634 0.8969194312796209 0.7897906793048973 0.8964257503949448 0.7878159557661929 0.8954383886255926 0.785347551342812 0.8929699842022117 0.7863349131121643 0.8900078988941549 0.7892969984202213 0.8890205371248026 0.8085505529225909 0.8885268562401265 0.8149684044233808 0.8885268562401265 0.8184241706161138 0.8895142180094788 0.8194115323854662 0.8929699842022117
0 0.8974131121642971 0.8964257503949448 0.9013625592417063 0.8801342812006321 0.9028436018957346 0.8737164296998421 0.9053120063191155 0.8707543443917852 0.9077804107424962 0.869766982622433 0.9112361769352292 0.8717417061611374 0.9117298578199053 0.8751974723538705 0.9117298578199053 0.8811216429699843 0.910742496050553 0.887045813586098 0.9102488151658769 0.8929699842022117 0.9082740916271723 0.8988941548183256 0.9062993680884677 0.9028436018957346 0.9028436018957346 0.9087677725118485 0.8998815165876778 0.910742496050553 0.8974131121642971 0.9053120063191155
0 0.6619273301737757 0.9759083728278042 0.6643957345971565 0.9596169036334914 0.666370458135861 0.9536927330173776 0.6683451816745656 0.9497432859399685 0.6703199052132702 0.9467812006319115 0.6742693522906794 0.9477685624012638 0.6742693522906794 0.9536927330173776 0.6742693522906794 0.9699842022116905 0.6718009478672986 0.9857819905213271 0.6698262243285941 0.9907187993680886 0.666370458135861 0.9917061611374408 0.6643957345971565 0.988744075829384
0 0.5128357030015798 0.9665284360189574 0.5148104265402843 0.9536927330173776 0.5177725118483412 0.9497432859399685 0.5217219589257504 0.9497432859399685 0.5232030015797788 0.9546800947867299 0.5217219589257504 0.9591232227488152 0.520240916271722 0.9635663507109006 0.5172788309636651 0.9724526066350712 0.5153041074249605 0.974921011058452 0.5133293838862559 0.9764020537124803 0.5103672985781991 0.9764020537124803 0.5103672985781991 0.9729462875197473
