1 0.3540406586021506 0.4405661962365592 0.3460601478494624 0.4376260080645162 0.34017977150537637 0.4351058467741936 0.3355594758064517 0.43300571236559143 0.3313592069892473 0.43006552419354843 0.3292590725806452 0.426705309139785 0.3288390456989248 0.4212449596774194 0.3292590725806452 0.4157846102150538 0.33009912634408606 0.4107442876344087 0.3313592069892473 0.40570396505376344 0.33345934139784955 0.40024361559139787 0.33639952956989255 0.39436323924731187 0.33933971774193555 0.390582997311828 0.342699932795699 0.387642809139785 0.34690020161290325 0.3851226478494624 0.3536206317204301 0.3838625672043011 0.36202116935483875 0.3834425403225807 0.3708417338709678 0.384702620967742 0.37714213709677424 0.38596270161290325 0.3838625672043011 0.38932291666666674 0.38890288978494625 0.39184307795698925 0.393523185483871 0.3960433467741936 0.39730342741935487 0.4015036962365592 0.39982358870967744 0.4069640456989248 0.40024361559139787 0.4132644489247312 0.39940356182795705 0.4195648521505377 0.3977234543010753 0.42502520161290325 0.39394321236559143 0.43132560483870974 0.3901629704301076 0.43426579301075274 0.38554267473118287 0.4367859543010753 0.3809223790322581 0.43888608870967744 0.37546202956989255 0.44014616935483875 0.36706149193548393 0.4409862231182796
1 0.45946740591397855 0.4682879704301076 0.45946740591397855 0.47500840053763443 0.459887432795699 0.4829889112903226 0.4619875672043011 0.4909694220430108 0.465767809139785 0.49642977150537637 0.471648185483871 0.5010500672043011 0.4787886424731183 0.5035702284946237 0.48718918010752693 0.5039902553763441 0.4951696908602151 0.501890120967742 0.5031502016129032 0.4981098790322581 0.5081905241935485 0.4951696908602151 0.5140709005376345 0.4913894489247312 0.5203713037634409 0.48634912634408606 0.5258316532258065 0.4817288306451613 0.5300319220430108 0.47626848118279574 0.5342321908602151 0.46702788978494625 0.5338121639784946 0.45820732526881724 0.5329721102150538 0.45022681451612906 0.5317120295698925 0.44476646505376344 0.5291918682795699 0.43846606182795705 0.5258316532258065 0.43426579301075274 0.5203713037634409 0.43132560483870974 0.5144909274193549 0.429645497311828 0.5073504704301076 0.42838541666666674 0.5014700940860215 0.42754536290322587 0.4939096102150538 0.42796538978494625 0.4884492607526882 0.429645497311828 0.4817288306451613 0.43300571236559143 0.47500840053763443 0.4376260080645162 0.46954805107526887 0.4435063844086022 0.46534778225806456 0.4493867607526882 0.46240759408602156 0.4548471102150538 0.46114751344086025 0.4590473790322581
1 0.5699344758064516 0.5296118951612904 0.5779149865591399 0.5304519489247312 0.5825352822580645 0.5296118951612904 0.5875756048387097 0.5270917338709677 0.5930359543010754 0.5228914650537635 0.5959761424731183 0.5199512768817205 0.6039566532258065 0.5161710349462366 0.6136172715053764 0.5102906586021506 0.6178175403225806 0.5044102822580645 0.6203377016129034 0.4981098790322581 0.6220178091397849 0.49264952956989255 0.6228578629032259 0.48382896505376344 0.6199176747311828 0.4766885080645162 0.6144573252688172 0.47038810483870974 0.6081569220430108 0.46660786290322587 0.6010164650537635 0.46450772849462374 0.5942960349462366 0.46450772849462374 0.5854754704301076 0.46660786290322587 0.5766549059139785 0.4712281586021506 0.5695144489247312 0.4771085349462366 0.5623739919354839 0.4846690188172043 0.5564936155913979 0.49306955645161293 0.5522933467741936 0.501890120967742 0.5510332661290323 0.5094506048387097 0.5514532930107527 0.5170110887096775 0.5560735887096775 0.5241515456989247 0.5632140456989247 0.5279317876344086
1 0.7182039650537635 0.5396925403225806 0.7228242607526882 0.5417926747311828 0.7291246639784946 0.5434727822580645 0.736265120967742 0.5438928091397849 0.7442456317204301 0.5426327284946237 0.7484459005376344 0.5392725134408602 0.7530661962365592 0.5342321908602151 0.7568464381720431 0.5279317876344086 0.7585265456989247 0.5220514112903226 0.7581065188172044 0.513650873655914 0.7564264112903226 0.5056703629032259 0.7534862231182796 0.4993699596774194 0.7497059811827957 0.49432963709677424 0.7450856854838711 0.4913894489247312 0.7383652553763441 0.4884492607526882 0.730384744623656 0.4855090725806452 0.7236643145161291 0.4850890456989248 0.7165238575268817 0.4855090725806452 0.7119035618279571 0.48676915322580644 0.7068632392473119 0.49054939516129037 0.7026629704301076 0.4976898521505377 0.7001428091397849 0.5065104166666667 0.7005628360215055 0.5140709005376345 0.7014028897849462 0.5195312500000001 0.7051831317204301 0.5291918682795699 0.7098034274193549 0.5333921370967742 0.7135836693548387 0.5363323252688172
1 0.5346522177419355 0.669900873655914 0.5405325940860216 0.6678007392473119 0.5459929435483872 0.6636004704301076 0.5518733198924732 0.6585601478494624 0.5569136424731183 0.6547799059139785 0.5653141801075269 0.6480594758064516 0.5699344758064516 0.6417590725806452 0.5728746639784946 0.6354586693548387 0.5737147177419355 0.6283182123655915 0.5728746639784946 0.6211777553763441 0.5707745295698925 0.6157174059139785 0.5657342069892474 0.6094170026881721 0.5611139112903226 0.6047967069892474 0.5552335349462366 0.5993363575268817 0.5489331317204301 0.5942960349462366 0.540952620967742 0.5905157930107527 0.5342321908602151 0.5879956317204301 0.5275117607526882 0.5875756048387097 0.5216313844086022 0.5884156586021505 0.5140709005376345 0.5900957661290323 0.5081905241935485 0.591775873655914 0.5031502016129032 0.5955561155913979 0.4976898521505377 0.6010164650537635 0.49432963709677424 0.6064768145161291 0.4909694220430108 0.6144573252688172 0.4888692876344087 0.6224378360215055 0.4880292338709678 0.6312584005376344 0.4888692876344087 0.6409190188172044 0.4913894489247312 0.6476394489247312 0.49558971774193555 0.6530997983870968 0.4997899865591398 0.6568800403225806 0.5044102822580645 0.6606602822580645 0.510710685483871 0.6644405241935484 0.5144909274193549 0.6673807123655915 0.5203713037634409 0.6686407930107527 0.5304519489247312 0.6703209005376344
1 0.6383988575268817 0.7316448252688172 0.6442792338709677 0.7282846102150539 0.6530997983870968 0.7211441532258065 0.6577200940860216 0.7161038306451614 0.6602402553763441 0.7114835349462366 0.6610803091397849 0.7051831317204301 0.6606602822580645 0.6993027553763441 0.6598202284946237 0.6930023521505377 0.6585601478494624 0.6871219758064516 0.6560399865591399 0.6820816532258065 0.6530997983870968 0.6778813844086021 0.6480594758064516 0.6736811155913979 0.6430191532258065 0.6715809811827957 0.6371387768817205 0.6694808467741936 0.6299983198924732 0.6690608198924732 0.6236979166666666 0.6694808467741936 0.6152973790322581 0.6703209005376344 0.6060567876344086 0.6724210349462366 0.5997563844086021 0.6753612231182796 0.5938760080645161 0.6795614919354839 0.5905157930107527 0.6846018145161291 0.5875756048387097 0.6909022177419355 0.585895497311828 0.6967825940860216 0.5842153897849462 0.7026629704301076 0.5837953629032259 0.7085433467741936 0.5850554435483872 0.71484375 0.5875756048387097 0.7203040994623656 0.5896757392473119 0.7236643145161291 0.5930359543010754 0.7266045026881721 0.5959761424731183 0.7282846102150539 0.6035366263440861 0.7316448252688172 0.6110971102150539 0.7341649865591399 0.6199176747311828 0.7350050403225806 0.6253780241935484 0.7350050403225806 0.6329385080645161 0.7337449596774195
1 0.6526797715053764 0.7845682123655915 0.6560399865591399 0.7795278897849462 0.6560399865591399 0.7740675403225806 0.6560399865591399 0.7665070564516129 0.6547799059139785 0.7602066532258065 0.6518397177419355 0.7547463037634409 0.6480594758064516 0.7518061155913979 0.6434391801075269 0.7501260080645161 0.6371387768817205 0.7488659274193549 0.6329385080645161 0.7488659274193549 0.6274781586021505 0.7492859543010754 0.6211777553763441 0.7501260080645161 0.6136172715053764 0.7509660618279571 0.6052167338709677 0.7530661962365592 0.59765625 0.7555863575268817 0.5926159274193549 0.7585265456989247 0.5896757392473119 0.7644069220430108 0.5884156586021505 0.7715473790322581 0.5892557123655915 0.7799479166666666 0.5921959005376344 0.7862483198924732 0.5972362231182796 0.7904485887096775 0.6068968413978495 0.7967489919354839 0.6182375672043011 0.7984290994623656 0.6241179435483872 0.7984290994623656 0.6329385080645161 0.7963289650537635 0.6425991263440861 0.7917086693548387 0.6476394489247312 0.7887684811827957
1 0.3947832661290323 0.7896085349462366 0.39940356182795705 0.7858282930107527 0.40276377688172044 0.7807879704301076 0.40528393817204306 0.7744875672043011 0.4069640456989248 0.7681871639784946 0.4094842069892473 0.7627268145161291 0.41158434139784955 0.7568464381720431 0.4107442876344087 0.7497059811827957 0.4073840725806452 0.7425655241935484 0.40108366935483875 0.7358450940860216 0.39394321236559143 0.730384744623656 0.38848286290322587 0.7270245295698925 0.3805023521505377 0.7240843413978495 0.37210181451612906 0.7219842069892474 0.35908098118279574 0.7215641801075269 0.3519405241935484 0.7219842069892474 0.3448000672043011 0.7240843413978495 0.33891969086021506 0.7270245295698925 0.33429939516129037 0.730384744623656 0.3313592069892473 0.7333249327956989 0.32799899193548393 0.7396253360215055 0.3254788306451613 0.7471858198924732 0.32463877688172044 0.7530661962365592 0.32463877688172044 0.7593665994623656 0.32463877688172044 0.7665070564516129 0.32589885752688175 0.7728074596774195 0.3296790994623657 0.7791078629032259 0.33345934139784955 0.7833081317204301 0.33975974462365593 0.7879284274193549 0.3490003360215054 0.7921286962365592 0.35614079301075274 0.7946488575268817 0.3645413306451613 0.7950688844086021 0.37504200268817206 0.7950688844086021 0.381762432795699 0.7946488575268817 0.38932291666666674 0.7925487231182796
1 0.49726982526881724 0.8773941532258065 0.5065104166666667 0.8752940188172044 0.5128108198924731 0.8736139112903226 0.5199512768817205 0.8677335349462366 0.5254116263440861 0.8614331317204301 0.5283518145161291 0.8559727822580645 0.5304519489247312 0.8492523521505377 0.5300319220430108 0.8429519489247312 0.5283518145161291 0.8337113575268817 0.5254116263440861 0.8240507392473119 0.5233114919354839 0.8190104166666666 0.5203713037634409 0.8114499327956989 0.5165910618279571 0.8051495295698925 0.5119707661290324 0.8009492607526882 0.5052503360215054 0.7980090725806452 0.5006300403225806 0.7971690188172044 0.49222950268817206 0.7984290994623656 0.48424899193548393 0.8009492607526882 0.47542842741935487 0.8059895833333334 0.46702788978494625 0.8131300403225806 0.46114751344086025 0.820270497311828 0.45652721774193555 0.8282510080645161 0.45526713709677424 0.8374915994623656 0.4556871639784947 0.8458921370967742 0.45694724462365593 0.8547127016129034 0.4603074596774194 0.8631132392473119 0.468707997311828 0.8715137768817205 0.47626848118279574 0.8752940188172044 0.4876092069892473 0.8778141801075269
1 0.37504200268817206 0.9013356854838711 0.37546202956989255 0.8941952284946237 0.37630208333333337 0.8874747983870968 0.3767221102150538 0.8794942876344086 0.3737819220430108 0.8723538306451614 0.36958165322580644 0.8681535618279571 0.3624411962365592 0.8639532930107527 0.35530073924731187 0.8605930779569894 0.34690020161290325 0.8580729166666666 0.33723958333333337 0.8572328629032259 0.32799899193548393 0.8568128360215055 0.3195984543010753 0.8572328629032259 0.3128780241935484 0.859332997311828 0.30615759408602156 0.8635332661290323 0.30195732526881724 0.8694136424731183 0.29901713709677424 0.8765540994623656 0.2985971102150538 0.8849546370967742 0.29901713709677424 0.8954553091397849 0.30069724462365593 0.9046959005376344 0.3044774865591398 0.9130964381720431 0.30825772849462374 0.9193968413978495 0.3145581317204301 0.9227570564516129 0.32463877688172044 0.9265372983870968 0.3317792338709678 0.9265372983870968 0.3405997983870968 0.9265372983870968 0.34648017473118287 0.9265372983870968 0.3536206317204301 0.9240171370967742 0.3616011424731183 0.9206569220430108 0.3679015456989248 0.9168766801075269 0.37252184139784955 0.9135164650537635 0.37504200268817206 0.9076360887096775
1 0.24021337365591403 0.8568128360215055 0.23685315860215056 0.8488323252688172 0.23181283602150543 0.8412718413978495 0.22635248655913984 0.8349714381720431 0.21963205645161293 0.8295110887096775 0.21207157258064518 0.8253108198924732 0.20451108870967746 0.8223706317204301 0.19695060483870971 0.8223706317204301 0.18855006720430112 0.8240507392473119 0.18308971774193553 0.8278309811827957 0.17888944892473121 0.8316112231182796 0.17468918010752693 0.8387516801075269 0.17048891129032262 0.8488323252688172 0.16964885752688177 0.8584929435483872 0.17048891129032262 0.8681535618279571 0.17342909946236562 0.8761340725806452 0.1772093413978495 0.8820144489247312 0.18476982526881722 0.8891549059139785 0.19317036290322587 0.8941952284946237 0.2007308467741936 0.8954553091397849 0.20913138440860218 0.8971354166666666 0.21711189516129037 0.8971354166666666 0.2246723790322581 0.8950352822580645 0.23055275537634412 0.8899949596774195 0.23517305107526887 0.8862147177419356 0.23937331989247315 0.8803343413978495 0.24063340053763446 0.8731938844086022 0.2410534274193549 0.8647933467741936
1 0.7093834005376344 0.8891549059139785 0.7102234543010754 0.8811743951612904 0.7098034274193549 0.8761340725806452 0.7077032930107527 0.8698336693548387 0.7039230510752688 0.8643733198924732 0.6984627016129034 0.8601730510752689 0.6904821908602151 0.8572328629032259 0.6841817876344086 0.8555527553763441 0.67578125 0.8555527553763441 0.6694808467741936 0.8563928091397849 0.6636004704301076 0.8584929435483872 0.6556199596774195 0.8631132392473119 0.6488995295698925 0.8685735887096775 0.6451192876344086 0.8748739919354839 0.6417590725806452 0.8820144489247312 0.6396589381720431 0.8946152553763441 0.6404989919354839 0.9084761424731183 0.6446992607526882 0.9130964381720431 0.6556199596774195 0.9181367607526882 0.6631804435483872 0.9206569220430108 0.669900873655914 0.9206569220430108 0.6783014112903226 0.9193968413978495 0.6879620295698925 0.9160366263440861 0.6955225134408602 0.9109963037634409 0.703082997311828 0.9038558467741936 0.7064432123655915 0.8962953629032259
1 0.6988827284946237 0.5850554435483872 0.6984627016129034 0.5774949596774195 0.6959425403225806 0.5720346102150539 0.6917422715053764 0.5674143145161291 0.6862819220430108 0.5636340725806452 0.6791414650537635 0.5606938844086021 0.6728410618279571 0.5581737231182796 0.6665406586021505 0.5564936155913979 0.6623403897849462 0.5560735887096775 0.658140120967742 0.5564936155913979 0.6518397177419355 0.5590137768817205 0.6442792338709677 0.5619539650537635 0.6354586693548387 0.5661542338709677 0.6287382392473119 0.5707745295698925 0.6236979166666666 0.5779149865591399 0.6203377016129034 0.585895497311828 0.619077620967742 0.5968161962365592 0.6207577284946237 0.6068968413978495 0.6236979166666666 0.6140372983870968 0.6287382392473119 0.6194976478494624 0.6388188844086021 0.6262180779569894 0.64637936827957 0.6320984543010754 0.6539398521505377 0.6346186155913979 0.6568800403225806 0.6346186155913979 0.6636004704301076 0.6333585349462366 0.6749411962365592 0.6278981854838711 0.6804015456989247 0.6228578629032259 0.6837617607526882 0.6186575940860216 0.6883820564516129 0.6136172715053764 0.6930023521505377 0.6064768145161291 0.6967825940860216 0.5984963037634409 0.6988827284946237 0.591775873655914
1 0.7581065188172044 0.9479586693548387 0.7534862231182796 0.9450184811827957 0.7488659274193549 0.9416582661290323 0.7455057123655915 0.9395581317204301 0.7383652553763441 0.9408182123655915 0.7320648521505377 0.943338373655914 0.7253444220430108 0.9483786962365592 0.7203040994623656 0.9550991263440861 0.7156838037634409 0.9634996639784946 0.7119035618279571 0.9723202284946237 0.7119035618279571 0.9807207661290323 0.7119035618279571 0.98828125 0.7123235887096775 0.9916414650537635 0.7127436155913979 0.9987819220430108 0.782498529905914 0.9989583333333333 0.7828881048387097 0.9958417338709677 0.7820480510752688 0.9903813844086022 0.781207997311828 0.982400873655914 0.7799479166666666 0.9748403897849462 0.7774277553763441 0.9685399865591399 0.7728074596774195 0.9626596102150539 0.7686071908602151 0.9576192876344086 0.7631468413978495 0.9521589381720431
1 0.9021757392473119 0.9609795026881721 0.904275873655914 0.9559391801075269 0.904275873655914 0.9500588037634409 0.9034358198924732 0.9420782930107527 0.9025957661290323 0.9353578629032259 0.9009156586021505 0.9307375672043011 0.8971354166666666 0.9261172715053764 0.8933551747311828 0.9210769489247312 0.8883148521505377 0.9151965725806452 0.8849546370967742 0.9105762768817205 0.8811743951612904 0.9072160618279571 0.8773941532258065 0.9046959005376344 0.8719338037634409 0.9013356854838711 0.8664734543010754 0.8988155241935484 0.8597530241935484 0.8954553091397849 0.8526125672043011 0.8941952284946237 0.8463121639784946 0.8950352822580645 0.8366515456989247 0.8975554435483872 0.8290910618279571 0.9004956317204301 0.8236307123655915 0.9097362231182796 0.8232106854838711 0.9181367607526882 0.8244707661290323 0.9273773521505377 0.8274109543010754 0.9357778897849462 0.8316112231182796 0.9437584005376344 0.8366515456989247 0.9500588037634409 0.8425319220430108 0.9555191532258065 0.847572244623656 0.9601394489247312 0.8568128360215055 0.9651797715053764 0.865213373655914 0.9672799059139785 0.8723538306451614 0.9681199596774195 0.8824344758064516 0.9685399865591399 0.8878948252688172 0.9689600134408602 0.8954553091397849 0.9660198252688172
1 0.8643733198924732 0.7807879704301076 0.8517725134408602 0.7807879704301076 0.8425319220430108 0.7820480510752688 0.8349714381720431 0.7849882392473119 0.8278309811827957 0.7891885080645161 0.8232106854838711 0.7933887768817205 0.8198504704301076 0.7984290994623656 0.8181703629032259 0.8051495295698925 0.8181703629032259 0.8135500672043011 0.8194304435483872 0.8211105510752689 0.8211105510752689 0.8316112231182796 0.8240507392473119 0.8370715725806452 0.8282510080645161 0.8412718413978495 0.8358114919354839 0.8450520833333334 0.8450520833333334 0.8446320564516129 0.8530325940860216 0.8446320564516129 0.8605930779569894 0.8442120295698925 0.8694136424731183 0.8437920026881721 0.8744539650537635 0.8421118951612904 0.8778141801075269 0.8395917338709677 0.8815944220430108 0.8349714381720431 0.8845346102150539 0.8265709005376344 0.886634744623656 0.8181703629032259 0.8862147177419356 0.8076696908602151 0.8853746639784946 0.7988491263440861 0.8828545026881721 0.7925487231182796 0.8794942876344086 0.787088373655914 0.8752940188172044 0.7828881048387097 0.8702536962365592 0.7807879704301076
1 0.9601394489247312 0.8425319220430108 0.9559391801075269 0.8446320564516129 0.9513188844086022 0.8496723790322581 0.9483786962365592 0.8547127016129034 0.9458585349462366 0.8618531586021505 0.9437584005376344 0.8694136424731183 0.9441784274193549 0.8773941532258065 0.9454385080645161 0.8832745295698925 0.9475386424731183 0.8891549059139785 0.9496387768817205 0.8941952284946237 0.9592993951612904 0.9105762768817205 0.9639196908602151 0.9147765456989247 0.9685399865591399 0.9156165994623656 0.9735803091397849 0.9147765456989247 0.9769405241935484 0.9114163306451614 0.9803007392473119 0.9076360887096775 0.9828209005376344 0.9030157930107527 0.9857610887096775 0.8975554435483872 0.98828125 0.8929351478494624 0.9899613575268817 0.8878948252688172 0.9908014112903226 0.8841145833333334 0.9912214381720431 0.8769741263440861 0.9908014112903226 0.8706737231182796 0.9899613575268817 0.8660534274193549 0.9887012768817205 0.8610131048387097 0.9866011424731183 0.8551327284946237 0.9731602822580645 0.8442120295698925
1 0.9803007392473119 0.7232442876344086 0.9807207661290323 0.7299647177419355 0.9819808467741936 0.736265120967742 0.9845010080645161 0.7429855510752688 0.9861811155913979 0.7463457661290323 0.9895413306451614 0.7488659274193549 0.9924815188172044 0.7509660618279571 0.9987819220430108 0.7543262768817205 0.9989583333333333 0.6708801363287251 0.9962617607526882 0.6724210349462366 0.9912214381720431 0.6749411962365592 0.9861811155913979 0.6804015456989247 0.9815608198924732 0.6879620295698925 0.9794606854838711 0.6934223790322581 0.9777805779569894 0.7009828629032259 0.9777805779569894 0.7072832661290323 0.9794606854838711 0.7177839381720431
1 0.8950352822580645 0.5170110887096775 0.8878948252688172 0.5170110887096775 0.8799143145161291 0.5178511424731184 0.8748739919354839 0.5203713037634409 0.8694136424731183 0.5241515456989247 0.8635332661290323 0.5291918682795699 0.8584929435483872 0.5342321908602151 0.8551327284946237 0.5388524865591399 0.8530325940860216 0.5451528897849462 0.8517725134408602 0.5514532930107527 0.8517725134408602 0.5590137768817205 0.8521925403225806 0.5678343413978495 0.8538726478494624 0.5770749327956989 0.8563928091397849 0.5854754704301076 0.8597530241935484 0.5913558467741936 0.8635332661290323 0.5947160618279571 0.8748739919354839 0.5989163306451614 0.8811743951612904 0.6022765456989247 0.8878948252688172 0.6043766801075269 0.8954553091397849 0.6043766801075269 0.9021757392473119 0.6031165994623656 0.9105762768817205 0.5997563844086021 0.9168766801075269 0.5963961693548387 0.9235971102150539 0.5896757392473119 0.9294774865591399 0.5808551747311828 0.9324176747311828 0.5728746639784946 0.9328377016129034 0.5627940188172044 0.9324176747311828 0.5556535618279571 0.9311575940860216 0.5493531586021505 0.9282174059139785 0.5422127016129034 0.9235971102150539 0.535072244623656 0.9185567876344086 0.5291918682795699 0.9139364919354839 0.5245715725806452 0.9080561155913979 0.5212113575268817 0.9017557123655915 0.5186911962365592
1 0.9420782930107527 0.49222950268817206 0.94921875 0.4976898521505377 0.9580393145161291 0.5002100134408602 0.964759744623656 0.5010500672043011 0.9740003360215055 0.5006300403225806 0.9815608198924732 0.49852990591397855 0.9878612231182796 0.4939096102150538 0.9912214381720431 0.4888692876344087 0.9971018145161291 0.48382896505376344 0.9989583333333333 0.47920866935483875 0.9989583333333333 0.4439264112903226 0.9962617607526882 0.44014616935483875 0.9912214381720431 0.43720598118279574 0.98828125 0.43426579301075274 0.9828209005376344 0.43006552419354843 0.9777805779569894 0.4271253360215054 0.9719002016129034 0.4258652553763441 0.9668598790322581 0.4258652553763441 0.9601394489247312 0.4271253360215054 0.9534190188172044 0.43006552419354843 0.9462785618279571 0.43594590053763443 0.9412382392473119 0.44182627688172044 0.9366179435483872 0.45106686827956993 0.9340977822580645 0.4603074596774194 0.9336777553763441 0.4712281586021506 0.9366179435483872 0.48340893817204306
1 0.9483786962365592 0.18813004032258068 0.9412382392473119 0.18644993279569896 0.9332577284946237 0.18644993279569896 0.9240171370967742 0.1868699596774194 0.9143565188172044 0.18897009408602153 0.9084761424731183 0.19275033602150543 0.9025957661290323 0.19779065860215056 0.8954553091397849 0.20325100806451615 0.8883148521505377 0.2078713037634409 0.8824344758064516 0.21249159946236562 0.8782342069892474 0.2187920026881721 0.8782342069892474 0.22971270161290328 0.8782342069892474 0.23601310483870971 0.8803343413978495 0.24525369623655918 0.8841145833333334 0.2498739919354839 0.8878948252688172 0.25323420698924737 0.8967153897849462 0.25617439516129037 0.904275873655914 0.2578545026881721 0.9139364919354839 0.2574344758064517 0.9244371639784946 0.25491431451612906 0.9345178091397849 0.2515540994623656 0.9403981854838711 0.24903393817204306 0.9475386424731183 0.24315356182795703 0.9517389112903226 0.23769321236559143 0.9563592069892474 0.23097278225806456 0.9605594758064516 0.22383232526881722 0.9634996639784946 0.21669186827956993 0.9643397177419356 0.20997143817204306 0.9630796370967742 0.20115087365591403 0.9592993951612904 0.19401041666666669 0.9542590725806452 0.19023017473118284
1 0.8055695564516129 0.16082829301075272 0.8017893145161291 0.16712869623655918 0.7992691532258065 0.17258904569892478 0.7975890456989247 0.18056955645161293 0.7975890456989247 0.18939012096774197 0.7996891801075269 0.19485047043010756 0.8047295026881721 0.19989079301075272 0.8148101478494624 0.20619119623655918 0.820270497311828 0.20745127688172046 0.8282510080645161 0.2103914650537635 0.8345514112903226 0.2108114919354839 0.8429519489247312 0.2103914650537635 0.8500924059139785 0.20871135752688177 0.8563928091397849 0.20451108870967746 0.8614331317204301 0.19779065860215056 0.8639532930107527 0.19191028225806456 0.8647933467741936 0.18602990591397853 0.8643733198924732 0.1797295026881721 0.8618531586021505 0.17300907258064518 0.859332997311828 0.16838877688172046 0.8555527553763441 0.16292842741935487 0.8513524865591399 0.15830813172043015 0.8450520833333334 0.15410786290322587 0.8349714381720431 0.15032762096774197 0.8265709005376344 0.14990759408602153 0.8223706317204301 0.14990759408602153 0.8181703629032259 0.15032762096774197 0.8122899865591399 0.15242775537634412 0.8097698252688172 0.15536794354838712
1 0.7350050403225806 0.10370463709677423 0.7350050403225806 0.10958501344086026 0.7354250672043011 0.11672547043010756 0.7392053091397849 0.1255460349462366 0.7434055779569894 0.13142641129032262 0.75390625 0.13730678763440862 0.7606266801075269 0.1406670026881721 0.7669270833333334 0.14192708333333337 0.7732274865591399 0.14150705645161293 0.7795278897849462 0.1406670026881721 0.7849882392473119 0.13856686827956993 0.7891885080645161 0.13604670698924737 0.79296875 0.13016633064516134 0.7980090725806452 0.12302587365591401 0.8017893145161291 0.11588541666666671 0.8030493951612904 0.1087449596774194 0.80262936827957 0.10034442204301079 0.7996891801075269 0.09404401881720434 0.7938088037634409 0.08816364247311831 0.7896085349462366 0.08522345430107531 0.7841481854838711 0.08270329301075273 0.7774277553763441 0.08102318548387101 0.7652469758064516 0.08018313172043015 0.7568464381720431 0.08060315860215057 0.7501260080645161 0.08270329301075273 0.7442456317204301 0.08606350806451617 0.7396253360215055 0.09110383064516132 0.736265120967742 0.09740423387096778
1 0.8887348790322581 0.03314012096774197 0.8811743951612904 0.0348202284946237 0.8727738575268817 0.038180443548387136 0.8647933467741936 0.04280073924731187 0.8597530241935484 0.048681115591397886 0.8559727822580645 0.05456149193548391 0.8530325940860216 0.06212197580645165 0.8505124327956989 0.07010248655913982 0.8505124327956989 0.07850302419354843 0.8521925403225806 0.08522345430107531 0.8551327284946237 0.09320396505376348 0.865213373655914 0.1032846102150538 0.8698336693548387 0.10580477150537639 0.8773941532258065 0.1074848790322581 0.8853746639784946 0.1087449596774194 0.8920950940860216 0.10958501344086026 0.8979754704301076 0.10916498655913982 0.9063760080645161 0.10706485215053768 0.9160366263440861 0.10244455645161295 0.9231770833333334 0.09866431451612907 0.9294774865591399 0.09530409946236564 0.9332577284946237 0.0906838037634409 0.937457997311828 0.08438340053763445 0.9395581317204301 0.07850302419354843 0.9395581317204301 0.0713625672043011 0.9391381048387097 0.06338205645161295 0.9378780241935484 0.055821572580645205 0.9370379704301076 0.049941196236559175 0.9336777553763441 0.04364079301075273 0.9290574596774195 0.039860551075268855 0.9227570564516129 0.03608030913978499 0.9164566532258065 0.03398017473118284 0.9093161962365592 0.03188004032258068 0.9021757392473119 0.03146001344086025 0.8967153897849462 0.03188004032258068
1 0.7828881048387097 0.055821572580645205 0.7908686155913979 0.05456149193548391 0.7975890456989247 0.05372143817204305 0.8047295026881721 0.05204133064516133 0.8101898521505377 0.04910114247311832 0.8131300403225806 0.04532090053763445 0.8160702284946237 0.041120631720430144 0.8190104166666666 0.03650033602150541 0.8227906586021505 0.031039986559139823 0.826150873655914 0.025999663978494663 0.8286710349462366 0.021379368279569932 0.8290910618279571 0.01633904569892477 0.8286710349462366 0.010458669354838747 0.8269909274193549 0.004998319892473156 0.8253108198924732 0.0003780241935484253 0.7564264112903226 0.0012180779569892855 0.7543262768817205 0.004998319892473156 0.7526461693548387 0.011718750000000038 0.7522261424731183 0.02011928763440864 0.7522261424731183 0.025999663978494663 0.7526461693548387 0.03314012096774197 0.7534862231182796 0.039860551075268855 0.7551663306451614 0.04532090053763445 0.7597866263440861 0.049521169354838745 0.7673471102150539 0.05330141129032262 0.7728074596774195 0.05498151881720434
1 0.9987819220430108 0.17594926075268819 0.9987819220430108 0.10286458333333338 0.9920614919354839 0.10706485215053768 0.9899613575268817 0.10958501344086026 0.9878612231182796 0.1129452284946237 0.9845010080645161 0.11798555107526885 0.9815608198924732 0.12302587365591401 0.9794606854838711 0.13058635752688177 0.9790406586021505 0.1394069220430108 0.9798807123655915 0.14612735215053765 0.9828209005376344 0.15578797043010756 0.9866011424731183 0.1646085349462366 0.9908014112903226 0.1713289650537635 0.9962617607526882 0.17468918010752693
1 0.27171538978494625 0.02053931451612907 0.26583501344086025 0.02431955645161294 0.25995463709677424 0.031039986559139823 0.2565944220430108 0.036920362903225847 0.2544942876344086 0.04658098118279574 0.2544942876344086 0.05288138440860219 0.25617439516129037 0.06128192204301079 0.26205477150537637 0.07220262096774198 0.267515120967742 0.07934307795698928 0.27507560483870974 0.08438340053763445 0.2813760080645162 0.08648353494623659 0.2872563844086022 0.0877436155913979 0.2956569220430108 0.0877436155913979 0.30615759408602156 0.08606350806451617 0.312457997311828 0.08438340053763445 0.3195984543010753 0.08228326612903229 0.32463877688172044 0.07976310483870971 0.3288390456989248 0.0738827284946237 0.33303931451612906 0.06296202956989251 0.3355594758064517 0.05414146505376348 0.33723958333333337 0.04826108870967746 0.33723958333333337 0.041120631720430144 0.33639952956989255 0.0348202284946237 0.33387936827956993 0.029359879032258104 0.3296790994623657 0.02389952956989251 0.32505880376344093 0.01885920698924735 0.32127856182795705 0.01549899193548391 0.3166582661290323 0.012978830645161329 0.312457997311828 0.010458669354838747 0.30615759408602156 0.009198588709677458 0.2994371639784947 0.009198588709677458 0.29103662634408606 0.010878696236559179 0.28515625000000006 0.013398857526881759 0.2775957661290323 0.017179099462365628
1 0.20745127688172046 0.19863071236559143 0.20871135752688177 0.2019909274193549 0.22005208333333337 0.20913138440860218 0.22803259408602156 0.21375168010752693 0.2397933467741936 0.2162718413978495 0.24861391129032262 0.21711189516129037 0.2553343413978495 0.21711189516129037 0.26121471774193555 0.21711189516129037 0.2654149865591398 0.21585181451612906 0.2729754704301076 0.2108114919354839 0.2784358198924731 0.20619119623655918 0.28389616935483875 0.2019909274193549 0.29187668010752693 0.19485047043010756 0.2964969758064517 0.19065020161290328 0.29817708333333337 0.1839297715053764 0.29775705645161293 0.17678931451612906 0.29523689516129037 0.16712869623655918 0.29103662634408606 0.15998823924731187 0.28599630376344093 0.156207997311828 0.2784358198924731 0.15368783602150543 0.27171538978494625 0.15158770161290328 0.2633148521505377 0.14990759408602153 0.25491431451612906 0.14864751344086027 0.24525369623655918 0.14696740591397853 0.237273185483871 0.14738743279569896 0.22845262096774197 0.1507476478494624 0.22131216397849465 0.15494791666666669 0.2150117607526882 0.16250840053763446 0.20997143817204306 0.17216901881720434 0.20619119623655918 0.18350974462365596 0.20619119623655918 0.19275033602150543
1 0.06632224462365595 0.07178259408602154 0.08186323924731186 0.078082997311828 0.08648353494623659 0.078082997311828 0.09572412634408606 0.08060315860215057 0.10076444892473123 0.08102318548387101 0.10580477150537639 0.07976310483870971 0.11126512096774198 0.07724294354838714 0.11588541666666671 0.0738827284946237 0.12218581989247317 0.06926243279569896 0.1268061155913979 0.06380208333333337 0.12932627688172046 0.058761760752688214 0.13100638440860218 0.05246135752688176 0.13184643817204306 0.04322076612903229 0.13100638440860218 0.03230006720430111 0.12806619623655918 0.021799395161290362 0.12260584677419359 0.01465893817204305 0.11672547043010756 0.011298723118279608 0.10790490591397853 0.010458669354838747 0.09530409946236564 0.010458669354838747 0.08690356182795703 0.011298723118279608 0.07850302419354843 0.012978830645161329 0.06800235215053768 0.01633904569892477 0.06296202956989251 0.01885920698924735 0.057921706989247354 0.02389952956989251 0.05498151881720434 0.03188004032258068 0.05246135752688176 0.040700604838709714 0.05204133064516133 0.05036122311827961 0.05414146505376348 0.059181787634408636 0.05834173387096778 0.06506216397849467 0.06212197580645165 0.06884240591397853
1 0.04448084677419359 0.17384912634408606 0.05036122311827961 0.17930947580645165 0.056661626344086065 0.18182963709677422 0.06128192204301079 0.18182963709677422 0.07010248655913982 0.1814096102150538 0.07598286290322584 0.18098958333333337 0.08186323924731186 0.17930947580645165 0.0877436155913979 0.17762936827956993 0.0919438844086022 0.17594926075268819 0.09656418010752693 0.1713289650537635 0.10034442204301079 0.1675487231182796 0.10286458333333338 0.16208837365591403 0.10370463709677423 0.15494791666666669 0.10370463709677423 0.1465473790322581 0.10244455645161295 0.13898689516129037 0.10118447580645165 0.1326864919354839 0.09866431451612907 0.12638608870967746 0.09530409946236564 0.12092573924731186 0.0919438844086022 0.11756552419354843 0.08396337365591401 0.11252520161290326 0.07178259408602154 0.10958501344086026 0.06548219086021509 0.1104250672043011 0.05708165322580649 0.11378528225806456 0.04910114247311832 0.11924563172043015 0.04280073924731187 0.12428595430107531 0.037340389784946276 0.13058635752688177 0.0335601478494624 0.13730678763440862 0.03272009408602154 0.14528729838709684 0.03314012096774197 0.15410786290322587 0.03524025537634413 0.1616683467741936 0.039020497311827995 0.16796875000000003
1 0.12386592741935488 0.25575436827956993 0.1326864919354839 0.2536542338709678 0.14108702956989252 0.2494539650537635 0.14990759408602153 0.24441364247311834 0.15662802419354843 0.23643313172043015 0.1604082661290323 0.22845262096774197 0.1633484543010753 0.2187920026881721 0.16376848118279572 0.2103914650537635 0.1616683467741936 0.2019909274193549 0.15704805107526887 0.19695060483870971 0.15116767473118284 0.19359038978494628 0.14402721774193553 0.19275033602150543 0.13394657258064518 0.19275033602150543 0.12428595430107531 0.19485047043010756 0.11798555107526885 0.19779065860215056 0.11084509408602154 0.20283098118279572 0.10454469086021509 0.20745127688172046 0.0990843413978495 0.21291162634408606 0.0948840725806452 0.21837197580645165 0.0919438844086022 0.22635248655913984 0.08984375000000004 0.23391297043010756 0.08984375000000004 0.24063340053763446 0.0906838037634409 0.24651377688172046 0.0923639112903226 0.2494539650537635 0.10160450268817207 0.2544942876344086 0.11000504032258068 0.25701444892473124 0.11672547043010756 0.25701444892473124
1 0.14990759408602153 0.35488071236559143 0.15578797043010756 0.3536206317204301 0.16082829301075272 0.3519405241935484 0.1658686155913979 0.34942036290322587 0.17006888440860218 0.3460601478494624 0.17384912634408606 0.3418598790322581 0.17678931451612906 0.3384996639784947 0.1784694220430108 0.3326192876344087 0.1784694220430108 0.32421875000000006 0.17762936827956993 0.3179183467741936 0.1755292338709678 0.3116179435483871 0.1717489919354839 0.30489751344086025 0.16838877688172046 0.30195732526881724 0.16292842741935487 0.2994371639784947 0.15830813172043015 0.29733702956989255 0.153267809139785 0.29523689516129037 0.14822748655913984 0.2935567876344087 0.14402721774193553 0.2935567876344087 0.13898689516129037 0.29523689516129037 0.13310651881720434 0.30069724462365593 0.12512600806451615 0.30615759408602156 0.11882560483870971 0.31035786290322587 0.11378528225806456 0.3145581317204301 0.10958501344086026 0.32001848118279574 0.10916498655913982 0.3288390456989248 0.1104250672043011 0.3376596102150538 0.11462533602150542 0.34396001344086025 0.12008568548387101 0.348580309139785 0.13478662634408606 0.35488071236559143 0.14276713709677422 0.35530073924731187
1 0.2439936155913979 0.2960769489247312 0.24357358870967746 0.2897765456989248 0.24063340053763446 0.2834761424731183 0.23643313172043015 0.27801579301075274 0.23181283602150543 0.273395497311828 0.22719254032258068 0.270455309139785 0.2204721102150538 0.26835517473118287 0.2133316532258065 0.2679351478494624 0.20619119623655918 0.26919522849462374 0.2007308467741936 0.27129536290322587 0.19317036290322587 0.2775957661290323 0.18771001344086027 0.2834761424731183 0.1826696908602151 0.2897765456989248 0.1784694220430108 0.29775705645161293 0.1772093413978495 0.3027973790322581 0.17762936827956993 0.30909778225806456 0.17804939516129037 0.3149781586021506 0.1784694220430108 0.3225386424731183 0.1797295026881721 0.33009912634408606 0.1826696908602151 0.3355594758064517 0.18728998655913984 0.33807963709677424 0.19569052419354843 0.34017977150537637 0.2024109543010753 0.3405997983870968 0.2066112231182796 0.3405997983870968 0.21207157258064518 0.3384996639784947 0.2162718413978495 0.33681955645161293 0.22089213709677422 0.3347194220430108 0.2259324596774194 0.3321992607526882 0.23097278225806456 0.3284190188172043 0.2355930779569893 0.32295866935483875 0.23811323924731187 0.31707829301075274 0.24189348118279572 0.3044774865591398
1 0.2696152553763441 0.303637432795699 0.2708753360215054 0.30489751344086025 0.27423555107526887 0.306577620967742 0.2805359543010753 0.3086777553763441 0.28599630376344093 0.30825772849462374 0.2922967069892473 0.3057375672043011 0.29817708333333337 0.30195732526881724 0.30321740591397855 0.29733702956989255 0.30783770161290325 0.2901965725806452 0.3116179435483871 0.28389616935483875 0.31329805107526887 0.28011592741935487 0.3149781586021506 0.2754956317204301 0.3145581317204301 0.26877520161290325 0.31371807795698925 0.26289482526881724 0.3116179435483871 0.2578545026881721 0.3086777553763441 0.2536542338709678 0.30489751344086025 0.2502940188172043 0.30195732526881724 0.24903393817204306 0.29817708333333337 0.2498739919354839 0.2922967069892473 0.25197412634408606 0.28557627688172044 0.25575436827956993 0.27969590053763443 0.25827452956989255 0.273395497311828 0.26205477150537637 0.267515120967742 0.26583501344086025 0.26415490591397855 0.27003528225806456 0.26205477150537637 0.276335685483871 0.2607946908602151 0.28263608870967744 0.26415490591397855 0.29145665322580644 0.26583501344086025 0.29733702956989255 0.267515120967742 0.30111727150537637
1 0.2649949596774194 0.5270917338709677 0.26415490591397855 0.5346522177419355 0.26457493279569894 0.5430527553763441 0.26877520161290325 0.552713373655914 0.2754956317204301 0.5598538306451614 0.28683635752688175 0.5653141801075269 0.29775705645161293 0.5678343413978495 0.30615759408602156 0.5661542338709677 0.3120379704301076 0.5640540994623656 0.31875840053763443 0.5611139112903226 0.32505880376344093 0.5539734543010754 0.33051915322580644 0.5447328629032259 0.33429939516129037 0.5371723790322581 0.3376596102150538 0.5300319220430108 0.33975974462365593 0.5228914650537635 0.34017977150537637 0.5174311155913979 0.3384996639784947 0.5102906586021506 0.3355594758064517 0.5060903897849462 0.33093918010752693 0.501890120967742 0.3267389112903226 0.49852990591397855 0.32211861559139787 0.49558971774193555 0.32001848118279574 0.4913894489247312 0.3166582661290323 0.4880292338709678 0.31077788978494625 0.48634912634408606 0.3044774865591398 0.48634912634408606 0.29691700268817206 0.48676915322580644 0.29103662634408606 0.4880292338709678 0.28557627688172044 0.4913894489247312 0.2805359543010753 0.49558971774193555 0.27717573924731187 0.4997899865591398 0.273395497311828 0.5044102822580645 0.2679351478494624 0.5144909274193549 0.26709509408602156 0.5203713037634409
1 0.1658686155913979 0.624957997311828 0.17216901881720434 0.6266381048387097 0.17888944892473121 0.6278981854838711 0.18644993279569896 0.6291582661290323 0.19443044354838712 0.6299983198924732 0.2007308467741936 0.6299983198924732 0.20829133064516134 0.6270581317204301 0.2133316532258065 0.6220178091397849 0.21795194892473121 0.6165574596774195 0.22131216397849465 0.6081569220430108 0.22089213709677422 0.6005964381720431 0.21921202956989252 0.5909358198924732 0.21711189516129037 0.5837953629032259 0.21249159946236562 0.5774949596774195 0.20745127688172046 0.5728746639784946 0.2007308467741936 0.5686743951612904 0.1965305779569893 0.5661542338709677 0.19023017473118284 0.5636340725806452 0.18434979838709684 0.5615339381720431 0.17930947580645165 0.5598538306451614 0.16796875000000003 0.5573336693548387 0.15872815860215056 0.5577536962365592 0.15536794354838712 0.5581737231182796 0.15116767473118284 0.5594338037634409 0.14822748655913984 0.5623739919354839 0.14402721774193553 0.5686743951612904 0.14024697580645165 0.5724546370967742 0.13688676075268819 0.5779149865591399 0.1364667338709678 0.5854754704301076 0.13730678763440862 0.5930359543010754 0.1394069220430108 0.5980762768817205 0.14192708333333337 0.6026965725806452 0.14612735215053765 0.6085769489247312 0.14990759408602153 0.6123571908602151 0.15872815860215056 0.6207577284946237
1 0.40024361559139787 0.6497395833333334 0.40822412634408606 0.6480594758064516 0.41620463709677424 0.6455393145161291 0.42208501344086025 0.6430191532258065 0.426705309139785 0.6392389112903226 0.43090557795698925 0.6350386424731183 0.43636592741935487 0.6283182123655915 0.4430863575268818 0.6173975134408602 0.4430863575268818 0.6035366263440861 0.44224630376344093 0.5947160618279571 0.43888608870967744 0.585895497311828 0.4346858198924731 0.5825352822580645 0.4288054435483871 0.5795950940860216 0.42334509408602156 0.5783350134408602 0.4166246639784947 0.5779149865591399 0.4048639112903226 0.5779149865591399 0.3956233198924731 0.5791750672043011 0.38554267473118287 0.5821152553763441 0.37840221774193555 0.585895497311828 0.3712617607526882 0.5896757392473119 0.3653813844086022 0.5930359543010754 0.36034106182795705 0.5984963037634409 0.3557207661290323 0.6052167338709677 0.3519405241935484 0.6115171370967742 0.348580309139785 0.6169774865591399 0.34732022849462374 0.624957997311828 0.34942036290322587 0.6337785618279571 0.35530073924731187 0.6404989919354839 0.3595010080645162 0.6425991263440861 0.36958165322580644 0.6472194220430108 0.37882224462365593 0.6493195564516129 0.38596270161290325 0.6497395833333334 0.39436323924731187 0.6497395833333334
1 0.17930947580645165 0.9437584005376344 0.17888944892473121 0.9345178091397849 0.17678931451612906 0.9265372983870968 0.17300907258064518 0.9210769489247312 0.1675487231182796 0.9160366263440861 0.16208837365591403 0.9130964381720431 0.15368783602150543 0.9114163306451614 0.14402721774193553 0.9114163306451614 0.13688676075268819 0.9122563844086022 0.12764616935483875 0.9143565188172044 0.12176579301075273 0.9172967069892474 0.11798555107526885 0.9202368951612904 0.11462533602150542 0.9261172715053764 0.11210517473118282 0.9328377016129034 0.1104250672043011 0.9387180779569894 0.11084509408602154 0.9462785618279571 0.11252520161290326 0.9525789650537635 0.11546538978494628 0.9567792338709677 0.12050571236559145 0.9609795026881721 0.12512600806451615 0.9643397177419356 0.13226646505376347 0.9681199596774195 0.14108702956989252 0.9702200940860216 0.14864751344086027 0.9702200940860216 0.15494791666666669 0.9698000672043011 0.1616683467741936 0.9681199596774195 0.1675487231182796 0.9660198252688172 0.1717489919354839 0.9622395833333334 0.17594926075268819 0.9571992607526882 0.17888944892473121 0.9513188844086022
1 0.29481686827956993 0.9782006048387097 0.2927167338709678 0.9731602822580645 0.2901965725806452 0.9676999327956989 0.28683635752688175 0.9613995295698925 0.28389616935483875 0.9559391801075269 0.2805359543010753 0.9504788306451614 0.27675571236559143 0.9445984543010754 0.2729754704301076 0.9395581317204301 0.2679351478494624 0.9353578629032259 0.2607946908602151 0.9332577284946237 0.25407426075268824 0.9332577284946237 0.24819388440860218 0.9345178091397849 0.24189348118279572 0.937457997311828 0.237273185483871 0.943338373655914 0.23349294354838712 0.9508988575268817 0.22971270161290328 0.9592993951612904 0.22719254032258068 0.9651797715053764 0.22509240591397853 0.9714801747311828 0.22509240591397853 0.9773605510752689 0.22509240591397853 0.9832409274193549 0.2259324596774194 0.9899613575268817 0.22719254032258068 0.9945816532258065 0.22929267473118284 0.9987819220430108 0.2905757968509985 0.9989583333333333 0.29187668010752693 0.9966817876344086 0.2935567876344087 0.9908014112903226 0.2956569220430108 0.9853410618279571
1 0.07472278225806456 0.9328377016129034 0.07850302419354843 0.9319976478494624 0.08396337365591401 0.9273773521505377 0.08858366935483875 0.9223370295698925 0.0919438844086022 0.9172967069892474 0.0948840725806452 0.9122563844086022 0.09782426075268821 0.9063760080645161 0.09866431451612907 0.9009156586021505 0.09950436827956993 0.8954553091397849 0.09992439516129036 0.8895749327956989 0.09992439516129036 0.8832745295698925 0.09992439516129036 0.8761340725806452 0.09950436827956993 0.87109375 0.0961441532258065 0.8673135080645161 0.09110383064516132 0.8647933467741936 0.08438340053763445 0.8631132392473119 0.07682291666666671 0.8626932123655915 0.0713625672043011 0.8631132392473119 0.06590221774193553 0.8656334005376344 0.05960181451612907 0.8685735887096775 0.05498151881720434 0.8715137768817205 0.050781250000000035 0.8757140456989247 0.0474210349462366 0.8824344758064516 0.04490087365591402 0.8912550403225806 0.04490087365591402 0.898395497311828 0.04574092741935488 0.9055359543010754 0.04826108870967746 0.9118363575268817 0.050781250000000035 0.9164566532258065 0.05708165322580649 0.9231770833333334 0.06422211021505381 0.9277973790322581 0.0713625672043011 0.9319976478494624
1 0.10173891129032736 0.9989583333333333 0.12890625000000006 0.9987819220430108 0.1272261424731183 0.9950016801075269 0.12428595430107531 0.9903813844086022 0.12050571236559145 0.9849210349462366 0.11630544354838714 0.9794606854838711 0.11168514784946242 0.9761004704301076 0.10664482526881724 0.9727402553763441 0.09950436827956993 0.9689600134408602 0.09698420698924734 0.9685399865591399 0.09110383064516132 0.9685399865591399 0.08564348118279574 0.9693800403225806 0.07976310483870971 0.9719002016129034 0.07430275537634413 0.9777805779569894 0.07094254032258068 0.9815608198924732 0.06758232526881724 0.9866011424731183 0.06548219086021509 0.9916414650537635 0.06464213709677423 0.99794186827957
1 0.01591901881720434 0.057921706989247354 0.012138776881720468 0.05456149193548391 0.008778561827957028 0.05204133064516133 0.005838373655914017 0.05036122311827961 0.0 0.04784106182795703 0.0 0.11713349654377886 0.002898185483871006 0.11630544354838714 0.006258400537634447 0.11462533602150542 0.010458669354838747 0.11210517473118282 0.012978830645161329 0.10958501344086026 0.01549899193548391 0.10622479838709681 0.01885920698924735 0.10286458333333338 0.025579637096774233 0.09320396505376348 0.026419690860215093 0.08564348118279574 0.025579637096774233 0.078082997311828 0.025159610215053804 0.07346270161290326 0.02263944892473122 0.06758232526881724 0.01927923387096778 0.06254200268817207
0 0.5839257503949448 0.5009873617693523 0.5923183254344392 0.49703791469194314 0.5962677725118485 0.49555687203791465 0.5997235387045815 0.4935821484992101 0.6012045813586099 0.4901263823064771 0.5997235387045815 0.48864533965244866 0.5967614533965245 0.4876579778830964 0.5937993680884677 0.48716429699842023 0.587875197472354 0.4881516587677725 0.5849131121642971 0.48963270142180093 0.5809636650868879 0.4911137440758294 0.5765205371248026 0.49308846761453395 0.5735584518167457 0.49506319115323855 0.571090047393365 0.49802527646129546 0.5696090047393365 0.5019747235387045 0.5696090047393365 0.5049368088467615 0.5705963665086888 0.506911532385466 0.5740521327014219 0.5064178515007899
0 0.4935804263565891 0.4748062015503876 0.4963057170542636 0.47238372093023256 0.49963662790697677 0.4702640503875969 0.5032703488372093 0.46814437984496127 0.5050872093023256 0.4666303294573643 0.5072068798449613 0.4645106589147287 0.5090237403100776 0.462390988372093 0.5105377906976745 0.459968507751938 0.5120518410852714 0.45754602713178294 0.5132630813953488 0.4545179263565891 0.5135658914728682 0.4514898255813954 0.5135658914728682 0.4496729651162791 0.5090237403100776 0.4508842054263566 0.5026647286821705 0.4530038759689923 0.4981225775193799 0.45482073643410853 0.49509447674418605 0.45663759689922484 0.4905523255813954 0.459968507751938 0.4869186046511628 0.4629966085271318 0.4835876937984496 0.46632751937984496 0.4811652131782946 0.46905281007751937 0.4784399224806201 0.4720809108527132 0.47601744186046513 0.47510901162790703 0.4748062015503876 0.477531492248062 0.47510901162790703 0.477531492248062 0.4802567829457364 0.4784399224806201 0.48570736434108525 0.4784399224806201 0.4899467054263566 0.4778343023255814
0 0.6134932170542636 0.7064559108527131 0.6234859496124031 0.7028221899224807 0.6262112403100775 0.7019137596899225 0.6277252906976744 0.7013081395348838 0.6319646317829457 0.700702519379845 0.633781492248062 0.6997940891472869 0.6371124031007752 0.6982800387596899 0.6392320736434108 0.6964631782945736 0.6398376937984497 0.6952519379844961 0.6395348837209303 0.6934350775193798 0.6371124031007752 0.6916182170542636 0.633781492248062 0.690406976744186 0.6265140503875969 0.6901041666666666 0.6210634689922482 0.6907097868217054 0.616218507751938 0.6922238372093024 0.6104651162790697 0.6949491279069767 0.6056201550387598 0.6979772286821705 0.6025920542635659 0.7013081395348838 0.601078003875969 0.7046390503875969 0.6016836240310077 0.7067587209302325 0.6068313953488372 0.7067587209302325
0 0.6144016472868218 0.774890988372093 0.6237887596899225 0.7745881782945736 0.6271196705426356 0.7733769379844961 0.6301477713178295 0.7718628875968992 0.6316618217054264 0.7694404069767441 0.6310562015503877 0.7679263565891473 0.6295421511627908 0.7667151162790697 0.6253028100775194 0.7652010658914729 0.6228803294573644 0.7648982558139535 0.6192466085271318 0.7648982558139535 0.6156128875968992 0.7655038759689923 0.612281976744186 0.7682291666666666 0.609859496124031 0.7709544573643411 0.6086482558139535 0.7730741279069767 0.609859496124031 0.7745881782945736
0 0.3455062984496124 0.7609617248062015 0.3576187015503876 0.7676235465116279 0.36185804263565896 0.7694404069767441 0.36700581395348836 0.7703488372093024 0.37366763565891475 0.7703488372093024 0.37669573643410853 0.7697432170542636 0.38123788759689925 0.7679263565891473 0.3848716085271318 0.766109496124031 0.3878997093023256 0.763687015503876 0.3897165697674419 0.7615673449612402 0.39092781007751937 0.7585392441860465 0.3897165697674419 0.7567223837209303 0.3857800387596899 0.7546027131782946 0.38275193798449614 0.7524830426356589 0.37851259689922484 0.7500605620155039 0.37275920542635654 0.7482437015503877 0.3688226744186046 0.7470324612403101 0.3639777131782946 0.746124031007752 0.36004118217054265 0.7458212209302325 0.3548934108527132 0.7458212209302325 0.35186531007751937 0.7464268410852714 0.34762596899224807 0.7482437015503877 0.3439922480620155 0.7497577519379846 0.3424781976744186 0.7506661821705426 0.3418725775193799 0.7530886627906976 0.342781007751938 0.7570251937984497
0 0.5138687015503876 0.6104651162790697 0.5217417635658915 0.6107679263565892 0.5265867248062015 0.6125847868217054 0.5308260658914729 0.6144016472868218 0.5350654069767441 0.6171269379844961 0.5390019379844961 0.6198522286821705 0.5414244186046512 0.6231831395348838 0.5438468992248062 0.627422480620155 0.5453609496124031 0.631359011627907 0.5459665697674418 0.6359011627906976 0.5459665697674418 0.6398376937984497 0.5456637596899225 0.6449854651162791 0.5453609496124031 0.646499515503876 0.5417272286821705 0.6461967054263567 0.5359738372093024 0.6455910852713179 0.5308260658914729 0.6443798449612402 0.5265867248062015 0.642562984496124 0.5217417635658915 0.6395348837209303 0.5162911821705427 0.6349927325581395 0.5123546511627908 0.6307533914728682 0.5090237403100776 0.6259084302325582 0.5078125 0.6219718992248062 0.5078125 0.6171269379844961 0.5078125 0.613796027131783 0.5078125 0.6110707364341085
0 0.2882751937984496 0.06056201550387597 0.29705668604651164 0.056019864341085274 0.30462693798449614 0.052083333333333336 0.3070494186046512 0.0496608527131783 0.3091690891472868 0.04754118217054264 0.3109859496124031 0.04421027131782946 0.3115915697674419 0.040273740310077515 0.31189437984496127 0.036942829457364344 0.3112887596899225 0.03542877906976744 0.30947189922480617 0.03482315891472868 0.3070494186046512 0.03452034883720931 0.3022044573643411 0.03512596899224806 0.29887354651162795 0.036640019379844964 0.2952398255813954 0.03815406976744186 0.2916061046511628 0.040273740310077515 0.2882751937984496 0.04299903100775194 0.2855499031007752 0.04572432170542636 0.28373304263565896 0.047238372093023256 0.28161337209302323 0.04905523255813953 0.2779796511627907 0.05329457364341085 0.27616279069767447 0.056019864341085274 0.2749515503875969 0.05813953488372093 0.27646560077519383 0.05935077519379845 0.28161337209302323 0.061167635658914726
0 0.7860949612403101 0.03270348837209302 0.7830668604651163 0.02725290697674419 0.7821584302325582 0.02392199612403101 0.7818556201550387 0.02089389534883721 0.7818556201550387 0.016654554263565893 0.7830668604651163 0.013626453488372095 0.7842781007751938 0.010295542635658914 0.785186531007752 0.006964631782945737 0.7863977713178295 0.0027252906976744187 0.7870033914728682 0.00030281007751937984 0.7891230620155039 0.00030281007751937984 0.7909399224806202 0.0006056201550387597 0.7939680232558141 0.0024224806201550387 0.7966933139534884 0.006964631782945737 0.7976017441860465 0.02119670542635659 0.7969961240310077 0.025436046511627907 0.7954820736434108 0.028766957364341088 0.7933624031007752 0.03270348837209302 0.7903343023255814 0.03573158914728682
0 0.887233527131783 0.5726138565891472 0.8805717054263567 0.5671632751937985 0.8787548449612402 0.5641351744186046 0.8772407945736433 0.562015503875969 0.8751211240310077 0.5592902131782946 0.8739098837209303 0.5565649224806202 0.8730014534883721 0.553234011627907 0.8726986434108528 0.550811531007752 0.8726986434108528 0.546875 0.8733042635658915 0.5432412790697675 0.8742126937984497 0.5411216085271318 0.8766351744186046 0.5402131782945736 0.8802688953488372 0.5402131782945736 0.8851138565891473 0.540515988372093 0.8893531976744187 0.5423328488372092 0.8938953488372092 0.544452519379845 0.8981346899224807 0.546875 0.9014656007751938 0.5496002906976744 0.9032824612403101 0.5517199612403101 0.904796511627907 0.555656492248062 0.9060077519379846 0.5601986434108528 0.907218992248062 0.564437984496124 0.9078246124031008 0.5689801356589148 0.9078246124031008 0.573219476744186 0.9075218023255814 0.5759447674418605 0.9060077519379846 0.5774588178294574 0.9020712209302325 0.5777616279069767 0.8978318798449613 0.5780644379844961 0.8945009689922482 0.5777616279069767 0.8905644379844961 0.5753391472868218
0 0.9765625 0.4626937984496124 0.9699006782945736 0.4699612403100775 0.9668725775193799 0.47268653100775193 0.9647529069767441 0.4745033914728682 0.9617248062015504 0.47601744186046513 0.9586967054263567 0.4763202519379845 0.9553657945736433 0.47389777131782945 0.955062984496124 0.47117248062015504 0.9571826550387598 0.4672359496124031 0.9596051356589148 0.4629966085271318 0.9626332364341085 0.45936288759689925 0.9671753875968992 0.4554263565891473 0.9711119186046512 0.4530038759689923 0.9744428294573644 0.4520954457364341 0.9765625 0.4520954457364341 0.9792877906976744 0.4539123062015504 0.9792877906976744 0.4572432170542636
0 0.9054021317829457 0.07509689922480621 0.8917756782945736 0.07994186046511628 0.8878391472868218 0.08024467054263566 0.8829941860465116 0.08024467054263566 0.8772407945736433 0.07994186046511628 0.8733042635658915 0.07933624031007752 0.8717902131782946 0.07630813953488372 0.8717902131782946 0.07539970930232558 0.8733042635658915 0.0720687984496124 0.8766351744186046 0.06873788759689922 0.880874515503876 0.06540697674418604 0.887233527131783 0.061773255813953494 0.892078488372093 0.05995639534883721 0.8984375 0.05935077519379845 0.9038880813953489 0.05874515503875969 0.9084302325581395 0.05844234496124031 0.9117611434108528 0.05904796511627907 0.9150920542635659 0.06056201550387597 0.9178173449612402 0.06268168604651163 0.9187257751937985 0.06601259689922481 0.9175145348837209 0.0675266472868217 0.9117611434108528 0.07176598837209301
0 0.13868701550387597 0.22165697674418602 0.1277858527131783 0.22831879844961242 0.12263808139534885 0.23074127906976744 0.11627906976744186 0.23346656976744187 0.11355377906976744 0.23376937984496124 0.10870881782945736 0.23195251937984498 0.10931443798449612 0.22953003875968994 0.11900436046511628 0.22650193798449614 0.13020833333333334 0.22044573643410853 0.13414486434108527 0.2177204457364341 0.13687015503875968 0.2165092054263566 0.14020106589147288 0.21590358527131784 0.14141230620155038 0.2165092054263566 0.141109496124031 0.21953730620155038
0 0.18743943798449614 0.6056201550387598 0.1729045542635659 0.5965358527131782 0.1698764534883721 0.5938105620155039 0.1665455426356589 0.589874031007752 0.1641230620155039 0.5874515503875969 0.16170058139534885 0.5844234496124031 0.16048934108527133 0.5810925387596899 0.16018653100775193 0.5789728682170543 0.1620033914728682 0.5774588178294574 0.16745397286821706 0.5780644379844961 0.17381298449612403 0.5789728682170543 0.17774951550387597 0.5801841085271318 0.18289728682170545 0.5820009689922482 0.18713662790697674 0.5850290697674418 0.19137596899224807 0.588359980620155 0.1953125 0.5929021317829457 0.19773498062015504 0.5971414728682171 0.19924903100775193 0.6022892441860465 0.1998546511627907 0.6065285852713179 0.20015746124031006 0.6089510658914729 0.1986434108527132 0.609859496124031 0.19470687984496124 0.6086482558139535
0 0.05393793273986152 0.14373145400593473 0.053783382789317505 0.13754945598417406 0.05841988130563798 0.1319856577645895 0.06583827893175073 0.13306750741839762 0.07603857566765579 0.1417223046488625 0.08191147378832839 0.14790430267062316 0.0791295746785361 0.1582591493570722 0.06831107814045499 0.16104104846686448 0.06259272997032642 0.15764094955489616 0.05548343224530168 0.14728610286844707
0 0.22796117705242333 0.18623269040553905 0.23383407517309596 0.17464144411473786 0.24279797230464883 0.16985039564787338 0.25825296735905046 0.16660484668644904 0.26768051434223544 0.1683048961424332 0.27695351137487634 0.17556874381800197 0.27015331355093963 0.18685089020771514 0.26134396636993074 0.1896327893175074 0.24496167161226506 0.19365108803165182 0.23476137487636003 0.19303288822947576
0 0.666030278670954 0.898814308681672 0.6641881028938906 0.8941251339764201 0.6661977491961415 0.8864214898177921 0.673733922829582 0.8780479635584137 0.6806002143622722 0.8760383172561629 0.6812700964630225 0.8825696677384781 0.6780881564844587 0.8912781350482316 0.6693796891747054 0.8981444265809218
0 0.21757246376811595 0.8739130434782608 0.2190217391304348 0.8710144927536232 0.21956521739130436 0.868840579710145 0.21956521739130436 0.8664855072463769 0.21956521739130436 0.8641304347826088 0.21829710144927536 0.8606884057971015 0.2161231884057971 0.8568840579710144 0.21431159420289853 0.8536231884057971 0.21231884057971015 0.8505434782608695 0.21032608695652175 0.8476449275362319 0.2081521739130435 0.8452898550724638 0.2052536231884058 0.8434782608695652 0.20271739130434782 0.8427536231884059 0.1983695652173913 0.8414855072463768 0.1923913043478261 0.841304347826087 0.18695652173913044 0.8429347826086957 0.18659420289855072 0.8449275362318841 0.18659420289855072 0.8490942028985508 0.18713768115942028 0.8530797101449274 0.18858695652173912 0.8557971014492753 0.19003623188405797 0.8603260869565218 0.19130434782608693 0.8625 0.19311594202898552 0.865036231884058 0.1943840579710145 0.8664855072463769 0.1971014492753623 0.8690217391304348 0.2 0.8708333333333333 0.20271739130434782 0.8724637681159421 0.20471014492753623 0.8733695652173913 0.20923913043478262 0.875 0.21141304347826087 0.8753623188405797
