1 0.4967567155067155 0.2510302197802198 0.4872176434676435 0.24835927960927962 0.48187576312576313 0.24606990231990233 0.47806013431013433 0.24225427350427353 0.47424450549450553 0.23614926739926742 0.47233669108669113 0.2288995726495727 0.472718253968254 0.21897893772893776 0.47386294261294265 0.21401862026862029 0.4769154456654457 0.20715048840048841 0.47996794871794873 0.20142704517704518 0.48454670329670335 0.1972298534798535 0.4898885836385836 0.19379578754578755 0.4963751526251527 0.19265109890109894 0.5043879731379731 0.19265109890109894 0.5074404761904762 0.19417735042735046 0.5108745421245422 0.19570360195360198 0.5158348595848596 0.1972298534798535 0.5219398656898657 0.19951923076923078 0.5261370573870574 0.20142704517704518 0.5303342490842491 0.20486111111111113 0.5349130036630038 0.20905830280830281 0.5375839438339439 0.21287393162393167 0.5387286324786326 0.21668956043956047 0.5398733211233212 0.22279456654456659 0.5398733211233212 0.22928113553113555 0.5383470695970697 0.23538614163614166 0.5352945665445666 0.24187271062271065 0.5310973748473748 0.24568833943833948 0.5238476800976801 0.24912240537240538 0.5185057997557998 0.25064865689865695 0.5120192307692307 0.25179334554334554 0.5036248473748474 0.25179334554334554
1 0.5131639194139195 0.3540521978021978 0.5188873626373627 0.35748626373626374 0.5246108058608059 0.36015720390720396 0.5310973748473748 0.3616834554334555 0.5379655067155068 0.363209706959707 0.5475045787545788 0.3647359584859585 0.5551358363858365 0.363209706959707 0.5631486568986569 0.3605387667887668 0.5700167887667889 0.35672313797313804 0.5753586691086692 0.35328907203907206 0.5803189865689866 0.34756562881562886 0.582608363858364 0.34069749694749696 0.5822268009768011 0.33230311355311354 0.5803189865689866 0.32047466422466425 0.5745955433455434 0.3105540293040293 0.5673458485958487 0.305212148962149 0.5574252136752137 0.301778083028083 0.5475045787545788 0.2983440170940171 0.5364392551892553 0.2956730769230769 0.5257554945054945 0.2956730769230769 0.5150717338217338 0.2975808913308914 0.508203601953602 0.3010149572649573 0.5043879731379731 0.30635683760683763 0.5005723443223443 0.31322496947496953 0.4979014041514042 0.32047466422466425 0.4971382783882784 0.32619810744810745 0.4975198412698413 0.33192155067155066 0.4998092185592186 0.33840811965811973 0.5024801587301587 0.34184218559218565 0.5055326617826618 0.3456578144078144
1 0.38648504273504275 0.3288690476190476 0.3876297313797314 0.3357371794871795 0.3891559829059829 0.34107905982905984 0.39182692307692313 0.3468025030525031 0.39411630036630035 0.35138125763125766 0.3979319291819292 0.35710470085470086 0.40289224664224665 0.3605387667887668 0.40823412698412703 0.3635912698412699 0.414720695970696 0.3651175213675214 0.42082570207570213 0.36588064713064716 0.4326541514041515 0.3651175213675214 0.43799603174603174 0.36206501831501836 0.4418116605616606 0.35557844932844934 0.44486416361416364 0.3483287545787546 0.4475351037851038 0.3422237484737485 0.44944291819291826 0.3361187423687424 0.45020604395604397 0.3281059218559219 0.4498244810744811 0.32085622710622713 0.4490613553113553 0.31360653235653235 0.44677197802197804 0.30788308913308915 0.4433379120879121 0.3029227716727717 0.43875915750915756 0.29719932844932845 0.43379884004884006 0.29338369963369965 0.42845695970695974 0.2907127594627595 0.4219703907203908 0.2888049450549451 0.4162469474969475 0.2880418192918193 0.4086156898656899 0.2884233821733822 0.39869505494505497 0.2914758852258853 0.39335317460317465 0.2956730769230769 0.38991910866910867 0.3013965201465202 0.38686660561660563 0.30750152625152627 0.38495879120879123 0.31665903540903545 0.385721916971917 0.32429029304029305
1 0.6234355921855922 0.21974206349206352 0.6283959096459097 0.21783424908424912 0.6333562271062273 0.2144001831501832 0.6379349816849818 0.20867673992673996 0.6406059218559219 0.20142704517704518 0.6417506105006106 0.19570360195360198 0.6417506105006106 0.1907432844932845 0.6409874847374848 0.18578296703296707 0.6406059218559219 0.18120421245421248 0.6394612332112334 0.17700702075702077 0.637171855921856 0.17090201465201468 0.6329746642246643 0.16517857142857145 0.6299221611721613 0.1621260683760684 0.6268696581196581 0.1605998168498169 0.6222909035409037 0.15907356532356537 0.617712148962149 0.15754731379731382 0.6131333943833945 0.15754731379731382 0.6070283882783883 0.1579288766788767 0.5963446275946277 0.15983669108669113 0.5910027472527474 0.1617445054945055 0.5860424297924299 0.16517857142857145 0.5829899267399269 0.16975732600732604 0.5822268009768011 0.1750992063492064 0.5822268009768011 0.1808226495726496 0.582608363858364 0.18540140415140416 0.5833714896214897 0.1911248473748474 0.5860424297924299 0.1991376678876679 0.5894764957264959 0.20486111111111113 0.5948183760683762 0.21020299145299148 0.6043574481074482 0.21478174603174605 0.6116071428571429 0.218215811965812 0.6188568376068377 0.21974206349206352
1 0.6741834554334555 0.18616452991452992 0.6707493894993896 0.19150641025641027 0.6696047008547009 0.19684829059829062 0.6696047008547009 0.20371642246642246 0.6703678266178268 0.20867673992673996 0.673038766788767 0.21401862026862029 0.6772359584859585 0.21974206349206352 0.679143772893773 0.22164987789987792 0.6833409645909647 0.224702380952381 0.6902090964590966 0.2285180097680098 0.701655982905983 0.2300442612942613 0.7081425518925519 0.22928113553113555 0.7192078754578756 0.22355769230769235 0.7237866300366301 0.21783424908424912 0.727220695970696 0.21249236874236876 0.7298916361416362 0.20715048840048841 0.734088827838828 0.19608516483516486 0.7329441391941393 0.18692765567765568 0.7317994505494506 0.18005952380952384 0.7291285103785105 0.17357295482295484 0.7249313186813188 0.16937576312576313 0.7214972527472528 0.1663232600732601 0.714247557997558 0.16556013431013433 0.7069978632478634 0.1659416971916972 0.6989850427350428 0.1678495115995116 0.6932615995115996 0.16975732600732604 0.6863934676434678 0.17395451770451772 0.6818147130647131 0.17738858363858367 0.6783806471306472 0.1808226495726496
1 0.5726877289377291 0.12816697191697196 0.5864239926739928 0.12549603174603177 0.5929105616605618 0.12473290598290603 0.598634004884005 0.12282509157509162 0.6055021367521368 0.11977258852258857 0.6085546398046399 0.1171016483516484 0.6116071428571429 0.11328601953601956 0.6150412087912088 0.10794413919413923 0.6169490231990232 0.10412851037851041 0.6196199633699635 0.09954975579975583 0.6215277777777779 0.09382631257631262 0.6215277777777779 0.08848443223443227 0.620764652014652 0.08199786324786329 0.6173305860805861 0.07512973137973142 0.6135149572649573 0.06864316239316244 0.6108440170940171 0.06444597069597073 0.6074099511599512 0.060630341880341915 0.6020680708180709 0.05834096459096463 0.5925289987789989 0.057196275946275986 0.5829899267399269 0.057577838827838866 0.5734508547008548 0.059485653235653274 0.5631486568986569 0.06291971916971921 0.553228021978022 0.06902472527472532 0.5482677045177046 0.07436660561660566 0.5440705128205129 0.08085317460317464 0.5413995726495727 0.08733974358974363 0.5391101953601954 0.09497100122100126 0.5375839438339439 0.1003128815628816 0.5375839438339439 0.1064178876678877 0.5387286324786326 0.11214133089133092 0.5425442612942615 0.11672008547008551 0.5505570818070818 0.1232066544566545 0.5539911477411478 0.1251144688644689 0.559714590964591 0.1274038461538462 0.5650564713064714 0.12854853479853484
1 0.38495879120879123 0.1991376678876679 0.392208485958486 0.1972298534798535 0.39678724053724057 0.19417735042735046 0.40136599511599513 0.18959859584859587 0.40480006105006106 0.1846382783882784 0.4074710012210012 0.17700702075702077 0.40823412698412703 0.17319139194139196 0.41014194139194143 0.16861263736263737 0.4124313186813187 0.16479700854700857 0.414720695970696 0.15983669108669113 0.41548382173382176 0.15373168498168502 0.41548382173382176 0.14877136752136755 0.41548382173382176 0.14381105006105008 0.414720695970696 0.13999542124542125 0.4128128815628816 0.13617979242979245 0.4086156898656899 0.131219474969475 0.405181623931624 0.12778540903540908 0.39449786324786323 0.11519383394383399 0.3876297313797314 0.11099664224664228 0.38305097680097683 0.10947039072039075 0.37503815628815634 0.10794413919413923 0.3689331501831502 0.10756257631257635 0.3613018925518926 0.10794413919413923 0.3540521978021978 0.10832570207570211 0.3464209401709402 0.10908882783882787 0.3395528083028083 0.10985195360195363 0.3357371794871795 0.11137820512820516 0.3292506105006105 0.11633852258852263 0.32467185592185593 0.12129884004884009 0.3197115384615385 0.1266407203907204 0.3158959096459097 0.13160103785103788 0.31284340659340665 0.13656135531135533 0.3105540293040293 0.14228479853479856 0.3097909035409036 0.1491529304029304 0.31017246642246643 0.15640262515262518 0.31208028083028083 0.1621260683760684 0.31475122100122105 0.166704822954823 0.31627747252747257 0.1705204517704518 0.3185668498168498 0.17548076923076925 0.3216193528693529 0.17967796092796096 0.32505341880341887 0.18425671550671555 0.3300137362637363 0.1888354700854701 0.33497405372405376 0.19150641025641027 0.3452762515262516 0.19570360195360198 0.3540521978021978 0.19761141636141638 0.3605387667887668 0.19875610500610502 0.36626221001221004 0.1991376678876679 0.3719856532356533 0.19951923076923078 0.3780906593406594 0.19951923076923078
1 0.24874084249084252 0.3010149572649573 0.2514117826617827 0.2983440170940171 0.25446428571428575 0.2937652625152625 0.25675366300366304 0.2899496336996337 0.25866147741147744 0.2846077533577534 0.2609508547008547 0.27621336996337004 0.2617139804639805 0.27010836385836384 0.2617139804639805 0.2636217948717949 0.2609508547008547 0.2571352258852259 0.26018772893772896 0.2510302197802198 0.2578983516483517 0.2449252136752137 0.2540827228327229 0.2384386446886447 0.24988553113553116 0.2327152014652015 0.24568833943833948 0.2288995726495727 0.24149114774114777 0.2266101953601954 0.2372939560439561 0.22546550671550675 0.23195207570207574 0.2239392551892552 0.22737332112332115 0.22241300366300368 0.22241300366300368 0.22241300366300368 0.21668956043956047 0.22241300366300368 0.21020299145299148 0.2239392551892552 0.20447954822954825 0.22775488400488403 0.19990079365079366 0.2346230158730159 0.19684829059829062 0.2426358363858364 0.1945589133089133 0.24988553113553116 0.19226953601953603 0.25866147741147744 0.19150641025641027 0.26743742368742374 0.19150641025641027 0.27888431013431014 0.19494047619047622 0.2907127594627595 0.19875610500610502 0.29643620268620274 0.20486111111111113 0.3025412087912088 0.20905830280830281 0.3044490231990232 0.21974206349206352 0.30635683760683763 0.2239392551892552 0.3067384004884005 0.22699175824175827 0.3067384004884005 0.2327152014652015 0.30635683760683763 0.23767551892551894 0.305212148962149 0.24072802197802198 0.3044490231990232 0.2449252136752137 0.30368589743589747
1 0.27659493284493286 0.4479166666666667 0.2773580586080586 0.4429563492063492 0.2781211843711844 0.43608821733821734 0.27850274725274726 0.42998321123321126 0.27850274725274726 0.4254044566544567 0.27773962148962156 0.4185363247863248 0.2754502442002442 0.41357600732600736 0.27277930402930406 0.4089972527472528 0.26934523809523814 0.4044184981684982 0.26591117216117216 0.40098443223443225 0.26018772893772896 0.39716880341880345 0.2556089743589744 0.39449786324786323 0.2525564713064713 0.39259004884004883 0.247214590964591 0.392208485958486 0.2411095848595849 0.392208485958486 0.23538614163614166 0.39335317460317465 0.2285180097680098 0.3964056776556777 0.2243208180708181 0.3998397435897436 0.21974206349206352 0.40480006105006106 0.2155448717948718 0.40976037851037855 0.2121108058608059 0.41548382173382176 0.20982142857142858 0.42120726495726496 0.2075320512820513 0.42845695970695974 0.20486111111111113 0.4357066544566545 0.20447954822954825 0.4418116605616606 0.20486111111111113 0.4498244810744811 0.20715048840048841 0.45745573870573875 0.21020299145299148 0.46317918192918195 0.21516330891330895 0.4689026251526252 0.2205051892551893 0.472718253968254 0.22699175824175827 0.47577075702075705 0.23424145299145302 0.47729700854700857 0.2445436507936508 0.4765338827838828 0.25179334554334554 0.47424450549450553 0.25827991452991456 0.47195512820512825 0.2636217948717949 0.47042887667887673 0.26820054945054944 0.46470543345543347 0.27163461538461536 0.4586004273504274 0.2743055555555556 0.45287698412698413
1 0.401747557997558 0.49408577533577536 0.40212912087912095 0.48187576312576313 0.401747557997558 0.47195512820512825 0.4002213064713065 0.4612713675213675 0.39678724053724057 0.45287698412698413 0.3929716117216117 0.4456272893772894 0.38839285714285715 0.4402854090354091 0.38305097680097683 0.43723290598290604 0.37694597069597074 0.4349435286935287 0.37160409035409037 0.4345619658119658 0.3654990842490842 0.4345619658119658 0.3597756410256411 0.4349435286935287 0.3540521978021978 0.4368513431013431 0.35176282051282054 0.44066697191697196 0.34871031746031744 0.4471535409035409 0.3464209401709402 0.4536401098901099 0.3456578144078144 0.4620344932844933 0.3464209401709402 0.46699481074481075 0.3509996947496948 0.485691391941392 0.3551968864468865 0.4986645299145299 0.36015720390720396 0.5051510989010989 0.36626221001221004 0.5108745421245422 0.3735119047619048 0.5139270451770452 0.3819062881562882 0.514690170940171 0.3903006715506716 0.5135454822954822 0.39564255189255193 0.5097298534798536 0.3990766178266178 0.5032432844932846
1 0.5204136141636142 0.48302045177045183 0.5291895604395604 0.482257326007326 0.5410180097680098 0.4784416971916972 0.5475045787545788 0.47386294261294265 0.5509386446886447 0.46546855921855923 0.5520833333333335 0.4578373015873016 0.5520833333333335 0.4498244810744811 0.5505570818070818 0.4402854090354091 0.5463598901098902 0.434180402930403 0.5421626984126985 0.43036477411477414 0.5375839438339439 0.4269307081807082 0.5330051892551892 0.4238782051282052 0.527281746031746 0.4200625763125763 0.52117673992674 0.41586538461538464 0.5158348595848596 0.41204975579975583 0.5104929792429792 0.4093788156288156 0.5036248473748474 0.4063263125763126 0.4979014041514042 0.40403693528693535 0.4917963980463981 0.40365537240537247 0.48302045177045183 0.40365537240537247 0.4765338827838828 0.405181623931624 0.46852106227106227 0.41014194139194143 0.46432387057387065 0.4170100732600733 0.4605082417582418 0.4250228937728938 0.4620344932844933 0.434180402930403 0.46356074481074483 0.4402854090354091 0.46661324786324787 0.4471535409035409 0.4711920024420025 0.4544032356532357 0.4769154456654457 0.4612713675213675 0.48263888888888895 0.46775793650793657 0.4914148351648352 0.47424450549450553 0.5013354700854701 0.479204822954823 0.5101114163614163 0.482257326007326
1 0.7955204517704518 0.06788003663003667 0.7955204517704518 0.06330128205128209 0.795138888888889 0.057196275946275986 0.7939942002442003 0.05147283272283276 0.7924679487179488 0.0465125152625153 0.7897970085470086 0.04155219780219784 0.7878891941391942 0.038881257631257674 0.7833104395604397 0.03506562881562885 0.7775869963369965 0.032013125763125795 0.7730082417582419 0.02972374847374851 0.7672847985347987 0.0278159340659341 0.7607982295482297 0.02628968253968257 0.7550747863247864 0.027434371184371215 0.7482066544566545 0.02972374847374851 0.7421016483516484 0.03315781440781444 0.7363782051282052 0.037355006105006146 0.7314178876678877 0.04346001221001225 0.7283653846153847 0.050328144078144114 0.7264575702075703 0.0568147130647131 0.7260760073260074 0.06406440781440785 0.7268391330891332 0.07055097680097684 0.7291285103785105 0.07741910866910871 0.7329441391941393 0.08161630036630041 0.7379044566544567 0.08619505494505499 0.7428647741147743 0.09039224664224668 0.7485882173382173 0.09230006105006108 0.7546932234432234 0.09382631257631262 0.7615613553113554 0.09458943833943838 0.7676663614163616 0.09344474969474972 0.7730082417582419 0.09077380952380956 0.7794948107448109 0.08657661782661787 0.7852182539682541 0.08276098901098905 0.7909416971916973 0.07703754578754583 0.7943757631257633 0.07207722832722836
1 0.9069368131868133 0.03582875457875461 0.9065552503052504 0.030868437118437154 0.9050289987789989 0.024763431013431047 0.9031211843711844 0.020184676434676467 0.8993055555555556 0.01560592185592189 0.895108363858364 0.011408730158730195 0.8909111721611722 0.007974664224664259 0.8870955433455434 0.005303724053724089 0.8828983516483517 0.003014346764346799 0.8775564713064714 0.0007249694749695096 0.8729777167277167 0.0007249694749695096 0.868780525030525 0.0011065323565323912 0.8645833333333335 0.003014346764346799 0.8596230158730159 0.006066849816849851 0.8558073870573871 0.01026404151404155 0.8523733211233212 0.014842796092796129 0.8500839438339439 0.019421550671550707 0.8474130036630038 0.024763431013431047 0.8447420634920636 0.03048687423687427 0.843597374847375 0.037355006105006146 0.8439789377289378 0.04460470085470089 0.8458867521367522 0.05109126984126988 0.8489392551892553 0.05605158730158734 0.8523733211233212 0.059867216117216154 0.8546626984126985 0.06253815628815633 0.8596230158730159 0.06788003663003667 0.8619123931623933 0.0713141025641026 0.8676358363858365 0.07245879120879124 0.8745039682539684 0.0713141025641026 0.8828983516483517 0.0694062881562882 0.8890033577533578 0.0671169108669109 0.895108363858364 0.06406440781440785 0.8993055555555556 0.060630341880341915 0.9019764957264959 0.057577838827838866 0.904647435897436 0.05223595848595852 0.9065552503052504 0.046894078144078186 0.9069368131868133 0.04193376068376072
1 0.8294795482295483 0.18998015873015875 0.8348214285714287 0.1873092185592186 0.8394001831501832 0.18387515262515264 0.843597374847375 0.1789148351648352 0.8485576923076924 0.1724282661782662 0.8527548840048841 0.166704822954823 0.8558073870573871 0.16098137973137974 0.8588598901098902 0.1541132478632479 0.8615308302808304 0.1480082417582418 0.862675518925519 0.14266636141636144 0.8622939560439561 0.13579822954822957 0.8615308302808304 0.12816697191697196 0.8600045787545788 0.12244352869352873 0.8580967643467645 0.11748321123321127 0.8550442612942615 0.11328601953601956 0.8504655067155068 0.10947039072039075 0.8451236263736265 0.10718101343101347 0.8397817460317462 0.10565476190476193 0.8336767399267401 0.10412851037851041 0.8279532967032969 0.10298382173382177 0.8218482905982907 0.10336538461538465 0.8153617216117216 0.10451007326007329 0.8107829670329672 0.1064178876678877 0.8050595238095238 0.10985195360195363 0.7978098290598292 0.11404914529914532 0.7924679487179488 0.11862789987789993 0.7867445054945056 0.12396978021978027 0.7829288766788768 0.1293116605616606 0.7794948107448109 0.13541666666666669 0.7775869963369965 0.14037698412698416 0.7752976190476191 0.14724511599511603 0.7737713675213677 0.15525793650793654 0.7741529304029305 0.1617445054945055 0.7749160561660562 0.1678495115995116 0.7775869963369965 0.17471764346764349 0.781784188034188 0.17815170940170943 0.78865231990232 0.18196733821733824 0.795138888888889 0.18540140415140416 0.8000992063492064 0.18845390720390723 0.8046779609279611 0.1911248473748474 0.8100198412698414 0.19265109890109894 0.817651098901099 0.19226953601953603 0.8233745421245422 0.19188797313797318
1 0.6547237484737486 0.02247405372405376 0.6711309523809524 0.02056623931623935 0.6779990842490843 0.019421550671550707 0.6833409645909647 0.018276862026862063 0.6898275335775337 0.01560592185592189 0.6947878510378511 0.01293498168498172 0.6993666056166057 0.009500915750915785 0.7028006715506716 0.006066849816849851 0.7081425518925519 0.0003434065934066281 0.6230713730713732 0.0 0.6249618437118438 0.004159035409035444 0.6283959096459097 0.009882478632478668 0.634119352869353 0.015987484737484774 0.6406059218559219 0.019421550671550707 0.6474740537240538 0.021329365079365115
1 0.405181623931624 0.024381868131868163 0.4105235042735043 0.02323717948717952 0.42235195360195366 0.015987484737484774 0.42654914529914534 0.012171855921855957 0.4311278998778999 0.006066849816849851 0.4330357142857143 0.0011065323565323912 0.36322242572242575 0.0 0.3639728327228327 0.002251221001221036 0.3654990842490842 0.007211538461538496 0.3674068986568987 0.011408730158730195 0.37160409035409037 0.016750610500610535 0.37503815628815634 0.019039987789987823 0.3807615995115995 0.021329365079365115 0.38610347985347987 0.02323717948717952 0.3910637973137973 0.025144993894993927 0.39564255189255193 0.02590811965811969 0.39945818070818073 0.02590811965811969
1 0.7039453601953604 0.5261370573870574 0.6978403540903542 0.524229242979243 0.6913537851037852 0.5230845543345544 0.6852487789987791 0.5234661172161172 0.6799068986568988 0.5246108058608059 0.6749465811965812 0.5257554945054945 0.6680784493284494 0.5276633089133089 0.6627365689865691 0.5299526862026862 0.6577762515262516 0.5337683150183151 0.6543421855921856 0.5387286324786326 0.6520528083028084 0.5444520757020758 0.6516712454212455 0.5513202075702076 0.6516712454212455 0.5578067765567767 0.6520528083028084 0.5627670940170941 0.6524343711843713 0.5688721001221002 0.6547237484737486 0.5730692918192919 0.6619734432234433 0.579555860805861 0.6707493894993896 0.5818452380952382 0.6795253357753359 0.5837530525030525 0.6860119047619049 0.5837530525030525 0.6917353479853481 0.5829899267399269 0.6989850427350428 0.5807005494505495 0.7054716117216118 0.5784111721611722 0.711195054945055 0.5757402319902322 0.7157738095238096 0.5723061660561661 0.7203525641025642 0.5681089743589745 0.7234050671550672 0.5627670940170941 0.7237866300366301 0.5570436507936508 0.7237866300366301 0.5490308302808304 0.7218788156288157 0.5413995726495727 0.7176816239316239 0.5352945665445666 0.7138659951159952 0.5318605006105006 0.7089056776556777 0.5284264346764347
1 0.7752976190476191 0.6055021367521368 0.7688110500610501 0.6013049450549451 0.7630876068376069 0.5997786935286936 0.7581272893772895 0.5997786935286936 0.7527854090354091 0.6001602564102565 0.7470619658119659 0.6013049450549451 0.7398122710622712 0.6032127594627597 0.7329441391941393 0.6066468253968255 0.7295100732600733 0.6116071428571429 0.7256944444444445 0.6184752747252749 0.7237866300366301 0.624198717948718 0.7222603785103786 0.6325931013431014 0.7226419413919415 0.640224358974359 0.724168192918193 0.6463293650793652 0.727220695970696 0.6531974969474971 0.7317994505494506 0.659684065934066 0.737141330891331 0.666170634920635 0.7440094627594629 0.6696047008547009 0.7485882173382173 0.6707493894993896 0.7558379120879122 0.6711309523809524 0.7638507326007328 0.6707493894993896 0.7703373015873017 0.6696047008547009 0.7752976190476191 0.6676968864468865 0.7802579365079366 0.6638812576312577 0.7840735653235654 0.6600656288156289 0.7882707570207571 0.6543421855921856 0.7909416971916973 0.6493818681318683 0.7924679487179488 0.640224358974359 0.791704822954823 0.6322115384615385 0.7897970085470086 0.6249618437118438 0.7863629426129427 0.6180937118437119 0.7810210622710624 0.61122557997558
1 0.8989239926739928 0.6070283882783883 0.8962530525030525 0.5990155677655679 0.8909111721611722 0.5936736874236874 0.8848061660561661 0.5902396214896215 0.8790827228327228 0.5875686813186813 0.8737408424908426 0.5852793040293042 0.8653464590964592 0.5845161782661783 0.8577152014652015 0.5845161782661783 0.8512286324786326 0.5860424297924299 0.8428342490842492 0.5898580586080586 0.8355845543345544 0.5948183760683762 0.830624236874237 0.5990155677655679 0.827190170940171 0.6047390109890111 0.824519230769231 0.6116071428571429 0.824137667887668 0.6161858974358976 0.8237561050061051 0.6245802808302809 0.8249007936507938 0.6318299755799757 0.8268086080586081 0.6386981074481075 0.830624236874237 0.6463293650793652 0.8348214285714287 0.6505265567765568 0.8413079975579977 0.6547237484737486 0.8493208180708182 0.6577762515262516 0.8569520757020758 0.6585393772893774 0.8645833333333335 0.6581578144078145 0.8760302197802198 0.6573946886446886 0.8821352258852261 0.6547237484737486 0.888621794871795 0.6505265567765568 0.8932005494505495 0.6444215506715507 0.8970161782661783 0.6375534188034189 0.8996871184371185 0.6299221611721613 0.9000686813186813 0.6230540293040294 0.9000686813186813 0.6142780830280831
1 0.6890644078144079 0.6947878510378511 0.6841040903540904 0.6913537851037852 0.6795253357753359 0.6890644078144079 0.673038766788767 0.6863934676434678 0.6676968864468865 0.685630341880342 0.6604471916971917 0.6860119047619049 0.65357905982906 0.6871565934065935 0.6478556166056166 0.6898275335775337 0.6421321733821734 0.6944062881562882 0.6379349816849818 0.7001297313797316 0.6360271672771673 0.704708485958486 0.634119352869353 0.7092872405372407 0.6337377899877901 0.714247557997558 0.6337377899877901 0.7188263125763127 0.6345009157509158 0.7226419413919415 0.6356456043956045 0.7268391330891332 0.6375534188034189 0.7298916361416362 0.6425137362637364 0.7386675824175825 0.6451846764346765 0.7424832112332113 0.6497634310134311 0.7455357142857143 0.6551053113553115 0.7493513431013432 0.6612103174603176 0.7516407203907204 0.6676968864468865 0.753166971916972 0.6734203296703298 0.7527854090354091 0.6779990842490843 0.7512591575091575 0.6841040903540904 0.7493513431013432 0.6902090964590966 0.7470619658119659 0.6959325396825398 0.7432463369963371 0.7020375457875458 0.7390491452991453 0.7050900488400489 0.7356150793650794 0.7054716117216118 0.7295100732600733 0.704708485958486 0.7222603785103786 0.7028006715506716 0.7157738095238096 0.7008928571428572 0.7108134920634921 0.6978403540903542 0.704708485958486 0.6944062881562882 0.6997481684981686
1 0.33726343101343104 0.5551358363858365 0.33344780219780223 0.5612408424908426 0.3292506105006105 0.5684905372405373 0.3273427960927961 0.5745955433455434 0.3265796703296704 0.582608363858364 0.3269612332112332 0.5913843101343103 0.32963217338217343 0.5997786935286936 0.33344780219780223 0.6055021367521368 0.3380265567765568 0.6096993284493286 0.3429868742368743 0.6119887057387058 0.34985500610500614 0.6142780830280831 0.3624465811965812 0.6150412087912088 0.36817002442002444 0.6138965201465202 0.37389346764346765 0.6100808913308914 0.3780906593406594 0.6051205738705739 0.3807615995115995 0.598634004884005 0.382287851037851 0.5917658730158731 0.3834325396825397 0.5868055555555556 0.3838141025641026 0.5780296092796093 0.3838141025641026 0.5715430402930404 0.38305097680097683 0.5654380341880343 0.38038003663003667 0.5604777167277167 0.37770909645909645 0.556280525030525 0.372748778998779 0.5520833333333335 0.3689331501831502 0.5497939560439561 0.3635912698412699 0.5471230158730159 0.3578678266178266 0.5459783272283274 0.3529075091575092 0.5455967643467645 0.3468025030525031 0.5471230158730159 0.34069749694749696 0.5505570818070818
1 0.282699938949939 0.5238476800976801 0.2746871184371185 0.5230845543345544 0.26629273504273504 0.5234661172161172 0.25827991452991456 0.5257554945054945 0.25293803418803423 0.5291895604395604 0.24912240537240538 0.5326236263736264 0.247214590964591 0.5345314407814409 0.24339896214896217 0.5417811355311356 0.24149114774114777 0.5497939560439561 0.24149114774114777 0.5585699023199024 0.24225427350427353 0.5700167887667889 0.24416208791208793 0.5772664835164836 0.247214590964591 0.5833714896214897 0.2510302197802198 0.5894764957264959 0.2613324175824176 0.6001602564102565 0.2647664835164835 0.6024496336996338 0.27087148962148966 0.6055021367521368 0.27773962148962156 0.6074099511599512 0.2846077533577534 0.6074099511599512 0.2907127594627595 0.6062652625152627 0.29681776556776557 0.601686507936508 0.30215964590964595 0.5959630647130648 0.30559371184371187 0.5910027472527474 0.3086462148962149 0.5852793040293042 0.3097909035409036 0.5784111721611722 0.3097909035409036 0.5703983516483517 0.30940934065934067 0.5646749084249085 0.3086462148962149 0.5574252136752137 0.30788308913308915 0.5517017704517706 0.3067384004884005 0.5471230158730159 0.30406746031746035 0.5413995726495727 0.3010149572649573 0.5360576923076923 0.2975808913308914 0.5322420634920635 0.2926205738705739 0.5288079975579976 0.2880418192918193 0.5257554945054945
1 0.21058455433455434 0.6425137362637364 0.2075320512820513 0.6486187423687425 0.20486111111111113 0.6554868742368744 0.2018086080586081 0.6642628205128206 0.20142704517704518 0.6703678266178268 0.20142704517704518 0.6783806471306472 0.2029532967032967 0.6860119047619049 0.2056242368742369 0.6913537851037852 0.20982142857142858 0.6963141025641026 0.21363705738705743 0.7008928571428572 0.22088675213675216 0.7073794261294263 0.22508394383394387 0.7089056776556777 0.23424145299145302 0.7081425518925519 0.24072802197802198 0.7069978632478634 0.24606990231990233 0.7043269230769231 0.250267094017094 0.7005112942612944 0.25370115995116 0.6966956654456655 0.25675366300366304 0.6917353479853481 0.2578983516483517 0.6860119047619049 0.2578983516483517 0.6802884615384617 0.2575167887667888 0.6738018925518927 0.2571352258852259 0.6669337606837609 0.2559905372405373 0.6615918803418804 0.2525564713064713 0.6539606227106227 0.24874084249084252 0.6486187423687425 0.2445436507936508 0.6440399877899878 0.24034645909645913 0.6406059218559219 0.23538614163614166 0.6379349816849818 0.2323336385836386 0.6364087301587303 0.2281364468864469 0.6348824786324787 0.2205051892551893 0.6356456043956045 0.21516330891330895 0.6386981074481075
1 0.3185668498168498 0.6360271672771673 0.31627747252747257 0.6428952991452993 0.31436965811965817 0.6497634310134311 0.31322496947496953 0.6558684371184372 0.31284340659340665 0.6623550061050062 0.31284340659340665 0.669223137973138 0.31360653235653235 0.673038766788767 0.31627747252747257 0.6783806471306472 0.31894841269841273 0.6818147130647131 0.32429029304029305 0.6833409645909647 0.3288690476190476 0.6844856532356532 0.33344780219780223 0.6863934676434678 0.3368818681318682 0.6871565934065935 0.3414606227106228 0.6863934676434678 0.34985500610500614 0.6802884615384617 0.35672313797313804 0.6753281440781441 0.35901251526251526 0.6703678266178268 0.3613018925518926 0.6654075091575092 0.3624465811965812 0.6600656288156289 0.3624465811965812 0.6547237484737486 0.3613018925518926 0.6482371794871795 0.3597756410256411 0.6432768620268622 0.35710470085470086 0.6375534188034189 0.35328907203907206 0.6329746642246643 0.3468025030525031 0.6299221611721613 0.34107905982905984 0.6283959096459097 0.33497405372405376 0.6280143467643469 0.3292506105006105 0.6283959096459097 0.32467185592185593 0.6299221611721613 0.32123778998779 0.6318299755799757
1 0.20447954822954825 0.7417200854700855 0.19761141636141638 0.7440094627594629 0.19188797313797318 0.7462988400488402 0.18540140415140416 0.7504960317460319 0.18120421245421248 0.7558379120879122 0.17700702075702077 0.7623244810744811 0.1743360805860806 0.7676663614163616 0.17204670329670332 0.7737713675213677 0.1701388888888889 0.7802579365079366 0.1705204517704518 0.7882707570207571 0.1724282661782662 0.7936126373626374 0.1750992063492064 0.7985729548229549 0.1785332722832723 0.8031517094017094 0.18196733821733824 0.8077304639804641 0.18654609279609283 0.8104014041514043 0.19265109890109894 0.8119276556776557 0.19646672771672774 0.814598595848596 0.20219017094017094 0.8172695360195361 0.21096611721611724 0.8172695360195361 0.2155448717948718 0.8165064102564104 0.22164987789987792 0.8138354700854702 0.22775488400488403 0.8104014041514043 0.2327152014652015 0.8069673382173383 0.23805708180708185 0.8027701465201466 0.2430173992673993 0.7989545177045178 0.2468330280830281 0.7932310744810745 0.25064865689865695 0.7882707570207571 0.25370115995116 0.7833104395604397 0.2556089743589744 0.7783501221001221 0.2559905372405373 0.7707188644688646 0.2556089743589744 0.7649954212454213 0.2540827228327229 0.759653540903541 0.250267094017094 0.7546932234432234 0.2468330280830281 0.7512591575091575 0.24339896214896217 0.7485882173382173 0.2346230158730159 0.7421016483516484 0.23118894993894998 0.7409569597069599 0.22508394383394387 0.7390491452991453 0.2163079975579976 0.7390491452991453 0.21020299145299148 0.7401938339438341
1 0.6970772283272285 0.7794948107448109 0.6928800366300367 0.7844551282051283 0.6894459706959708 0.7897970085470086 0.6863934676434678 0.7943757631257633 0.6829594017094018 0.8004807692307694 0.6802884615384617 0.8065857753357755 0.679143772893773 0.8126907814407816 0.6799068986568988 0.8199404761904763 0.6818147130647131 0.824519230769231 0.6848672161172161 0.8294795482295483 0.6883012820512822 0.8325320512820513 0.6959325396825398 0.8397817460317462 0.7031822344322346 0.8447420634920636 0.7081425518925519 0.8470314407814409 0.7138659951159952 0.8477945665445666 0.724168192918193 0.8477945665445666 0.7314178876678877 0.8474130036630038 0.7363782051282052 0.8451236263736265 0.7428647741147743 0.8405448717948719 0.7485882173382173 0.8352029914529915 0.7539300976800978 0.8287164224664225 0.7573641636141637 0.8226114163614164 0.7604166666666667 0.8153617216117216 0.7607982295482297 0.8069673382173383 0.7604166666666667 0.7989545177045178 0.7600351037851039 0.7920863858363859 0.7585088522588523 0.785599816849817 0.7562194749694751 0.779113247863248 0.7516407203907204 0.7737713675213677 0.7459172771672773 0.7703373015873017 0.7382860195360196 0.7688110500610501 0.7329441391941393 0.769192612942613 0.7245497557997559 0.7695741758241759 0.7165369352869354 0.7711004273504275 0.7096688034188036 0.7733898046398048 0.7039453601953604 0.7749160561660562
1 0.8432158119658121 0.8161248473748475 0.8359661172161172 0.8237561050061051 0.830242673992674 0.8352029914529915 0.827571733821734 0.8493208180708182 0.8283348595848598 0.8584783272283274 0.8310057997557999 0.8653464590964592 0.8378739316239318 0.8725961538461539 0.8416895604395606 0.8779380341880343 0.8470314407814409 0.8825167887667889 0.853136446886447 0.8870955433455434 0.8584783272283274 0.8897664835164836 0.8680173992673994 0.8909111721611722 0.8741224053724055 0.8909111721611722 0.8828983516483517 0.888621794871795 0.8905296092796093 0.8851877289377291 0.895108363858364 0.8825167887667889 0.9008318070818072 0.8767933455433456 0.9042658730158731 0.8710699023199024 0.9065552503052504 0.8645833333333335 0.9065552503052504 0.8580967643467645 0.9057921245421245 0.8508470695970697 0.904647435897436 0.8447420634920636 0.9035027472527474 0.8390186202686203 0.9019764957264959 0.8321504884004884 0.8993055555555556 0.8264270451770452 0.8947268009768011 0.8203220390720392 0.8890033577533578 0.8157432844932846 0.8821352258852261 0.81116452991453 0.8752670940170941 0.8073489010989012 0.865728021978022 0.8069673382173383 0.8580967643467645 0.808112026862027 0.8523733211233212 0.8107829670329672
1 0.40060286935286943 0.962644993894994 0.40480006105006106 0.9706578144078145 0.4112866300366301 0.9779075091575092 0.4170100732600733 0.9828678266178268 0.4219703907203908 0.985157203907204 0.4296016483516484 0.9866834554334555 0.4364697802197802 0.9866834554334555 0.4452457264957265 0.9832493894993896 0.4517322954822955 0.9779075091575092 0.45631105006105005 0.9733287545787547 0.45821886446886445 0.9664606227106227 0.45821886446886445 0.9592109279609281 0.4578373015873016 0.9527243589743591 0.4559294871794872 0.9470009157509158 0.4540216727716728 0.9408959096459097 0.4513507326007326 0.9351724664224665 0.44677197802197804 0.9317384004884006 0.4418116605616606 0.9286858974358976 0.43723290598290604 0.9263965201465202 0.4296016483516484 0.9248702686202688 0.42425976800976806 0.9244887057387058 0.4185363247863248 0.9256333943833945 0.4131944444444445 0.9279227716727718 0.4086156898656899 0.9313568376068377 0.405181623931624 0.9351724664224665 0.401747557997558 0.939751221001221 0.39945818070818073 0.9492902930402932 0.3998397435897436 0.9573031135531136
1 0.6108440170940171 0.9794337606837609 0.6108440170940171 0.9733287545787547 0.6093177655677657 0.9672237484737486 0.6066468253968255 0.9630265567765568 0.6032127594627597 0.9592109279609281 0.5982524420024421 0.9569215506715507 0.592147435897436 0.9565399877899878 0.5860424297924299 0.9576846764346765 0.579555860805861 0.9603556166056166 0.5726877289377291 0.9641712454212455 0.5665827228327228 0.9679868742368744 0.5620039682539684 0.9714209401709403 0.556280525030525 0.9771443833943835 0.5505570818070818 0.9843940781440782 0.5471230158730159 0.9901175213675214 0.5459783272283274 0.995077838827839 0.5463598901098902 0.9988934676434678 0.6061280906593408 0.9989583333333333 0.6085546398046399 0.9920253357753359 0.6096993284493286 0.985157203907204
1 0.659684065934066 0.9832493894993896 0.6570131257631258 0.978670634920635 0.6543421855921856 0.9748550061050062 0.6505265567765568 0.9710393772893774 0.6467109279609281 0.9683684371184372 0.6417506105006106 0.9656974969474971 0.6348824786324787 0.9645528083028084 0.627251221001221 0.9645528083028084 0.6219093406593408 0.9656974969474971 0.6188568376068377 0.9683684371184372 0.6154227716727718 0.9748550061050062 0.6135149572649573 0.9809600122100123 0.6127518315018317 0.9859203296703298 0.6119887057387058 0.9904990842490843 0.6119887057387058 0.9958409645909647 0.6123702686202688 0.9989583333333333 0.663118131868132 0.9989583333333333 0.663118131868132 0.9920253357753359 0.6615918803418804 0.9874465811965812
1 0.3403159340659341 0.9656974969474971 0.3376449938949939 0.9603556166056166 0.33382936507936506 0.956158424908425 0.3300137362637363 0.9534874847374848 0.32467185592185593 0.9519612332112334 0.31818528693528697 0.9508165445665446 0.31360653235653235 0.9504349816849818 0.30788308913308915 0.9508165445665446 0.3029227716727717 0.9515796703296704 0.29872557997557997 0.9534874847374848 0.29452838827838834 0.9573031135531136 0.29109432234432236 0.9607371794871795 0.2888049450549451 0.9641712454212455 0.28575244200244204 0.969131562881563 0.2800289987789988 0.9809600122100123 0.2781211843711844 0.9904990842490843 0.2781211843711844 0.9989583333333333 0.34446948450854703 0.9989583333333333 0.3441315628815629 0.9935515873015873 0.34375 0.9874465811965812 0.3433684371184372 0.978670634920635 0.3422237484737485 0.9725656288156289
1 0.19875610500610502 0.888621794871795 0.19379578754578755 0.892055860805861 0.19036172161172163 0.8947268009768011 0.18616452991452992 0.8985424297924299 0.18196733821733824 0.9019764957264959 0.1789148351648352 0.9061736874236874 0.176243894993895 0.9118971306471307 0.17395451770451772 0.9180021367521368 0.17357295482295484 0.9252518315018317 0.1743360805860806 0.9328830891330891 0.17967796092796096 0.9450931013431014 0.18540140415140416 0.9485271672771673 0.1911248473748474 0.9531059218559219 0.19799297924297926 0.9584478021978023 0.20447954822954825 0.9618818681318683 0.21668956043956047 0.962644993894994 0.22279456654456659 0.9618818681318683 0.2288995726495727 0.9595924908424909 0.2384386446886447 0.9557768620268622 0.2449252136752137 0.9519612332112334 0.2510302197802198 0.9477640415140416 0.2559905372405373 0.9439484126984128 0.26247710622710624 0.9370802808302809 0.26629273504273504 0.9309752747252749 0.26820054945054944 0.9260149572649573 0.26820054945054944 0.9210546398046399 0.2678189865689866 0.9153311965811967 0.2666742979242979 0.9084630647130648 0.2647664835164835 0.901594932844933 0.2628586691086691 0.8966346153846154 0.2613324175824176 0.8928189865689866 0.2575167887667888 0.8890033577533578 0.25179334554334554 0.8863324175824177 0.247214590964591 0.8840430402930404 0.24225427350427353 0.8828983516483517 0.23347832722832726 0.8825167887667889 0.22737332112332115 0.8825167887667889 0.2205051892551893 0.8832799145299146 0.21325549450549453 0.8840430402930404 0.2075320512820513 0.8848061660561661 0.20219017094017094 0.8863324175824177
1 0.8973977411477413 0.9641712454212455 0.8882402319902322 0.9622634310134311 0.8767933455433456 0.9615003052503054 0.8664911477411478 0.9618818681318683 0.8565705128205129 0.9645528083028084 0.8512286324786326 0.9679868742368744 0.846649877899878 0.975618131868132 0.843597374847375 0.9809600122100123 0.8405448717948719 0.9870650183150184 0.8390186202686203 0.9927884615384617 0.8394001831501832 0.9988934676434678 0.9252518315018317 0.9989583333333333 0.9252518315018317 0.9969856532356532 0.9241071428571429 0.9901175213675214 0.9214362026862027 0.9832493894993896 0.9191468253968256 0.9779075091575092 0.9157127594627597 0.9733287545787547 0.9096077533577535 0.969131562881563 0.9038843101343103 0.9664606227106227
1 0.8542811355311356 0.7256944444444445 0.8523733211233212 0.7302731990231991 0.8512286324786326 0.7367597680097682 0.8516101953601954 0.7443910256410257 0.8538995726495727 0.7508775946275947 0.8565705128205129 0.7558379120879122 0.8622939560439561 0.762706043956044 0.868780525030525 0.7684294871794872 0.8741224053724055 0.7733898046398048 0.8790827228327228 0.7764423076923078 0.8848061660561661 0.7768238705738707 0.8932005494505495 0.775679181929182 0.9004502442002443 0.772245115995116 0.9076999389499391 0.7672847985347987 0.9130418192918194 0.7619429181929183 0.9164758852258853 0.7566010378510379 0.9180021367521368 0.750114468864469 0.9187652625152627 0.7440094627594629 0.9183836996336997 0.7375228937728939 0.9168574481074482 0.7298916361416362 0.9138049450549451 0.7234050671550672 0.9099893162393163 0.7180631868131868 0.9054105616605618 0.7134844322344324 0.8996871184371185 0.7100503663003664 0.8947268009768011 0.7073794261294263 0.8905296092796093 0.704708485958486 0.8848061660561661 0.7035637973137975 0.8790827228327228 0.7039453601953604 0.8733592796092797 0.7054716117216118 0.8683989621489623 0.7096688034188036 0.8638202075702076 0.7131028693528695 0.8584783272283274 0.7176816239316239
1 0.9779075091575092 0.6184752747252749 0.9782890720390721 0.6234355921855922 0.9794337606837609 0.6322115384615385 0.9840125152625153 0.6409874847374848 0.9866834554334555 0.6448031135531136 0.9901175213675214 0.6482371794871795 0.9935515873015873 0.6509081196581197 0.9962225274725276 0.65357905982906 0.9988934676434678 0.6539606227106227 0.9989583333333333 0.5812630821559394 0.9966040903540904 0.582608363858364 0.9924068986568988 0.5845161782661783 0.9893543956043958 0.5875686813186813 0.9859203296703298 0.592147435897436 0.9828678266178268 0.5967261904761905 0.9805784493284494 0.6020680708180709 0.978670634920635 0.6089362026862027 0.9775259462759464 0.6142780830280831
1 0.9687500000000001 0.4181547619047619 0.9656974969474971 0.4227335164835165 0.962644993894994 0.4288385225885226 0.9611187423687425 0.4353250915750916 0.9615003052503054 0.4418116605616606 0.9630265567765568 0.4471535409035409 0.9645528083028084 0.4509691697191698 0.9706578144078145 0.45936355311355315 0.9752365689865691 0.46317918192918195 0.9779075091575092 0.46470543345543347 0.9828678266178268 0.46661324786324787 0.9878281440781441 0.46775793650793657 0.9920253357753359 0.46775793650793657 0.9958409645909647 0.4673763736263737 0.9989583333333333 0.46623168498168505 0.9989583333333333 0.40664453601953604 0.9954594017094018 0.4059447496947497 0.99126221001221 0.4059447496947497 0.9847756410256411 0.4074710012210012 0.978670634920635 0.40976037851037855 0.9733287545787547 0.41357600732600736
1 0.9711095848595849 0.3478434065934067 0.9711095848595849 0.3497512210012211 0.9714911477411478 0.3547115384615385 0.9722542735042735 0.35967185592185597 0.9779777167277167 0.36882936507936515 0.9829380341880343 0.37607905982905987 0.9852274114774116 0.37913156288156297 0.9878983516483516 0.38180250305250313 0.9909508547008546 0.38332875457875465 0.9943849206349207 0.38485500610500617 0.996674297924298 0.38523656898656905 0.9993452380952381 0.38523656898656905 0.999726800976801 0.31121336996337 0.993240231990232 0.3138843101343102 0.9878983516483516 0.31693681318681327 0.9829380341880343 0.32151556776556783 0.9791224053724055 0.3257127594627595 0.9760699023199024 0.3295283882783883 0.973780525030525 0.3352518315018316 0.9722542735042735 0.3402121489621491
1 0.057196275946275986 0.7615613553113554 0.05452533577533581 0.7539300976800978 0.05109126984126988 0.7474435286935288 0.048038766788766826 0.7436278998779 0.04269688644688649 0.7390491452991453 0.036591880341880385 0.734088827838828 0.032394688644688675 0.7310363247863249 0.0278159340659341 0.7276022588522589 0.02285561660561664 0.7249313186813188 0.018276862026862063 0.7226419413919415 0.01293498168498172 0.7226419413919415 0.009500915750915785 0.724168192918193 0.006066849816849851 0.7264575702075703 0.0014880952380952725 0.7276022588522589 0.0011065323565323912 0.7833104395604397 0.007211538461538496 0.78865231990232 0.012553418803418839 0.7920863858363859 0.01713217338217342 0.7943757631257633 0.021710927960927995 0.7962835775335776 0.028579059829059863 0.798191391941392 0.038118131868131906 0.7989545177045178 0.04384157509157513 0.7974282661782663 0.04880189255189259 0.7939942002442003 0.0526175213675214 0.7905601343101344 0.05567002442002446 0.7852182539682541 0.05643315018315022 0.7794948107448109 0.057577838827838866 0.7733898046398048 0.057959401709401746 0.7672847985347987
1 0.11175976800976804 0.5715430402930404 0.11214133089133092 0.5642933455433456 0.11175976800976804 0.559714590964591 0.11099664224664228 0.5551358363858365 0.1064178876678877 0.5490308302808304 0.10107600732600736 0.5448336385836386 0.09458943833943838 0.540636446886447 0.08924755799755803 0.5383470695970697 0.08390567765567769 0.537202380952381 0.07589285714285718 0.5375839438339439 0.06864316239316244 0.5387286324786326 0.06253815628815633 0.5413995726495727 0.05528846153846158 0.546741452991453 0.049565018315018354 0.5536095848595849 0.04613095238095242 0.5600961538461539 0.04613095238095242 0.5681089743589745 0.046894078144078186 0.5745955433455434 0.048420329670329706 0.5810821123321124 0.05147283272283276 0.5871871184371185 0.05452533577533581 0.5902396214896215 0.05910409035409039 0.5925289987789989 0.06253815628815633 0.5932921245421245 0.06902472527472532 0.5936736874236874 0.07703754578754583 0.5948183760683762 0.08276098901098905 0.5944368131868133 0.08886599511599515 0.5936736874236874 0.09535256410256414 0.5913843101343103 0.10107600732600736 0.5883318070818072 0.10679945054945059 0.5822268009768011 0.10985195360195363 0.5768849206349207
1 0.1907432844932845 0.5570436507936508 0.19188797313797318 0.5509386446886447 0.19265109890109894 0.5440705128205129 0.19265109890109894 0.5398733211233212 0.19188797313797318 0.5349130036630038 0.18959859584859587 0.5288079975579976 0.18616452991452992 0.5234661172161172 0.18044108669108672 0.5188873626373627 0.17395451770451772 0.5165979853479854 0.16556013431013433 0.5169795482295483 0.1579288766788767 0.517742673992674 0.15296855921855926 0.5200320512820513 0.1453373015873016 0.5261370573870574 0.140758547008547 0.5310973748473748 0.13808760683760687 0.5360576923076923 0.13579822954822957 0.5429258241758242 0.13427197802197804 0.5513202075702076 0.13427197802197804 0.5604777167277167 0.13579822954822957 0.5711614774114775 0.13846916971916973 0.5784111721611722 0.14419261294261296 0.5841346153846154 0.14838980463980464 0.5852793040293042 0.1522054334554335 0.5860424297924299 0.15945512820512822 0.5871871184371185 0.16556013431013433 0.5879502442002443 0.17166514041514044 0.5864239926739928 0.176243894993895 0.5829899267399269 0.18044108669108672 0.5791742979242981 0.18387515262515264 0.5753586691086692 0.18692765567765568 0.5684905372405373 0.189217032967033 0.5620039682539684
1 0.10985195360195363 0.4364697802197802 0.09878663003663007 0.4383775946275946 0.09115537240537244 0.44143009768009767 0.08695818070818075 0.44677197802197804 0.08314255189255193 0.45821886446886445 0.08123473748473753 0.47042887667887673 0.08161630036630041 0.48111263736263743 0.0858134920634921 0.48874389499389503 0.0900106837606838 0.4929410866910867 0.09649725274725278 0.4975198412698413 0.10145757020757024 0.5005723443223443 0.1106150793650794 0.5036248473748474 0.11824633699633703 0.5040064102564102 0.12587759462759465 0.5040064102564102 0.13427197802197804 0.5005723443223443 0.13999542124542125 0.4948489010989011 0.1434294871794872 0.48874389499389503 0.14648199023199027 0.482257326007326 0.1480082417582418 0.47386294261294265 0.14762667887667888 0.46775793650793657 0.1457188644688645 0.46088980463980467 0.1415216727716728 0.453258547008547 0.13427197802197804 0.44639041514041516 0.1266407203907204 0.44104853479853484 0.11786477411477415 0.4376144688644689
1 0.014079670329670365 0.4673763736263737 0.020184676434676467 0.46775793650793657 0.028579059829059863 0.4673763736263737 0.0339209401709402 0.4673763736263737 0.0423153235653236 0.46508699633699635 0.047657203907203946 0.4605082417582418 0.05299908424908429 0.4540216727716728 0.057196275946275986 0.4471535409035409 0.060248778998779035 0.4376144688644689 0.060248778998779035 0.4276938339438339 0.05834096459096463 0.41777319902319904 0.05338064713064717 0.40823412698412703 0.04574938949938954 0.40212912087912095 0.036973443223443266 0.39869505494505497 0.028579059829059863 0.3979319291819292 0.016369047619047655 0.3990766178266178 0.007593101343101377 0.40327380952380953 0.003014346764346799 0.40976037851037855 0.0011065323565323912 0.4181547619047619 0.0003434065934066281 0.45745573870573875 0.003777472527472562 0.4612713675213675 0.007593101343101377 0.46470543345543347
1 0.15563949938949942 0.3613018925518926 0.1579288766788767 0.3563415750915751 0.15869200244200246 0.35138125763125766 0.15869200244200246 0.3456578144078144 0.1583104395604396 0.34069749694749696 0.15678418803418806 0.3365003052503053 0.15373168498168502 0.3326846764346765 0.1491529304029304 0.3292506105006105 0.14419261294261296 0.3273427960927961 0.13999542124542125 0.32505341880341887 0.13656135531135533 0.3216193528693529 0.13274572649572652 0.3178037240537241 0.12854853479853484 0.3170405982905983 0.12282509157509162 0.3170405982905983 0.11595695970695975 0.3174221611721612 0.1106150793650794 0.3193299755799756 0.10718101343101347 0.32047466422466425 0.10260225885225889 0.3235271672771673 0.09878663003663007 0.32619810744810745 0.0961156898656899 0.3300137362637363 0.09268162393162396 0.3353556166056166 0.09077380952380956 0.34069749694749696 0.08924755799755803 0.3464209401709402 0.08848443223443227 0.3525259462759463 0.08848443223443227 0.35901251526251526 0.0900106837606838 0.36778846153846156 0.0942078754578755 0.3746565934065934 0.09878663003663007 0.37923534798534797 0.10412851037851041 0.3819062881562882 0.10908882783882787 0.3834325396825397 0.11557539682539687 0.3834325396825397 0.12015415140415145 0.38305097680097683 0.12702228327228332 0.3819062881562882 0.13846916971916973 0.3799984737484738 0.14457417582417584 0.37694597069597074 0.1491529304029304 0.3723672161172161 0.15296855921855926 0.3666437728937729
1 0.06520909645909649 0.19379578754578755 0.060248778998779035 0.1888354700854701 0.05528846153846158 0.18616452991452992 0.048420329670329706 0.18349358974358979 0.04117063492063496 0.1808226495726496 0.03315781440781444 0.1808226495726496 0.024381868131868163 0.18158577533577536 0.011790293040293076 0.18578296703296707 0.007211538461538496 0.1888354700854701 0.0007249694749695096 0.19532203907203907 0.0003434065934066281 0.23767551892551894 0.004540598290598326 0.2411095848595849 0.008737789987790023 0.24378052503052505 0.012553418803418839 0.24606990231990233 0.01713217338217342 0.24759615384615385 0.02247405372405376 0.24874084249084252 0.027434371184371215 0.24988553113553116 0.038881257631257674 0.24912240537240538 0.046894078144078186 0.24835927960927962 0.05223595848595852 0.247214590964591 0.05643315018315022 0.24416208791208793 0.059867216117216154 0.24149114774114777 0.06330128205128209 0.23767551892551894 0.06635378510378515 0.23309676434676438 0.06978785103785108 0.22966269841269846 0.07322191697191702 0.2266101953601954 0.07474816849816854 0.22126831501831506 0.07398504273504278 0.2121108058608059 0.07245879120879124 0.2056242368742369 0.0694062881562882 0.19875610500610502
1 0.02323717948717952 0.11214133089133092 0.02056623931623935 0.10603632478632483 0.0175137362637363 0.10183913308913312 0.013698107448107483 0.09802350427350431 0.006829975579975614 0.09382631257631262 0.0007249694749695096 0.09153693528693532 0.0003434065934066281 0.1617445054945055 0.006066849816849851 0.1617445054945055 0.01293498168498172 0.1583104395604396 0.016369047619047655 0.15487637362637366 0.019421550671550707 0.1495344932844933 0.021710927960927995 0.14381105006105008 0.024000305250305283 0.13885073260073263 0.02552655677655681 0.131219474969475 0.02552655677655681 0.12435134310134315 0.025144993894993927 0.11862789987789993
1 0.19951923076923078 0.036973443223443266 0.20409798534798537 0.0339209401709402 0.20829517704517705 0.03010531135531139 0.21516330891330895 0.022092490842490875 0.22126831501831506 0.014461233211233247 0.22279456654456659 0.010645604395604432 0.22279456654456659 0.004159035409035444 0.22241300366300368 0.0003434065934066281 0.13541666666666669 0.0003434065934066281 0.13427197802197804 0.00568528693528697 0.13389041514041516 0.012171855921855957 0.13427197802197804 0.0175137362637363 0.1350351037851038 0.022092490842490875 0.13808760683760687 0.02819749694749698 0.14190323565323568 0.032394688644688675 0.14495573870573872 0.03468406593406597 0.14991605616605622 0.036973443223443266 0.15487637362637366 0.038881257631257674 0.1625076312576313 0.04193376068376072 0.16861263736263737 0.04346001221001225 0.17471764346764349 0.04346001221001225 0.18120421245421248 0.04307844932844937 0.18769078144078147 0.0423153235653236 0.19379578754578755 0.040407509157509194
1 0.0007249694749695096 0.004922161172161207 0.0011065323565323912 0.06902472527472532 0.0033959096459096807 0.06864316239316244 0.009500915750915785 0.06673534798534803 0.015987484737484774 0.06406440781440785 0.020184676434676467 0.060630341880341915 0.02285561660561664 0.05643315018315022 0.025144993894993927 0.05109126984126988 0.025144993894993927 0.04384157509157513 0.025144993894993927 0.036591880341880385 0.025144993894993927 0.027434371184371215 0.02247405372405376 0.019039987789987823 0.018276862026862063 0.014842796092796129 0.01026404151404155 0.009119352869352905
0 0.4125983547925608 0.3312321173104435 0.41304542203147354 0.31916130185979974 0.4134924892703863 0.3155847639484978 0.4143866237482117 0.31200822603719597 0.41841022889842633 0.3093258226037196 0.42019849785407726 0.3115611587982833 0.4228809012875537 0.3146906294706724 0.4233279685264664 0.318714234620887 0.4233279685264664 0.3231849070100143 0.4237750357653791 0.32765557939914164 0.42511623748211735 0.332126251788269 0.42511623748211735 0.337043991416309 0.42511623748211735 0.3415146638054364 0.4228809012875537 0.34375 0.4193043633762518 0.34419706723891275 0.41617489270386265 0.33793812589413447
0 0.5100590128755365 0.22930078683834054 0.5002235336194564 0.2248301144492132 0.4970940629470672 0.22304184549356226 0.49307045779685266 0.21857117310443497 0.4921763233190272 0.21499463519313308 0.4926233905579399 0.2136534334763949 0.4966469957081545 0.21499463519313308 0.5029059370529327 0.21588876967095855 0.510953147353362 0.21991237482117315 0.5163179542203148 0.22304184549356226 0.5185532904148784 0.22572424892703866 0.5190003576537912 0.22930078683834054 0.5172120886981403 0.23064198855507873
0 0.612884477825465 0.19219420600858372 0.6066255364806867 0.18235872675250364 0.6052843347639485 0.1778880543633763 0.604390200286123 0.17431151645207443 0.6052843347639485 0.17341738197424897 0.6088608726752504 0.17431151645207443 0.612884477825465 0.17744098712446357 0.6173551502145923 0.18057045779685268 0.6186963519313304 0.18727646638054368 0.6195904864091559 0.19353540772532193 0.6186963519313304 0.19621781115879833 0.6155668812589413 0.19621781115879833
0 0.7058744635193133 0.1944295422031474 0.6982743204577968 0.20381795422031476 0.6955919170243204 0.20471208869814023 0.6933565808297568 0.20202968526466383 0.6938036480686696 0.1971119456366238 0.6973801859799714 0.1930883404864092 0.699615522174535 0.1904059370529328 0.7022979256080114 0.1890647353361946 0.7054273962804006 0.1890647353361946
0 0.5413537195994278 0.337043991416309 0.5315182403433476 0.3352557224606581 0.5274946351931331 0.3325733190271817 0.5243651645207439 0.33033798283261806 0.520788626609442 0.3281026466380544 0.5185532904148784 0.32542024320457796 0.5185532904148784 0.32139663805436336 0.5239180972818311 0.3178201001430615 0.5319653075822603 0.3178201001430615 0.5382242489270386 0.318714234620887 0.5449302575107297 0.32094957081545067 0.5494009298998569 0.32184370529327616 0.5547657367668097 0.3245261087267525 0.5578952074391988 0.32854971387696713 0.5578952074391988 0.3325733190271817 0.5547657367668097 0.3352557224606581 0.5485067954220315 0.33793812589413447
0 0.5914252503576538 0.09473354792560804 0.57935443490701 0.1009924892703863 0.57443669527897 0.10188662374821175 0.5713072246065809 0.10188662374821175 0.5654953505007153 0.10188662374821175 0.5601305436337626 0.1009924892703863 0.5578952074391988 0.10009835479256084 0.5587893419170242 0.09652181688125896 0.5641541487839772 0.0942864806866953 0.5686248211731044 0.09205114449213166 0.572648426323319 0.08981580829756798 0.5811427038626609 0.08713340486409159 0.5865075107296138 0.0857922031473534 0.5927664520743919 0.08400393419170246 0.5976841917024321 0.083109799713877 0.5990253934191703 0.08489806866952794 0.5976841917024321 0.08936874105865525
0 0.7684638769670958 0.05941523605150219 0.7639932045779685 0.06746244635193137 0.7613108011444921 0.06969778254649503 0.758181330472103 0.07282725321888414 0.7546047925608012 0.07595672389127328 0.7532635908440629 0.07595672389127328 0.7510282546494993 0.07461552217453508 0.7501341201716739 0.07238018597997141 0.7505811874105865 0.06880364806866957 0.7523694563662374 0.06478004291845497 0.7541577253218884 0.060756437768240384 0.756393061516452 0.057179899856938526 0.758181330472103 0.05449749642346213 0.7608637339055794 0.05181509298998574 0.7644402718168812 0.04957975679542207 0.766675608011445 0.04913268955650934 0.7693580114449213 0.05092095851216027 0.7693580114449213 0.054944563662374865
0 0.230194921316166 0.4376341201716738 0.24047746781115886 0.42109263233190275 0.24315987124463526 0.4170690271816881 0.24628934191702437 0.41393955650929903 0.24941881258941348 0.41393955650929903 0.25031294706723894 0.4166219599427754 0.2512070815450644 0.42153969957081544 0.2512070815450644 0.4286927753934192 0.25031294706723894 0.43450464949928475 0.24718347639484983 0.44076359084406297 0.2440540057224607 0.44612839771101576 0.24137160228898433 0.4479166666666667 0.23824213161659516 0.45059907010014305 0.23421852646638058 0.4528344062947067 0.2315361230329042 0.4537285407725322 0.230194921316166 0.4532814735336194 0.22930078683834054 0.45015200286123036 0.22930078683834054 0.4470225321888412
0 0.12602825464949932 0.3517972103004292 0.1202163805436338 0.36207975679542204 0.1161927753934192 0.36610336194563664 0.11216917024320461 0.36610336194563664 0.10948676680972821 0.36118562231759654 0.10948676680972821 0.3576090844062947 0.11082796852646641 0.3549266809728183 0.11216917024320461 0.3509030758226037 0.11395743919885554 0.34732653791130186 0.1161927753934192 0.34464413447782544 0.11976931330472106 0.34285586552217456 0.12602825464949932 0.34375 0.1273694563662375 0.3459853361945637
0 0.5239180972818311 0.452387339055794 0.5073766094420601 0.4443401287553648 0.50245886981402 0.44210479256080115 0.4957528612303291 0.43897532188841204 0.490835121602289 0.4358458512160229 0.4868115164520744 0.43271638054363376 0.484129113018598 0.42958690987124465 0.48278791130185983 0.4264574391988555 0.4823408440629471 0.42556330472103004 0.48770565092989987 0.42556330472103004 0.4948587267525036 0.4269045064377683 0.50245886981402 0.4282457081545064 0.5064824749642346 0.43048104434907014 0.510953147353362 0.43271638054363376 0.5163179542203148 0.4358458512160229 0.5212356938483548 0.43942238912732473 0.5270475679542204 0.4438930615164521 0.531071173104435 0.44836373390557943 0.5333065092989986 0.4528344062947067 0.5337535765379113 0.45551680972818315
0 0.16179363376251793 0.5659424177396281 0.16626430615164525 0.5552128040057224 0.16760550786838344 0.5494009298998569 0.1684996423462089 0.5462714592274678 0.1684996423462089 0.5422478540772532 0.16760550786838344 0.5373301144492132 0.1626877682403434 0.5382242489270386 0.15911123032904154 0.540906652360515 0.15687589413447786 0.5444831902718169 0.1559817596566524 0.5502950643776824 0.15508762517882693 0.5565540057224607 0.15508762517882693 0.5614717453505007 0.15553469241773968 0.5659424177396281 0.15687589413447786 0.567730686695279
0 0.11708690987124466 0.47965844062947066 0.10456902718168816 0.47384656652360513 0.09875715307582264 0.46892882689556514 0.09741595135908444 0.4635640200286123 0.09920422031473537 0.4608816165951359 0.10546316165951362 0.4608816165951359 0.11082796852646641 0.4631169527896996 0.1161927753934192 0.46535228898426323 0.12066344778254653 0.46848175965665234 0.12468705293276111 0.472505364806867 0.12602825464949932 0.47563483547925606 0.12558118741058658 0.477423104434907
0 0.22751251788268959 0.6786033619456366 0.22438304721030047 0.6692149499284692 0.22393597997138773 0.6656384120171673 0.22393597997138773 0.6620618741058656 0.2248301144492132 0.6602736051502146 0.22795958512160233 0.6607206723891274 0.23198319027181694 0.662956008583691 0.23511266094420605 0.6656384120171673 0.2355597281831188 0.6692149499284692 0.23511266094420605 0.672791487839771 0.23377145922746786 0.6781562947067239 0.23243025751072965 0.6808386981402003 0.23064198855507873 0.6821798998569385
0 0.20471208869814023 0.7894760371959942 0.21812410586552222 0.7818758941344778 0.22661838340486412 0.7742757510729614 0.22974785407725326 0.7706992131616595 0.23064198855507873 0.766675608011445 0.23064198855507873 0.7635461373390557 0.22795958512160233 0.7626520028612304 0.2248301144492132 0.7630990701001431 0.22304184549356226 0.7644402718168812 0.2203594420600859 0.766675608011445 0.21812410586552222 0.7675697424892703 0.21410050071530762 0.7680168097281831 0.21141809728183122 0.7693580114449213 0.20784155937052937 0.7706992131616595 0.2042650214592275 0.7729345493562232 0.20158261802575111 0.7756169527896996 0.19800608011444926 0.7787464234620887 0.19621781115879833 0.7809817596566524 0.1944295422031474 0.7841112303290415 0.19353540772532193 0.7881348354792561 0.19487660944206014 0.791711373390558
0 0.8847013590844063 0.7470046494992847 0.8797836194563663 0.7353809012875536 0.8757600143061517 0.724651287553648 0.878442417739628 0.7242042203147353 0.8829130901287553 0.7277807582260373 0.8855954935622318 0.7309102288984264 0.8882778969957081 0.7340396995708154 0.890066165951359 0.7389574391988556 0.8909603004291846 0.7465575822603719 0.8914073676680974 0.7510282546494993 0.8887249642346209 0.7510282546494993
0 0.8654774678111588 0.8596655937052933 0.8601126609442059 0.8471477110157367 0.8601126609442059 0.8431241058655221 0.8601126609442059 0.8373122317596567 0.8601126609442059 0.8323944921316165 0.8605597281831188 0.8288179542203147 0.8636891988555078 0.8283708869814019 0.8748658798283261 0.841782904148784 0.8793365522174535 0.8569831902718169 0.8797836194563663 0.8677128040057224 0.8766541487839771 0.8712893419170242 0.8699481402002861 0.8663716022889842
0 0.20158261802575111 0.9311963519313304 0.21588876967095855 0.9325375536480686 0.23108905579399147 0.9285139484978541 0.2386891988555079 0.9227020743919886 0.2422657367668098 0.9195726037195994 0.24360693848354797 0.916890200286123 0.24450107296137344 0.9128665951359084 0.2427128040057225 0.9097371244635194 0.23779506437768244 0.9075017882689557 0.22930078683834054 0.9070547210300429 0.223488912732475 0.9070547210300429 0.21857117310443497 0.9075017882689557 0.21410050071530762 0.910184191702432 0.2096298283261803 0.9119724606580829 0.20650035765379118 0.913760729613734 0.20247675250357658 0.9159960658082975 0.198453147353362 0.9204667381974249 0.1957707439198856 0.923596208869814 0.1930883404864092 0.9267256795422032 0.1971119456366238 0.9298551502145923
0 0.3039610157367668 0.9866326895565093 0.3075375536480687 0.9767972103004292 0.30977288984263235 0.9727736051502146 0.31290236051502146 0.9709853361945637 0.3160318311874106 0.975456008583691 0.3160318311874106 0.9803737482117311 0.3160318311874106 0.9866326895565093 0.3146906294706724 0.9928916309012875 0.31066702432045784 0.9987035050071531 0.3048551502145923 0.9978093705293276 0.3026198140200286 0.9915504291845494
0 0.4286927753934192 0.96383226037196 0.4219867668097282 0.9575733190271817 0.42109263233190275 0.9535497138769671 0.42109263233190275 0.950420243204578 0.42153969957081544 0.9450554363376252 0.4228809012875537 0.9414788984263234 0.42556330472103004 0.9437142346208869 0.4282457081545064 0.9455025035765379 0.4313751788268956 0.9495261087267525 0.43405758226037194 0.9539967811158798 0.43495171673819744 0.9584674535050071 0.43495171673819744 0.96383226037196 0.43405758226037194 0.9674087982832619
0 0.868606938483548 0.040638412017167426 0.8677128040057224 0.031250000000000035 0.8677128040057224 0.02767346208869818 0.8699481402002861 0.025438125894134515 0.8721834763948498 0.02588519313304725 0.873524678111588 0.028567596566523645 0.8753129470672388 0.03303826895565097 0.8771012160228898 0.03840307582260376 0.8779953505007153 0.042426680972818355 0.8779953505007153 0.046450286123032945 0.8762070815450644 0.04913268955650934 0.8744188125894135 0.04957975679542207 0.8717364091559371 0.04779148783977114
0 0.02454399141630905 0.7702521459227468 0.01649678111587987 0.7630990701001431 0.013367310443490741 0.7595225321888411 0.011579041487839812 0.7559459942775393 0.009790772532188881 0.7528165236051502 0.010237839771101615 0.7487929184549356 0.012026108726752544 0.7470046494992847 0.016049713876967138 0.7470046494992847 0.02052038626609446 0.7487929184549356 0.026779327610872712 0.7523694563662374 0.03303826895565097 0.7608637339055794 0.036167739628040096 0.7648873390557941 0.03795600858369103 0.7698050786838341 0.03795600858369103 0.7729345493562232 0.034379470672389174 0.7738286838340487 0.028567596566523645 0.7729345493562232
0 0.07685085836909875 0.5686248211731044 0.06969778254649503 0.5686248211731044 0.06701537911301862 0.567730686695279 0.06388590844062951 0.5646012160228898 0.06343884120171678 0.5605776108726752 0.0665683118741059 0.5592364091559371 0.07238018597997141 0.5592364091559371 0.07774499284692421 0.5587893419170242 0.083109799713877 0.5587893419170242 0.08713340486409159 0.5596834763948498 0.08758047210300432 0.5641541487839772 0.083109799713877 0.5668365522174535
0 0.03527360515021463 0.22393597997138773 0.02633226037195998 0.22080650929899862 0.02096745350500719 0.21857117310443497 0.01739091559370533 0.21588876967095855 0.015155579399141672 0.21320636623748215 0.014261444921316207 0.20873569384835483 0.015602646638054404 0.20650035765379118 0.01917918454935626 0.205159155937053 0.02409692417739632 0.205159155937053 0.02946173104434911 0.20650035765379118 0.036167739628040096 0.20739449213161665 0.03974427753934196 0.21007689556509304 0.04376788268955655 0.21275929899856943 0.04689735336194568 0.21812410586552222 0.048238555078683874 0.22080650929899862 0.04689735336194568 0.223488912732475 0.042426680972818355 0.22438304721030047
0 0.7596947194719472 0.6478960396039604 0.7541254125412542 0.6427392739273928 0.7506188118811881 0.627887788778878 0.7506188118811881 0.6243811881188119 0.7559818481848185 0.6254125412541254 0.7605198019801981 0.6398514851485149 0.761963696369637 0.6462458745874587
