1 0.9202434738955823 0.14934738955823293 0.9117720883534136 0.1433860441767068 0.90832078313253 0.14024849397590358 0.9061244979919678 0.13616967871485944 0.9058107429718875 0.1311495983935743 0.9067520080321284 0.1267570281124498 0.910203313253012 0.12110943775100401 0.9139683734939759 0.11640311244979919 0.9177334337349397 0.11263805220883533 0.9230672690763052 0.10918674698795179 0.9284011044176705 0.10699046184738956 0.9362449799196786 0.10542168674698794 0.9418925702811244 0.10542168674698794 0.9491089357429718 0.1063629518072289 0.953187751004016 0.10761797188755019 0.9594628514056224 0.10918674698795179 0.9644829317269076 0.11138303212851405 0.969816767068273 0.11326556224899598 0.9760918674698794 0.11608935742971886 0.9811119477911646 0.11922690763052209 0.98644578313253 0.12299196787148593 0.9898970883534136 0.12707078313253012 0.9917796184738955 0.1311495983935743 0.9920933734939759 0.1355421686746988 0.9908383534136544 0.13930722891566263 0.9886420682730923 0.14275853413654618 0.9861320281124498 0.1458960843373494 0.9823669678714858 0.14966114457831325 0.9789156626506023 0.15248493975903613 0.9757781124497991 0.15373995983935743 0.9726405622489959 0.15436746987951805 0.9695030120481927 0.1549949799196787 0.9641691767068272 0.15593624497991965 0.9604041164658633 0.15593624497991965 0.9541290160642569 0.15593624497991965 0.9459713855421686 0.15593624497991965 0.9406375502008031 0.15562248995983935 0.9337349397590361 0.15405371485943772 0.926832329317269 0.15122991967871485
1 0.7555220883534136 0.16127008032128512 0.7583458835341365 0.16691767068273092 0.7624246987951807 0.172879016064257 0.7674447791164657 0.17821285140562246 0.7749748995983936 0.18197791164658633 0.7831325301204818 0.18417419678714858 0.7938002008032128 0.1832329317269076 0.7985065261044176 0.18197791164658633 0.8035266064257027 0.17758534136546184 0.8069779116465863 0.173820281124498 0.8088604417670682 0.17005522088353411 0.8088604417670682 0.165035140562249 0.8082329317269076 0.16032881526104417 0.8069779116465863 0.15719126506024095 0.8041541164658633 0.15311244979919678 0.8007028112449799 0.14903363453815258 0.7972515060240963 0.14526857429718873 0.7931726907630522 0.1421310240963855 0.7890938755020079 0.13930722891566263 0.7853288152610441 0.1374246987951807 0.7806224899598393 0.1355421686746988 0.7756024096385541 0.1342871485943775 0.7712098393574297 0.1342871485943775 0.767758534136546 0.1346009036144578 0.7646209839357428 0.1352284136546185 0.7608559236947791 0.1371109437751004 0.7570908634538152 0.14150351405622488 0.7542670682730923 0.14652359437751003 0.7526982931726907 0.1534262048192771
1 0.709086345381526 0.20864708835341364 0.7134789156626505 0.2095883534136546 0.7172439759036143 0.21021586345381524 0.7200677710843373 0.2108433734939759 0.7241465863453815 0.2124121485943775 0.7288529116465863 0.21366716867469876 0.7338729919678714 0.21335341365461843 0.738265562248996 0.21178463855421684 0.7423443775100401 0.2092745983935743 0.7457956827309237 0.20707831325301204 0.7505020080321285 0.2033132530120482 0.7533258032128514 0.20017570281124497 0.7545808232931727 0.19546937751004015 0.7542670682730923 0.18856676706827308 0.7526982931726907 0.18197791164658633 0.7498744979919678 0.1772715863453815 0.7454819277108433 0.17350652610441764 0.7401480923694778 0.17036897590361447 0.7338729919678714 0.16785893574297187 0.7260291164658634 0.16691767068273092 0.716930220883534 0.16629016064257027 0.7062625502008031 0.16629016064257027 0.700301204819277 0.16691767068273092 0.6927710843373494 0.16911395582329317 0.6871234939759036 0.17131024096385541 0.681789658634538 0.1744477911646586 0.6783383534136546 0.1788403614457831 0.6777108433734939 0.1832329317269076 0.6789658634538152 0.18950803212851405 0.6792796184738955 0.19107680722891565 0.6805346385542168 0.19452811244979917 0.6827309236947791 0.1976656626506024 0.6880647590361445 0.2008032128514056 0.6927710843373494 0.20268574297188752 0.6949673694779116 0.2036270080321285 0.6993599397590361 0.2064508032128514 0.7059487951807228 0.208019578313253
1 0.9415788152610441 0.07561495983935743 0.9478539156626505 0.07718373493975902 0.9525602409638553 0.07749748995983935 0.9569528112449799 0.07655622489959839 0.9604041164658633 0.07561495983935743 0.9632279116465863 0.07404618473895581 0.9666792168674697 0.07122238955823293 0.969816767068273 0.06714357429718874 0.970758032128514 0.0633785140562249 0.9704442771084337 0.05804467871485943 0.9695030120481927 0.05396586345381526 0.9676204819277108 0.04957329317269076 0.9647966867469878 0.04549447791164658 0.9597766064257027 0.04204317269076305 0.9541290160642569 0.039219377510040156 0.9478539156626505 0.036395582329317264 0.9400100401606425 0.03357178714859437 0.9331074297188754 0.03168925702811245 0.9246360441767068 0.0310617469879518 0.9186746987951807 0.03200301204819277 0.9149096385542168 0.0338855421686747 0.911144578313253 0.03765060240963855 0.9080070281124498 0.04204317269076305 0.9061244979919678 0.046121987951807226 0.9051832329317268 0.04988704819277108 0.9054969879518071 0.05396586345381526 0.9064382530120482 0.057730923694779106 0.9080070281124498 0.06024096385542168 0.9114583333333333 0.06306475903614457 0.9152233935742972 0.06557479919678715 0.9230672690763052 0.06965361445783132 0.9309111445783133 0.07216365461847389 0.9365587349397589 0.0737324297188755
1 0.7329317269076304 0.004392570281124498 0.7366967871485943 0.008785140562248996 0.7407756024096385 0.013805220883534136 0.7448544176706826 0.01788403614457831 0.7501882530120482 0.021335341365461846 0.7552083333333333 0.023531626506024094 0.7614834337349397 0.025727911646586343 0.7693273092369477 0.026355421686746986 0.7781124497991967 0.025727911646586343 0.7840737951807228 0.027296686746987948 0.7887801204819277 0.028551706827309235 0.7934864457831324 0.028865461847389553 0.7985065261044176 0.028865461847389553 0.8016440763052208 0.028237951807228913 0.8054091365461847 0.027296686746987948 0.8104292168674697 0.026041666666666664 0.8160768072289156 0.024472891566265056 0.822351907630522 0.022276606425702807 0.8261169678714858 0.020394076305220884 0.8298820281124498 0.018511546184738954 0.8345883534136546 0.016001506024096383 0.8465110441767068 0.009412650602409638 0.8509036144578312 0.00502008032128514 0.8596887550200802 0.0 0.7297941767068272 0.00031375502008032123
1 0.6544929718875501 0.12644327309236947 0.6532379518072289 0.1311495983935743 0.6532379518072289 0.1371109437751004 0.6541792168674697 0.14087600401606426 0.6566892570281124 0.14432730923694778 0.6588855421686746 0.14558232931726905 0.6626506024096385 0.1462098393574297 0.667043172690763 0.1462098393574297 0.6714357429718875 0.1462098393574297 0.6752008032128514 0.1462098393574297 0.6799071285140562 0.1458960843373494 0.6839859437751004 0.14495481927710843 0.6864959839357428 0.1446410642570281 0.6912023092369477 0.1433860441767068 0.6968498995983936 0.14056224899598393 0.700301204819277 0.13867971887550198 0.7050075301204818 0.1358559236947791 0.7094001004016063 0.1327183734939759 0.7137926706827309 0.1295808232931727 0.7184989959839356 0.12581576305220882 0.7225778112449799 0.12236445783132528 0.7279116465863453 0.11765813253012047 0.7316767068273092 0.11357931726907629 0.735441767068273 0.10918674698795179 0.736383032128514 0.10416666666666666 0.735441767068273 0.09851907630522087 0.7323042168674697 0.09475401606425703 0.7269703815261044 0.09193022088353413 0.7200677710843373 0.09036144578313253 0.7122238955823293 0.08910642570281123 0.7062625502008031 0.08879267068273092 0.7006149598393574 0.08973393574297188 0.6921435742971888 0.09287148594377509 0.6849272088353413 0.09663654618473895 0.6802208835341365 0.09977409638554216 0.6736320281124498 0.10353915662650602 0.6667294176706826 0.1063629518072289 0.6617093373493976 0.11044176706827309 0.658258032128514 0.1151480923694779 0.6560617469879517 0.12048192771084336
1 0.563504016064257 0.23531626506024095 0.5707203815261044 0.2378263052208835 0.5769954819277108 0.23814006024096382 0.5848393574297188 0.2378263052208835 0.596762048192771 0.2362575301204819 0.6077434738955823 0.23437499999999997 0.6215486947791165 0.22966867469879518 0.6293925702811245 0.22558985943775098 0.6362951807228915 0.21962851405622488 0.640687751004016 0.21335341365461843 0.641629016064257 0.20582329317269074 0.6413152610441767 0.1979794176706827 0.6400602409638554 0.1917043172690763 0.6378639558232931 0.18699799196787145 0.6350401606425702 0.18417419678714858 0.6312751004016063 0.18072289156626506 0.6275100401606425 0.17633032128514053 0.6237449799196786 0.17350652610441764 0.6209211847389557 0.1725652610441767 0.617156124497992 0.172879016064257 0.6108810240963856 0.17350652610441764 0.603664658634538 0.17476154618473894 0.5951932730923695 0.1772715863453815 0.5860943775100401 0.18103664658634538 0.5798192771084337 0.18480170682730923 0.5766817269076304 0.18762550200803213 0.5719754016064257 0.19233182730923692 0.5682103413654619 0.19641064257028112 0.5619352409638554 0.20237198795180722 0.5572289156626505 0.20739206827309237 0.5550326305220883 0.21335341365461843 0.5547188755020079 0.22056977911646583 0.5553463855421686 0.22621736947791163 0.5584839357429718 0.23123744979919678
1 0.9497364457831324 0.20111696787148592 0.9434613453815259 0.20268574297188752 0.9378137550200802 0.20582329317269074 0.9309111445783133 0.21021586345381524 0.9221260040160641 0.21586345381526104 0.9145958835341365 0.22182479919678713 0.909262048192771 0.22809989959839355 0.9064382530120482 0.23468875502008033 0.9061244979919678 0.24065010040160642 0.9064382530120482 0.2462976907630522 0.9076932730923695 0.2484939759036144 0.90832078313253 0.251004016064257 0.911144578313253 0.2553965863453815 0.9158509036144576 0.2582203815261044 0.9205572289156625 0.26041666666666663 0.926832329317269 0.2622991967871486 0.932793674698795 0.26198544176706823 0.9368724899598393 0.2607304216867469 0.9409513052208834 0.2579066265060241 0.9440888554216866 0.2550828313253012 0.9478539156626505 0.25131777108433734 0.9544427710843373 0.24253263052208834 0.9582078313253012 0.23092369477911642 0.9607178714859437 0.2227660642570281 0.9622866465863453 0.21617720883534136 0.9622866465863453 0.20896084337349397 0.961031626506024 0.20394076305220882 0.9563253012048192 0.2008032128514056
1 0.4245105421686747 0.14432730923694778 0.4301581325301205 0.14087600401606426 0.43674698795180716 0.1355421686746988 0.44082580321285136 0.13083584337349397 0.44521837349397586 0.12487449799196786 0.44804216867469876 0.12110943775100401 0.4505522088353413 0.11546184738955821 0.45243473895582326 0.10887299196787148 0.4521209839357429 0.10448042168674698 0.4518072289156626 0.09914658634538152 0.45086596385542166 0.09318524096385541 0.4489834337349397 0.08942018072289155 0.4471009036144578 0.08659638554216867 0.44364959839357426 0.08502761044176706 0.43768825301204817 0.08471385542168673 0.4323544176706827 0.08502761044176706 0.4276480923694779 0.08659638554216867 0.4216867469879518 0.08910642570281123 0.4144703815261044 0.09255773092369476 0.40882279116465864 0.09538152610441766 0.40317520080321284 0.09914658634538152 0.398468875502008 0.10259789156626506 0.39376255020080314 0.10699046184738956 0.3909387550200803 0.11044176706827309 0.3884287148594377 0.11483433734939759 0.3868599397590361 0.11985441767068271 0.38591867469879515 0.1327183734939759 0.38717369477911645 0.13962098393574296 0.38905622489959835 0.14401355421686748 0.3909387550200803 0.14715110441767065 0.3940763052208835 0.14871987951807228 0.40035140562248994 0.14997489959839355 0.4110190763052209 0.14997489959839355 0.4185491967871486 0.147464859437751
1 0.769641064257028 0.30371485943775095 0.7721511044176705 0.3008910642570281 0.7743473895582329 0.2958709839357429 0.7765436746987951 0.2917921686746988 0.7777986947791165 0.2877133534136546 0.7771711847389557 0.2817520080321285 0.7749748995983936 0.276418172690763 0.77152359437751 0.2732806224899598 0.7661897590361445 0.2698293172690763 0.7614834337349397 0.26731927710843373 0.754894578313253 0.2651229919678715 0.747050702811245 0.2635542168674699 0.7379518072289156 0.26324046184738953 0.7285391566265059 0.26324046184738953 0.7191265060240963 0.26449548192771083 0.711910140562249 0.2663780120481928 0.7050075301204818 0.2692018072289156 0.6990461847389557 0.2735943775100401 0.6955948795180722 0.27892821285140557 0.6943398594377509 0.28394829317269077 0.6946536144578312 0.2883408634538152 0.695281124497992 0.29304718875502006 0.6965361445783133 0.29649849397590355 0.6990461847389557 0.29900853413654616 0.7097138554216866 0.3052836345381526 0.7254016064257027 0.30810742971887545 0.7307354417670682 0.3068524096385542 0.7376380522088353 0.3068524096385542 0.745168172690763 0.30653865461847385 0.7523845381526103 0.30653865461847385 0.7596009036144579 0.30622489959839355 0.7655622489959839 0.3052836345381526
1 0.5911144578313253 0.3583082329317269 0.5933107429718875 0.35234688755020077 0.5920557228915662 0.345758032128514 0.588918172690763 0.3410517068273092 0.5857806224899598 0.33822791164658633 0.582015562248996 0.3350903614457831 0.5779367469879517 0.3319528112449799 0.5741716867469879 0.32818775100401604 0.5694653614457831 0.32505020080321284 0.5650727911646586 0.32222640562248994 0.5597389558232931 0.31971636546184734 0.553777610441767 0.3168925702811245 0.5484437751004017 0.3153237951807229 0.5437374497991968 0.31501004016064255 0.539031124497992 0.31501004016064255 0.5343247991967871 0.31563755020080314 0.5293047188755019 0.31940261044176704 0.5252259036144579 0.3244226907630522 0.5230296184738955 0.3316390562248996 0.5233433734939759 0.33665913654618473 0.5252259036144579 0.34073795180722893 0.5271084337349398 0.345758032128514 0.5293047188755019 0.3507781124497992 0.5330697791164658 0.3542294176706827 0.5377761044176707 0.3583082329317269 0.5418549196787148 0.3598770080321285 0.5475025100401606 0.3614457831325301 0.5544051204819277 0.36458333333333326 0.5603664658634538 0.3677208835341365 0.5663278112449799 0.36866214859437746 0.5729166666666666 0.36866214859437746 0.580133032128514 0.36677961847389556 0.5864081325301205 0.36364206827309237
1 0.7357555220883534 0.43047188755020077 0.7439131526104418 0.43047188755020077 0.7536395582329316 0.4298443775100401 0.7608559236947791 0.4279618473895582 0.7665035140562249 0.425765562248996 0.770582329317269 0.4223142570281124 0.7730923694779116 0.4172941767068273 0.773406124497992 0.41070532128514053 0.7721511044176705 0.4044302208835341 0.7693273092369477 0.39909638554216864 0.7652484939759036 0.3959588353413654 0.7583458835341365 0.39219377510040154 0.7533258032128514 0.3899974899598393 0.7483057228915662 0.38874246987951805 0.7429718875502007 0.38780120481927705 0.735441767068273 0.3865461847389558 0.7294804216867469 0.38591867469879515 0.7222640562248995 0.38591867469879515 0.7147339357429718 0.3865461847389558 0.7081450803212851 0.3884287148594377 0.7024974899598393 0.3909387550200803 0.6955948795180722 0.3940763052208835 0.692457329317269 0.3981551204819277 0.6902610441767068 0.4025476907630522 0.6899472891566264 0.407254016064257 0.6902610441767068 0.4129016064257028 0.6921435742971888 0.4176079317269076 0.6971636546184737 0.4210592369477911 0.711910140562249 0.4279618473895582 0.7184989959839356 0.4295306224899598 0.7288529116465863 0.4298443775100401
1 0.866277610441767 0.45870983935742965 0.8653363453815259 0.45368975903614456 0.8634538152610441 0.4486696787148594 0.8609437751004015 0.44333584337349397 0.8578062248995982 0.43925702811244977 0.854668674698795 0.4354919678714859 0.8512173694779116 0.43172690763052207 0.8465110441767068 0.42670682730923687 0.8424322289156625 0.422941767068273 0.8374121485943775 0.4201179718875502 0.8317645582329316 0.4169804216867469 0.8279994979919678 0.41478413654618473 0.8229794176706826 0.4129016064257028 0.8176455823293173 0.4125878514056225 0.8132530120481928 0.4129016064257028 0.8091741967871485 0.4144703815261044 0.804781626506024 0.4185491967871486 0.8035266064257027 0.4232555220883534 0.8044678714859437 0.4301581325301205 0.8063504016064257 0.43486445783132527 0.8085466867469879 0.43925702811244977 0.8110567269076304 0.44364959839357426 0.8189006024096385 0.4533760040160642 0.8217243975903614 0.4565135542168674 0.8254894578313253 0.45933734939759036 0.8295682730923695 0.4621611445783132 0.8339608433734939 0.4649849397590361 0.8377259036144579 0.4674949799196787 0.8418047188755019 0.4696912650602409 0.8465110441767068 0.4715737951807229 0.8540411646586344 0.4725150602409638 0.8590612449799196 0.4725150602409638 0.8628263052208834 0.47031877510040154 0.8656501004016063 0.4649849397590361
1 0.8173318273092369 0.5032630522088353 0.8157630522088353 0.4966741967871486 0.8132530120481928 0.4922816265060241 0.8104292168674697 0.48883032128514053 0.8072916666666665 0.4856927710843373 0.802899096385542 0.4822414658634538 0.7991340361445782 0.4806726907630522 0.7934864457831324 0.4806726907630522 0.7868975903614458 0.48161395582329314 0.7828187751004015 0.48349648594377503 0.779367469879518 0.48757530120481923 0.7771711847389557 0.49196787148594373 0.7762299196787148 0.4966741967871486 0.7762299196787148 0.502949297188755 0.7771711847389557 0.5079693775100401 0.778426204819277 0.5129894578313252 0.7803087349397589 0.5183232931726908 0.7834462851405621 0.5255396586345381 0.7868975903614458 0.5286772088353413 0.7912901606425702 0.5311872489959839 0.795055220883534 0.5330697791164658 0.7997615461847388 0.533383534136546 0.8035266064257027 0.5327560240963856 0.8076054216867469 0.5308734939759036 0.8110567269076304 0.5280496987951807 0.8138805220883534 0.5245983935742972 0.8157630522088353 0.5208333333333333 0.8173318273092369 0.5161270080321284 0.8179593373493975 0.5104794176706827
1 0.7508157630522088 0.520519578313253 0.7517570281124498 0.5167545180722891 0.7514432730923695 0.5129894578313252 0.7505020080321285 0.509851907630522 0.7483057228915662 0.5051455823293173 0.7457956827309237 0.5013805220883534 0.7420306224899598 0.49761546184738953 0.738265562248996 0.4938504016064257 0.7345005020080321 0.4907128514056225 0.7294804216867469 0.4872615461847389 0.7244603413654619 0.4850652610441767 0.7172439759036143 0.48318273092369474 0.7078313253012047 0.48286897590361444 0.6987324297188754 0.4841239959839357 0.692457329317269 0.4866340361445783 0.6890060240963856 0.4910266064257028 0.6861822289156626 0.49761546184738953 0.6855547188755019 0.5045180722891566 0.6868097389558232 0.509851907630522 0.6883785140562249 0.5139307228915662 0.6908885542168673 0.5176957831325301 0.6937123493975903 0.5208333333333333 0.6968498995983936 0.5236571285140562 0.6987324297188754 0.5264809236947791 0.7015562248995983 0.5286772088353413 0.7065763052208834 0.5318147590361445 0.710027610441767 0.533383534136546 0.7137926706827309 0.535266064257028 0.7184989959839356 0.53714859437751 0.7244603413654619 0.5380898594377509 0.7294804216867469 0.5380898594377509 0.7338729919678714 0.5368348393574297 0.7385793172690762 0.5346385542168675 0.7426581325301205 0.5315010040160641 0.7457956827309237 0.528363453815261 0.7486194779116465 0.5245983935742972
1 0.6701807228915662 0.4706325301204819 0.6714357429718875 0.46686746987951805 0.6723770080321285 0.4634161646586345 0.6745732931726907 0.45902359437751 0.6770833333333334 0.45525853413654616 0.6792796184738955 0.45117971887550196 0.6792796184738955 0.44615963855421686 0.6777108433734939 0.44082580321285136 0.6752008032128514 0.4364332329317269 0.6708082329317269 0.43329568273092367 0.6667294176706826 0.43266817269076296 0.6613955823293173 0.43266817269076296 0.6576305220883534 0.4339231927710843 0.6513554216867469 0.4364332329317269 0.6469628514056224 0.43957078313253006 0.6431977911646586 0.4430220883534136 0.6400602409638554 0.4474146586345381 0.6372364457831325 0.45243473895582326 0.6328438755020079 0.45996485943775095 0.6293925702811245 0.4646711847389558 0.6271962851405621 0.4696912650602409 0.6268825301204818 0.4750251004016064 0.6278237951807228 0.4797314257028112 0.6297063253012047 0.48286897590361444 0.6325301204819277 0.4850652610441767 0.6353539156626505 0.48632028112449793 0.6388052208835341 0.4866340361445783 0.6450803212851405 0.48632028112449793 0.6507279116465863 0.485379016064257 0.658258032128514 0.48192771084337344 0.6629643574297188 0.47847640562248994 0.6667294176706826 0.4747113453815261
1 0.5663278112449799 0.4615336345381526 0.5619352409638554 0.45776857429718876 0.5566014056224898 0.4549447791164658 0.5515813253012049 0.4533760040160642 0.546875 0.4521209839357429 0.5418549196787148 0.4521209839357429 0.5374623493975903 0.45274849397590355 0.533383534136546 0.4549447791164658 0.5299322289156626 0.45839608433734935 0.5271084337349398 0.46372991967871485 0.5258534136546185 0.47031877510040154 0.5261671686746987 0.47628012048192764 0.5280496987951807 0.48004518072289154 0.5308734939759036 0.4838102409638554 0.5336972891566264 0.48632028112449793 0.5365210843373494 0.4882028112449799 0.5421686746987951 0.49039909638554213 0.5481300200803213 0.49447791164658633 0.5518950803212851 0.4966741967871486 0.5547188755020079 0.4982429718875502 0.5584839357429718 0.5004392570281124 0.5622489959839357 0.5016942771084337 0.5660140562248995 0.502008032128514 0.5697791164658634 0.5004392570281124 0.5732304216867469 0.4979292168674698 0.5763679718875501 0.4938504016064257 0.5769954819277108 0.48945783132530113 0.5769954819277108 0.4841239959839357 0.5763679718875501 0.47941767068273083 0.5747991967871485 0.47533885542168675 0.5722891566265059 0.4706325301204819 0.5700928714859437 0.4662399598393574
1 0.9924071285140561 0.4285893574297189 0.9908383534136544 0.42513805220883527 0.9892695783132529 0.4216867469879518 0.9870732931726907 0.41823544176706823 0.9851907630522088 0.41541164658634533 0.9833082329317268 0.4125878514056225 0.9776606425702811 0.4100778112449799 0.9732680722891566 0.4091365461847389 0.969816767068273 0.40976405622489953 0.9654241967871485 0.41133283132530113 0.9616591365461847 0.4141566265060241 0.959149096385542 0.4176079317269076 0.9569528112449799 0.4201179718875502 0.9553840361445782 0.4232555220883534 0.9544427710843373 0.4260793172690763 0.9541290160642569 0.4295306224899598 0.9544427710843373 0.4329819277108433 0.9556977911646585 0.4370607429718875 0.9578940763052208 0.44113955823293166 0.9597766064257027 0.44521837349397586 0.9616591365461847 0.44929718875502006 0.9635416666666665 0.45243473895582326 0.9647966867469878 0.4561997991967871 0.967934236947791 0.45870983935742965 0.9732680722891566 0.4605923694779116 0.9782881526104418 0.46090612449799195 0.9826807228915662 0.45996485943775095 0.9870732931726907 0.45776857429718876 0.9911521084337348 0.45431726907630515 0.9952309236947791 0.4489834337349397 0.9964859437751004 0.44333584337349397 0.9964859437751004 0.4386295180722891 0.9955446787148593 0.43517821285140557 0.9939759036144576 0.43172690763052207
1 0.5042043172690762 0.43266817269076296 0.502008032128514 0.42670682730923687 0.5004392570281124 0.4223142570281124 0.494164156626506 0.41541164658634533 0.4885165662650602 0.4085090361445783 0.48443775100401604 0.4069402610441767 0.4791039156626506 0.40631275100401604 0.4737700803212851 0.40631275100401604 0.4690637550200803 0.40819528112449793 0.4646711847389558 0.4110190763052209 0.46278865461847385 0.41384287148594373 0.46121987951807225 0.4191767068273092 0.46027861445783125 0.4245105421686747 0.45996485943775095 0.42921686746987947 0.45965110441767065 0.4342369477911646 0.45965110441767065 0.43957078313253006 0.4621611445783132 0.44961094377510036 0.4646711847389558 0.4549447791164658 0.46686746987951805 0.45870983935742965 0.4690637550200803 0.46184738955823285 0.4722013052208835 0.46561244979919675 0.4747113453815261 0.4681224899598393 0.47722138554216864 0.47000502008032125 0.48130020080321284 0.4706325301204819 0.4872615461847389 0.47031877510040154 0.4925953815261044 0.4690637550200803 0.4985567269076305 0.4662399598393574 0.5004392570281124 0.4640436746987951 0.5023217871485943 0.45965110441767065 0.5042043172690762 0.4555722891566265 0.5057730923694779 0.4518072289156626 0.5064006024096385 0.4486696787148594 0.5060868473895582 0.44364959839357426 0.5051455823293173 0.4380020080321285
1 0.44019829317269077 0.5544051204819277 0.4439633534136546 0.5515813253012049 0.44615963855421686 0.5487575301204818 0.44804216867469876 0.5446787148594378 0.4489834337349397 0.5399723895582329 0.44929718875502006 0.5346385542168675 0.4486696787148594 0.528363453815261 0.44678714859437746 0.5202058232931727 0.44521837349397586 0.5158132530120482 0.44333584337349397 0.5111069277108433 0.44082580321285136 0.5060868473895582 0.43768825301204817 0.501066767068273 0.4345507028112449 0.4973017068273092 0.43172690763052207 0.49447791164658633 0.4270205823293172 0.4922816265060241 0.4223142570281124 0.4910266064257028 0.4169804216867469 0.4907128514056225 0.41227409638554213 0.4913403614457831 0.4075677710843373 0.4957329317269076 0.40631275100401604 0.4994979919678714 0.4050577309236948 0.5045180722891566 0.4041164658634538 0.5089106425702811 0.40380271084337344 0.5145582329317269 0.40380271084337344 0.5189508032128514 0.4041164658634538 0.5249121485943775 0.40474397590361444 0.5280496987951807 0.4056852409638554 0.5327560240963856 0.4059989959839357 0.533383534136546 0.40631275100401604 0.535266064257028 0.40819528112449793 0.540913654618474 0.4100778112449799 0.544992469879518 0.4129016064257028 0.5484437751004017 0.416039156626506 0.5515813253012049 0.41792168674698793 0.5534638554216866 0.4235692771084337 0.5547188755020079 0.43204066265060237 0.5553463855421686
1 0.5911144578313253 0.5892319277108433 0.5951932730923695 0.5904869477911646 0.5995858433734939 0.5923694779116465 0.6030371485943775 0.5933107429718875 0.6068022088353413 0.5939382530120482 0.6093122489959839 0.5942520080321285 0.613391064257028 0.5936244979919678 0.6162148594377509 0.5926832329317269 0.6190386546184737 0.589859437751004 0.6193524096385541 0.5860943775100401 0.6187248995983936 0.5810742971887549 0.6177836345381525 0.5751129518072289 0.6165286144578312 0.5707203815261044 0.6146460843373494 0.5663278112449799 0.6124497991967871 0.5619352409638554 0.6102535140562249 0.5575426706827309 0.6080572289156626 0.5550326305220883 0.6024096385542168 0.546875 0.5942520080321285 0.540913654618474 0.588918172690763 0.539031124497992 0.582015562248996 0.5380898594377509 0.5744854417670683 0.5380898594377509 0.5694653614457831 0.5393448795180723 0.5660140562248995 0.5415411646586344 0.562562751004016 0.544051204819277 0.5584839357429718 0.5484437751004017 0.5584839357429718 0.5522088353413654 0.5584839357429718 0.5566014056224898 0.5597389558232931 0.5609939759036143 0.5622489959839357 0.5653865461847389 0.5653865461847389 0.5697791164658634 0.5688378514056224 0.5735441767068272 0.5738579317269076 0.5782505020080321 0.5769954819277108 0.5813880522088353 0.5804467871485943 0.5842118473895581 0.5832705823293173 0.5860943775100401 0.5864081325301205 0.5876631526104418
1 0.6431977911646586 0.5117344377510039 0.6413152610441767 0.5136169678714859 0.6394327309236947 0.5167545180722891 0.6369226907630522 0.5211470883534136 0.6350401606425702 0.5264809236947791 0.6344126506024096 0.533383534136546 0.6350401606425702 0.5418549196787148 0.6375502008032128 0.5496987951807228 0.6419427710843373 0.5572289156626505 0.6453940763052208 0.562562751004016 0.6482178714859437 0.5647590361445782 0.6510416666666666 0.5657003012048192 0.6576305220883534 0.5657003012048192 0.6607680722891566 0.5653865461847389 0.6645331325301205 0.5631902610441767 0.667043172690763 0.5609939759036143 0.668925702811245 0.5578564257028111 0.6701807228915662 0.5531501004016064 0.6708082329317269 0.546875 0.6714357429718875 0.5396586345381525 0.6714357429718875 0.5343247991967871 0.6704944779116465 0.5280496987951807 0.6686119477911646 0.5224021084337349 0.6657881526104418 0.5180095381526104 0.6623368473895581 0.5158132530120482 0.6595130522088353 0.5139307228915662 0.6551204819277108 0.5117344377510039 0.6516691767068272 0.5104794176706827 0.6469628514056224 0.5101656626506024
1 0.7887801204819277 0.6212349397590361 0.7868975903614458 0.6174698795180722 0.7847013052208834 0.6143323293172691 0.7818775100401606 0.6124497991967871 0.7777986947791165 0.6105672690763052 0.7740336345381525 0.6093122489959839 0.7699548192771084 0.6089984939759036 0.7655622489959839 0.6093122489959839 0.7611696787148594 0.6102535140562249 0.7574046184738955 0.6121360441767068 0.753012048192771 0.6149598393574297 0.7483057228915662 0.6184111445783133 0.7429718875502007 0.6234312248995983 0.7395205823293173 0.6281375502008031 0.7366967871485943 0.6322163654618473 0.7338729919678714 0.6369226907630522 0.7301079317269076 0.6457078313253012 0.7291666666666665 0.6529241967871485 0.7294804216867469 0.6595130522088353 0.7316767068273092 0.6648468875502008 0.7338729919678714 0.668925702811245 0.7370105421686746 0.6717494979919678 0.7432856425702811 0.6739457831325301 0.7495607429718875 0.6742595381526103 0.754894578313253 0.6736320281124498 0.7596009036144579 0.6726907630522088 0.7643072289156626 0.6701807228915662 0.7693273092369477 0.6673569277108433 0.7727786144578312 0.6642193775100401 0.7759161646586344 0.6598268072289156 0.7790537148594378 0.6548067269076304 0.7818775100401606 0.6510416666666666 0.7847013052208834 0.6469628514056224 0.7865838353413654 0.6431977911646586 0.7890938755020079 0.6381777108433735 0.7906626506024096 0.6353539156626505 0.7909764056224898 0.6287650602409638 0.7903488955823292 0.6243724899598393
1 0.8744352409638554 0.5751129518072289 0.8700426706827308 0.5732304216867469 0.866277610441767 0.5726029116465863 0.8625125502008031 0.5716616465863453 0.8578062248995982 0.5713478915662651 0.8540411646586344 0.5713478915662651 0.8512173694779116 0.5722891566265059 0.8483935742971888 0.5741716867469879 0.845883534136546 0.5766817269076304 0.8433734939759036 0.580133032128514 0.8396084337349397 0.5864081325301205 0.838039658634538 0.5936244979919678 0.8352158634538152 0.60554718875502 0.8364708835341365 0.611508534136546 0.8367846385542168 0.617156124497992 0.8370983935742972 0.6218624497991968 0.8389809236947791 0.6275100401606425 0.840863453815261 0.6312751004016063 0.8449422690763052 0.6344126506024096 0.8502761044176705 0.6378639558232931 0.8552961847389557 0.640687751004016 0.8609437751004015 0.6400602409638554 0.8678463855421686 0.6375502008032128 0.8728664658634538 0.6347264056224898 0.8766315261044176 0.6300200803212851 0.8800828313253012 0.6240587349397589 0.8822791164658633 0.6177836345381525 0.8832203815261044 0.6124497991967871 0.8835341365461847 0.6064884538152611 0.8835341365461847 0.5983308232931727 0.882906626506024 0.5926832329317269 0.8819653614457831 0.5882906626506024 0.8807103413654617 0.5842118473895581 0.8794553212851405 0.5810742971887549 0.8769452811244979 0.5773092369477911
1 0.9541290160642569 0.5104794176706827 0.9484814257028111 0.5104794176706827 0.9406375502008031 0.510793172690763 0.9353037148594378 0.5123619477911646 0.9334211847389557 0.5154994979919678 0.9321661646586344 0.5198920682730923 0.9315386546184737 0.5236571285140562 0.9315386546184737 0.528363453815261 0.9318524096385541 0.5330697791164658 0.9331074297188754 0.5374623493975903 0.9393825301204818 0.5481300200803213 0.9459713855421686 0.5569151606425702 0.9494226907630522 0.561621485943775 0.9528739959839356 0.5653865461847389 0.9563253012048192 0.5678965863453815 0.9597766064257027 0.5700928714859437 0.9629141566265059 0.5713478915662651 0.9673067269076304 0.5726029116465863 0.9729543172690762 0.5744854417670683 0.9770331325301204 0.5757404618473896 0.9823669678714858 0.5769954819277108 0.9867595381526103 0.5779367469879517 0.9917796184738955 0.5779367469879517 0.9955446787148593 0.5769954819277108 0.9989583333333333 0.5741716867469879 0.9989583333333333 0.5239345540054957 0.9936621485943775 0.5211470883534136 0.9886420682730923 0.5189508032128514 0.9836219879518071 0.5173820281124498 0.9789156626506023 0.5158132530120482 0.9742093373493975 0.5142444779116465 0.9695030120481927 0.512675702811245 0.9647966867469878 0.5117344377510039 0.9585215863453815 0.5111069277108433
1 0.9811119477911646 0.695281124497992 0.9767193775100401 0.6965361445783133 0.9710717871485942 0.6990461847389557 0.9669929718875501 0.7018699799196786 0.9616591365461847 0.7059487951807228 0.9578940763052208 0.7103413654618473 0.9553840361445782 0.7147339357429718 0.953187751004016 0.7194402610441767 0.9494226907630522 0.7279116465863453 0.9459713855421686 0.736383032128514 0.9437751004016063 0.7435993975903614 0.9428338353413654 0.7505020080321285 0.9428338353413654 0.7577183734939759 0.9447163654618473 0.7624246987951807 0.9487951807228915 0.7652484939759036 0.9541290160642569 0.767758534136546 0.961031626506024 0.7683860441767068 0.9669929718875501 0.7671310240963856 0.9716992971887549 0.7633659638554217 0.9767193775100401 0.7586596385542168 0.9804844377510039 0.7542670682730923 0.9842494979919678 0.7505020080321285 0.9898970883534136 0.7448544176706826 0.9946034136546184 0.7392068273092369 0.9980547188755019 0.7329317269076304 0.9986822289156625 0.7294804216867469 0.9989583333333333 0.7038989290495316 0.9986822289156625 0.7034387550200802 0.9958584337349397 0.700301204819277 0.9930346385542168 0.6981049196787148 0.9895833333333333 0.6959086345381525 0.9861320281124498 0.695281124497992
1 0.8534136546184737 0.7046937751004015 0.8474523092369477 0.7037525100401606 0.8402359437751004 0.7037525100401606 0.83019578313253 0.7046937751004015 0.823293172690763 0.7068900602409638 0.8163905622489959 0.7109688755020079 0.8110567269076304 0.7175577309236947 0.8076054216867469 0.7244603413654619 0.8044678714859437 0.7319904618473896 0.8025853413654617 0.7395205823293173 0.8025853413654617 0.745168172690763 0.8022715863453815 0.7523845381526103 0.8038403614457831 0.7577183734939759 0.8069779116465863 0.7636797188755019 0.8107429718875501 0.7693273092369477 0.8154492971887549 0.7743473895582329 0.8201556224899598 0.7777986947791165 0.8267444779116465 0.7803087349397589 0.8336470883534136 0.7825050200803213 0.8414909638554217 0.7834462851405621 0.84964859437751 0.7834462851405621 0.8559236947791165 0.7828187751004015 0.8637675702811245 0.7809362449799196 0.8716114457831324 0.7768574297188754 0.8756902610441767 0.7724648594377509 0.8791415662650601 0.7671310240963856 0.8822791164658633 0.7605421686746987 0.8832203815261044 0.753012048192771 0.8832203815261044 0.7445406626506023 0.8822791164658633 0.738265562248996 0.8800828313253012 0.7323042168674697 0.8772590361445782 0.7257153614457831 0.873180220883534 0.7194402610441767 0.8684738955823292 0.7144201807228915 0.8637675702811245 0.710027610441767 0.8584337349397589 0.7068900602409638
1 0.6886922690763052 0.7200677710843373 0.6846134538152611 0.717871485943775 0.6789658634538152 0.7153614457831324 0.6733182730923695 0.7134789156626505 0.666101907630522 0.7134789156626505 0.6613955823293173 0.7150476907630522 0.6598268072289156 0.7159889558232931 0.6557479919678714 0.717871485943775 0.6516691767068272 0.7228915662650602 0.6482178714859437 0.7310491967871485 0.6475903614457831 0.7407756024096385 0.6488453815261044 0.7483057228915662 0.6522966867469879 0.7567771084337348 0.6541792168674697 0.7605421686746987 0.6563755020080321 0.7652484939759036 0.658258032128514 0.769641064257028 0.6598268072289156 0.7737198795180722 0.6645331325301205 0.7803087349397589 0.6679844377510039 0.7850150602409638 0.6720632530120482 0.7887801204819277 0.6773970883534136 0.7919176706827308 0.6833584337349397 0.7931726907630522 0.689633534136546 0.7931726907630522 0.6974774096385541 0.7928589357429718 0.7031249999999999 0.790035140562249 0.7065763052208834 0.7856425702811245 0.7087725903614458 0.7806224899598393 0.7109688755020079 0.7749748995983936 0.7115963855421686 0.7693273092369477 0.7109688755020079 0.7624246987951807 0.7094001004016063 0.7577183734939759 0.7072038152610441 0.7520707831325301 0.7046937751004015 0.7461094377510039 0.7024974899598393 0.7423443775100401 0.7009287148594378 0.7373242971887549 0.6987324297188754 0.7323042168674697 0.6955948795180722 0.7269703815261044 0.692457329317269 0.7232053212851405
1 0.5769954819277108 0.6905747991967871 0.5882906626506024 0.6955948795180722 0.5961345381526103 0.6981049196787148 0.6008408634538152 0.6999874497991968 0.6058609437751004 0.7015562248995983 0.611508534136546 0.7021837349397589 0.617156124497992 0.7018699799196786 0.6228037148594378 0.6999874497991968 0.6268825301204818 0.6962223895582329 0.6297063253012047 0.691516064257028 0.6300200803212851 0.6864959839357428 0.6293925702811245 0.6795933734939759 0.6278237951807228 0.674887048192771 0.623117469879518 0.6708082329317269 0.6177836345381525 0.667043172690763 0.6127635542168675 0.6639056224899598 0.6083709839357428 0.6613955823293173 0.6033509036144579 0.6595130522088353 0.5973895582329317 0.6576305220883534 0.5914282128514056 0.6560617469879517 0.5795055220883534 0.6541792168674697 0.5713478915662651 0.6551204819277108 0.5660140562248995 0.6570030120481928 0.563504016064257 0.6607680722891566 0.5622489959839357 0.666101907630522 0.562562751004016 0.6720632530120482 0.5644452811244979 0.6770833333333334 0.5672690763052208 0.6821034136546184 0.5716616465863453 0.6871234939759036
1 0.48945783132530113 0.6613955823293173 0.4866340361445783 0.6657881526104418 0.48443775100401604 0.6695532128514056 0.4809864457831325 0.6799071285140562 0.47753514056224894 0.6871234939759036 0.4781626506024096 0.6927710843373494 0.4797314257028112 0.6977911646586344 0.48161395582329314 0.7018699799196786 0.48475150602409633 0.7046937751004015 0.4872615461847389 0.7068900602409638 0.49039909638554213 0.7087725903614458 0.49636044176706823 0.710027610441767 0.5004392570281124 0.709086345381526 0.5054593373493975 0.7068900602409638 0.5104794176706827 0.7043800200803213 0.5148719879518072 0.7018699799196786 0.519578313253012 0.6981049196787148 0.5239708835341365 0.6927710843373494 0.5271084337349398 0.6864959839357428 0.5293047188755019 0.6795933734939759 0.5305597389558233 0.6730045180722891 0.530245983935743 0.6648468875502008 0.5289909638554217 0.6576305220883534 0.5271084337349398 0.6535517068273092 0.5236571285140562 0.6504141566265059 0.5198920682730923 0.648531626506024 0.5154994979919678 0.6469628514056224 0.509851907630522 0.6469628514056224 0.5051455823293173 0.648531626506024 0.4998117469879518 0.6510416666666666 0.4951054216867469 0.6541792168674697 0.4922816265060241 0.657316767068273
1 0.5650727911646586 0.7414031124497991 0.5657003012048192 0.7366967871485943 0.5657003012048192 0.7332454819277108 0.5606802208835341 0.726656626506024 0.5566014056224898 0.7232053212851405 0.5518950803212851 0.7210090361445782 0.5456199799196786 0.7203815261044176 0.5358935742971888 0.7200677710843373 0.5264809236947791 0.7206952811244979 0.520519578313253 0.7238328313253012 0.512675702811245 0.7285391566265059 0.5073418674698795 0.7323042168674697 0.502008032128514 0.7376380522088353 0.5004392570281124 0.7432856425702811 0.5013805220883534 0.7479919678714858 0.5042043172690762 0.7523845381526103 0.5060868473895582 0.7555220883534136 0.5085968875502007 0.7586596385542168 0.5104794176706827 0.7605421686746987 0.5142444779116465 0.7621109437751004 0.5180095381526104 0.7633659638554217 0.5220883534136546 0.7633659638554217 0.5267946787148594 0.7630522088353413 0.5324422690763052 0.7627384538152611 0.5384036144578312 0.7624246987951807 0.5412274096385541 0.7624246987951807 0.5437374497991968 0.7621109437751004 0.5484437751004017 0.7608559236947791 0.5531501004016064 0.7589733935742972 0.5581701807228915 0.7555220883534136 0.5606802208835341 0.7526982931726907 0.5628765060240963 0.747050702811245
1 0.6325301204819277 0.8229794176706826 0.6281375502008031 0.8217243975903614 0.6240587349397589 0.8207831325301205 0.6187248995983936 0.8201556224899598 0.5857806224899598 0.8185868473895581 0.579191767068273 0.8201556224899598 0.5729166666666666 0.8239206827309237 0.5694653614457831 0.8273719879518071 0.5675828313253012 0.8305095381526103 0.5650727911646586 0.8352158634538152 0.5631902610441767 0.8396084337349397 0.5628765060240963 0.8455697791164657 0.5638177710843374 0.8509036144578312 0.5669553212851405 0.8549824297188754 0.5707203815261044 0.857492469879518 0.5735441767068272 0.8596887550200802 0.5766817269076304 0.8615712851405621 0.5804467871485943 0.8628263052208834 0.5864081325301205 0.8637675702811245 0.5951932730923695 0.8643950803212851 0.6046059236947791 0.8650225903614458 0.6146460843373494 0.866277610441767 0.6206074297188754 0.8669051204819276 0.6271962851405621 0.8665913654618473 0.631902610441767 0.8650225903614458 0.6362951807228915 0.8621987951807228 0.640687751004016 0.857492469879518 0.6428840361445782 0.8530998995983935 0.6444528112449799 0.848707329317269 0.6457078313253012 0.8430597389558232 0.646649096385542 0.838039658634538 0.6463353413654619 0.8333333333333333 0.6453940763052208 0.8305095381526103 0.6428840361445782 0.8279994979919678 0.6400602409638554 0.8261169678714858 0.6366089357429718 0.8245481927710843
1 0.7583458835341365 0.8411772088353413 0.759914658634538 0.8468247991967871 0.76179718875502 0.8505898594377509 0.7636797188755019 0.8524723895582329 0.7658760040160641 0.8543549196787148 0.767758534136546 0.8556099397590361 0.7712098393574297 0.856551204819277 0.7756024096385541 0.856551204819277 0.7815637550200802 0.856551204819277 0.7894076305220883 0.856551204819277 0.796937751004016 0.8562374497991967 0.8022715863453815 0.8559236947791165 0.8066641566265059 0.8552961847389557 0.8107429718875501 0.8540411646586344 0.8170180722891566 0.851531124497992 0.8220381526104418 0.8493348393574297 0.8264307228915662 0.8471385542168673 0.8292545180722891 0.8443147590361445 0.8308232931726907 0.8414909638554217 0.8308232931726907 0.8377259036144579 0.8308232931726907 0.832078313253012 0.83019578313253 0.8276857429718875 0.8289407630522088 0.8248619477911646 0.8261169678714858 0.8217243975903614 0.8229794176706826 0.8192143574297188 0.8195281124497991 0.8173318273092369 0.814508032128514 0.8157630522088353 0.8094879518072289 0.8141942771084337 0.8044678714859437 0.8132530120481928 0.8003890562248995 0.8132530120481928 0.7847013052208834 0.8138805220883534 0.7712098393574297 0.8179593373493975 0.7668172690763052 0.8204693775100401 0.7630522088353413 0.8248619477911646 0.7608559236947791 0.8286270080321284 0.7596009036144579 0.8323920682730923 0.7580321285140562 0.8367846385542168
1 0.701242469879518 0.8951430722891566 0.701242469879518 0.9017319277108433 0.7018699799196786 0.9070657630522088 0.7006149598393574 0.9105170682730923 0.7015562248995983 0.9152233935742972 0.7037525100401606 0.9199297188755019 0.7062625502008031 0.9243222891566264 0.7097138554216866 0.9280873493975902 0.7134789156626505 0.9318524096385541 0.7184989959839356 0.9340486947791165 0.7244603413654619 0.934676204819277 0.7279116465863453 0.9324799196787148 0.7304216867469879 0.9293423694779116 0.7329317269076304 0.9252635542168673 0.7351280120481928 0.9193022088353413 0.7360692771084337 0.9145958835341365 0.7370105421686746 0.910203313253012 0.7373242971887549 0.9058107429718875 0.7373242971887549 0.9007906626506023 0.7373242971887549 0.8951430722891566 0.7366967871485943 0.889809236947791 0.7366967871485943 0.8854166666666665 0.7357555220883534 0.8800828313253012 0.7345005020080321 0.8753765060240963 0.7326179718875501 0.8706701807228915 0.7301079317269076 0.8665913654618473 0.726656626506024 0.8634538152610441 0.7228915662650602 0.8612575301204818 0.716930220883534 0.8618850401606425 0.7131651606425702 0.8640813253012047 0.710027610441767 0.8665913654618473 0.7059487951807228 0.8706701807228915 0.7034387550200802 0.876004016064257 0.7009287148594378 0.8832203815261044 0.7009287148594378 0.8891817269076304
1 0.8060366465863453 0.8935742971887549 0.8000753012048192 0.8960843373493975 0.7934864457831324 0.901418172690763 0.7916039156626505 0.9054969879518071 0.7903488955823292 0.9098895582329316 0.7903488955823292 0.9155371485943775 0.7909764056224898 0.9211847389558232 0.7931726907630522 0.9246360441767068 0.796937751004016 0.9293423694779116 0.8003890562248995 0.9337349397590361 0.8044678714859437 0.9378137550200802 0.8079191767068272 0.9393825301204818 0.8129392570281124 0.9412650602409638 0.8182730923694778 0.9425200803212851 0.8270582329317268 0.9434613453815259 0.8345883534136546 0.9437751004016063 0.8402359437751004 0.9425200803212851 0.8436872489959839 0.9406375502008031 0.8474523092369477 0.938441265060241 0.851531124497992 0.9349899598393574 0.8562374497991967 0.9312248995983935 0.8584337349397589 0.92777359437751 0.8596887550200802 0.9227535140562249 0.860316265060241 0.9174196787148593 0.8600025100401606 0.9133408634538152 0.8584337349397589 0.9105170682730923 0.8552961847389557 0.9070657630522088 0.851531124497992 0.9045557228915662 0.8474523092369477 0.9020456827309236 0.8436872489959839 0.9001631526104418 0.8389809236947791 0.8982806224899598 0.8336470883534136 0.8963980923694778 0.8283132530120482 0.8938880522088353 0.8236069277108433 0.892633032128514 0.8129392570281124 0.8923192771084337
1 0.8888679718875501 0.9130271084337348 0.8938880522088353 0.9152233935742972 0.8989081325301205 0.9164784136546184 0.9042419678714858 0.9164784136546184 0.909262048192771 0.9155371485943775 0.9130271084337348 0.9133408634538152 0.916164658634538 0.9095758032128514 0.9183609437751004 0.9054969879518071 0.9196159638554217 0.9017319277108433 0.9208709839357428 0.8967118473895581 0.9211847389558232 0.8907505020080321 0.9211847389558232 0.8860441767068272 0.9199297188755019 0.8803965863453815 0.9174196787148593 0.875062751004016 0.9155371485943775 0.8700426706827308 0.9123995983935742 0.8665913654618473 0.9089482931726907 0.8634538152610441 0.9048694779116465 0.8615712851405621 0.9001631526104418 0.860316265060241 0.8960843373493975 0.8590612449799196 0.8879267068273092 0.8587474899598393 0.8835341365461847 0.8606300200803213 0.8797690763052208 0.8647088353413654 0.876004016064257 0.873180220883534 0.8756902610441767 0.881024096385542 0.8766315261044176 0.8866716867469879 0.8778865461847388 0.8920055220883534 0.8791415662650601 0.8976531124497991 0.8813378514056224 0.9054969879518071 0.8832203815261044 0.9089482931726907 0.8854166666666665 0.911144578313253
1 0.9676204819277108 0.8885542168674697 0.961972891566265 0.892633032128514 0.9578940763052208 0.8970256024096385 0.9566390562248995 0.9020456827309236 0.9569528112449799 0.9080070281124498 0.9575803212851405 0.9123995983935742 0.959149096385542 0.9155371485943775 0.961031626506024 0.91804718875502 0.9629141566265059 0.9205572289156625 0.9651104417670682 0.9233810240963856 0.970758032128514 0.9255773092369477 0.9767193775100401 0.9284011044176705 0.9798569277108433 0.9296561244979918 0.9826807228915662 0.9302836345381525 0.9870732931726907 0.9302836345381525 0.9914658634538152 0.9302836345381525 0.9964859437751004 0.9293423694779116 0.9989583333333333 0.92777359437751 0.9989583333333333 0.8796740533562822 0.9974272088353413 0.8794553212851405 0.9895833333333333 0.8794553212851405 0.981425702811245 0.8807103413654617 0.9748368473895581 0.883847891566265
1 0.9685617469879517 0.8261169678714858 0.9716992971887549 0.8283132530120482 0.9760918674698794 0.83019578313253 0.9798569277108433 0.832078313253012 0.9839357429718875 0.8339608433734939 0.9867595381526103 0.8349021084337348 0.9989583333333333 0.8389809236947791 0.9989583333333333 0.8019578313253012 0.9949171686746987 0.7988202811244979 0.9917796184738955 0.7975652610441767 0.988328313253012 0.7963102409638554 0.9842494979919678 0.795055220883534 0.9804844377510039 0.7947414658634538 0.9757781124497991 0.795055220883534 0.9713855421686746 0.7966239959839356 0.967934236947791 0.7985065261044176 0.9657379518072289 0.8016440763052208 0.9641691767068272 0.805722891566265 0.9635416666666665 0.8119979919678714 0.9635416666666665 0.8176455823293173 0.9654241967871485 0.822351907630522
1 0.38121234939759036 0.056789658634538144 0.3852911646586345 0.056789658634538144 0.389683734939759 0.05616214859437751 0.39470381526104414 0.05396586345381526 0.398468875502008 0.05208333333333333 0.40223393574297184 0.050514558232931724 0.40631275100401604 0.048318273092369475 0.40976405622489953 0.046121987951807226 0.4135291164658634 0.042984437751004016 0.41666666666666663 0.0398468875502008 0.4201179718875502 0.0354543172690763 0.4232555220883534 0.030434236947791165 0.42513805220883527 0.026355421686746986 0.4263930722891566 0.021649096385542167 0.4263930722891566 0.01694277108433735 0.425765562248996 0.011295180722891566 0.4241967871485944 0.006902610441767068 0.4220005020080321 0.003451305220883534 0.4191767068273092 0.0006275100401606425 0.39470381526104414 0.0006275100401606425 0.3874874497991968 0.003451305220883534 0.38278112449799195 0.007216365461847388 0.3790160642570281 0.010981425702811244 0.3739959839357429 0.016315261044176705 0.3692896586345381 0.02196285140562249 0.36552459839357426 0.026669176706827304 0.3630145582329317 0.030434236947791165 0.3617595381526104 0.03576807228915662 0.36207329317269077 0.04078815261044177 0.362387048192771 0.045180722891566265 0.36364206827309237 0.04800451807228915 0.3692896586345381 0.05333835341365461 0.3733684738955823 0.05490712851405622 0.3774472891566265 0.05616214859437751
1 0.18260542168674698 0.25037650602409633 0.18072289156626506 0.2566516064257028 0.18072289156626506 0.26261295180722893 0.18135040160642568 0.2688880522088353 0.18260542168674698 0.2723393574297189 0.1860567269076305 0.2761044176706827 0.1917043172690763 0.2779869477911647 0.199234437751004 0.27955572289156627 0.20519578313253012 0.27892821285140557 0.2120983935742972 0.2779869477911647 0.21617720883534136 0.2767319277108433 0.22307981927710843 0.2751631526104417 0.22841365461847388 0.2739081325301205 0.23437499999999997 0.2707705823293172 0.23939508032128512 0.267633032128514 0.24535642570281124 0.2638679718875502 0.25037650602409633 0.26041666666666663 0.2547690763052209 0.2569653614457831 0.2575928714859438 0.25414156626506024 0.2591616465863454 0.25194528112449793 0.2591616465863454 0.24755271084337346 0.25884789156626503 0.24347389558232932 0.2579066265060241 0.23939508032128512 0.2563378514056225 0.23563002008032127 0.25445532128514053 0.23217871485943772 0.25131777108433734 0.22841365461847388 0.2478664658634538 0.2259036144578313 0.24347389558232932 0.2243348393574297 0.23657128514056225 0.22307981927710843 0.2315512048192771 0.22245230923694775 0.22527610441767065 0.2227660642570281 0.21900100401606426 0.2243348393574297 0.2124121485943775 0.2259036144578313 0.20550953815261044 0.2287274096385542 0.19954819277108432 0.23217871485943772 0.19076305220883533 0.23719879518072287 0.18699799196787145 0.24221887550200802
1 0.003451305220883534 0.2067645582329317 0.00784387550200803 0.20613704819277107 0.013805220883534136 0.20425451807228914 0.018197791164658632 0.2008032128514056 0.021649096385542167 0.19609688755020077 0.025414156626506024 0.18950803212851405 0.028237951807228913 0.18260542168674698 0.030434236947791165 0.17476154618473894 0.030747991967871483 0.16880020080321284 0.030434236947791165 0.16409387550200802 0.029492971887550196 0.1593875502008032 0.027296686746987948 0.15436746987951805 0.0251004016064257 0.15185742971887548 0.023217871485943772 0.1506024096385542 0.01976656626506024 0.14966114457831325 0.014432730923694776 0.14903363453815258 0.005647590361445783 0.14715110441767065 0.00031375502008032123 0.1462098393574297 0.00031375502008032123 0.2067645582329317
1 0.39282128514056225 0.2591616465863454 0.3874874497991968 0.26198544176706823 0.3821536144578313 0.2651229919678715 0.3774472891566265 0.268574297188755 0.3733684738955823 0.27296686746987947 0.3689759036144578 0.2783007028112449 0.36552459839357426 0.28457580321285136 0.36395582329317266 0.2911646586345381 0.363328313253012 0.2952434738955823 0.36364206827309237 0.3008910642570281 0.3648970883534136 0.30622489959839355 0.3664658634538152 0.3099899598393574 0.36960341365461846 0.31563755020080314 0.3717996987951807 0.320343875502008 0.3733684738955823 0.3228539156626506 0.3768197791164658 0.32505020080321284 0.38089859437751 0.3269327309236948 0.3852911646586345 0.3288152610441767 0.3893699799196787 0.3303840361445783 0.39439006024096385 0.3303840361445783 0.4016064257028112 0.3288152610441767 0.4085090361445783 0.32661897590361444 0.4144703815261044 0.3244226907630522 0.4204317269076305 0.32128514056224894 0.42513805220883527 0.31814759036144574 0.4285893574297189 0.31469628514056225 0.4323544176706827 0.30904869477911645 0.4364332329317269 0.30340110441767065 0.440512048192771 0.29806726907630515 0.4439633534136546 0.2933609437751004 0.44835592369477906 0.28802710843373497 0.4518072289156626 0.2833207831325301 0.4533760040160642 0.2792419678714859 0.4530622489959839 0.2757906626506024 0.4518072289156626 0.2710843373493976 0.450238453815261 0.267633032128514 0.4486696787148594 0.2654367469879518 0.44678714859437746 0.26324046184738953 0.44364959839357426 0.26041666666666663 0.44019829317269077 0.25853413654618473 0.4373744979919678 0.2569653614457831 0.43360943775100397 0.25571034136546184 0.4295306224899598 0.25445532128514053 0.423883032128514 0.2538278112449799 0.41949046184738953 0.25414156626506024 0.4157254016064257 0.25414156626506024 0.4100778112449799 0.25445532128514053 0.4041164658634538 0.2553965863453815 0.398468875502008 0.2566516064257028
1 0.2497489959839357 0.37870230923694775 0.2563378514056225 0.3783885542168674 0.2663780120481928 0.3768197791164658 0.2742218875502008 0.37368222891566266 0.28112449799196787 0.3692896586345381 0.28457580321285136 0.36615210843373486 0.2883408634538152 0.3601907630522088 0.28990963855421686 0.3548569277108433 0.2895958835341365 0.3479543172690763 0.2877133534136546 0.34230672690763053 0.284262048192771 0.337914156626506 0.2792419678714859 0.3344628514056225 0.27296686746987947 0.3310115461847389 0.2657505020080321 0.32818775100401604 0.259789156626506 0.3269327309236948 0.25288654618473894 0.32630522088353414 0.24472891566265056 0.32661897590361444 0.2362575301204819 0.3275602409638554 0.22527610441767065 0.33069779116465864 0.21429467871485944 0.3350903614457831 0.20519578313253012 0.34073795180722893 0.2008032128514056 0.34701305220883527 0.19892068273092367 0.3548569277108433 0.199234437751004 0.3614457831325301 0.2008032128514056 0.36615210843373486 0.2033132530120482 0.37023092369477906 0.20739206827309237 0.37525100401606426 0.21052961847389556 0.3768197791164658 0.21523594377510039 0.37870230923694775 0.22056977911646583 0.37964357429718876 0.22715863453815258 0.379957329317269 0.23343373493975902 0.379957329317269 0.24065010040160642 0.37964357429718876 0.24598393574297187 0.3790160642570281
1 0.11326556224899598 0.42921686746987947 0.11765813253012047 0.4260793172690763 0.12142319277108432 0.4235692771084337 0.12518825301204817 0.4204317269076305 0.12926706827309237 0.416039156626506 0.1327183734939759 0.4129016064257028 0.13679718875502006 0.4091365461847389 0.13993473895582328 0.4056852409638554 0.14369979919678713 0.40192018072289154 0.1458960843373494 0.39784136546184734 0.14777861445783133 0.3925075301204819 0.14809236947791163 0.3852911646586345 0.1458960843373494 0.379957329317269 0.1418172690763052 0.3774472891566265 0.1346009036144578 0.37713353413654616 0.1283258032128514 0.3774472891566265 0.12267821285140562 0.37870230923694775 0.11671686746987951 0.38089859437751 0.11106927710843371 0.3840361445783132 0.10510793172690762 0.3884287148594377 0.09977409638554216 0.39376255020080314 0.09632279116465862 0.3981551204819277 0.0900476907630522 0.4085090361445783 0.086910140562249 0.4157254016064257 0.08565512048192771 0.42074548192771083 0.08471385542168673 0.42513805220883527 0.08471385542168673 0.4295306224899598 0.08534136546184738 0.43329568273092367 0.08659638554216867 0.4342369477911646 0.09255773092369476 0.4345507028112449 0.09789156626506022 0.4342369477911646 0.1047941767068273 0.4339231927710843 0.10918674698795179 0.4323544176706827
1 0.22182479919678713 0.4464733935742971 0.22056977911646583 0.440512048192771 0.21900100401606426 0.4358057228915662 0.21680471887550198 0.4314131526104417 0.21366716867469876 0.4273343373493975 0.2099021084337349 0.4235692771084337 0.20613704819277107 0.4213729919678714 0.20237198795180722 0.41949046184738953 0.199234437751004 0.4191767068273092 0.19390060240963852 0.4201179718875502 0.18825301204819275 0.4226280120481928 0.18480170682730923 0.4260793172690763 0.18260542168674698 0.4301581325301205 0.18072289156626506 0.4358057228915662 0.17978162650602408 0.4398845381526104 0.17978162650602408 0.4449046184738955 0.17978162650602408 0.4518072289156626 0.1804091365461847 0.4565135542168674 0.18197791164658633 0.4615336345381526 0.18511546184738953 0.4674949799196787 0.18950803212851405 0.47282881526104414 0.19264558232931725 0.475652610441767 0.19609688755020077 0.47784889558232924 0.20017570281124497 0.47847640562248994 0.20770582329317266 0.4781626506024096 0.2124121485943775 0.47628012048192764 0.21586345381526104 0.4731425702811245 0.21900100401606426 0.4696912650602409 0.2215110441767068 0.46592620481927705 0.22245230923694775 0.46090612449799195 0.22245230923694775 0.45682730923694775 0.22245230923694775 0.4514934738955823
1 0.28708584337349397 0.4838102409638554 0.2895958835341365 0.485379016064257 0.294929718875502 0.48694779116465864 0.2999497991967871 0.4866340361445783 0.3043423694779116 0.4850652610441767 0.3099899598393574 0.48161395582329314 0.3159513052208835 0.47753514056224894 0.31940261044176704 0.47439759036144574 0.3228539156626506 0.4709462851405622 0.3259914658634538 0.46843624497991965 0.330070281124498 0.46372991967871485 0.3335215863453815 0.45965110441767065 0.3363453815261044 0.4561997991967871 0.3385416666666667 0.4518072289156626 0.34011044176706823 0.44804216867469876 0.3410517068273092 0.44333584337349397 0.34262048192771083 0.4386295180722891 0.34387550200803213 0.4345507028112449 0.3445030120481928 0.4295306224899598 0.3441892570281124 0.42513805220883527 0.34262048192771083 0.4210592369477911 0.3404241967871486 0.4172941767068273 0.337914156626506 0.415097891566265 0.33540411646586343 0.4135291164658634 0.3319528112449799 0.4132153614457831 0.3269327309236948 0.4132153614457831 0.32128514056224894 0.41384287148594373 0.31657881526104414 0.415097891566265 0.31061746987951805 0.4176079317269076 0.3059111445783132 0.42074548192771083 0.30151857429718876 0.4260793172690763 0.2968122489959839 0.4323544176706827 0.2924196787148594 0.43925702811244977 0.2892821285140562 0.4471009036144578 0.2877133534136546 0.4558860441767068 0.28551706827309237 0.46121987951807225 0.2836345381526104 0.46874999999999994 0.28300702811244977 0.47533885542168675 0.2836345381526104 0.47879016064257024 0.285203313253012 0.48192771084337344
1 0.16127008032128512 0.5653865461847389 0.1681726907630522 0.5653865461847389 0.17601656626506024 0.5653865461847389 0.181664156626506 0.5638177710843374 0.18480170682730923 0.5609939759036143 0.18731174698795178 0.5566014056224898 0.1888805220883534 0.5506400602409638 0.1888805220883534 0.5453062248995983 0.18825301204819275 0.5412274096385541 0.1860567269076305 0.5374623493975903 0.1829191767068273 0.5340110441767068 0.17915411646586346 0.5305597389558233 0.1753890562248996 0.52742218875502 0.17068273092369476 0.5245983935742972 0.16566265060240962 0.5224021084337349 0.16127008032128512 0.5208333333333333 0.15656375502008033 0.5192645582329317 0.15248493975903613 0.5176957831325301 0.14934738955823293 0.5164407630522088 0.14307228915662648 0.5148719879518072 0.13773845381526104 0.5145582329317269 0.13146335341365462 0.5145582329317269 0.1242469879518072 0.5148719879518072 0.12016817269076305 0.5161270080321284 0.11703062248995982 0.5192645582329317 0.11389307228915663 0.5230296184738955 0.11201054216867469 0.5264809236947791 0.11106927710843371 0.5308734939759036 0.11138303212851405 0.5346385542168675 0.11263805220883533 0.5387173694779116 0.11640311244979919 0.5446787148594378 0.11891315261044175 0.547816265060241 0.12236445783132528 0.5512675702811245 0.12612951807228914 0.5540913654618473 0.1327183734939759 0.5578564257028111 0.13993473895582328 0.5609939759036143 0.14777861445783133 0.563504016064257 0.1534262048192771 0.5644452811244979
1 0.0737324297188755 0.6137048192771084 0.08094879518072289 0.6124497991967871 0.08471385542168673 0.6093122489959839 0.08659638554216867 0.6046059236947791 0.08785140562248996 0.5995858433734939 0.08847891566265059 0.5951932730923695 0.08847891566265059 0.5901731927710843 0.08816516064257027 0.5854668674698794 0.08785140562248996 0.5804467871485943 0.08659638554216867 0.5744854417670683 0.08565512048192771 0.5694653614457831 0.08377259036144577 0.5619352409638554 0.08032128514056223 0.555660140562249 0.07686997991967871 0.5509538152610441 0.0737324297188755 0.5481300200803213 0.06965361445783132 0.546875 0.06086847389558233 0.546875 0.056475903614457826 0.5493850401606425 0.05333835341365461 0.5525225903614458 0.0502008032128514 0.5553463855421686 0.04706325301204819 0.5581701807228915 0.044553212851405614 0.5622489959839357 0.04204317269076305 0.5672690763052208 0.041415662650602404 0.5722891566265059 0.041415662650602404 0.5779367469879517 0.04204317269076305 0.5857806224899598 0.044553212851405614 0.5926832329317269 0.04863202811244979 0.5995858433734939 0.05396586345381526 0.6061746987951807 0.05867218875502008 0.6102535140562249 0.06369226907630522 0.613391064257028 0.06714357429718874 0.6140185742971888
1 0.28896837349397586 0.6064884538152611 0.2943022088353413 0.6027233935742972 0.29649849397590355 0.598644578313253 0.29869477911646586 0.5929969879518071 0.3008910642570281 0.5867218875502008 0.30308734939759036 0.5810742971887549 0.3052836345381526 0.5751129518072289 0.3068524096385542 0.5682103413654619 0.3084211847389558 0.5622489959839357 0.3093624497991968 0.5566014056224898 0.3093624497991968 0.5503263052208834 0.30904869477911645 0.5462474899598393 0.30779367469879515 0.5431099397590361 0.3040286144578313 0.5405998995983936 0.3008910642570281 0.539031124497992 0.29649849397590355 0.53714859437751 0.2933609437751004 0.5358935742971888 0.28896837349397586 0.5349523092369477 0.2848895582329317 0.535266064257028 0.2817520080321285 0.5365210843373494 0.2783007028112449 0.539031124497992 0.27453564257028107 0.5421686746987951 0.2707705823293172 0.546875 0.2679467871485944 0.5518950803212851 0.2657505020080321 0.5562876506024096 0.26449548192771083 0.5613077309236947 0.26167168674698793 0.5675828313253012 0.26135793172690763 0.5741716867469879 0.26135793172690763 0.5807605421686746 0.26198544176706823 0.5867218875502008 0.2635542168674699 0.5945657630522088 0.2654367469879518 0.6005271084337349 0.2682605421686747 0.6052334337349397 0.2720256024096385 0.6080572289156626 0.2776731927710843 0.6089984939759036 0.28300702811244977 0.6089984939759036 0.28614457831325296 0.6080572289156626
1 0.4144703815261044 0.5958207831325301 0.4129016064257028 0.5923694779116465 0.41039156626506024 0.588918172690763 0.40380271084337344 0.5848393574297188 0.3965863453815261 0.5838980923694778 0.3934487951807229 0.5848393574297188 0.39031124497991965 0.5873493975903614 0.38434989959839355 0.5929969879518071 0.38121234939759036 0.597703313253012 0.3774472891566265 0.6033509036144579 0.3749372489959839 0.6099397590361445 0.3724272088353413 0.6177836345381525 0.37148594377510036 0.6265687751004017 0.37274096385542166 0.6356676706827309 0.37619226907630515 0.6413152610441767 0.3821536144578313 0.6457078313253012 0.3881149598393574 0.6469628514056224 0.3925075301204819 0.646649096385542 0.39721385542168675 0.6438253012048192 0.40192018072289154 0.6394327309236947 0.4059989959839357 0.6347264056224898 0.4091365461847389 0.6297063253012047 0.41133283132530113 0.6243724899598393 0.4135291164658634 0.6187248995983936 0.41478413654618473 0.6137048192771084 0.4157254016064257 0.6089984939759036 0.4157254016064257 0.6049196787148594 0.415097891566265 0.5998995983935742
1 0.08942018072289155 0.6516691767068272 0.08816516064257027 0.6563755020080321 0.08785140562248996 0.6610818273092369 0.08816516064257027 0.6651606425702811 0.08973393574297188 0.668925702811245 0.09193022088353413 0.6714357429718875 0.09318524096385541 0.6736320281124498 0.09349899598393573 0.6780245983935742 0.09569528112449799 0.6814759036144579 0.10008785140562249 0.68367218875502 0.10573544176706826 0.6842996987951807 0.11106927710843371 0.6830446787148594 0.11389307228915663 0.6811621485943775 0.11797188755020079 0.6777108433734939 0.12267821285140562 0.6736320281124498 0.12707078313253012 0.668925702811245 0.13020833333333331 0.6648468875502008 0.1333458835341365 0.6604543172690762 0.13616967871485944 0.6563755020080321 0.1418172690763052 0.6431977911646586 0.1433860441767068 0.6378639558232931 0.14307228915662648 0.6331576305220883 0.14087600401606426 0.6287650602409638 0.13805220883534136 0.6253137550200802 0.1342871485943775 0.623117469879518 0.13052208835341364 0.622176204819277 0.12487449799196786 0.6218624497991968 0.12016817269076305 0.6218624497991968 0.11389307228915663 0.622176204819277 0.10887299196787148 0.6240587349397589 0.10385291164658633 0.6278237951807228 0.10008785140562249 0.6315888554216866 0.09726405622489959 0.6359814257028111 0.0944402610441767 0.640687751004016 0.0916164658634538 0.6460215863453815
1 0.2139809236947791 0.7056350401606425 0.2139809236947791 0.7015562248995983 0.2127259036144578 0.6965361445783133 0.2099021084337349 0.6927710843373494 0.20519578313253012 0.6899472891566264 0.19954819277108432 0.6880647590361445 0.19264558232931725 0.6880647590361445 0.18637048192771083 0.6886922690763052 0.1772715863453815 0.6905747991967871 0.1697414658634538 0.6930848393574297 0.16158383534136547 0.6984186746987951 0.1534262048192771 0.7043800200803213 0.14809236947791163 0.7094001004016063 0.14432730923694778 0.7137926706827309 0.14150351405622488 0.7175577309236947 0.14024849397590358 0.7216365461847388 0.13930722891566263 0.7263428714859437 0.13962098393574296 0.7313629518072289 0.14118975903614456 0.7341867469879517 0.14307228915662648 0.7373242971887549 0.14526857429718873 0.7398343373493976 0.14903363453815258 0.7417168674698794 0.15405371485943772 0.7417168674698794 0.15813253012048192 0.7417168674698794 0.16158383534136547 0.7417168674698794 0.16785893574297187 0.7417168674698794 0.17350652610441764 0.7410893574297188 0.17946787148594376 0.7398343373493976 0.18542921686746985 0.7373242971887549 0.19076305220883533 0.7348142570281124 0.19609688755020077 0.7319904618473896 0.20143072289156624 0.7279116465863453 0.20550953815261044 0.7238328313253012 0.20864708835341364 0.7194402610441767 0.2108433734939759 0.7153614457831324 0.21303965863453814 0.7106551204819277
1 0.22119728915662648 0.8170180722891566 0.22119728915662648 0.8116842369477911 0.22056977911646583 0.8085466867469879 0.21962851405622488 0.8063504016064257 0.21680471887550198 0.802899096385542 0.21178463855421684 0.7997615461847388 0.2064508032128514 0.7975652610441767 0.20017570281124497 0.796937751004016 0.19264558232931725 0.796937751004016 0.18542921686746985 0.7975652610441767 0.17852660642570278 0.7981927710843373 0.17131024096385541 0.7991340361445782 0.16566265060240962 0.8000753012048192 0.15750502008032127 0.8016440763052208 0.15122991967871485 0.8035266064257027 0.14652359437751003 0.8060366465863453 0.14307228915662648 0.8085466867469879 0.14087600401606426 0.8116842369477911 0.13962098393574296 0.8148217871485942 0.13773845381526104 0.8189006024096385 0.1371109437751004 0.8242344377510039 0.1374246987951807 0.8292545180722891 0.13899347389558234 0.8342745983935742 0.14118975903614456 0.8370983935742972 0.14526857429718873 0.8392946787148594 0.14997489959839355 0.8414909638554217 0.1534262048192771 0.8427459839357428 0.15656375502008033 0.8430597389558232 0.16189759036144577 0.8430597389558232 0.17036897590361447 0.8424322289156625 0.17852660642570278 0.8418047188755019 0.18480170682730923 0.8418047188755019 0.19233182730923692 0.8405496987951807 0.19986194779116465 0.8392946787148594 0.20550953815261044 0.8370983935742972 0.2099021084337349 0.8345883534136546 0.21366716867469876 0.832078313253012 0.21680471887550198 0.8295682730923695 0.2186872489959839 0.8258032128514056 0.22056977911646583 0.8217243975903614
1 0.270456827309237 0.8254894578313253 0.2660642570281124 0.8298820281124498 0.26198544176706823 0.8349021084337348 0.2579066265060241 0.8411772088353413 0.25414156626506024 0.8480798192771084 0.2491214859437751 0.8571787148594378 0.2484939759036144 0.8637675702811245 0.2491214859437751 0.8694151606425702 0.251004016064257 0.8725527108433735 0.2547690763052209 0.875062751004016 0.2594754016064257 0.8766315261044176 0.2660642570281124 0.8766315261044176 0.2710843373493976 0.876004016064257 0.2748493975903614 0.8738077309236947 0.2792419678714859 0.8694151606425702 0.2833207831325301 0.8647088353413654 0.28708584337349397 0.8593749999999999 0.28990963855421686 0.8552961847389557 0.2924196787148594 0.8512173694779116 0.2952434738955823 0.8455697791164657 0.29712600401606426 0.8411772088353413 0.29712600401606426 0.8370983935742972 0.2968122489959839 0.8327058232931727 0.2952434738955823 0.8273719879518071 0.293988453815261 0.822351907630522 0.2924196787148594 0.8185868473895581 0.2892821285140562 0.8170180722891566 0.2836345381526104 0.8179593373493975 0.27704568273092367 0.8210968875502007
0 0.5896208708708708 0.21549674674674676 0.6133946446446447 0.2011073573573574 0.6171483983983984 0.1992304804804805 0.6202765265265264 0.19735360360360363 0.6221534034034034 0.1957895395395396 0.6199637137137137 0.1942254754754755 0.6155843343343343 0.19516391391391394 0.6021333833833834 0.20298423423423426 0.5814877377377378 0.2142454954954955 0.5767955455455455 0.21799924924924927 0.5749186686686687 0.2208145645645646 0.5761699199199198 0.22175300300300302 0.5836774274274273 0.21862487487487492
0 0.39254879879879884 0.622779029029029 0.39724099099099097 0.6137074574574574 0.3988050550550551 0.6099537037037037 0.40005630630630634 0.60619994994995 0.4016203703703704 0.600882132132132 0.40036911911911915 0.5980668168168167 0.3984922422422423 0.5971283783783784 0.3959897397397398 0.5999436936936937 0.3941128628628629 0.6030718218218217 0.39254879879879884 0.6065127627627628 0.3909847347347348 0.610892142142142 0.38973348348348347 0.6152715215215214 0.38816941941941946 0.6190252752752753 0.3869181681681682 0.6224662162162161 0.38597972972972977 0.6268455955955956 0.38566691691691696 0.6315377877877878 0.38754379379379383 0.6331018518518517 0.38973348348348347 0.6274712212212211
0 0.2815002502502503 0.5824261761761761 0.28838213213213215 0.5636574074074073 0.2902590090090091 0.5580267767767767 0.2915102602602603 0.5542730230230231 0.2927615115115116 0.5486423923923923 0.2930743243243244 0.545827077077077 0.29119744744744747 0.5455142642642643 0.28806931931931934 0.5502064564564564 0.28494119119119127 0.5614677177177178 0.27837212212212215 0.5783596096096096 0.2746183683683684 0.5839902402402402 0.2746183683683684 0.5886824324324323 0.27555680680680683 0.5905593093093093 0.2793105605605606 0.5868055555555555
0 0.499762275242047 0.6865923236514522 0.5078665283540802 0.6753544260027662 0.510027662517289 0.6710321576763485 0.5139201701701702 0.6681368868868868 0.5157970470470471 0.6646959459459459 0.5161098598598599 0.6621934434434434 0.514232982982983 0.6609421921921921 0.5111048548548549 0.6625062562562561 0.5082895395395396 0.6656343843843844 0.5057870370370371 0.6700137637637638 0.5004692192192193 0.681275025025025 0.49546421421421427 0.6884697197197197 0.4935873373373374 0.6903465965965966 0.4910848348348349 0.6922234734734735 0.48889514514514515 0.6956644144144144 0.4882695195195196 0.6994181681681682 0.4907720220220221 0.7006694194194194 0.49390015015015015 0.6966028528528528
0 0.6837775275275274 0.7694882382382382 0.6772084584584585 0.759791041041041 0.6750187687687688 0.7557244744744744 0.6731418918918918 0.7507194694694694 0.6718906406406406 0.7469657157157157 0.669700950950951 0.7432119619619619 0.6675112612612613 0.7394582082082082 0.6656343843843844 0.73633008008008 0.6653215715715715 0.7332019519519519 0.6668856356356356 0.7322635135135135 0.6687625125125124 0.7322635135135135 0.6706393893893894 0.7350788288288288 0.6728290790790791 0.7391453953953954 0.6759572072072071 0.7479041541541541 0.679710960960961 0.7572885385385385 0.6853415915915915 0.764796046046046 0.689720970970971 0.7716779279279279 0.6906594094094094 0.7751188688688688 0.6900337837837838 0.776682932932933 0.6875312812812813 0.7763701201201201 0.6856544044044044 0.7729291791791791
0 0.16263138138138142 0.7228791291291291 0.171702952952953 0.7184997497497497 0.18358983983983987 0.7134947447447447 0.18734359359359362 0.7122434934934935 0.1914101601601602 0.7119306806806807 0.19453828828828834 0.7103666166166166 0.196727977977978 0.7075513013013013 0.19704079079079084 0.7053616116116116 0.19453828828828834 0.7044231731731732 0.19015890890890894 0.704735985985986 0.18577952952952959 0.7069256756756757 0.18202577577577583 0.7091153653653653 0.1742054554554555 0.7134947447447447 0.16388263263263267 0.7175613113113113 0.15919044044044048 0.7194381881881882 0.1551238738738739 0.7222535035035035 0.15168293293293295 0.7253816316316316 0.1504316816816817 0.7291353853853854 0.1523085585585586 0.7288225725725724 0.15762637637637641 0.7253816316316316
0 0.13604229229229234 0.5336273773773773 0.1451138638638639 0.5383195695695695 0.1498060560560561 0.5401964464464464 0.1544982482482483 0.5417605105105104 0.1570007507507508 0.5430117617617617 0.16106731731731735 0.5452014514514514 0.16419544544544548 0.547703953953954 0.17076451451451455 0.5486423923923923 0.1720157657657658 0.5470783283283284 0.17045170170170174 0.5439502002002001 0.16669794794794798 0.5414476976976977 0.1620057557557558 0.5405092592592593 0.15637512512512516 0.5386323823823823 0.15199574574574579 0.5370683183183184 0.14886761761761766 0.5351914414414414 0.14417542542542544 0.532688938938939 0.13948323323323328 0.5308120620620621 0.13604229229229234 0.529247997997998 0.13385260260260265 0.5283095595595596 0.13009884884884887 0.5270583083083084 0.1260322822822823 0.5264326826826827 0.12384259259259262 0.5267454954954955 0.12446821821821824 0.529247997997998 0.12916041041041043 0.5311248748748749
0 0.19766641641641644 0.45698823823823825 0.19797922922922925 0.4510447947947948 0.19735360360360363 0.44697822822822825 0.1957895395395396 0.4432244744744745 0.19297422422422425 0.4385322822822823 0.19266141141141144 0.4338400900900901 0.19297422422422425 0.43196321321321324 0.19485110110110113 0.4316504004004004 0.196727977977978 0.4335272772772773 0.1989176676676677 0.43665540540540543 0.20048173173173175 0.4410347847847848 0.2014201701701702 0.44541416416416424 0.20235860860860866 0.45511136136136143 0.20298423423423426 0.46293168168168175 0.20267142142142144 0.46418293293293295 0.19954329329329334 0.46418293293293295 0.19704079079079084 0.46042917917917925
0 0.22300425425425427 0.3590778278278279 0.23614239239239243 0.35813938938938944 0.24239864864864868 0.35813938938938944 0.2474036536536537 0.3578265765765766 0.25147022022022025 0.35688813813813813 0.2555367867867868 0.35626251251251256 0.26116741741741745 0.35563688688688694 0.26585960960960964 0.35469844844844844 0.27023898898898907 0.35376001001001006 0.27399274274274277 0.35313438438438444 0.2746183683683684 0.35313438438438444 0.2718030530530531 0.35125750750750756 0.26398273273273276 0.35094469469469475 0.260228978978979 0.3503190690690691 0.2571008508508509 0.35063188188188193 0.2530342842842843 0.35219594594594594 0.24959334334334338 0.3528215715715716 0.2449011511511512 0.35313438438438444 0.240208958958959 0.35376001001001006 0.23489114114114118 0.35438563563563563 0.22957332332332336 0.35438563563563563 0.22550675675675677 0.35438563563563563 0.21956331331331336 0.35438563563563563 0.21455830830830835 0.3553240740740741 0.21361986986986992 0.3578265765765766 0.2164351851851852 0.3590778278278279
0 0.2036098598598599 0.260228978978979 0.22488113113113117 0.25115740740740744 0.235203953953954 0.24802927927927934 0.23958333333333337 0.2474036536536537 0.24302427427427428 0.24646521521521525 0.24364989989989994 0.24458833833833837 0.24208583583583587 0.24364989989989994 0.240208958958959 0.24239864864864868 0.23801926926926928 0.2427114614614615 0.23395270270270274 0.24396271271271275 0.22425550550550552 0.24709084084084088 0.2086148648648649 0.2527214714714715 0.2042354854854855 0.2549111611611612 0.20048173173173175 0.25678803803803807 0.19766641641641644 0.25835210210210213 0.19453828828828834 0.2599161661661662 0.19359984984984988 0.2627314814814815 0.19704079079079084 0.26335710710710714
0 0.9809753483386924 0.5502411575562701 0.9689174705251876 0.542537513397642 0.9545150053590568 0.5331591639871383 0.9498258306538049 0.5304796355841372 0.9468113612004286 0.5278001071811361 0.9458065380493034 0.5254555198285101 0.9481511254019293 0.5234458735262594 0.9511655948553055 0.5254555198285101 0.9595391211146839 0.5318193997856377 0.972601822079314 0.540192926045016 0.9846596998928189 0.5472266881028939 0.9906886387995714 0.5509110396570204 0.9943729903536977 0.552585744908896 0.9967175777063237 0.5542604501607717 0.997387459807074 0.5566050375133976 0.997387459807074 0.5576098606645231 0.9957127545551983 0.5576098606645231 0.9933681672025724 0.5556002143622722 0.9859994640943195 0.5529206859592712
0 0.8992497320471597 0.8969051446945338 0.8962352625937835 0.8841773847802786 0.8945605573419079 0.8801580921757771 0.8935557341907824 0.8768086816720257 0.8935557341907824 0.8724544480171489 0.8969051446945338 0.8727893890675241 0.8985798499464095 0.8764737406216505 0.9012593783494105 0.8865219721329046 0.9036039657020364 0.8962352625937835 0.9042738478027866 0.9002545551982851 0.9042738478027866 0.9039389067524116
0 0.8322615219721329 0.44272508038585207 0.8302518756698821 0.440045551982851 0.8282422293676314 0.4380359056806002 0.8258976420150054 0.4353563772775991 0.8228831725616292 0.43368167202572344 0.8188638799571276 0.4316720257234727 0.8158494105037514 0.4296623794212219 0.8155144694533762 0.4279876741693462 0.8165192926045016 0.4259780278670954 0.8202036441586281 0.42631296891747056 0.8245578778135048 0.4283226152197213 0.8279072883172561 0.4303322615219721 0.8302518756698821 0.43267684887459806 0.832596463022508 0.435021436227224 0.8342711682743837 0.4380359056806002 0.8366157556270096 0.4417202572347267 0.8389603429796356 0.44439978563772775 0.8406350482315113 0.44741425509110394 0.842644694533762 0.450093783494105 0.842644694533762 0.45243837084673094 0.8403001071811361 0.4531082529474812 0.8382904608788854 0.4517684887459807
0 0.9659030010718114 0.1382636655948553 0.9608788853161844 0.13893354769560556 0.9551848874598071 0.13759378349410503 0.9535101822079315 0.1362540192926045 0.9491559485530546 0.13457931404072884 0.9444667738478028 0.13357449088960344 0.9414523043944265 0.13290460878885316 0.9394426580921758 0.13189978563772775 0.9357583065380494 0.13022508038585207 0.9334137191854234 0.12989013933547694 0.9287245444801715 0.12989013933547694 0.9233654876741694 0.12922025723472666 0.9203510182207932 0.1285503751339764 0.9186763129689175 0.127545551982851 0.9193461950696677 0.1245310825294748 0.9230305466237942 0.12386120042872453 0.9287245444801715 0.12386120042872453 0.9340836012861736 0.1245310825294748 0.9381028938906752 0.1265407288317256 0.9421221864951768 0.12821543408360128 0.9464764201500536 0.13022508038585207 0.9521704180064309 0.13189978563772775 0.9571945337620579 0.13323954983922828 0.9632234726688103 0.13390943193997856 0.9699222936763129 0.1352491961414791 0.9732717041800643 0.13658896034297963 0.9722668810289389 0.13893354769560556
0 0.7287647374062165 0.18984458735262594 0.7160369774919615 0.18716505894962487 0.7106779206859593 0.18683011789924972 0.7079983922829581 0.18683011789924972 0.7046489817792068 0.18683011789924972 0.6999598070739549 0.1864951768488746 0.7009646302250804 0.18415058949624866 0.7046489817792068 0.182475884244373 0.7096730975348339 0.18214094319399787 0.7153670953912112 0.18214094319399787 0.7183815648445874 0.18314576634512328 0.7220659163987139 0.18415058949624866 0.7264201500535905 0.18482047159699894 0.7307743837084674 0.18582529474812434 0.735128617363344 0.1875 0.7368033226152197 0.18917470525187566 0.7368033226152197 0.19185423365487672
0 0.5925792507204611 0.6790345821325647 0.5862752161383286 0.6766330451488952 0.5835734870317002 0.6754322766570605 0.5817723342939481 0.6736311239193083 0.5814721421709894 0.6721301633045148 0.5838736791546589 0.6712295869356387 0.5868756003842459 0.6715297790585975 0.5898775216138328 0.6724303554274736 0.5940802113352546 0.6742315081652257 0.5961815561959654 0.6757324687800191 0.5970821325648414 0.6775336215177713 0.5967819404418827 0.6793347742555235
0 0.4722222222222222 0.42416666666666664 0.47694444444444445 0.4277777777777778 0.4786111111111111 0.4313888888888889 0.4805555555555555 0.43555555555555553 0.48166666666666663 0.4386111111111111 0.48194444444444445 0.44305555555555554 0.4822222222222222 0.4469444444444444 0.4811111111111111 0.4516666666666667 0.4805555555555555 0.4533333333333333 0.4766666666666667 0.4516666666666667 0.47250000000000003 0.4413888888888889 0.4711111111111111 0.43666666666666665 0.4711111111111111 0.4297222222222222
0 0.5196383046526449 0.7449012109623964 0.524219247928617 0.7413161249203314 0.5299952198852772 0.7379302103250478 0.5375637348629699 0.7371335245379222 0.5419455066921606 0.735540152963671 0.546725621414914 0.7347434671765456 0.5501115360101976 0.7347434671765456 0.5485181644359465 0.738527724665392 0.5463272785213512 0.7427103250478011 0.5397546207775652 0.7449012109623964 0.5337794773741236 0.7464945825366475 0.5288001912045889 0.7474904397705545 0.5244184193753983 0.7478887826641173 0.5212316762268961 0.7484862970044613
0 0.27836134453781514 0.8423056722689075 0.271577380952381 0.8475577731092437 0.2661064425770308 0.8534663865546219 0.2621673669467787 0.859156162464986 0.26260504201680673 0.8637517507002801 0.26851365546218486 0.8600315126050421 0.275516456582633 0.8541228991596639 0.2803308823529412 0.8479954481792717 0.28251925770308123 0.8425245098039216 0.2823004201680673 0.8409926470588236
0 0.7507593014426728 0.6599990508731967 0.752538914198937 0.6581007972665148 0.754081245254366 0.6560839028094154 0.7551490129081245 0.6543042900531512 0.7559794988610479 0.6528805998481398 0.7591828018223234 0.6499145785876994 0.7608437737281701 0.6475417615793471 0.762148823082764 0.6449316628701596 0.76333523158694 0.6429147684130601 0.7654707668944571 0.6411351556567958 0.7676063022019742 0.6389996203492788 0.7710468868640851 0.6371013667425969 0.771996013667426 0.635203113135915 0.7737756264236902 0.631169324221716 0.774487471526196 0.6271355353075171 0.7742501898253608 0.625 0.7737756264236902 0.6240508731966591 0.7722332953682612 0.6242881548974943 0.7696231966590737 0.6273728170083523 0.7659453302961275 0.632118451025057 0.7629793090356872 0.6368640850417616 0.7608437737281701 0.6392369020501139 0.7588268792710707 0.6414910782080486 0.7572845482156417 0.6437452543659834 0.7551490129081245 0.6462367122247533 0.7523016324981018 0.6495586560364466 0.7493356112376615 0.6520501138952164 0.7469627942293091 0.6554906985573273 0.7458950265755505 0.6575075930144268 0.7461323082763858 0.6601176917236143 0.7473187167805619 0.6611854593773728 0.7489796886864085 0.6611854593773728
0 0.7567708333333333 0.4060416666666667 0.7517708333333334 0.40562499999999996 0.7454166666666667 0.40572916666666664 0.7395833333333334 0.40572916666666664 0.7351041666666667 0.40572916666666664 0.72875 0.4058333333333334 0.7241666666666667 0.40489583333333334 0.7184375000000001 0.4046875 0.7125 0.4045833333333333 0.7072916666666667 0.4045833333333333 0.7042708333333334 0.4046875 0.7052083333333333 0.4066666666666666 0.7095833333333333 0.40760416666666666 0.7118749999999999 0.4083333333333333 0.7160416666666667 0.40854166666666664 0.7200000000000001 0.40875 0.7247916666666666 0.40875 0.7310416666666666 0.409375 0.7357291666666667 0.40968750000000004 0.7409374999999999 0.41020833333333334 0.7459375 0.4110416666666667 0.7502083333333334 0.41125 0.7536458333333333 0.41020833333333334 0.7564583333333333 0.40822916666666664
