1 0.00125 0.013958333333333333 0.012916666666666667 0.010416666666666666 0.028541666666666667 0.0060416666666666665 0.042499999999999996 0.00875 0.056875 0.01583333333333333 0.06541666666666666 0.027291666666666665 0.06958333333333333 0.03854166666666667 0.060000000000000005 0.050416666666666665 0.041041666666666664 0.057708333333333334 0.026875 0.060625000000000005 0.013958333333333333 0.060000000000000005 0.0035416666666666665 0.057916666666666665 0.0008333333333333334 0.05604166666666666
0 0.0018750000000000001 0.034791666666666665 0.004791666666666666 0.033125 0.02 0.033749999999999995 0.034375 0.030833333333333334 0.04125 0.03125 0.042083333333333334 0.033749999999999995 0.030000000000000002 0.034583333333333334 0.017916666666666668 0.03666666666666667 0.005 0.037083333333333336
1 0.0004166666666666667 0.08916666666666666 0.013958333333333333 0.09166666666666666 0.021041666666666667 0.09749999999999999 0.025625000000000002 0.11229166666666666 0.026041666666666668 0.135625 0.023125 0.15083333333333335 0.019375 0.16 0.010833333333333334 0.16979166666666667 0.003125 0.17604166666666668 0.0004166666666666667 0.178125
1 0.37104166666666666 0.11229166666666666 0.38145833333333334 0.10645833333333334 0.399375 0.103125 0.41833333333333333 0.105 0.4395833333333333 0.11270833333333334 0.45125 0.12145833333333332 0.46020833333333333 0.1275 0.4635416666666667 0.13895833333333335 0.4633333333333333 0.14625000000000002 0.4527083333333334 0.15875 0.43333333333333335 0.16374999999999998 0.41583333333333333 0.16229166666666667 0.39895833333333336 0.15708333333333335 0.37937499999999996 0.14479166666666668 0.36625 0.13458333333333333 0.3622916666666667 0.12416666666666668 0.36604166666666665 0.11645833333333333
1 0.3320833333333333 0.206875 0.34562499999999996 0.19312499999999996 0.3656249999999999 0.18979166666666666 0.3827083333333333 0.19395833333333332 0.399375 0.20229166666666665 0.4091666666666667 0.21666666666666667 0.40895833333333337 0.23208333333333334 0.39895833333333325 0.24354166666666666 0.3933333333333333 0.24833333333333332 0.3829166666666667 0.25437499999999996 0.3666666666666666 0.25458333333333333 0.3527083333333333 0.2502083333333333 0.34395833333333325 0.24374999999999997 0.33499999999999996 0.2364583333333333 0.3308333333333333 0.22791666666666666 0.32999999999999996 0.21916666666666665
0 0.350625 0.22229166666666667 0.35104166666666664 0.21833333333333332 0.35666666666666663 0.21979166666666666 0.3720833333333333 0.22416666666666665 0.3804166666666667 0.22624999999999998 0.3825 0.22791666666666668 0.3797916666666667 0.22958333333333333 0.37437499999999996 0.22791666666666668 0.36374999999999996 0.22645833333333334 0.35354166666666664 0.223125
1 0.5700000000000001 0.10458333333333333 0.5793750000000001 0.09166666666666666 0.5902083333333333 0.08416666666666667 0.5975 0.07979166666666666 0.6170833333333333 0.07645833333333334 0.630625 0.08229166666666667 0.6366666666666667 0.094375 0.638125 0.11020833333333332 0.6285416666666667 0.12604166666666666 0.6147916666666667 0.13375 0.6012500000000001 0.13666666666666666 0.5858333333333333 0.13958333333333334 0.5791666666666667 0.13854166666666667 0.5725 0.13541666666666666 0.5679166666666667 0.13166666666666668 0.5647916666666667 0.126875 0.5645833333333333 0.11875
0 0.5914583333333333 0.119375 0.595625 0.10604166666666666 0.6014583333333333 0.099375 0.6079166666666667 0.095625 0.6183333333333334 0.091875 0.62125 0.09104166666666667 0.6181249999999999 0.1 0.6127083333333334 0.1075 0.605625 0.11437499999999999 0.5985416666666666 0.1175
1 0.6633333333333333 0.13395833333333332 0.6752083333333334 0.13145833333333334 0.6847916666666667 0.131875 0.6943750000000001 0.13375 0.705 0.14291666666666666 0.715 0.15479166666666666 0.7214583333333333 0.16416666666666666 0.724375 0.18166666666666667 0.7239583333333334 0.19375 0.7179166666666668 0.20166666666666666 0.7108333333333333 0.20500000000000002 0.7008333333333333 0.20625 0.684375 0.2029166666666667 0.675625 0.19895833333333332 0.665625 0.19562500000000002 0.6572916666666667 0.18229166666666666 0.6508333333333333 0.170625 0.6477083333333333 0.15791666666666665 0.6487499999999999 0.14541666666666667 0.6535416666666667 0.13770833333333332
0 0.6772916666666667 0.1625 0.6920833333333333 0.17854166666666668 0.6891666666666667 0.18041666666666664 0.68125 0.17229166666666668 0.6747916666666666 0.16666666666666666
1 0.935625 0.27166666666666667 0.9391666666666667 0.2670833333333333 0.9502083333333334 0.26125000000000004 0.96375 0.25895833333333335 0.9779166666666667 0.26104166666666667 0.995 0.2672916666666667 0.9989583333333333 0.270625 0.9989583333333333 0.323125 0.9895833333333334 0.325625 0.974375 0.32208333333333333 0.9606250000000001 0.31520833333333337 0.9460416666666667 0.3070833333333333 0.9383333333333332 0.30041666666666667 0.9329166666666667 0.28958333333333336 0.931875 0.2816666666666666
0 0.956875 0.2841666666666667 0.9625 0.2808333333333334 0.9720833333333334 0.2827083333333333 0.9847916666666666 0.29020833333333335 0.9924999999999999 0.298125 0.9866666666666667 0.30333333333333334 0.9777083333333334 0.3016666666666667 0.9683333333333334 0.2954166666666667 0.9616666666666667 0.2914583333333333
1 0.7764583333333334 0.24395833333333333 0.78125 0.23520833333333335 0.7899999999999999 0.22604166666666667 0.8056249999999999 0.22145833333333334 0.8204166666666667 0.22333333333333333 0.8404166666666666 0.234375 0.8527083333333334 0.24666666666666667 0.8614583333333333 0.26166666666666666 0.863125 0.2760416666666667 0.8616666666666667 0.2875 0.8554166666666667 0.29875 0.84625 0.3077083333333333 0.8329166666666666 0.3129166666666666 0.8202083333333333 0.3154166666666667 0.8120833333333334 0.3141666666666667 0.7989583333333333 0.30666666666666664 0.7864583333333334 0.2966666666666667 0.7808333333333334 0.28854166666666664 0.7766666666666667 0.271875 0.7754166666666666 0.255625
0 0.7979166666666667 0.23125 0.8056249999999999 0.24250000000000002 0.8164583333333333 0.2602083333333333 0.8279166666666666 0.2764583333333333 0.8379166666666666 0.288125 0.8397916666666667 0.2914583333333333 0.825625 0.27854166666666663 0.813125 0.25875 0.8043750000000001 0.245625 0.7983333333333333 0.23770833333333333
1 0.5141666666666667 0.19770833333333335 0.5220833333333333 0.19479166666666667 0.54125 0.19520833333333334 0.565625 0.19958333333333333 0.5864583333333333 0.21354166666666666 0.599375 0.225625 0.609375 0.23833333333333334 0.6122916666666666 0.25375 0.6081249999999999 0.26666666666666666 0.5972916666666667 0.2725 0.5758333333333333 0.27375 0.556875 0.26999999999999996 0.5429166666666667 0.2660416666666667 0.5304166666666666 0.2575 0.5179166666666667 0.24145833333333336 0.51125 0.21979166666666666 0.5097916666666666 0.20875000000000002
0 0.5327083333333333 0.21687499999999998 0.5404166666666667 0.22125 0.5504166666666667 0.22874999999999998 0.5689583333333333 0.24166666666666667 0.5847916666666666 0.25145833333333334 0.5891666666666667 0.2533333333333333 0.5889583333333334 0.255625 0.5856250000000001 0.255 0.5722916666666666 0.24708333333333332 0.551875 0.23333333333333334 0.540625 0.22520833333333332 0.5366666666666667 0.22020833333333334
1 0.46416666666666667 0.31187499999999996 0.46770833333333334 0.30625 0.47708333333333336 0.301875 0.49166666666666664 0.29958333333333337 0.51 0.30104166666666665 0.533125 0.3129166666666666 0.5427083333333333 0.32708333333333334 0.5445833333333333 0.338125 0.5379166666666666 0.35333333333333333 0.5308333333333334 0.36208333333333337 0.5225000000000001 0.36875 0.5075 0.37104166666666666 0.49104166666666665 0.366875 0.47625 0.35854166666666665 0.4708333333333333 0.35270833333333335 0.46270833333333333 0.33875 0.460625 0.32583333333333336 0.46166666666666667 0.31687499999999996
0 0.4825 0.3247916666666667 0.4860416666666667 0.3229166666666667 0.4925 0.3252083333333333 0.5014583333333333 0.329375 0.516875 0.33875 0.5185416666666667 0.34104166666666663 0.5141666666666667 0.340625 0.5041666666666667 0.33458333333333334 0.4920833333333333 0.3295833333333333 0.4864583333333333 0.3266666666666667
1 0.2552083333333333 0.22 0.26645833333333335 0.21229166666666668 0.2814583333333333 0.21291666666666667 0.2952083333333333 0.21729166666666666 0.3127083333333333 0.22958333333333333 0.32208333333333333 0.24416666666666667 0.32458333333333333 0.2597916666666667 0.32416666666666666 0.27229166666666665 0.3202083333333333 0.28020833333333334 0.3095833333333333 0.28562499999999996 0.29250000000000004 0.2827083333333333 0.27625 0.2733333333333333 0.2670833333333333 0.2660416666666667 0.25958333333333333 0.258125 0.255625 0.24958333333333332 0.253125 0.23791666666666667 0.2525 0.22895833333333335
0 0.26791666666666664 0.23125 0.26958333333333334 0.22854166666666667 0.28041666666666665 0.23666666666666666 0.2920833333333333 0.245625 0.2985416666666667 0.25229166666666664 0.3025 0.258125 0.299375 0.25916666666666666 0.29604166666666665 0.25395833333333334 0.29 0.2475 0.2791666666666667 0.23875 0.27208333333333334 0.23479166666666668
1 0.32895833333333335 0.358125 0.333125 0.34833333333333333 0.33708333333333335 0.33979166666666666 0.34479166666666666 0.33416666666666667 0.35625 0.33187500000000003 0.36854166666666666 0.33125 0.38458333333333333 0.3408333333333333 0.39416666666666667 0.35354166666666664 0.39979166666666666 0.3672916666666667 0.4014583333333333 0.37958333333333333 0.3985416666666667 0.391875 0.3922916666666667 0.39875 0.383125 0.405 0.36645833333333333 0.4077083333333333 0.3541666666666667 0.40625 0.34479166666666666 0.40187500000000004 0.334375 0.38666666666666666 0.32895833333333335 0.36916666666666664
0 0.35666666666666663 0.3575 0.359375 0.3589583333333334 0.3627083333333333 0.364375 0.36791666666666667 0.375 0.3729166666666667 0.384375 0.3745833333333334 0.3910416666666666 0.371875 0.3889583333333333 0.36833333333333335 0.38395833333333335 0.365 0.3754166666666666 0.360625 0.3672916666666667 0.3575 0.360625
1 0.34791666666666665 0.45229166666666665 0.35562499999999997 0.4454166666666667 0.3645833333333333 0.44020833333333337 0.3827083333333333 0.43645833333333334 0.39895833333333336 0.43645833333333334 0.409375 0.439375 0.41750000000000004 0.4454166666666667 0.42250000000000004 0.45125 0.4235416666666667 0.4635416666666667 0.4204166666666667 0.47125 0.41062499999999996 0.4795833333333333 0.40166666666666667 0.484375 0.390625 0.48833333333333334 0.37375 0.49041666666666667 0.3572916666666667 0.486875 0.34833333333333333 0.483125 0.3433333333333334 0.47541666666666665 0.3420833333333333 0.46437500000000004 0.34437500000000004 0.45895833333333336
0 0.3575 0.47 0.3641666666666667 0.4666666666666667 0.37562500000000004 0.4639583333333333 0.3939583333333333 0.46 0.39729166666666665 0.459375 0.40041666666666664 0.46041666666666664 0.39875 0.46375 0.38833333333333336 0.46458333333333335 0.3720833333333333 0.466875 0.3645833333333333 0.470625
1 0.2695833333333333 0.48250000000000004 0.27374999999999994 0.4645833333333334 0.2820833333333333 0.4477083333333333 0.2889583333333333 0.44333333333333336 0.3008333333333333 0.44312500000000005 0.3145833333333333 0.44854166666666667 0.3252083333333333 0.46375000000000005 0.32687499999999997 0.4789583333333333 0.32083333333333336 0.5004166666666667 0.313125 0.5085416666666667 0.305625 0.513125 0.29270833333333335 0.51625 0.281875 0.5125000000000001 0.273125 0.5052083333333334 0.26999999999999996 0.49562500000000004
0 0.2989583333333333 0.49395833333333333 0.29416666666666663 0.49291666666666667 0.2952083333333333 0.4827083333333333 0.2954166666666667 0.46791666666666665 0.29958333333333337 0.4670833333333333 0.299375 0.4810416666666667
1 0.4858333333333333 0.48874999999999996 0.4925 0.4775 0.5054166666666666 0.45895833333333336 0.5139583333333333 0.4497916666666667 0.5258333333333334 0.44145833333333334 0.5408333333333334 0.44020833333333337 0.5495833333333333 0.44125000000000003 0.5577083333333334 0.4454166666666667 0.5627083333333334 0.4552083333333333 0.560625 0.4685416666666667 0.5491666666666667 0.49166666666666664 0.5410416666666666 0.5033333333333333 0.53 0.51125 0.5152083333333334 0.5170833333333333 0.5025 0.52125 0.48874999999999996 0.5189583333333333 0.48354166666666665 0.5114583333333333 0.4829166666666667 0.50125
1 0.6791666666666667 0.40541666666666665 0.6829166666666667 0.3875 0.6889583333333333 0.371875 0.7025 0.35874999999999996 0.716875 0.35208333333333336 0.7266666666666667 0.35083333333333333 0.7347916666666666 0.3541666666666667 0.7422916666666667 0.36354166666666665 0.7477083333333333 0.38479166666666664 0.7472916666666667 0.4 0.7420833333333333 0.415625 0.736875 0.4266666666666667 0.7283333333333334 0.43875 0.7185416666666666 0.446875 0.7064583333333334 0.4477083333333333 0.69375 0.44854166666666667 0.6845833333333334 0.44125000000000003 0.6806249999999999 0.43083333333333335 0.6783333333333333 0.41583333333333333
1 0.8714583333333333 0.38458333333333333 0.873125 0.36875 0.88125 0.35479166666666667 0.8885416666666667 0.35041666666666665 0.896875 0.35 0.9083333333333333 0.354375 0.9191666666666667 0.36333333333333334 0.925625 0.3747916666666667 0.9308333333333334 0.391875 0.9314583333333334 0.411875 0.9297916666666667 0.42541666666666667 0.9239583333333333 0.43395833333333333 0.9189583333333334 0.439375 0.9047916666666667 0.43979166666666664 0.8964583333333334 0.4341666666666667 0.8883333333333333 0.423125 0.8810416666666666 0.41000000000000003 0.8752083333333334 0.39729166666666665 0.8714583333333333 0.3872916666666667
0 0.9004166666666666 0.38833333333333336 0.8989583333333333 0.384375 0.9002083333333334 0.37916666666666665 0.9054166666666668 0.385625 0.90875 0.395625 0.9066666666666666 0.4014583333333333 0.904375 0.39958333333333335 0.90125 0.3927083333333333
1 0.8202083333333334 0.5116666666666666 0.8320833333333334 0.5045833333333333 0.8456250000000001 0.4983333333333333 0.856875 0.4958333333333333 0.8706250000000001 0.49499999999999994 0.89375 0.49708333333333327 0.9070833333333334 0.5025 0.9154166666666668 0.5125 0.9175000000000001 0.52125 0.9175000000000001 0.531875 0.909375 0.543125 0.8972916666666667 0.5516666666666665 0.8800000000000001 0.5585416666666666 0.8654166666666667 0.5604166666666667 0.8497916666666667 0.5595833333333332 0.8350000000000001 0.5564583333333333 0.8247916666666667 0.5512499999999999 0.816875 0.5408333333333333 0.8139583333333335 0.5345833333333333 0.8135416666666667 0.5225
0 0.840625 0.5358333333333333 0.8489583333333334 0.530625 0.8589583333333334 0.5275 0.8791666666666667 0.525625 0.8885416666666667 0.525625 0.8939583333333334 0.525625 0.8910416666666666 0.5297916666666667 0.8885416666666667 0.5325 0.8804166666666667 0.5370833333333334 0.8710416666666667 0.5399999999999999 0.8552083333333333 0.5404166666666667 0.8489583333333334 0.5395833333333333 0.84375 0.5381250000000001
1 0.9702083333333333 0.41541666666666666 0.9770833333333333 0.403125 0.9866666666666667 0.38979166666666665 0.9954166666666667 0.3825 0.9989583333333333 0.3814375 0.9989583333333333 0.463125 0.994375 0.461875 0.980625 0.45541666666666664 0.974375 0.44916666666666666 0.9685416666666666 0.43395833333333333 0.968125 0.4266666666666667
1 0.67 0.5647916666666667 0.6789583333333333 0.551875 0.6945833333333333 0.5389583333333333 0.7070833333333333 0.531875 0.723125 0.52625 0.7377083333333334 0.5275 0.7445833333333333 0.5327083333333333 0.748125 0.540625 0.7477083333333333 0.5510416666666667 0.7420833333333333 0.5635416666666667 0.7364583333333333 0.5720833333333334 0.725 0.58 0.7158333333333334 0.5854166666666667 0.7066666666666667 0.59125 0.6939583333333333 0.5935416666666666 0.6854166666666667 0.5924999999999999 0.67625 0.5862499999999999 0.6708333333333333 0.5804166666666667 0.6689583333333334 0.571875
1 0.33520833333333333 0.5795833333333333 0.34479166666666666 0.565625 0.35666666666666663 0.5604166666666667 0.37604166666666666 0.5566666666666666 0.38666666666666666 0.5556249999999999 0.395625 0.5579166666666667 0.4041666666666667 0.5641666666666667 0.40729166666666666 0.5775 0.40625 0.589375 0.395625 0.5970833333333334 0.383125 0.6058333333333333 0.3670833333333333 0.6116666666666667 0.3514583333333333 0.6097916666666666 0.3425 0.6047916666666667 0.33666666666666667 0.5997916666666666 0.3333333333333333 0.593125 0.3333333333333333 0.5862499999999999
1 0.2672916666666667 0.6070833333333333 0.271875 0.5950000000000001 0.27749999999999997 0.5914583333333333 0.28875 0.5889583333333334 0.29583333333333334 0.59 0.30416666666666664 0.5920833333333333 0.31166666666666665 0.5972916666666667 0.31645833333333334 0.6108333333333333 0.3179166666666667 0.623125 0.3139583333333333 0.6341666666666667 0.3095833333333333 0.6389583333333333 0.304375 0.64125 0.2972916666666666 0.6427083333333333 0.28520833333333334 0.6393749999999999 0.27895833333333336 0.6341666666666667 0.273125 0.6262500000000001 0.2689583333333333 0.6189583333333334
1 0.7404166666666666 0.6483333333333333 0.753125 0.6414583333333332 0.7741666666666667 0.64125 0.794375 0.650625 0.8116666666666668 0.6635416666666667 0.8177083333333334 0.675 0.8197916666666667 0.6922916666666666 0.8152083333333333 0.7027083333333334 0.7939583333333334 0.7104166666666667 0.7745833333333334 0.708125 0.76 0.706875 0.7483333333333333 0.6995833333333333 0.7366666666666667 0.6883333333333332 0.7327083333333333 0.6752083333333334 0.7327083333333333 0.6643749999999999 0.734375 0.6564583333333334
1 0.636875 0.7743749999999999 0.6439583333333334 0.7635416666666667 0.6547916666666667 0.751875 0.6645833333333333 0.7435416666666667 0.67375 0.7383333333333333 0.6883333333333332 0.7339583333333334 0.6995833333333333 0.7335416666666668 0.7052083333333333 0.74375 0.705 0.7560416666666666 0.7008333333333333 0.7725000000000001 0.696875 0.7814583333333334 0.6889583333333333 0.790625 0.6804166666666667 0.80125 0.6704166666666667 0.8079166666666667 0.658125 0.814375 0.645625 0.8145833333333333 0.6393749999999999 0.8125 0.6341666666666667 0.8035416666666666 0.6322916666666667 0.7933333333333333 0.6333333333333333 0.7852083333333333
0 0.6475000000000001 0.7970833333333334 0.6497916666666667 0.7877083333333333 0.6570833333333332 0.775 0.6622916666666666 0.7666666666666667 0.67375 0.7541666666666667 0.68125 0.7487499999999999 0.685 0.7527083333333333 0.6791666666666667 0.7589583333333334 0.6735416666666667 0.7668750000000001 0.6649999999999999 0.7783333333333334 0.65875 0.7854166666666667 0.65375 0.7925
1 0.7441666666666666 0.8025 0.7495833333333334 0.7860416666666666 0.7587499999999999 0.7752083333333334 0.7683333333333333 0.7743749999999999 0.775625 0.7752083333333334 0.7858333333333333 0.7797916666666667 0.7922916666666667 0.783125 0.7979166666666667 0.793125 0.800625 0.8075 0.7991666666666667 0.8277083333333334 0.7958333333333333 0.8441666666666666 0.7895833333333333 0.8522916666666667 0.7789583333333333 0.8585416666666668 0.7654166666666666 0.8595833333333334 0.7527083333333333 0.849375 0.7464583333333333 0.833125 0.7439583333333334 0.8185416666666666 0.7435416666666667 0.8110416666666667
0 0.7704166666666666 0.8439583333333334 0.765625 0.8408333333333334 0.7652083333333334 0.8320833333333333 0.7610416666666667 0.8222916666666666 0.76 0.8135416666666667 0.76125 0.7985416666666667 0.7635416666666667 0.7893749999999999 0.765625 0.7854166666666667 0.7679166666666667 0.7927083333333333 0.76625 0.7979166666666667 0.7672916666666667 0.808125 0.7660416666666666 0.8214583333333334 0.7677083333333333 0.8279166666666666 0.77 0.8333333333333334
1 0.6545833333333333 0.876875 0.6595833333333334 0.8660416666666666 0.6685416666666666 0.8564583333333334 0.6797916666666667 0.8497916666666666 0.689375 0.8485416666666666 0.7010416666666667 0.8518749999999999 0.71375 0.8585416666666668 0.7216666666666666 0.8679166666666667 0.7266666666666667 0.8822916666666667 0.7260416666666667 0.893125 0.7204166666666667 0.9033333333333334 0.7114583333333333 0.9120833333333334 0.7014583333333333 0.91625 0.6922916666666666 0.9160416666666666 0.675625 0.9141666666666667 0.6635416666666667 0.9066666666666666 0.6570833333333332 0.8987499999999999 0.6533333333333334 0.8908333333333334 0.6535416666666667 0.8814583333333333
1 0.9331250000000001 0.8500000000000001 0.9414583333333334 0.8422916666666668 0.9543750000000001 0.8385416666666667 0.9672916666666667 0.8375000000000001 0.9854166666666667 0.848125 0.9897916666666667 0.8597916666666667 0.98875 0.8733333333333334 0.9847916666666667 0.8835416666666667 0.9710416666666667 0.8891666666666668 0.9591666666666666 0.8908333333333334 0.9475 0.8891666666666668 0.9366666666666668 0.8839583333333335 0.93125 0.8766666666666668 0.9295833333333334 0.8656250000000001 0.9310416666666668 0.8560416666666667
1 0.9064583333333334 0.7504166666666666 0.9139583333333333 0.7379166666666667 0.9235416666666667 0.7320833333333333 0.9352083333333333 0.7339583333333334 0.9508333333333333 0.746875 0.956875 0.7554166666666667 0.9606250000000001 0.7645833333333333 0.963125 0.7797916666666667 0.9645833333333333 0.793125 0.9629166666666666 0.8049999999999999 0.9602083333333333 0.8125 0.953125 0.8147916666666667 0.9310416666666667 0.8097916666666667 0.9210416666666668 0.7985416666666667 0.9116666666666667 0.7860416666666666 0.906875 0.7704166666666666 0.9047916666666667 0.7625
0 0.9329166666666667 0.7552083333333334 0.9414583333333333 0.7645833333333333 0.9458333333333333 0.775 0.9479166666666666 0.7875 0.94375 0.7875 0.9377083333333334 0.7804166666666668 0.9333333333333333 0.77125 0.9316666666666666 0.7654166666666666
1 0.8064583333333334 0.720625 0.8141666666666667 0.7083333333333334 0.8233333333333334 0.7004166666666667 0.8308333333333333 0.6952083333333333 0.8350000000000001 0.69375 0.84125 0.69875 0.8429166666666668 0.7070833333333333 0.84375 0.720625 0.8364583333333333 0.7402083333333334 0.8277083333333334 0.7504166666666666 0.8145833333333333 0.755 0.8077083333333334 0.7539583333333333 0.8039583333333333 0.7439583333333334 0.8045833333333333 0.7314583333333334
1 0.926875 0.9989583333333333 0.9227083333333332 0.9924999999999999 0.9179166666666667 0.9822916666666667 0.9179166666666667 0.973125 0.9222916666666666 0.9618749999999999 0.936875 0.9514583333333333 0.9464583333333334 0.9491666666666667 0.9625 0.9516666666666667 0.9847916666666666 0.9629166666666666 0.9989583333333333 0.973125 0.9989583333333333 0.9989583333333333
0 0.9445833333333333 0.980625 0.9489583333333333 0.9770833333333333 0.9683333333333334 0.9789583333333333 0.9735416666666666 0.9827083333333333 0.9760416666666667 0.98625 0.9652083333333333 0.9866666666666667 0.9560416666666666 0.9877083333333334 0.94875 0.9847916666666666
1 0.7866666666666667 0.9639583333333334 0.7977083333333332 0.9387500000000001 0.814375 0.9210416666666668 0.8350000000000001 0.9120833333333334 0.8485416666666666 0.9083333333333333 0.8654166666666666 0.9054166666666668 0.875625 0.9133333333333333 0.8754166666666666 0.9283333333333333 0.87 0.9458333333333333 0.8641666666666666 0.959375 0.855 0.9741666666666667 0.8422916666666667 0.98625 0.8310416666666666 0.9931249999999999 0.81625 0.9960416666666667 0.803125 0.9964583333333333 0.7933333333333333 0.9931249999999999 0.7879166666666666 0.9866666666666667 0.7845833333333334 0.9791666666666666
1 0.3625 0.9983333333333333 0.36333333333333334 0.9860416666666667 0.37083333333333335 0.9727083333333333 0.38145833333333334 0.9639583333333334 0.4010416666666667 0.9602083333333333 0.4197916666666667 0.9585416666666667 0.44187499999999996 0.9633333333333333 0.4625 0.974375 0.47708333333333336 0.9879166666666667 0.4838310185185185 0.9989583333333333 0.3622916666666667 0.9989583333333333
0 0.4 0.9866666666666667 0.41375 0.9847916666666666 0.42895833333333333 0.9877083333333334 0.4429166666666667 0.9941666666666666 0.4488583333333333 0.9989583333333333 0.43166666666666664 0.9989583333333333 0.41208333333333336 0.9929166666666667 0.40562499999999996 0.9904166666666666
1 0.3420833333333333 0.8297916666666667 0.35354166666666664 0.8212499999999999 0.375 0.8158333333333334 0.40020833333333333 0.8222916666666666 0.40875 0.8245833333333333 0.419375 0.8362499999999999 0.4214583333333334 0.8504166666666666 0.4189583333333333 0.864375 0.41354166666666664 0.8716666666666666 0.3891666666666667 0.875 0.37 0.8691666666666666 0.35520833333333335 0.863125 0.3425 0.8558333333333333 0.338125 0.8477083333333333 0.3375 0.8414583333333333 0.33729166666666666 0.8372916666666667
0 0.36895833333333333 0.8447916666666667 0.37145833333333333 0.8402083333333333 0.384375 0.846875 0.4008333333333333 0.8506250000000001 0.39958333333333335 0.8541666666666666 0.39499999999999996 0.8547916666666667 0.38458333333333333 0.853125 0.375 0.8479166666666667
1 0.18479166666666666 0.931875 0.18458333333333335 0.919375 0.19187500000000002 0.9116666666666667 0.208125 0.9075000000000001 0.22979166666666667 0.9095833333333334 0.246875 0.9149999999999999 0.26125000000000004 0.9266666666666666 0.2689583333333333 0.9460416666666667 0.26999999999999996 0.9600000000000001 0.25916666666666666 0.9697916666666668 0.23895833333333333 0.9718750000000002 0.22708333333333333 0.9681250000000001 0.21416666666666667 0.9629166666666668 0.19833333333333333 0.9520833333333333 0.18937500000000002 0.9408333333333334
0 0.19499999999999998 0.9293750000000001 0.19583333333333333 0.924375 0.20604166666666668 0.9204166666666667 0.22416666666666665 0.924375 0.235625 0.9295833333333333 0.24229166666666666 0.9358333333333333 0.24520833333333333 0.9433333333333334 0.24520833333333333 0.9477083333333333 0.23541666666666666 0.9447916666666667 0.22395833333333334 0.9383333333333332 0.21520833333333333 0.9354166666666667 0.20895833333333333 0.9366666666666668
1 0.21270833333333333 0.8304166666666667 0.21541666666666667 0.8193750000000001 0.225 0.8141666666666667 0.23958333333333334 0.8139583333333333 0.25229166666666664 0.81625 0.2652083333333333 0.8208333333333333 0.2797916666666667 0.830625 0.288125 0.8422916666666667 0.29104166666666664 0.8633333333333333 0.29083333333333333 0.8772916666666667 0.2816666666666666 0.8833333333333333 0.25895833333333335 0.8797916666666666 0.24083333333333332 0.8697916666666666 0.22874999999999998 0.861875 0.2175 0.8491666666666667 0.21354166666666666 0.8372916666666667
1 0.07395833333333333 0.9977083333333333 0.08520833333333333 0.986875 0.10062499999999999 0.98 0.1125 0.979375 0.126875 0.9827083333333333 0.13333333333333333 0.9902083333333334 0.13416666666666668 0.9987499999999999
