1 0.9193022088353413 0.05867218875502008 0.9171059236947791 0.054593373493975896 0.9158509036144576 0.05271084337349397 0.9145958835341365 0.05082831325301205 0.9127133534136546 0.048318273092369475 0.9105170682730923 0.04486696787148594 0.9089482931726907 0.04204317269076305 0.9080070281124498 0.039219377510040156 0.9080070281124498 0.03670933734939759 0.90832078313253 0.0338855421686747 0.909262048192771 0.03168925702811245 0.9105170682730923 0.029179216867469878 0.9117720883534136 0.027296686746987948 0.9136546184738955 0.025414156626506024 0.916164658634538 0.023531626506024094 0.9183609437751004 0.022276606425702807 0.9224397590361445 0.02196285140562249 0.9255773092369477 0.02196285140562249 0.9280873493975902 0.021335341365461846 0.9299698795180722 0.020707831325301202 0.9340486947791165 0.020394076305220884 0.9371862449799196 0.020394076305220884 0.9403237951807227 0.020707831325301202 0.9428338353413654 0.020707831325301202 0.944402610441767 0.02008032128514056 0.9472264056224898 0.01945281124497992 0.9500502008032128 0.019139056224899597 0.9519327309236947 0.01945281124497992 0.9541290160642569 0.020394076305220884 0.9569528112449799 0.021021586345381524 0.9594628514056224 0.02196285140562249 0.961972891566265 0.022590361445783132 0.9635416666666665 0.023217871485943772 0.9660517068273092 0.023845381526104416 0.9676204819277108 0.024472891566265056 0.969816767068273 0.026041666666666664 0.9751506024096385 0.02980672690763052 0.9767193775100401 0.03168925702811245 0.9779743975903614 0.03357178714859437 0.979543172690763 0.03576807228915662 0.9804844377510039 0.03765060240963855 0.9811119477911646 0.03953313253012048 0.9811119477911646 0.04172941767068273 0.9811119477911646 0.044239457831325296 0.9807981927710843 0.046435742971887545 0.9801706827309236 0.048318273092369475 0.979543172690763 0.0502008032128514 0.9786019076305219 0.05239708835341365 0.9776606425702811 0.054593373493975896 0.9757781124497991 0.05616214859437751 0.9738955823293173 0.057417168674698794 0.9716992971887549 0.05898594377510039 0.9691892570281124 0.06086847389558233 0.9676204819277108 0.0621234939759036 0.9660517068273092 0.0633785140562249 0.9644829317269076 0.06431977911646586 0.961972891566265 0.06588855421686747 0.9585215863453815 0.06714357429718874 0.9556977911646585 0.0677710843373494 0.9535015060240963 0.06808483935742972 0.9497364457831324 0.06839859437751003 0.9469126506024096 0.06839859437751003 0.944402610441767 0.06839859437751003 0.9415788152610441 0.06808483935742972 0.9374999999999999 0.06714357429718874 0.9343624497991967 0.06620230923694778 0.9302836345381525 0.06557479919678715 0.9274598393574297 0.0649472891566265 0.9246360441767068 0.0633785140562249 0.9221260040160641 0.061495983935742966
1 0.7994477911646586 0.1722515060240964 0.7994477911646586 0.16785893574297187 0.8003890562248995 0.16472138554216864 0.8013303212851405 0.16283885542168672 0.8025853413654617 0.16127008032128512 0.8054091365461847 0.15876004016064255 0.8069779116465863 0.15719126506024095 0.8085466867469879 0.15656375502008033 0.8104292168674697 0.15562248995983935 0.8126255020080321 0.1549949799196787 0.8163905622489959 0.15436746987951805 0.8204693775100401 0.15373995983935743 0.8236069277108433 0.15373995983935743 0.8276857429718875 0.15373995983935743 0.8317645582329316 0.15373995983935743 0.8358433734939759 0.15373995983935743 0.838039658634538 0.15373995983935743 0.8411772088353413 0.1546812248995984 0.8433734939759036 0.15593624497991965 0.8468247991967871 0.15781877510040157 0.84964859437751 0.15970130522088352 0.8518448795180722 0.1609563253012048 0.8549824297188754 0.16315261044176707 0.857492469879518 0.16534889558232932 0.8600025100401606 0.16785893574297187 0.8618850401606425 0.17036897590361447 0.8640813253012047 0.17319277108433734 0.8656501004016063 0.17601656626506024 0.8675326305220883 0.17946787148594376 0.8691014056224898 0.18197791164658633 0.8694151606425702 0.1844879518072289 0.8694151606425702 0.18699799196787145 0.868160140562249 0.18950803212851405 0.8643950803212851 0.19358684738955823 0.8612575301204818 0.19609688755020077 0.8584337349397589 0.19703815261044175 0.854668674698795 0.1976656626506024 0.8524723895582329 0.19829317269076305 0.84964859437751 0.19954819277108432 0.8468247991967871 0.20017570281124497 0.8446285140562249 0.2008032128514056 0.8418047188755019 0.20143072289156624 0.8396084337349397 0.2020582329317269 0.8374121485943775 0.20268574297188752 0.8355296184738955 0.20268574297188752 0.832078313253012 0.2020582329317269 0.8286270080321284 0.20174447791164657 0.8258032128514056 0.20111696787148592 0.8226656626506023 0.20017570281124497 0.8201556224899598 0.19892068273092367 0.8173318273092369 0.1976656626506024 0.814508032128514 0.19641064257028112 0.8116842369477911 0.19546937751004015 0.8072916666666665 0.1932730923694779 0.8041541164658633 0.19139056224899598 0.8019578313253012 0.18982178714859438 0.8003890562248995 0.18762550200803213 0.7994477911646586 0.18542921686746985 0.7994477911646586 0.1832329317269076 0.7997615461847388 0.181664156626506 0.8003890562248995 0.1788403614457831 0.7994477911646586 0.1757028112449799
1 0.5431099397590361 0.13836596385542166 0.5374623493975903 0.1330321285140562 0.5299322289156626 0.12487449799196786 0.5277359437751004 0.12205070281124497 0.5258534136546185 0.11891315261044175 0.5239708835341365 0.11608935742971886 0.5230296184738955 0.11452058232931725 0.5224021084337349 0.11263805220883533 0.5217745983935742 0.10887299196787148 0.5217745983935742 0.10510793172690762 0.5214608433734939 0.10228413654618472 0.5220883534136546 0.09946034136546184 0.5230296184738955 0.09695030120481926 0.5242846385542168 0.0944402610441767 0.5258534136546185 0.09255773092369476 0.528363453815261 0.09098895582329317 0.530245983935743 0.08910642570281123 0.533383534136546 0.086910140562249 0.535266064257028 0.08565512048192771 0.5374623493975903 0.08502761044176706 0.540913654618474 0.08471385542168673 0.544992469879518 0.08471385542168673 0.546875 0.08471385542168673 0.5496987951807228 0.08596887550200803 0.5531501004016064 0.0872238955823293 0.5559738955823293 0.08879267068273092 0.5587976907630522 0.08973393574297188 0.5622489959839357 0.09130271084337349 0.5644452811244979 0.09224397590361445 0.5669553212851405 0.09381275100401607 0.5688378514056224 0.09538152610441766 0.5710341365461847 0.09757781124497991 0.5729166666666666 0.09977409638554216 0.5747991967871485 0.10197038152610441 0.5776229919678715 0.10510793172690762 0.5798192771084337 0.10793172690763052 0.5823293172690762 0.11106927710843371 0.5845256024096385 0.11389307228915663 0.5864081325301205 0.11640311244979919 0.5876631526104418 0.11891315261044175 0.5892319277108433 0.12173694779116466 0.5895456827309237 0.12518825301204817 0.589859437751004 0.12895331325301204 0.589859437751004 0.13177710843373494 0.589859437751004 0.13491465863453814 0.5895456827309237 0.13773845381526104 0.588918172690763 0.14024849397590358 0.5873493975903614 0.1433860441767068 0.5857806224899598 0.14558232931726905 0.5838980923694778 0.147464859437751 0.5817018072289156 0.14934738955823293 0.5782505020080321 0.15122991967871485 0.5747991967871485 0.1521711847389558 0.5707203815261044 0.1521711847389558 0.5675828313253012 0.15248493975903613 0.5641315261044176 0.15279869477911648 0.561621485943775 0.15279869477911648 0.5572289156626505 0.15122991967871485 0.553777610441767 0.14997489959839355 0.5506400602409638 0.14871987951807228 0.5496987951807228 0.14652359437751003 0.5484437751004017 0.14432730923694778 0.5465612449799196 0.14244477911646586
1 0.5534638554216866 0.27955572289156627 0.5500125502008032 0.2739081325301205 0.5496987951807228 0.2707705823293172 0.5493850401606425 0.268574297188755 0.5496987951807228 0.2663780120481928 0.5506400602409638 0.2638679718875502 0.5509538152610441 0.2607304216867469 0.5512675702811245 0.2579066265060241 0.5522088353413654 0.2553965863453815 0.5531501004016064 0.2538278112449799 0.5540913654618473 0.2522590361445783 0.5553463855421686 0.25006275100401604 0.5569151606425702 0.2484939759036144 0.5591114457831325 0.24567018072289154 0.5609939759036143 0.24378765060240962 0.5631902610441767 0.24159136546184737 0.5650727911646586 0.2390813253012048 0.5669553212851405 0.23719879518072287 0.5694653614457831 0.23500251004016062 0.5722891566265059 0.23280622489959837 0.5757404618473896 0.23092369477911642 0.5785642570281124 0.22935491967871482 0.5807605421686746 0.2287274096385542 0.5838980923694778 0.22841365461847388 0.5870356425702811 0.22841365461847388 0.5917419678714858 0.22809989959839355 0.5958207831325301 0.22778614457831325 0.5983308232931727 0.2274723895582329 0.6017821285140562 0.22715863453815258 0.6046059236947791 0.22684487951807228 0.6080572289156626 0.22684487951807228 0.6118222891566264 0.22684487951807228 0.6155873493975903 0.22778614457831325 0.6196661646586344 0.2287274096385542 0.6234312248995983 0.22998242971887548 0.6265687751004017 0.2315512048192771 0.6293925702811245 0.2331199799196787 0.6325301204819277 0.23563002008032127 0.6344126506024096 0.23814006024096382 0.6353539156626505 0.2403363453815261 0.6356676706827309 0.24316014056224897 0.6356676706827309 0.24598393574297187 0.6356676706827309 0.2497489959839357 0.6350401606425702 0.25257279116465864 0.633785140562249 0.2547690763052209 0.6325301204819277 0.25727911646586343 0.6306475903614458 0.2594754016064257 0.6281375502008031 0.26198544176706823 0.6262550200803213 0.2638679718875502 0.6243724899598393 0.2654367469879518 0.622176204819277 0.2679467871485944 0.6209211847389557 0.2698293172690763 0.6193524096385541 0.2720256024096385 0.6177836345381525 0.2735943775100401 0.61527359437751 0.27547690763052207 0.6127635542168675 0.2779869477911647 0.6102535140562249 0.27955572289156627 0.6083709839357428 0.28049698795180716 0.6058609437751004 0.28112449799196787 0.603664658634538 0.2823795180722891 0.6008408634538152 0.28394829317269077 0.5989583333333334 0.28457580321285136 0.596762048192771 0.28551706827309237 0.5939382530120482 0.2864583333333333 0.5901731927710843 0.28708584337349397 0.5870356425702811 0.28708584337349397 0.5832705823293173 0.28739959839357426 0.580133032128514 0.28739959839357426 0.5773092369477911 0.2867720883534136 0.5751129518072289 0.2864583333333333 0.5726029116465863 0.28614457831325296 0.5700928714859437 0.28614457831325296 0.5672690763052208 0.28614457831325296 0.5644452811244979 0.28583082329317266 0.5619352409638554 0.28551706827309237 0.5600527108433735 0.285203313253012 0.5566014056224898 0.2836345381526104
1 0.8129392570281124 0.35799447791164657 0.8094879518072289 0.3514056224899598 0.8088604417670682 0.3492093373493976 0.8082329317269076 0.346699297188755 0.8076054216867469 0.34387550200803213 0.8072916666666665 0.34136546184738953 0.8072916666666665 0.3391691767068273 0.8069779116465863 0.3363453815261044 0.8066641566265059 0.33320783132530113 0.8063504016064257 0.3294427710843373 0.8060366465863453 0.32630522088353414 0.8060366465863453 0.32410893574297184 0.8060366465863453 0.32254016064257024 0.8069779116465863 0.320343875502008 0.8079191767068272 0.3187751004016064 0.8107429718875501 0.31563755020080314 0.8129392570281124 0.31375502008032125 0.8151355421686746 0.31218624497991965 0.8170180722891566 0.311558734939759 0.8207831325301205 0.311558734939759 0.825175702811245 0.311558734939759 0.8283132530120482 0.3118724899598393 0.8314508032128514 0.3128137550200803 0.8342745983935742 0.31375502008032125 0.8367846385542168 0.3153237951807229 0.83992218875502 0.31657881526104414 0.8436872489959839 0.3184613453815261 0.8468247991967871 0.3200301204819277 0.8490210843373494 0.32097138554216864 0.8509036144578312 0.32254016064257024 0.8534136546184737 0.32410893574297184 0.8549824297188754 0.32630522088353414 0.8568649598393574 0.3285015060240964 0.8587474899598393 0.3310115461847389 0.8596887550200802 0.3328940763052209 0.8612575301204818 0.33540411646586343 0.8625125502008031 0.33822791164658633 0.8637675702811245 0.34073795180722893 0.8647088353413654 0.3435617469879518 0.8653363453815259 0.3460717871485944 0.8659638554216866 0.3492093373493976 0.8665913654618473 0.35234688755020077 0.8669051204819276 0.3548569277108433 0.8672188755020079 0.35705321285140557 0.8672188755020079 0.35956325301204817 0.8672188755020079 0.36207329317269077 0.8669051204819276 0.3648970883534136 0.8665913654618473 0.36709337349397586 0.8659638554216866 0.3689759036144578 0.8653363453815259 0.37117218875502006 0.8647088353413654 0.3733684738955823 0.8634538152610441 0.3749372489959839 0.8612575301204818 0.3765060240963855 0.8590612449799196 0.3765060240963855 0.856551204819277 0.3768197791164658 0.8540411646586344 0.3774472891566265 0.8509036144578312 0.3783885542168674 0.8490210843373494 0.3793298192771084 0.8461972891566264 0.38027108433734935 0.8436872489959839 0.38152610441767065 0.840863453815261 0.3824673694779116 0.8383534136546184 0.3824673694779116 0.8367846385542168 0.3821536144578313 0.8342745983935742 0.38089859437751 0.8317645582329316 0.37964357429718876 0.8298820281124498 0.3783885542168674 0.8276857429718875 0.3765060240963855 0.8248619477911646 0.3739959839357429 0.8226656626506023 0.372113453815261 0.8201556224899598 0.36960341365461846 0.8179593373493975 0.36677961847389556 0.8163905622489959 0.36458333333333326 0.814508032128514 0.3614457831325301
1 0.7203815261044176 0.06588855421686747 0.7159889558232931 0.0621234939759036 0.7147339357429718 0.060554718875502005 0.7141064257028111 0.058358433734939756 0.7134789156626505 0.05616214859437751 0.7134789156626505 0.05427961847389558 0.7137926706827309 0.05208333333333333 0.7137926706827309 0.04925953815261044 0.7141064257028111 0.046435742971887545 0.7147339357429718 0.04361194779116465 0.7156752008032128 0.041415662650602404 0.716930220883534 0.039219377510040156 0.7194402610441767 0.036081827309236945 0.7206952811244979 0.034199297188755015 0.7225778112449799 0.03325803212851405 0.724774096385542 0.03168925702811245 0.7272841365461847 0.02980672690763052 0.7297941767068272 0.028237951807228913 0.7323042168674697 0.02698293172690763 0.7348142570281124 0.026041666666666664 0.7376380522088353 0.02478664658634538 0.7410893574297188 0.023531626506024094 0.7445406626506023 0.022276606425702807 0.747050702811245 0.02196285140562249 0.7514432730923695 0.021649096385542167 0.754894578313253 0.021649096385542167 0.7577183734939759 0.021649096385542167 0.7605421686746987 0.021649096385542167 0.7643072289156626 0.022276606425702807 0.7674447791164657 0.02290411646586345 0.7699548192771084 0.023845381526104416 0.7730923694779116 0.0251004016064257 0.7759161646586344 0.026669176706827304 0.7787399598393574 0.028237951807228913 0.7806224899598393 0.029492971887550196 0.7825050200803213 0.030747991967871483 0.7837600401606425 0.03325803212851405 0.7847013052208834 0.036081827309236945 0.7859563253012047 0.039219377510040156 0.7862700803212851 0.04204317269076305 0.7865838353413654 0.04392570281124498 0.7884663654618473 0.04674949799196786 0.790035140562249 0.04925953815261044 0.790035140562249 0.050514558232931724 0.790035140562249 0.05333835341365461 0.7890938755020079 0.05553463855421686 0.788152610441767 0.05961345381526104 0.7878388554216866 0.0633785140562249 0.787211345381526 0.06557479919678715 0.7856425702811245 0.06745732931726907 0.7837600401606425 0.06902610441767068 0.7809362449799196 0.07122238955823293 0.778426204819277 0.07310491967871485 0.7759161646586344 0.07404618473895581 0.7737198795180722 0.07498744979919678 0.7718373493975903 0.07592871485943774 0.7693273092369477 0.07686997991967871 0.7661897590361445 0.07686997991967871 0.7624246987951807 0.07686997991967871 0.7592871485943775 0.07749748995983935 0.7561495983935742 0.07938002008032127 0.7526982931726907 0.0796937751004016 0.7476782128514056 0.0796937751004016 0.7435993975903614 0.07938002008032127 0.7392068273092369 0.07843875502008031 0.7360692771084337 0.07686997991967871 0.7332454819277108 0.0753012048192771 0.7301079317269076 0.0737324297188755 0.7279116465863453 0.07279116465863453 0.7250878514056224 0.07122238955823293 0.7225778112449799 0.06965361445783132
1 0.9924071285140561 0.15593624497991965 0.98644578313253 0.15907379518072287 0.9845632530120482 0.15970130522088352 0.9817394578313252 0.1609563253012048 0.9798569277108433 0.16158383534136547 0.9779743975903614 0.16189759036144577 0.9754643574297188 0.1622113453815261 0.9723268072289156 0.16315261044176707 0.9701305220883534 0.1634663654618474 0.9682479919678714 0.1634663654618474 0.9647966867469878 0.1634663654618474 0.9616591365461847 0.16315261044176707 0.9578940763052208 0.16064257028112447 0.9556977911646585 0.15813253012048192 0.953187751004016 0.15593624497991965 0.951305220883534 0.1546812248995984 0.9494226907630522 0.15311244979919678 0.9484814257028111 0.15122991967871485 0.9484814257028111 0.14966114457831325 0.9484814257028111 0.14777861445783133 0.9509914658634538 0.1418172690763052 0.951305220883534 0.14024849397590358 0.9525602409638553 0.1371109437751004 0.9535015060240963 0.1352284136546185 0.9541290160642569 0.1333458835341365 0.9566390562248995 0.13020833333333331 0.9585215863453815 0.12863955823293172 0.9607178714859437 0.12707078313253012 0.9626004016064257 0.1255020080321285 0.9641691767068272 0.12487449799196786 0.9669929718875501 0.12361947791164658 0.9691892570281124 0.12267821285140562 0.9713855421686746 0.12173694779116466 0.9732680722891566 0.12079568273092368 0.9751506024096385 0.12016817269076305 0.9779743975903614 0.11891315261044175 0.979543172690763 0.11828564257028112 0.981425702811245 0.11765813253012047 0.9845632530120482 0.11671686746987951 0.9867595381526103 0.11640311244979919 0.9895833333333333 0.11608935742971886 0.9917796184738955 0.11577560240963855 0.9949171686746987 0.11734437751004016 0.9967996987951807 0.11828564257028112 0.9983684738955823 0.11985441767068271 0.9989583333333333 0.12123075635876852 0.9989583333333333 0.15122991967871485 0.9955446787148593 0.15436746987951805
1 0.7435993975903614 0.5142444779116465 0.7385793172690762 0.5129894578313252 0.7366967871485943 0.5117344377510039 0.7341867469879517 0.5101656626506024 0.7332454819277108 0.5082831325301205 0.7329317269076304 0.5054593373493975 0.7329317269076304 0.502949297188755 0.7326179718875501 0.4998117469879518 0.7329317269076304 0.4969879518072288 0.7335592369477911 0.4938504016064257 0.7341867469879517 0.49039909638554213 0.7351280120481928 0.4872615461847389 0.7360692771084337 0.48349648594377503 0.7366967871485943 0.4809864457831325 0.7373242971887549 0.47941767068273083 0.7388930722891566 0.47690763052208834 0.7401480923694778 0.4747113453815261 0.7417168674698794 0.4722013052208835 0.7429718875502007 0.47000502008032125 0.7439131526104418 0.4681224899598393 0.7454819277108433 0.46592620481927705 0.7461094377510039 0.4649849397590361 0.7473644578313253 0.4631024096385542 0.7495607429718875 0.4605923694779116 0.7508157630522088 0.45933734939759036 0.7536395582329316 0.45776857429718876 0.7545808232931727 0.4561997991967871 0.7567771084337348 0.45431726907630515 0.7592871485943775 0.45368975903614456 0.7611696787148594 0.45368975903614456 0.7630522088353413 0.4540035140562249 0.7652484939759036 0.4549447791164658 0.7674447791164657 0.4558860441767068 0.7693273092369477 0.4565135542168674 0.7712098393574297 0.45714106425702805 0.7737198795180722 0.46027861445783125 0.7749748995983936 0.46278865461847385 0.7756024096385541 0.4646711847389558 0.7762299196787148 0.46718122489959835 0.7765436746987951 0.46937751004016065 0.7768574297188754 0.47126004016064255 0.7768574297188754 0.4734563253012048 0.7768574297188754 0.47722138554216864 0.7768574297188754 0.48004518072289154 0.7765436746987951 0.48286897590361444 0.7759161646586344 0.485379016064257 0.7752886546184737 0.4885165662650602 0.7740336345381525 0.49196787148594373 0.7727786144578312 0.4954191767068272 0.7712098393574297 0.4991842369477911 0.769641064257028 0.502008032128514 0.7680722891566264 0.5042043172690762 0.7665035140562249 0.5064006024096385 0.7643072289156626 0.5092243975903614 0.7624246987951807 0.5104794176706827 0.7605421686746987 0.5117344377510039 0.7574046184738955 0.5133032128514056 0.7545808232931727 0.5142444779116465 0.7520707831325301 0.5145582329317269 0.7476782128514056 0.5148719879518072
1 0.8418047188755019 0.46937751004016065 0.8443147590361445 0.4646711847389558 0.845883534136546 0.4634161646586345 0.847766064257028 0.46184738955823285 0.84964859437751 0.46090612449799195 0.8512173694779116 0.46027861445783125 0.8537274096385541 0.45965110441767065 0.8571787148594378 0.45902359437751 0.8596887550200802 0.45870983935742965 0.8631400602409638 0.45965110441767065 0.8653363453815259 0.46090612449799195 0.868160140562249 0.4621611445783132 0.8700426706827308 0.4634161646586345 0.8719252008032128 0.4649849397590361 0.8738077309236947 0.4665537148594377 0.876004016064257 0.4681224899598393 0.8782003012048192 0.47000502008032125 0.8797690763052208 0.4725150602409638 0.8816516064257027 0.4747113453815261 0.882906626506024 0.47753514056224894 0.8841616465863453 0.4806726907630522 0.8847891566265059 0.48349648594377503 0.8854166666666665 0.48632028112449793 0.8860441767068272 0.4900853413654618 0.8863579317269076 0.493222891566265 0.8866716867469879 0.4966741967871486 0.8869854417670682 0.4998117469879518 0.8869854417670682 0.5016942771084337 0.8872991967871485 0.5051455823293173 0.8872991967871485 0.5095381526104418 0.8869854417670682 0.5129894578313252 0.8866716867469879 0.5161270080321284 0.8857304216867469 0.518637048192771 0.8844754016064257 0.5214608433734939 0.882906626506024 0.5242846385542168 0.8803965863453815 0.5261671686746987 0.8763177710843373 0.5280496987951807 0.8728664658634538 0.5293047188755019 0.8691014056224898 0.5296184738955823 0.8669051204819276 0.5296184738955823 0.8650225903614458 0.5296184738955823 0.8631400602409638 0.5286772088353413 0.8590612449799196 0.5264809236947791 0.8527861445783133 0.5208333333333333 0.8505898594377509 0.519578313253012 0.847766064257028 0.5176957831325301 0.845883534136546 0.5154994979919678 0.8446285140562249 0.5133032128514056 0.8436872489959839 0.5114206827309237 0.8424322289156625 0.5085968875502007 0.8414909638554217 0.5060868473895582 0.840863453815261 0.5035768072289156 0.8402359437751004 0.5016942771084337 0.8396084337349397 0.4985567269076305 0.8389809236947791 0.4957329317269076 0.8383534136546184 0.49290913654618473 0.838039658634538 0.4900853413654618 0.8374121485943775 0.48632028112449793 0.8370983935742972 0.4838102409638554 0.8370983935742972 0.48130020080321284 0.8374121485943775 0.47941767068273083 0.838039658634538 0.47722138554216864 0.8389809236947791 0.47439759036144574
1 0.563504016064257 0.5911144578313253 0.5603664658634538 0.5867218875502008 0.5587976907630522 0.5838980923694778 0.5572289156626505 0.5817018072289156 0.5569151606425702 0.5795055220883534 0.5566014056224898 0.5766817269076304 0.5566014056224898 0.5735441767068272 0.5566014056224898 0.5707203815261044 0.5566014056224898 0.5672690763052208 0.5566014056224898 0.5641315261044176 0.5578564257028111 0.561621485943775 0.5594252008032128 0.5594252008032128 0.5609939759036143 0.5578564257028111 0.5641315261044176 0.555660140562249 0.5660140562248995 0.5544051204819277 0.5675828313253012 0.553777610441767 0.5697791164658634 0.5534638554216866 0.5735441767068272 0.5531501004016064 0.5773092369477911 0.5531501004016064 0.5813880522088353 0.5534638554216866 0.5845256024096385 0.553777610441767 0.5876631526104418 0.5544051204819277 0.5914282128514056 0.555660140562249 0.5948795180722891 0.5566014056224898 0.5992720883534136 0.5587976907630522 0.603664658634538 0.5609939759036143 0.6061746987951807 0.5628765060240963 0.6086847389558232 0.5641315261044176 0.611508534136546 0.5657003012048192 0.613391064257028 0.5666415662650602 0.6155873493975903 0.568524096385542 0.617156124497992 0.5707203815261044 0.6184111445783133 0.5726029116465863 0.6196661646586344 0.5747991967871485 0.6215486947791165 0.5769954819277108 0.623117469879518 0.5798192771084337 0.6237449799196786 0.582015562248996 0.6246862449799196 0.5845256024096385 0.6246862449799196 0.5867218875502008 0.6246862449799196 0.588918172690763 0.625 0.5917419678714858 0.6240587349397589 0.5948795180722891 0.6228037148594378 0.5973895582329317 0.6212349397590361 0.598644578313253 0.6184111445783133 0.5995858433734939 0.61527359437751 0.6011546184738955 0.613391064257028 0.6024096385542168 0.6108810240963856 0.603664658634538 0.6074297188755019 0.6052334337349397 0.6052334337349397 0.6058609437751004 0.6027233935742972 0.6058609437751004 0.5998995983935742 0.6058609437751004 0.5964482931726907 0.6058609437751004 0.5939382530120482 0.6052334337349397 0.590800702811245 0.6042921686746987 0.5870356425702811 0.6033509036144579 0.5829568273092369 0.6024096385542168 0.579191767068273 0.6014683734939759 0.5757404618473896 0.5998995983935742 0.5729166666666666 0.598644578313253 0.5710341365461847 0.5973895582329317 0.5678965863453815 0.5958207831325301 0.5653865461847389 0.5939382530120482
1 0.4235692771084337 0.6799071285140562 0.4185491967871486 0.674887048192771 0.4141566265060241 0.668925702811245 0.4125878514056225 0.6657881526104418 0.4116465863453815 0.6642193775100401 0.41039156626506024 0.6617093373493976 0.4091365461847389 0.6598268072289156 0.40788152610441764 0.6579442771084337 0.4066265060240964 0.6554342369477911 0.4056852409638554 0.6522966867469879 0.4050577309236948 0.6488453815261044 0.40474397590361444 0.646649096385542 0.4044302208835341 0.6441390562248995 0.40380271084337344 0.640687751004016 0.40348895582329314 0.6378639558232931 0.40348895582329314 0.6350401606425702 0.40317520080321284 0.6325301204819277 0.40317520080321284 0.6293925702811245 0.4041164658634538 0.6262550200803213 0.4059989959839357 0.6234312248995983 0.40819528112449793 0.6206074297188754 0.40976405622489953 0.6180973895582329 0.4100778112449799 0.6174698795180722 0.4116465863453815 0.6168423694779116 0.4144703815261044 0.6146460843373494 0.4169804216867469 0.613391064257028 0.41949046184738953 0.6127635542168675 0.4223142570281124 0.6124497991967871 0.4273343373493975 0.6118222891566264 0.4310993975903614 0.6118222891566264 0.4339231927710843 0.6127635542168675 0.4364332329317269 0.6143323293172691 0.440512048192771 0.6177836345381525 0.4455321285140562 0.6224899598393574 0.44772841365461846 0.625 0.44929718875502006 0.6271962851405621 0.45086596385542166 0.6290788152610441 0.45274849397590355 0.631902610441767 0.4546310240963855 0.6344126506024096 0.4558860441767068 0.6362951807228915 0.45870983935742965 0.6425702811244979 0.45996485943775095 0.646649096385542 0.46121987951807225 0.6507279116465863 0.46184738955823285 0.6538654618473896 0.46278865461847385 0.6570030120481928 0.4631024096385542 0.6588855421686746 0.46278865461847385 0.6617093373493976 0.4621611445783132 0.6642193775100401 0.46184738955823285 0.6667294176706826 0.45933734939759036 0.6692394578313253 0.45870983935742965 0.6708082329317269 0.45776857429718876 0.6723770080321285 0.4558860441767068 0.6739457831325301 0.4540035140562249 0.6755145582329317 0.4518072289156626 0.6770833333333334 0.44961094377510036 0.6789658634538152 0.44804216867469876 0.6821034136546184 0.4471009036144578 0.68367218875502 0.44427710843373486 0.6861822289156626 0.44270833333333326 0.6868097389558232 0.44019829317269077 0.6868097389558232 0.4373744979919678 0.6868097389558232 0.4345507028112449 0.6864959839357428 0.43266817269076296 0.6855547188755019 0.4301581325301205 0.6842996987951807 0.4273343373493975 0.6824171686746987
1 0.5004392570281124 0.8552961847389557 0.4982429718875502 0.8493348393574297 0.4982429718875502 0.8471385542168673 0.49887048192771083 0.8446285140562249 0.4991842369477911 0.8424322289156625 0.4994979919678714 0.83992218875502 0.5001255020080321 0.8377259036144579 0.5007530120481927 0.8355296184738955 0.502008032128514 0.8339608433734939 0.502949297188755 0.8314508032128514 0.5035768072289156 0.8289407630522088 0.5045180722891566 0.8264307228915662 0.5054593373493975 0.8242344377510039 0.5064006024096385 0.8220381526104418 0.5073418674698795 0.8195281124497991 0.5089106425702811 0.8173318273092369 0.5101656626506024 0.8148217871485942 0.5117344377510039 0.8129392570281124 0.5139307228915662 0.8107429718875501 0.5164407630522088 0.8082329317269076 0.5192645582329317 0.805722891566265 0.5211470883534136 0.8038403614457831 0.5227158634538153 0.8022715863453815 0.5242846385542168 0.8000753012048192 0.5261671686746987 0.797879016064257 0.5277359437751004 0.7963102409638554 0.5296184738955823 0.795055220883534 0.5315010040160641 0.7938002008032128 0.5336972891566264 0.7928589357429718 0.5358935742971888 0.7919176706827308 0.5374623493975903 0.7912901606425702 0.5399723895582329 0.7903488955823292 0.5427961847389557 0.790035140562249 0.5446787148594378 0.790035140562249 0.547816265060241 0.7909764056224898 0.5509538152610441 0.7912901606425702 0.553777610441767 0.7916039156626505 0.5566014056224898 0.7919176706827308 0.5600527108433735 0.7925451807228915 0.562562751004016 0.7934864457831324 0.5650727911646586 0.795055220883534 0.5666415662650602 0.796937751004016 0.568524096385542 0.7997615461847388 0.5694653614457831 0.8025853413654617 0.5700928714859437 0.805722891566265 0.570406626506024 0.8079191767068272 0.5707203815261044 0.8101154618473896 0.5707203815261044 0.8129392570281124 0.5700928714859437 0.8167043172690762 0.5688378514056224 0.8195281124497991 0.5675828313253012 0.8217243975903614 0.5666415662650602 0.8242344377510039 0.5653865461847389 0.8267444779116465 0.5641315261044176 0.8292545180722891 0.5622489959839357 0.832078313253012 0.5606802208835341 0.8345883534136546 0.5587976907630522 0.8377259036144579 0.5566014056224898 0.8411772088353413 0.5544051204819277 0.8446285140562249 0.5522088353413654 0.8474523092369477 0.5493850401606425 0.8505898594377509 0.546875 0.8537274096385541 0.5443649598393574 0.8559236947791165 0.5418549196787148 0.8584337349397589 0.5399723895582329 0.8600025100401606 0.53714859437751 0.8618850401606425 0.5346385542168675 0.8631400602409638 0.5315010040160641 0.8650225903614458 0.5271084337349398 0.8672188755020079 0.5236571285140562 0.8678463855421686 0.5208333333333333 0.868160140562249 0.5167545180722891 0.8672188755020079 0.5142444779116465 0.8656501004016063 0.5120481927710843 0.8634538152610441 0.5104794176706827 0.8615712851405621 0.5089106425702811 0.8600025100401606 0.5073418674698795 0.8587474899598393 0.5054593373493975 0.857492469879518 0.5035768072289156 0.856551204819277
1 0.6974774096385541 0.9105170682730923 0.6977911646586344 0.9058107429718875 0.6984186746987951 0.9029869477911646 0.6996736947791165 0.8995356425702811 0.7015562248995983 0.8979668674698794 0.704066265060241 0.8960843373493975 0.7065763052208834 0.8945155622489959 0.7087725903614458 0.8935742971887549 0.7112826305220883 0.8929467871485942 0.7144201807228915 0.8920055220883534 0.7175577309236947 0.891691767068273 0.7203815261044176 0.8913780120481927 0.7238328313253012 0.8913780120481927 0.7288529116465863 0.8920055220883534 0.7326179718875501 0.8929467871485942 0.7360692771084337 0.8938880522088353 0.7385793172690762 0.8948293172690762 0.7414031124497991 0.8957705823293173 0.7439131526104418 0.8973393574297188 0.7461094377510039 0.8989081325301205 0.7489332329317269 0.9011044176706826 0.7511295180722891 0.9029869477911646 0.7526982931726907 0.9054969879518071 0.7536395582329316 0.9086345381526103 0.7536395582329316 0.9133408634538152 0.7533258032128514 0.9177334337349397 0.7523845381526103 0.9208709839357428 0.7517570281124498 0.924008534136546 0.7514432730923695 0.9271460843373494 0.7505020080321285 0.9299698795180722 0.7486194779116465 0.9321661646586344 0.7448544176706826 0.9337349397590361 0.7420306224899598 0.9343624497991967 0.7388930722891566 0.9343624497991967 0.7335592369477911 0.9343624497991967 0.7291666666666665 0.9343624497991967 0.7257153614457831 0.9334211847389557 0.7213227911646586 0.9324799196787148 0.716930220883534 0.9309111445783133 0.7144201807228915 0.9299698795180722 0.7115963855421686 0.9287148594377509 0.709086345381526 0.9274598393574297 0.7068900602409638 0.9262048192771084 0.7050075301204818 0.9246360441767068 0.7037525100401606 0.9227535140562249 0.7021837349397589 0.9202434738955823 0.701242469879518 0.9177334337349397 0.6999874497991968 0.9158509036144576
1 0.8923192771084337 0.8198418674698794 0.8929467871485942 0.8094879518072289 0.8932605421686746 0.8072916666666665 0.8932605421686746 0.8041541164658633 0.8923192771084337 0.8000753012048192 0.8920055220883534 0.7972515060240963 0.891691767068273 0.7947414658634538 0.8920055220883534 0.7925451807228915 0.8935742971887549 0.7903488955823292 0.8951430722891566 0.7884663654618473 0.8970256024096385 0.7862700803212851 0.8989081325301205 0.7847013052208834 0.9011044176706826 0.7831325301204818 0.9029869477911646 0.7818775100401606 0.9058107429718875 0.7803087349397589 0.90832078313253 0.779367469879518 0.9114583333333333 0.778426204819277 0.9149096385542168 0.7781124497991967 0.918988453815261 0.7774849397590361 0.9227535140562249 0.7768574297188754 0.9255773092369477 0.7765436746987951 0.9290286144578312 0.7762299196787148 0.9321661646586344 0.7759161646586344 0.935617469879518 0.7759161646586344 0.9406375502008031 0.7768574297188754 0.944402610441767 0.7781124497991967 0.9525602409638553 0.779367469879518 0.9556977911646585 0.782191265060241 0.9572665662650601 0.7837600401606425 0.9594628514056224 0.7859563253012047 0.961972891566265 0.788152610441767 0.9644829317269076 0.7903488955823292 0.9676204819277108 0.7931726907630522 0.9704442771084337 0.7953689759036143 0.9729543172690762 0.7972515060240963 0.9760918674698794 0.8000753012048192 0.9776606425702811 0.8019578313253012 0.9782881526104418 0.8041541164658633 0.9792294176706826 0.8066641566265059 0.9801706827309236 0.8104292168674697 0.9807981927710843 0.814508032128514 0.9807981927710843 0.8176455823293173 0.979543172690763 0.8201556224899598 0.9782881526104418 0.8226656626506023 0.9767193775100401 0.825175702811245 0.9754643574297188 0.8270582329317268 0.9742093373493975 0.8295682730923695 0.9720130522088353 0.8327058232931727 0.9704442771084337 0.8355296184738955 0.9669929718875501 0.838039658634538 0.9641691767068272 0.8392946787148594 0.9600903614457831 0.8405496987951807 0.9575803212851405 0.8414909638554217 0.9525602409638553 0.8427459839357428 0.9475401606425702 0.8436872489959839 0.9431475903614458 0.8443147590361445 0.9400100401606425 0.8446285140562249 0.9324799196787148 0.8433734939759036 0.9224397590361445 0.8418047188755019 0.9199297188755019 0.8411772088353413 0.9167921686746987 0.8405496987951807 0.9145958835341365 0.83992218875502 0.9123995983935742 0.8386671686746987 0.909262048192771 0.8374121485943775 0.9064382530120482 0.8361571285140562 0.9042419678714858 0.8349021084337348 0.9017319277108433 0.8336470883534136 0.8992218875502007 0.832078313253012 0.8973393574297188 0.83019578313253 0.8957705823293173 0.8283132530120482 0.8938880522088353 0.8254894578313253
1 0.582015562248996 0.9895833333333333 0.5782505020080321 0.9880145582329316 0.5766817269076304 0.98644578313253 0.5754267068273092 0.9848770080321284 0.5741716867469879 0.9833082329317268 0.5738579317269076 0.9817394578313252 0.5732304216867469 0.979543172690763 0.5729166666666666 0.9773468875502007 0.5726029116465863 0.9748368473895581 0.5719754016064257 0.9726405622489959 0.5713478915662651 0.969816767068273 0.5716616465863453 0.9666792168674697 0.5726029116465863 0.9647966867469878 0.5741716867469879 0.9629141566265059 0.5763679718875501 0.961031626506024 0.5782505020080321 0.9594628514056224 0.5807605421686746 0.9582078313253012 0.5829568273092369 0.9575803212851405 0.5857806224899598 0.9569528112449799 0.5886044176706826 0.9563253012048192 0.5926832329317269 0.9553840361445782 0.5945657630522088 0.9550702811244979 0.597703313253012 0.9547565261044176 0.6014683734939759 0.9541290160642569 0.603664658634538 0.9541290160642569 0.6096260040160643 0.9556977911646585 0.6177836345381525 0.9585215863453815 0.6196661646586344 0.9594628514056224 0.6224899598393574 0.9626004016064257 0.6240587349397589 0.9654241967871485 0.6243724899598393 0.967934236947791 0.6240587349397589 0.9701305220883534 0.6240587349397589 0.9720130522088353 0.6253137550200802 0.9751506024096385 0.6256275100401606 0.9773468875502007 0.6243724899598393 0.9792294176706826 0.6234312248995983 0.981425702811245 0.6224899598393574 0.9833082329317268 0.6209211847389557 0.9858182730923695 0.6187248995983936 0.9877008032128514 0.6155873493975903 0.9895833333333333 0.6118222891566264 0.9908383534136544 0.6086847389558232 0.9917796184738955 0.6061746987951807 0.9924071285140561 0.603664658634538 0.9924071285140561 0.6011546184738955 0.9927208835341365 0.5973895582329317 0.9927208835341365 0.5942520080321285 0.9924071285140561 0.5904869477911646 0.9917796184738955 0.5860943775100401 0.9908383534136544
1 0.9218122489959839 0.9886420682730923 0.9199297188755019 0.9826807228915662 0.9186746987951807 0.9760918674698794 0.9183609437751004 0.9745230923694778 0.9183609437751004 0.9726405622489959 0.9183609437751004 0.970758032128514 0.9183609437751004 0.9688755020080321 0.9183609437751004 0.9666792168674697 0.9193022088353413 0.9635416666666665 0.9202434738955823 0.961031626506024 0.9221260040160641 0.9578940763052208 0.9246360441767068 0.9556977911646585 0.9265185742971886 0.9547565261044176 0.9296561244979918 0.9538152610441767 0.932793674698795 0.9535015060240963 0.9365587349397589 0.9535015060240963 0.9396962851405621 0.9535015060240963 0.9425200803212851 0.9535015060240963 0.9456576305220883 0.9541290160642569 0.9497364457831324 0.9560115461847388 0.952246485943775 0.9569528112449799 0.9544427710843373 0.9575803212851405 0.9563253012048192 0.9594628514056224 0.9582078313253012 0.9607178714859437 0.9597766064257027 0.9622866465863453 0.9616591365461847 0.9654241967871485 0.961972891566265 0.9676204819277108 0.9626004016064257 0.9691892570281124 0.9641691767068272 0.9713855421686746 0.9657379518072289 0.9732680722891566 0.9676204819277108 0.9754643574297188 0.9695030120481927 0.9776606425702811 0.9716992971887549 0.9798569277108433 0.9735818273092369 0.9823669678714858 0.9754643574297188 0.9845632530120482 0.9770331325301204 0.9861320281124498 0.9782881526104418 0.9880145582329316 0.9792294176706826 0.9902108433734939 0.9801706827309236 0.9930346385542168 0.9807981927710843 0.9955446787148593 0.9807981927710843 0.9983684738955823 0.9807981927710843 0.9986822289156625 0.9592620481927628 0.9989583333333333 0.9318524096385541 0.9977409638554217 0.9296561244979918 0.99617218875502 0.9280873493975902 0.9946034136546184 0.9274598393574297 0.9927208835341365 0.925891064257028 0.9908383534136544
1 0.14613526570048307 0.9966787439613526 0.14432367149758454 0.9906400966183574 0.14432367149758454 0.9882246376811594 0.14432367149758454 0.9858091787439613 0.14432367149758454 0.9833937198067633 0.14432367149758454 0.9806763285024154 0.14432367149758454 0.9776570048309179 0.14492753623188406 0.9755434782608695 0.14522946859903382 0.973731884057971 0.14613526570048307 0.9722222222222221 0.14794685990338163 0.9710144927536232 0.15066425120772947 0.9695048309178743 0.15338164251207728 0.9695048309178743 0.15670289855072464 0.9695048309178743 0.1597222222222222 0.9695048309178743 0.1633454106280193 0.9698067632850241 0.16666666666666666 0.9698067632850241 0.17028985507246377 0.9698067632850241 0.17542270531400966 0.9698067632850241 0.178743961352657 0.9698067632850241 0.1817632850241546 0.9698067632850241 0.1844806763285024 0.9698067632850241 0.18719806763285024 0.9698067632850241 0.18931159420289853 0.9698067632850241 0.19142512077294685 0.9710144927536232 0.19444444444444445 0.9728260869565217 0.19746376811594202 0.9740338164251207 0.20078502415458935 0.9755434782608695 0.20350241545893719 0.9767512077294686 0.20561594202898548 0.9779589371980676 0.20742753623188406 0.9797705314009661 0.20954106280193235 0.9824879227053139 0.2107487922705314 0.9846014492753622 0.21195652173913043 0.9867149758454106 0.21376811594202896 0.9897342995169082 0.21527777777777776 0.9915458937198067 0.2179951690821256 0.9945652173913043 0.2192028985507246 0.9963768115942029 0.22092391304347828 0.9989583333333333 0.22101449275362317 0.9989583333333333 0.14794685990338163 0.9989583333333333
1 0.04619565217391304 0.8448067632850241 0.041062801932367145 0.8408816425120772 0.04015700483091787 0.8393719806763286 0.03864734299516908 0.8369565217391304 0.03713768115942029 0.8342391304347826 0.036231884057971016 0.8315217391304348 0.035929951690821256 0.8285024154589371 0.035326086956521736 0.8254830917874396 0.03472222222222222 0.8224637681159419 0.034420289855072464 0.8197463768115941 0.034118357487922704 0.816123188405797 0.034118357487922704 0.8137077294685989 0.034118357487922704 0.8109903381642511 0.034420289855072464 0.8076690821256037 0.035024154589371984 0.804951690821256 0.035628019323671496 0.8028381642512077 0.036231884057971016 0.8007246376811594 0.03713768115942029 0.7983091787439613 0.03804347826086956 0.7967995169082125 0.03925120772946859 0.7946859903381642 0.04015700483091787 0.7931763285024154 0.042572463768115944 0.7904589371980676 0.044384057971014496 0.7892512077294686 0.0464975845410628 0.7883454106280193 0.04830917874396135 0.7874396135265701 0.050120772946859904 0.7868357487922705 0.05253623188405797 0.7868357487922705 0.05525362318840579 0.7871376811594202 0.05585748792270531 0.7874396135265701 0.057367149758454104 0.7877415458937198 0.06099033816425121 0.7880434782608695 0.06431159420289854 0.7883454106280193 0.06763285024154589 0.7889492753623187 0.06974637681159421 0.7904589371980676 0.07155797101449275 0.7922705314009661 0.07306763285024154 0.7952898550724636 0.07427536231884058 0.7980072463768116 0.07548309178743962 0.8016304347826086 0.07608695652173912 0.8052536231884058 0.07638888888888888 0.8088768115942029 0.07638888888888888 0.8125 0.07638888888888888 0.8155193236714975 0.07548309178743962 0.8191425120772947 0.07457729468599034 0.8221618357487922 0.07306763285024154 0.8245772946859903 0.07216183574879227 0.8263888888888888 0.07095410628019323 0.8297101449275363 0.07065217391304347 0.8318236714975845 0.06914251207729467 0.8345410628019323 0.06763285024154589 0.8369565217391304 0.06582125603864734 0.8387681159420289 0.06400966183574879 0.841183574879227 0.06159420289855073 0.8426932367149758 0.058876811594202896 0.8435990338164251 0.05314009661835749 0.8451086956521738
1 0.16606280193236717 0.7738526570048309 0.1636473429951691 0.7708333333333334 0.16304347826086957 0.7693236714975845 0.16243961352657005 0.7666062801932367 0.16153381642512077 0.7641908212560385 0.16153381642512077 0.7620772946859903 0.161231884057971 0.7584541062801933 0.1606280193236715 0.7542270531400966 0.16002415458937197 0.7512077294685989 0.15942028985507245 0.7484903381642511 0.15942028985507245 0.7457729468599034 0.15942028985507245 0.7430555555555555 0.1597222222222222 0.7388285024154588 0.1606280193236715 0.734903381642512 0.16153381642512077 0.7318840579710144 0.16243961352657005 0.7291666666666666 0.1633454106280193 0.726147342995169 0.16425120772946858 0.7234299516908212 0.1648550724637681 0.7207125603864735 0.1663647342995169 0.7176932367149758 0.1675724637681159 0.714975845410628 0.16968599033816426 0.7122584541062802 0.17179951690821257 0.7092391304347826 0.17391304347826086 0.7065217391304348 0.17632850241545892 0.7041062801932367 0.178743961352657 0.7022946859903382 0.18055555555555552 0.7013888888888888 0.18266908212560384 0.7007850241545893 0.1844806763285024 0.7007850241545893 0.18689613526570048 0.701086956521739 0.1911231884057971 0.7022946859903382 0.19504830917874394 0.7028985507246376 0.19867149758454106 0.7035024154589371 0.2019927536231884 0.703804347826087 0.20440821256038647 0.7044082125603864 0.20652173913043476 0.706219806763285 0.20803140096618356 0.7077294685990337 0.2092391304347826 0.709842995169082 0.21105072463768115 0.7131642512077294 0.21195652173913043 0.7158816425120772 0.21286231884057968 0.7189009661835749 0.2134661835748792 0.7219202898550724 0.21437198067632848 0.7258454106280193 0.21467391304347824 0.7294685990338164 0.21467391304347824 0.7330917874396136 0.21437198067632848 0.7364130434782609 0.21407004830917875 0.7391304347826086 0.21376811594202896 0.742451690821256 0.2134661835748792 0.7460748792270532 0.21256038647342995 0.75 0.21195652173913043 0.7527173913043478 0.21135265700483089 0.7557367149758453 0.21014492753623187 0.7590579710144927 0.20893719806763283 0.7617753623188405 0.2077294685990338 0.7641908212560385 0.20682367149758454 0.7660024154589371 0.20501207729468598 0.768719806763285 0.20350241545893719 0.7714371980676328 0.20138888888888887 0.7741545893719806 0.19927536231884055 0.7765700483091786 0.19716183574879226 0.7783816425120772 0.19504830917874394 0.779891304347826 0.1932367149758454 0.7807971014492753 0.19142512077294685 0.7814009661835749 0.1890096618357488 0.7810990338164251 0.18538647342995168 0.7801932367149758 0.18206521739130432 0.7792874396135265 0.1793478260869565 0.7783816425120772 0.17693236714975843 0.7777777777777778 0.17481884057971012 0.777475845410628 0.17119565217391303 0.7768719806763286 0.16878019323671498 0.7759661835748791
1 0.25120772946859904 0.6717995169082125 0.2454710144927536 0.6684782608695652 0.24094202898550723 0.6657608695652173 0.23943236714975843 0.6642512077294687 0.2376207729468599 0.661231884057971 0.23671497584541062 0.6588164251207729 0.2361111111111111 0.6560990338164251 0.23580917874396132 0.6533816425120772 0.23641304347826086 0.6512681159420289 0.2376207729468599 0.6497584541062802 0.2397342995169082 0.6476449275362319 0.24094202898550723 0.6458333333333334 0.24245169082125603 0.6431159420289855 0.24396135265700483 0.6397946859903382 0.2448671497584541 0.6376811594202898 0.24577294685990336 0.6358695652173912 0.24728260869565216 0.6343599033816425 0.2506038647342995 0.6322463768115941 0.25301932367149754 0.6313405797101449 0.2554347826086956 0.6304347826086956 0.2578502415458937 0.6301328502415459 0.2602657004830918 0.629830917874396 0.26268115942028986 0.629830917874396 0.26570048309178745 0.6307367149758453 0.2693236714975845 0.6319444444444444 0.27204106280193235 0.6328502415458936 0.276268115942029 0.6346618357487922 0.2795893719806763 0.6361714975845411 0.2832125603864734 0.6376811594202898 0.286231884057971 0.6391908212560387 0.28925120772946855 0.6407004830917874 0.2916666666666667 0.6428140096618357 0.29378019323671495 0.644927536231884 0.294987922705314 0.6479468599033816 0.29528985507246375 0.6506642512077294 0.29528985507246375 0.6542874396135265 0.29528985507246375 0.6567028985507246 0.2946859903381643 0.6588164251207729 0.29287439613526567 0.6609299516908212 0.2907608695652174 0.6627415458937198 0.2886473429951691 0.6648550724637681 0.28713768115942023 0.6666666666666666 0.28502415458937197 0.6684782608695652 0.28351449275362317 0.6699879227053139 0.2832125603864734 0.6727053140096618 0.28230676328502413 0.6745169082125603 0.28019323671497587 0.6760265700483091 0.27807971014492755 0.6769323671497585 0.27596618357487923 0.6772342995169082 0.27204106280193235 0.6772342995169082 0.26841787439613524 0.6772342995169082 0.26539855072463764 0.6766304347826086 0.26207729468599034 0.6760265700483091 0.25754830917874394 0.6748188405797102
1 0.19716183574879226 0.6138285024154588 0.19414251207729466 0.6096014492753622 0.19233091787439613 0.6077898550724636 0.19051932367149757 0.6056763285024154 0.1890096618357488 0.6032608695652173 0.18840579710144925 0.6005434782608695 0.18840579710144925 0.5972222222222221 0.18780193236714973 0.5935990338164251 0.1875 0.5890700483091786 0.18719806763285024 0.5857487922705313 0.18689613526570048 0.582427536231884 0.18689613526570048 0.5803140096618357 0.18689613526570048 0.5769927536231884 0.18629227053140093 0.5742753623188405 0.18629227053140093 0.5715579710144927 0.18629227053140093 0.5679347826086956 0.18629227053140093 0.5643115942028986 0.18659420289855072 0.5618961352657004 0.18719806763285024 0.5591787439613526 0.18840579710144925 0.5564613526570048 0.18931159420289853 0.553743961352657 0.19051932367149757 0.5519323671497585 0.19202898550724637 0.5504227053140096 0.19444444444444445 0.5495169082125604 0.19655797101449274 0.548611111111111 0.1983695652173913 0.5498188405797102 0.20018115942028986 0.5516304347826088 0.20289855072463767 0.5498188405797102 0.20531400966183574 0.5480072463768116 0.20712560386473428 0.5471014492753622 0.20863526570048307 0.5464975845410628 0.21044685990338163 0.5464975845410628 0.21256038647342995 0.5464975845410628 0.21467391304347824 0.5471014492753622 0.2170893719806763 0.5480072463768116 0.21980676328502416 0.5498188405797102 0.22252415458937197 0.5522342995169082 0.2243357487922705 0.5543478260869565 0.22524154589371978 0.5570652173913043 0.2258454106280193 0.5603864734299517 0.22675120772946858 0.5637077294685989 0.2273550724637681 0.5670289855072463 0.22765700483091786 0.5694444444444444 0.22795893719806762 0.572463768115942 0.22826086956521738 0.5757850241545893 0.22826086956521738 0.578804347826087 0.22826086956521738 0.5818236714975845 0.22826086956521738 0.5854468599033816 0.22856280193236714 0.5881642512077294 0.22856280193236714 0.5911835748792271 0.22795893719806762 0.5939009661835749 0.2273550724637681 0.5969202898550724 0.22644927536231882 0.5996376811594203 0.22554347826086957 0.6020531400966184 0.2246376811594203 0.6047705314009661 0.22342995169082125 0.6077898550724636 0.2222222222222222 0.6102053140096618 0.2207125603864734 0.6123188405797102 0.21829710144927536 0.6135265700483091 0.21588164251207728 0.6138285024154588 0.21286231884057968 0.6135265700483091 0.20893719806763283 0.6141304347826088 0.20561594202898548 0.6147342995169082 0.20169082125603863 0.6147342995169082
1 0.07095410628019323 0.5464975845410628 0.06702898550724637 0.5413647342995169 0.06521739130434782 0.538647342995169 0.06370772946859903 0.536231884057971 0.06340579710144928 0.5338164251207729 0.0631038647342995 0.5304951690821256 0.0631038647342995 0.5271739130434783 0.06370772946859903 0.5241545893719807 0.06431159420289854 0.5211352657004831 0.06521739130434782 0.518719806763285 0.06642512077294686 0.5160024154589372 0.06793478260869565 0.5135869565217391 0.06944444444444443 0.5111714975845411 0.07125603864734299 0.5084541062801933 0.07276570048309178 0.5057367149758454 0.07487922705314008 0.5027173913043478 0.07669082125603864 0.5009057971014492 0.07940821256038648 0.4978864734299517 0.08182367149758454 0.4960748792270531 0.08393719806763285 0.4948671497584541 0.08665458937198066 0.49365942028985504 0.08967391304347826 0.4927536231884058 0.09329710144927536 0.4918478260869565 0.09752415458937197 0.4915458937198067 0.10084541062801931 0.4915458937198067 0.10416666666666667 0.49365942028985504 0.10809178743961352 0.4960748792270531 0.11080917874396135 0.4984903381642512 0.11231884057971014 0.5018115942028986 0.11231884057971014 0.5060386473429951 0.11201690821256038 0.5096618357487922 0.11141304347826085 0.5126811594202898 0.11141304347826085 0.5144927536231884 0.1111111111111111 0.5181159420289855 0.11080917874396135 0.5214371980676328 0.11020531400966184 0.5244565217391304 0.10869565217391304 0.5277777777777778 0.10778985507246377 0.5304951690821256 0.10628019323671498 0.532608695652174 0.10477053140096618 0.5341183574879227 0.10356280193236714 0.5365338164251207 0.10175120772946859 0.5392512077294687 0.09993961352657003 0.5407608695652173 0.09812801932367149 0.5413647342995169 0.09601449275362318 0.5428743961352657 0.09269323671497584 0.5446859903381642 0.08997584541062802 0.5455917874396136 0.08635265700483091 0.5471014492753622 0.08303140096618358 0.548611111111111 0.08091787439613525 0.5489130434782609 0.07759661835748792 0.5489130434782609 0.07457729468599034 0.548611111111111
1 0.033816425120772944 0.4106280193236715 0.026268115942028984 0.41455314009661837 0.0232487922705314 0.4157608695652174 0.020833333333333332 0.4166666666666667 0.017814009661835748 0.4166666666666667 0.014794685990338164 0.4166666666666667 0.011775362318840578 0.4166666666666667 0.008454106280193236 0.41636473429951687 0.005132850241545893 0.4154589371980676 0.0030193236714975845 0.4148550724637681 0.0015096618357487923 0.4139492753623188 0.00030193236714975844 0.41243961352657005 0.0 0.3843599033816425 0.00392512077294686 0.3798309178743961 0.00573671497584541 0.3777173913043478 0.007246376811594203 0.3759057971014493 0.008756038647342996 0.3740942028985507 0.010869565217391304 0.3716787439613526 0.012983091787439612 0.37016908212560384 0.01570048309178744 0.3689613526570048 0.018417874396135268 0.3680555555555555 0.02113526570048309 0.3668478260869565 0.02294685990338164 0.3665458937198068 0.025060386473429952 0.36624396135265697 0.0268719806763285 0.36624396135265697 0.027777777777777776 0.36624396135265697 0.029891304347826088 0.36624396135265697 0.03260869565217391 0.3653381642512077 0.034420289855072464 0.3647342995169082 0.03653381642512077 0.36443236714975846 0.03804347826086956 0.36443236714975846 0.03985507246376811 0.36443236714975846 0.04227053140096618 0.3650362318840579 0.04498792270531401 0.36624396135265697 0.04710144927536231 0.367451690821256 0.04861111111111111 0.36926328502415456 0.04981884057971014 0.37228260869565216 0.051026570048309176 0.37620772946859904 0.05193236714975845 0.3798309178743961 0.05253623188405797 0.3831521739130434 0.05283816425120772 0.3867753623188406 0.05223429951690821 0.3894927536231884 0.051026570048309176 0.3922101449275362 0.050120772946859904 0.39492753623188404 0.04861111111111111 0.39794685990338163 0.04740338164251208 0.39945652173913043 0.04619565217391304 0.4015700483091787 0.04468599033816425 0.4039855072463768 0.043478260869565216 0.40640096618357485 0.041666666666666664 0.4082125603864734 0.03864734299516908 0.40942028985507245
1 0.5492149758454106 0.39492753623188404 0.5467995169082125 0.3928140096618357 0.5443840579710144 0.39070048309178745 0.5431763285024154 0.3891908212560386 0.5419685990338164 0.3870772946859903 0.5410628019323671 0.384963768115942 0.5404589371980676 0.3828502415458937 0.5395531400966184 0.3807367149758454 0.5389492753623187 0.3780193236714976 0.5383454106280193 0.375 0.5380434782608695 0.37228260869565216 0.5377415458937198 0.3698671497584541 0.5377415458937198 0.36624396135265697 0.538647342995169 0.36443236714975846 0.5389492753623187 0.3626207729468599 0.5389492753623187 0.3605072463768116 0.538647342995169 0.3580917874396135 0.538647342995169 0.35477053140096615 0.538647342995169 0.3523550724637681 0.538647342995169 0.3505434782608695 0.5392512077294687 0.3481280193236715 0.5398550724637681 0.34541062801932365 0.5407608695652173 0.34329710144927533 0.5413647342995169 0.3417874396135266 0.5422705314009661 0.339975845410628 0.543780193236715 0.33756038647342995 0.5449879227053139 0.3360507246376811 0.5474033816425121 0.33393719806763283 0.5492149758454106 0.3327294685990338 0.5516304347826088 0.33121980676328505 0.5531400966183574 0.330012077294686 0.5546497584541062 0.3297101449275362 0.5564613526570048 0.3297101449275362 0.5591787439613526 0.3297101449275362 0.561292270531401 0.3297101449275362 0.5631038647342995 0.3306159420289855 0.5652173913043478 0.33212560386473433 0.5667270531400966 0.33393719806763283 0.567330917874396 0.3357487922705314 0.5679347826086956 0.33725845410628014 0.5691425120772947 0.338768115942029 0.5703502415458938 0.34057971014492755 0.5709541062801933 0.34239130434782605 0.5718599033816425 0.34450483091787437 0.5727657004830918 0.34661835748792263 0.5736714975845411 0.34993961352657005 0.5742753623188405 0.35295893719806765 0.5742753623188405 0.35537439613526567 0.5739734299516908 0.3580917874396135 0.5736714975845411 0.35990338164251207 0.5733695652173912 0.36292270531400966 0.5733695652173912 0.3665458937198068 0.5733695652173912 0.36926328502415456 0.5730676328502415 0.3719806763285024 0.572463768115942 0.3743961352657005 0.5700483091787439 0.3822463768115942 0.5688405797101449 0.3843599033816425 0.5676328502415459 0.38768115942028986 0.5664251207729468 0.3894927536231884 0.5652173913043478 0.39160628019323673 0.5637077294685989 0.39341787439613524 0.5628019323671497 0.3952294685990338 0.5615942028985507 0.39704106280193235 0.5600845410628019 0.3982487922705314 0.5585748792270532 0.3988526570048309 0.5555555555555555 0.3985507246376811 0.5531400966183574 0.3973429951690821
1 0.042572463768115944 0.223731884057971 0.043478260869565216 0.21527777777777776 0.043478260869565216 0.21286231884057968 0.04408212560386473 0.21044685990338163 0.04498792270531401 0.20803140096618356 0.04528985507246377 0.20501207729468598 0.0464975845410628 0.20108695652173914 0.04800724637681159 0.19806763285024154 0.04921497584541063 0.19535024154589373 0.05072463768115942 0.19233091787439613 0.05253623188405797 0.1902173913043478 0.05344202898550724 0.18840579710144925 0.05464975845410627 0.1859903381642512 0.056461352657004825 0.18357487922705312 0.057971014492753624 0.1817632850241546 0.059178743961352656 0.1802536231884058 0.06129227053140096 0.17753623188405798 0.06280193236714976 0.1757246376811594 0.0646135265700483 0.17391304347826086 0.06642512077294686 0.1714975845410628 0.06823671497584541 0.1690821256038647 0.06974637681159421 0.1678743961352657 0.07155797101449275 0.1663647342995169 0.0733695652173913 0.16515700483091786 0.07518115942028984 0.16425120772946858 0.0769927536231884 0.1636473429951691 0.07850241545893719 0.1633454106280193 0.08121980676328502 0.1633454106280193 0.08363526570048309 0.16425120772946858 0.08635265700483091 0.16696859903381642 0.09057971014492754 0.1693840579710145 0.09208937198067632 0.1693840579710145 0.09329710144927536 0.1705917874396135 0.0951086956521739 0.17300724637681159 0.09571256038647342 0.17481884057971012 0.0966183574879227 0.1772342995169082 0.09722222222222222 0.17995169082125603 0.09752415458937197 0.1823671497584541 0.09752415458937197 0.18538647342995168 0.09752415458937197 0.18810386473429952 0.09782608695652173 0.19142512077294685 0.09782608695652173 0.1947463768115942 0.09752415458937197 0.19776570048309178 0.09692028985507246 0.2019927536231884 0.09571256038647342 0.20501207729468598 0.0945048309178744 0.20742753623188406 0.0929951690821256 0.2107487922705314 0.0914855072463768 0.21407004830917875 0.08967391304347826 0.21739130434782608 0.0878623188405797 0.2207125603864734 0.08635265700483091 0.22342995169082125 0.08454106280193235 0.22675120772946858 0.08333333333333333 0.22856280193236714 0.08121980676328502 0.22977053140096618 0.07850241545893719 0.2315821256038647 0.07548309178743962 0.2330917874396135 0.0733695652173913 0.23429951690821255 0.07125603864734299 0.23520531400966183 0.06853864734299517 0.23671497584541062 0.06612318840579709 0.23792270531400964 0.06340579710144928 0.2391304347826087 0.06189613526570048 0.2397342995169082 0.05948067632850241 0.2397342995169082 0.057367149758454104 0.24003623188405795 0.05464975845410627 0.24033816425120771 0.05193236714975845 0.23943236714975843 0.04981884057971014 0.23852657004830918 0.04740338164251208 0.23641304347826086 0.04528985507246377 0.2333937198067633 0.043780193236714976 0.23067632850241543 0.04227053140096618 0.22705314009661837
1 0.16153381642512077 0.161231884057971 0.1560990338164251 0.1560990338164251 0.15036231884057968 0.1482487922705314 0.14945652173913043 0.14613526570048307 0.1488526570048309 0.14402173913043476 0.1482487922705314 0.14251207729468598 0.14734299516908214 0.14100241545893719 0.14643719806763283 0.13919082125603863 0.14553140096618356 0.13677536231884055 0.14462560386473428 0.13405797101449274 0.14432367149758454 0.1316425120772947 0.14432367149758454 0.12832125603864733 0.14522946859903382 0.126207729468599 0.1467391304347826 0.12560386473429952 0.14855072463768115 0.12469806763285023 0.15006038647342995 0.12288647342995168 0.15096618357487923 0.12077294685990338 0.152475845410628 0.11865942028985506 0.15428743961352656 0.11654589371980675 0.1560990338164251 0.11533816425120771 0.15791062801932368 0.11443236714975845 0.1597222222222222 0.11382850241545893 0.16153381642512077 0.11352657004830918 0.16394927536231882 0.11352657004830918 0.16666666666666666 0.11473429951690821 0.16968599033816426 0.116243961352657 0.17179951690821257 0.11835748792270531 0.17421497584541062 0.12077294685990338 0.17693236714975843 0.12409420289855072 0.17904589371980675 0.12711352657004832 0.18115942028985507 0.13043478260869565 0.18266908212560384 0.133756038647343 0.1844806763285024 0.13707729468599034 0.18568840579710144 0.13979468599033815 0.18689613526570048 0.1416062801932367 0.188707729468599 0.14371980676328502 0.1902173913043478 0.14643719806763283 0.19051932367149757 0.1488526570048309 0.19082125603864733 0.15157004830917875 0.1911231884057971 0.15489130434782608 0.1911231884057971 0.1576086956521739 0.1890096618357488 0.15942028985507245 0.18689613526570048 0.16032608695652176 0.18478260869565216 0.161231884057971 0.1829710144927536 0.16274154589371978 0.1802536231884058 0.1636473429951691 0.17844202898550723 0.16515700483091786 0.1772342995169082 0.16666666666666666 0.17451690821256038 0.16817632850241546 0.17240338164251207 0.16847826086956522 0.17028985507246377 0.1678743961352657 0.1663647342995169 0.16576086956521738
1 0.05072463768115942 0.07035024154589371 0.043478260869565216 0.07125603864734299 0.041062801932367145 0.07185990338164251 0.035929951690821256 0.07246376811594203 0.03321256038647343 0.07246376811594203 0.028683574879227052 0.07246376811594203 0.024758454106280192 0.07246376811594203 0.02143719806763285 0.07246376811594203 0.01871980676328502 0.07216183574879227 0.016304347826086956 0.07185990338164251 0.012983091787439612 0.07125603864734299 0.010567632850241544 0.07065217391304347 0.00785024154589372 0.06944444444444443 0.004528985507246377 0.06823671497584541 0.0015096618357487923 0.06672705314009661 0.0 0.06582125603864734 0.0 0.019625603864734296 0.0006038647342995169 0.019625603864734296 0.00392512077294686 0.017814009661835748 0.005434782608695652 0.017512077294685992 0.007246376811594203 0.016908212560386472 0.010567632850241544 0.01570048309178744 0.014492753623188406 0.014492753623188406 0.017512077294685992 0.01358695652173913 0.020833333333333332 0.012077294685990338 0.023852657004830916 0.011171497584541062 0.026570048309178744 0.010265700483091786 0.028683574879227052 0.00966183574879227 0.030797101449275364 0.009057971014492754 0.033514492753623185 0.010265700483091786 0.036231884057971016 0.011171497584541062 0.03864734299516908 0.011775362318840578 0.041062801932367145 0.012077294685990338 0.043780193236714976 0.012681159420289854 0.04619565217391304 0.013285024154589372 0.048913043478260865 0.014190821256038648 0.05193236714975845 0.01570048309178744 0.05464975845410627 0.017210144927536232 0.057367149758454104 0.01902173913043478 0.059782608695652176 0.02113526570048309 0.06189613526570048 0.0232487922705314 0.06400966183574879 0.02536231884057971 0.06582125603864734 0.027777777777777776 0.06672705314009661 0.029891304347826088 0.06702898550724637 0.03291062801932367 0.06823671497584541 0.036835748792270535 0.06914251207729467 0.03985507246376811 0.06944444444444443 0.042572463768115944 0.06944444444444443 0.04468599033816425 0.06853864734299517 0.04740338164251208 0.06823671497584541 0.050120772946859904 0.06823671497584541 0.05404589371980676 0.06763285024154589 0.05766908212560386 0.06672705314009661 0.06038647342995169 0.0646135265700483 0.0625 0.06219806763285023 0.06491545893719806 0.06068840579710145 0.06642512077294686 0.05676328502415459 0.06884057971014493 0.053743961352657 0.06974637681159421
1 0.641304347826087 0.37228260869565216 0.638586956521739 0.3695652173913043 0.6379830917874396 0.3680555555555555 0.6370772946859904 0.3665458937198068 0.6364734299516908 0.3647342995169082 0.6355676328502415 0.36292270531400966 0.6343599033816425 0.3605072463768116 0.6325483091787439 0.35778985507246375 0.6310386473429952 0.35537439613526567 0.6313405797101449 0.34903381642512077 0.6319444444444444 0.3472222222222222 0.6322463768115941 0.34480676328502413 0.6334541062801933 0.34269323671497587 0.6358695652173912 0.34088164251207725 0.6379830917874396 0.34057971014492755 0.6403985507246376 0.34027777777777773 0.6434178743961353 0.339975845410628 0.6470410628019323 0.339975845410628 0.6506642512077294 0.339975845410628 0.653683574879227 0.339975845410628 0.6564009661835749 0.34057971014492755 0.6594202898550724 0.34148550724637683 0.6627415458937198 0.34239130434782605 0.6654589371980676 0.34359903381642515 0.6678743961352657 0.34480676328502413 0.6708937198067633 0.3457125603864734 0.673611111111111 0.34692028985507245 0.6769323671497585 0.3481280193236715 0.679951690821256 0.34933574879227053 0.6817632850241545 0.3508454106280193 0.6829710144927537 0.3535628019323671 0.6835748792270532 0.35567632850241543 0.6847826086956521 0.35839371980676327 0.686292270531401 0.36111111111111105 0.6875 0.36382850241545894 0.6893115942028986 0.3665458937198068 0.6905193236714975 0.3686594202898551 0.6908212560386473 0.3704710144927536 0.6908212560386473 0.37228260869565216 0.6905193236714975 0.37379227053140096 0.6890096618357487 0.37560386473429946 0.6875 0.3771135265700483 0.6835748792270532 0.37862318840579706 0.6811594202898551 0.37922705314009664 0.678743961352657 0.3813405797101449 0.6772342995169082 0.3834541062801932 0.6742149758454106 0.3831521739130434 0.671195652173913 0.3831521739130434 0.6654589371980676 0.3834541062801932 0.6624396135265701 0.3828502415458937 0.660024154589372 0.3822463768115942 0.6573067632850241 0.38164251207729466 0.6539855072463768 0.3801328502415459 0.6512681159420289 0.37862318840579706 0.6476449275362319 0.3768115942028985 0.6446256038647342 0.375
1 0.580012077294686 0.492451690821256 0.5757850241545893 0.48792270531400966 0.5742753623188405 0.48641304347826086 0.5721618357487922 0.48429951690821255 0.5700483091787439 0.48188405797101447 0.5691425120772947 0.4794685990338164 0.5691425120772947 0.4761473429951691 0.5691425120772947 0.47403381642512077 0.5685386473429952 0.4722222222222222 0.5676328502415459 0.46950483091787437 0.5667270531400966 0.46769323671497587 0.5655193236714975 0.46557971014492755 0.5646135265700483 0.463768115942029 0.5634057971014492 0.46225845410628014 0.5625 0.46044685990338163 0.5618961352657004 0.4586352657004831 0.561292270531401 0.45652173913043476 0.561292270531401 0.45410628019323673 0.561292270531401 0.4516908212560386 0.561292270531401 0.4489734299516908 0.5615942028985507 0.4468599033816425 0.5625 0.44504830917874394 0.5646135265700483 0.44112318840579706 0.566123188405797 0.43900966183574874 0.5676328502415459 0.4368961352657005 0.5697463768115941 0.43508454106280187 0.5715579710144927 0.4338768115942029 0.5733695652173912 0.43327294685990336 0.5757850241545893 0.43266908212560384 0.5794082125603864 0.4329710144927536 0.584842995169082 0.4353864734299517 0.5869565217391304 0.4371980676328502 0.5887681159420289 0.4393115942028985 0.5905797101449275 0.4414251207729468 0.5926932367149758 0.44414251207729466 0.5942028985507246 0.446256038647343 0.5963164251207729 0.4483695652173913 0.598731884057971 0.45108695652173914 0.6002415458937198 0.45320048309178745 0.6023550724637681 0.4556159420289855 0.6044685990338164 0.4586352657004831 0.606280193236715 0.4610507246376811 0.608695652173913 0.4640700483091787 0.611111111111111 0.466183574879227 0.6129227053140096 0.46769323671497587 0.6159420289855072 0.47131642512077293 0.6165458937198067 0.47433574879227053 0.6165458937198067 0.47705314009661837 0.6165458937198067 0.48037439613526567 0.6165458937198067 0.4830917874396135 0.6168478260869565 0.48641304347826086 0.6171497584541062 0.4906400966183575 0.6171497584541062 0.49365942028985504 0.6168478260869565 0.4963768115942029 0.6159420289855072 0.4978864734299517 0.6147342995169082 0.4996980676328502 0.6135265700483091 0.5015096618357487 0.611111111111111 0.5036231884057971 0.6083937198067633 0.5051328502415459 0.6050724637681159 0.5057367149758454 0.6014492753623187 0.5057367149758454 0.5981280193236714 0.5045289855072463 0.5954106280193237 0.5036231884057971 0.5929951690821256 0.5018115942028986 0.5908816425120772 0.5003019323671497 0.5884661835748791 0.4987922705314009 0.5854468599033816 0.4966787439613526 0.5827294685990337 0.49426328502415456
1 0.6310386473429952 0.7321859903381642 0.6268115942028986 0.7291666666666666 0.6256038647342995 0.7273550724637681 0.6253019323671497 0.7267512077294687 0.6253019323671497 0.7252415458937198 0.6277173913043478 0.7234299516908212 0.6283212560386473 0.7213164251207729 0.6274154589371981 0.7189009661835749 0.6277173913043478 0.7170893719806763 0.6289251207729468 0.7155797101449275 0.6304347826086956 0.7143719806763286 0.6319444444444444 0.7134661835748791 0.634963768115942 0.7101449275362319 0.6367753623188405 0.7086352657004831 0.6388888888888888 0.7065217391304348 0.6410024154589371 0.705012077294686 0.6428140096618357 0.703804347826087 0.644927536231884 0.7028985507246376 0.6476449275362319 0.7028985507246376 0.6503623188405797 0.7028985507246376 0.6545893719806763 0.7028985507246376 0.6582125603864735 0.7028985507246376 0.6621376811594203 0.7032004830917874 0.6645531400966184 0.7035024154589371 0.6675724637681159 0.7041062801932367 0.6699879227053139 0.7044082125603864 0.6717995169082125 0.7053140096618357 0.673611111111111 0.707427536231884 0.6757246376811594 0.7104468599033816 0.677536231884058 0.7125603864734299 0.678743961352657 0.714975845410628 0.678743961352657 0.7170893719806763 0.6784420289855072 0.7192028985507246 0.6763285024154588 0.7216183574879227 0.6742149758454106 0.723731884057971 0.6714975845410628 0.7258454106280193 0.6681763285024154 0.7273550724637681 0.6651570048309179 0.7285628019323671 0.6618357487922705 0.7303743961352657 0.6597222222222221 0.7315821256038647 0.6564009661835749 0.7333937198067633 0.6542874396135265 0.7342995169082125 0.6503623188405797 0.7355072463768116 0.647342995169082 0.7358091787439613 0.643719806763285 0.7358091787439613 0.6382850241545893 0.7355072463768116 0.633756038647343 0.7346014492753622
1 0.2632924335378323 0.4552232447171098 0.2643575323790048 0.4558623040218132 0.2692569870483981 0.4579925017041582 0.2703220858895706 0.4588445807770961 0.2716002044989775 0.4599096796182686 0.2728783231083845 0.46076175869120656 0.27415644171779147 0.461826857532379 0.27586059986366734 0.463104976141786 0.27692569870483985 0.4645961145194274 0.2782038173142468 0.4663002726653034 0.2794819359236537 0.4680044308111793 0.2805470347648262 0.46992160872528976 0.2816121336059986 0.4716257668711657 0.28289025221540565 0.4739689843217451 0.2839553510565781 0.47588616223585556 0.28480743012951604 0.47780334014996595 0.28565950920245403 0.4797205180640764 0.28651158827539197 0.48206373551465576 0.286937627811861 0.4844069529652352 0.2873636673483299 0.4869631901840491 0.2880027266530334 0.4897324471710975 0.2884287661895024 0.4925017041581459 0.2884287661895024 0.49399284253578735 0.2884287661895024 0.4995313565098841 0.2873636673483299 0.5018745739604635 0.2854464894342195 0.5040047716428085 0.2831032719836401 0.5063479890933879 0.28118609406952966 0.5080521472392638 0.27969495569188824 0.5086912065439673 0.2782038173142468 0.5089042263122018 0.27309134287661896 0.5086912065439673 0.27053510565780503 0.5080521472392638 0.26797886843899116 0.5074130879345603 0.26499659168370826 0.5065610088616224 0.2609492160872529 0.5052828902522155 0.25839297886843904 0.5040047716428085 0.2564758009543286 0.5027266530334015 0.25434560327198363 0.5008094751192911 0.25221540558963873 0.4988922972051807 0.25072426721199725 0.49718813905930476 0.24838104976141787 0.4952709611451943 0.24646387184730745 0.49335378323108386 0.24539877300613497 0.4914366053169735 0.24412065439672803 0.4897324471710975 0.24305555555555555 0.4871762099522836 0.2422034764826176 0.4848329925017042 0.24177743694614862 0.48227675528289027 0.24156441717791413 0.4803595773687798 0.24113837764144513 0.47780334014996595 0.24092535787321065 0.475247102931152 0.24049931833674165 0.47290388548057266 0.24007327880027268 0.4701346284935243 0.24007327880027268 0.4680044308111793 0.24007327880027268 0.4658742331288344 0.24028629856850717 0.46374403544648946 0.24071233810497616 0.461826857532379 0.24135139740967965 0.46076175869120656 0.2424164962508521 0.4599096796182686 0.244546693933197 0.45927062031356514 0.24603783231083845 0.4588445807770961 0.2475289706884799 0.45650136332651675 0.24816802999318338 0.45479720518064076 0.24923312883435586 0.45330606680299934 0.2502982276755283 0.4526670074982959 0.25178936605316976 0.4524539877300614 0.2532805044308112 0.4524539877300614 0.2556237218813906 0.4524539877300614 0.2581799591002045 0.45288002726653037 0.26052317655078394 0.45330606680299934
1 0.3558673469387755 0.8044217687074829 0.3516156462585034 0.7980442176870748 0.350765306122449 0.7950680272108843 0.34991496598639454 0.7916666666666666 0.3494897959183673 0.7878401360544217 0.3494897959183673 0.784438775510204 0.35034013605442177 0.7818877551020408 0.35119047619047616 0.7789115646258503 0.3516156462585034 0.7746598639455782 0.352891156462585 0.7712585034013605 0.35374149659863946 0.7687074829931971 0.3550170068027211 0.766156462585034 0.3562925170068027 0.7627551020408163 0.3575680272108844 0.7597789115646257 0.358843537414966 0.7563775510204082 0.36011904761904756 0.7538265306122448 0.36181972789115646 0.7517006802721088 0.36352040816326525 0.7491496598639455 0.366921768707483 0.7474489795918368 0.36989795918367346 0.7470238095238095 0.3728741496598639 0.7470238095238095 0.37627551020408156 0.7478741496598639 0.3805272108843537 0.75 0.38435374149659857 0.7525510204081631 0.3852040816326531 0.7551020408163265 0.38562925170068024 0.7572278911564625 0.3877551020408163 0.7627551020408163 0.3877551020408163 0.7648809523809523 0.3877551020408163 0.76828231292517 0.3873299319727891 0.7725340136054422 0.38690476190476186 0.7750850340136054 0.38690476190476186 0.7784863945578231 0.38690476190476186 0.7827380952380951 0.38605442176870747 0.7865646258503401 0.3852040816326531 0.790391156462585 0.38435374149659857 0.7937925170068028 0.383078231292517 0.7963435374149659 0.3818027210884354 0.7988945578231291 0.37967687074829926 0.8022959183673469 0.37797619047619047 0.8052721088435374 0.3745748299319728 0.808673469387755 0.37159863945578225 0.808673469387755 0.3677721088435374 0.8103741496598639 0.3652210884353741 0.8129251700680271 0.3630952380952381 0.8129251700680271 0.35799319727891155 0.808673469387755
0 0.008358534946236597 0.04448084677419359 0.023059475806451648 0.04532090053763445 0.025999663978494663 0.04532090053763445 0.040700604838709714 0.04490087365591402 0.04364079301075273 0.04490087365591402 0.0474210349462366 0.04490087365591402 0.050781250000000035 0.04448084677419359 0.05246135752688176 0.04322076612903229 0.05372143817204305 0.040280577956989284 0.0461609543010753 0.041120631720430144 0.038180443548387136 0.04154065860215058 0.03230006720430111 0.041960685483871 0.02809979838709681 0.041960685483871 0.02347950268817208 0.04238071236559144 0.01885920698924735 0.041960685483871 0.01465893817204305 0.041120631720430144 0.011718750000000038 0.040700604838709714 0.005418346774193587 0.039020497311827995 0.003318212365591436 0.039020497311827995 0.002898185483871006 0.040280577956989284 0.004158266129032296 0.04154065860215058
0 0.5795950940860216 0.2666750672043011 0.5816952284946237 0.26457493279569894 0.5959761424731183 0.2578545026881721 0.6005964381720431 0.25575436827956993 0.6039566532258065 0.25491431451612906 0.6081569220430108 0.25323420698924737 0.6110971102150539 0.25197412634408606 0.6106770833333334 0.25071404569892475 0.6077368951612904 0.2502940188172043 0.6031165994623656 0.2511340725806452 0.59765625 0.2523941532258065 0.5909358198924732 0.25491431451612906 0.5875756048387097 0.25701444892473124 0.5842153897849462 0.2595346102150538 0.5812752016129034 0.2607946908602151 0.5779149865591399 0.2624747983870968 0.5745547715053764 0.2637348790322581 0.5711945564516129 0.2654149865591398 0.5737147177419355 0.2666750672043011
0 0.6673807123655915 0.36706149193548393 0.6551999327956989 0.3628612231182796 0.6514196908602151 0.36118111559139787 0.6472194220430108 0.3599210349462366 0.6459593413978495 0.3565608198924731 0.6484795026881721 0.35614079301075274 0.6526797715053764 0.357400873655914 0.6568800403225806 0.3586609543010753 0.6598202284946237 0.3599210349462366 0.6631804435483872 0.36076108870967744 0.6665406586021505 0.3616011424731183 0.669900873655914 0.3624411962365592 0.6732610887096775 0.36412130376344093 0.6762012768817205 0.3658014112903226 0.67578125 0.3679015456989248 0.6732610887096775 0.3683215725806452
0 0.5522933467741936 0.3536206317204301 0.5539734543010754 0.36328125000000006 0.5543934811827957 0.36706149193548393 0.5543934811827957 0.37000168010752693 0.5548135080645161 0.37294186827956993 0.5552335349462366 0.37588205645161293 0.5573336693548387 0.3742019489247312 0.5573336693548387 0.3712617607526882 0.5573336693548387 0.36706149193548393 0.5573336693548387 0.36328125000000006 0.5573336693548387 0.3595010080645162 0.5569136424731183 0.35530073924731187 0.5564936155913979 0.35236055107526887 0.5556535618279571 0.3490003360215054 0.5548135080645161 0.34648017473118287 0.5539734543010754 0.3443800403225807
0 0.2578545026881721 0.48088877688172044 0.26877520161290325 0.49222950268817206 0.27003528225806456 0.49264952956989255 0.2696152553763441 0.48718918010752693 0.2666750672043011 0.48340893817204306 0.25827452956989255 0.47626848118279574
0 0.08438340053763445 0.5342321908602151 0.08690356182795703 0.5279317876344086 0.0919438844086022 0.5195312500000001 0.09404401881720434 0.5157510080645162 0.09698420698924734 0.5132308467741936 0.09824428763440865 0.5098706317204301 0.09530409946236564 0.5090305779569892 0.09320396505376348 0.5115507392473119 0.09110383064516132 0.5144909274193549 0.08858366935483875 0.5186911962365592 0.08648353494623659 0.5220514112903226 0.08438340053763445 0.5249915994623656 0.08228326612903229 0.5279317876344086 0.08102318548387101 0.5300319220430108 0.07892305107526885 0.5325520833333334 0.07850302419354843 0.5346522177419355
0 0.19065020161290328 0.7240843413978495 0.18897009408602153 0.7350050403225806 0.18855006720430112 0.7396253360215055 0.18771001344086027 0.7434055779569894 0.18644993279569896 0.7471858198924732 0.18518985215053765 0.7505460349462366 0.18434979838709684 0.75390625 0.18644993279569896 0.7534862231182796 0.18771001344086027 0.7492859543010754 0.18939012096774197 0.7459257392473119 0.19065020161290328 0.7425655241935484 0.19149025537634412 0.7387852822580645 0.19191028225806456 0.7354250672043011 0.192330309139785 0.7312247983870968 0.19359038978494628 0.7274445564516129 0.195270497311828 0.7249243951612904 0.19569052419354843 0.7219842069892474 0.19569052419354843 0.7186239919354839 0.19569052419354843 0.7161038306451614 0.195270497311828 0.71484375 0.19317036290322587 0.71484375 0.19191028225806456 0.7182039650537635
0 0.36958165322580644 0.7875084005376344 0.36706149193548393 0.7681871639784946 0.36706149193548393 0.7648269489247312 0.36706149193548393 0.7623067876344086 0.3679015456989248 0.7610467069892474 0.37000168010752693 0.7610467069892474 0.3708417338709678 0.7644069220430108 0.37210181451612906 0.7681871639784946 0.37336189516129037 0.7723874327956989 0.3742019489247312 0.7765877016129034 0.3742019489247312 0.7799479166666666 0.3746219758064517 0.7833081317204301 0.3746219758064517 0.7879284274193549 0.3742019489247312 0.7908686155913979 0.3737819220430108 0.7938088037634409 0.37336189516129037 0.7971690188172044 0.3708417338709678 0.7984290994623656 0.36958165322580644 0.79296875
0 0.5275117607526882 0.8337113575268817 0.5291918682795699 0.8316112231182796 0.5380124327956989 0.8206905241935484 0.5405325940860216 0.8173303091397849 0.5434727822580645 0.814390120967742 0.546832997311828 0.8135500672043011 0.5459929435483872 0.8194304435483872 0.5434727822580645 0.8236307123655915 0.5401125672043011 0.8278309811827957 0.5371723790322581 0.83203125 0.5342321908602151 0.8349714381720431 0.5308719758064516 0.8370715725806452 0.5275117607526882 0.8404317876344086 0.5241515456989247 0.8425319220430108 0.5220514112903226 0.8429519489247312 0.5241515456989247 0.8374915994623656
0 0.049941196236559175 0.8223706317204301 0.051621303763440894 0.8089297715053764 0.05204133064516133 0.8055695564516129 0.05330141129032262 0.8030493951612904 0.05540154569892477 0.8013692876344086 0.057921706989247354 0.8009492607526882 0.057921706989247354 0.8038894489247312 0.057921706989247354 0.8072496639784946 0.057921706989247354 0.8114499327956989 0.058761760752688214 0.8152301747311828 0.058761760752688214 0.8190104166666666 0.057921706989247354 0.8232106854838711 0.05750168010752692 0.8278309811827957 0.05708165322580649 0.8316112231182796 0.05624159946236563 0.8341313844086022 0.05372143817204305 0.8345514112903226 0.05204133064516133 0.8311911962365592 0.050781250000000035 0.8282510080645161
0 0.20619119623655918 0.5728746639784946 0.20577116935483877 0.5640540994623656 0.20577116935483877 0.5606938844086021 0.20871135752688177 0.5598538306451614 0.2103914650537635 0.5623739919354839 0.21123151881720434 0.5661542338709677 0.21165154569892478 0.5703545026881721 0.21165154569892478 0.5732946908602151 0.21165154569892478 0.5766549059139785 0.21165154569892478 0.5804351478494624 0.21165154569892478 0.5846354166666666 0.21165154569892478 0.5888356854838711 0.2108114919354839 0.591775873655914 0.20997143817204306 0.5938760080645161 0.2103914650537635 0.59765625 0.2078713037634409 0.5984963037634409 0.20703125000000003 0.5951360887096775 0.2066112231182796 0.5913558467741936 0.20619119623655918 0.5879956317204301 0.20619119623655918 0.5837953629032259 0.20619119623655918 0.5787550403225806
0 0.8605930779569894 0.5069304435483871 0.8576528897849462 0.4947496639784947 0.8572328629032259 0.4909694220430108 0.8568128360215055 0.48676915322580644 0.8563928091397849 0.48340893817204306 0.8584929435483872 0.4817288306451613 0.8597530241935484 0.4850890456989248 0.8605930779569894 0.4876092069892473 0.8605930779569894 0.49012936827956993 0.8610131048387097 0.49348958333333337 0.8614331317204301 0.49600974462365593 0.8626932123655915 0.49852990591397855 0.8635332661290323 0.5010500672043011 0.8643733198924732 0.504830309139785 0.865213373655914 0.5081905241935485 0.8656334005376344 0.510710685483871 0.8656334005376344 0.5149109543010754 0.8656334005376344 0.5174311155913979 0.865213373655914 0.5191112231182796 0.8622731854838711 0.5153309811827957 0.8618531586021505 0.5119707661290324
0 0.8190104166666666 0.17762936827956993 0.8362315188172044 0.18056955645161293 0.8400117607526882 0.1814096102150538 0.8437920026881721 0.18224966397849465 0.8463121639784946 0.1826696908602151 0.847572244623656 0.18182963709677422 0.847572244623656 0.1784694220430108 0.8446320564516129 0.17762936827956993 0.84169186827957 0.1772093413978495 0.8374915994623656 0.17636928763440862 0.8311911962365592 0.1755292338709678 0.826150873655914 0.17468918010752693 0.8215305779569894 0.1742691532258065 0.8164902553763441 0.17384912634408606 0.8135500672043011 0.17384912634408606 0.8131300403225806 0.17468918010752693
0 0.971345514950166 0.13558970099667783 0.9786129568106311 0.1321290143964563 0.9803433001107419 0.131436877076412 0.9820736434108527 0.13039867109634556 0.9838039867109634 0.1293604651162791 0.9862264673311184 0.12832225913621267 0.9879568106312291 0.12728405315614622 0.9900332225913621 0.12624584717607978 0.9879568106312291 0.12486157253599119 0.9841500553709855 0.12624584717607978 0.9813815060908084 0.12728405315614622 0.9779208194905868 0.12832225913621267 0.9744601328903654 0.12970653377630129 0.9709994462901439 0.13109080841638987 0.9692691029900332 0.13247508305647845 0.9678848283499446 0.13420542635658922 0.966500553709856 0.13593576965669996 0.966500553709856 0.13732004429678854
