1 0.0758356227106227 0.25154532967032966 0.05723443223443223 0.2535485347985348 0.053800366300366304 0.2535485347985348 0.05036630036630037 0.2535485347985348 0.04664606227106227 0.2532623626373626 0.043211996336996336 0.2526900183150183 0.0397779304029304 0.25154532967032966 0.03691620879120879 0.250400641025641 0.033482142857142856 0.24811126373626372 0.030620421245421244 0.2461080586080586 0.02918956043956044 0.24410485347985347 0.026900183150183152 0.241529304029304 0.025183150183150184 0.23866758241758243 0.02403846153846154 0.2358058608058608 0.02260760073260073 0.2320856227106227 0.021462912087912085 0.2277930402930403 0.020890567765567764 0.2249313186813187 0.020890567765567764 0.22206959706959706 0.020890567765567764 0.21834935897435898 0.02203525641025641 0.21520146520146521 0.023179945054945052 0.21233974358974358 0.024896978021978024 0.2100503663003663 0.026900183150183152 0.207760989010989 0.02976190476190476 0.20575778388278387 0.033195970695970696 0.20461309523809523 0.03634386446886447 0.2034684065934066 0.03920558608058608 0.20232371794871795 0.04292582417582417 0.20146520146520147 0.04664606227106227 0.20089285714285715 0.05122481684981685 0.2003205128205128 0.05408653846153846 0.19974816849816848 0.05780677655677655 0.19974816849816848 0.06066849816849817 0.19946199633699632 0.06524725274725275 0.19946199633699632 0.06810897435897437 0.19974816849816848 0.07297390109890109 0.2003205128205128 0.078125 0.20146520146520147 0.08155906593406594 0.2026098901098901 0.0847069597069597 0.20432692307692307 0.08728250915750915 0.20604395604395603 0.09014423076923077 0.20833333333333334 0.09157509157509157 0.20976419413919414 0.0935782967032967 0.21176739926739926 0.09443681318681318 0.21319826007326007 0.0964400183150183 0.2157738095238095 0.09787087912087912 0.21834935897435898 0.0995879120879121 0.22121108058608058 0.10101877289377288 0.22407280219780218 0.10187728937728938 0.22664835164835165 0.10216346153846154 0.22893772893772893 0.10216346153846154 0.23036858974358976 0.10187728937728938 0.23265796703296704 0.10101877289377288 0.23466117216117213 0.09987408424908424 0.23666437728937728 0.0987293956043956 0.23838141025641024 0.09701236263736264 0.24009844322344323 0.09558150183150182 0.2418154761904762 0.09415064102564102 0.243246336996337 0.09157509157509157 0.2452495421245421 0.08871336996336997 0.2469665750915751 0.08613782051282051 0.24839743589743588 0.08384844322344322 0.24954212454212454 0.0818452380952381 0.25011446886446886
1 0.1805746336996337 0.2461080586080586 0.17342032967032966 0.24639423076923075 0.16998626373626372 0.24668040293040291 0.16683836996336995 0.2475389194139194 0.1642628205128205 0.24839743589743588 0.1622596153846154 0.24954212454212454 0.15997023809523808 0.25097298534798534 0.15853937728937728 0.25240384615384615 0.15682234432234432 0.25440705128205127 0.1548191391941392 0.2578411172161172 0.15281593406593405 0.26127518315018317 0.15138507326007328 0.2638507326007326 0.15052655677655677 0.2667124542124542 0.14938186813186813 0.2704326923076923 0.1488095238095238 0.2738667582417582 0.14852335164835165 0.27701465201465203 0.14852335164835165 0.2801625457875458 0.1516712454212454 0.2878891941391941 0.15310210622710624 0.2898923992673993 0.15424679487179485 0.29160943223443225 0.15625 0.2936126373626374 0.15796703296703296 0.29532967032967034 0.15997023809523808 0.2973328754578754 0.16311813186813187 0.2993360805860806 0.165121336996337 0.3004807692307692 0.1674107142857143 0.30105311355311354 0.1694139194139194 0.3013392857142857 0.17141712454212454 0.30162545787545786 0.17427884615384615 0.3019116300366301 0.17714056776556777 0.30105311355311354 0.18171932234432234 0.3004807692307692 0.18543956043956042 0.2993360805860806 0.18973214285714285 0.29876373626373626 0.19202152014652013 0.2979052197802198 0.19402472527472528 0.29676053113553114 0.19574175824175824 0.2950434981684982 0.19803113553113552 0.29275412087912084 0.20117902930402928 0.2890338827838828 0.2040407509157509 0.28559981684981683 0.20604395604395603 0.2830242673992674 0.20890567765567764 0.2644230769230769 0.20890567765567764 0.26241987179487175 0.20861950549450547 0.2604166666666667 0.20833333333333334 0.25898580586080583 0.20604395604395603 0.25240384615384615 0.2040407509157509 0.25011446886446886 0.20203754578754576 0.2489697802197802 0.19946199633699632 0.24782509157509158 0.19774496336996336 0.24725274725274723 0.19574175824175824 0.24668040293040291 0.1931662087912088 0.2461080586080586 0.1834363553113553 0.2452495421245421
1 0.011160714285714284 0.38604624542124544 0.008012820512820512 0.3894803113553113 0.0 0.39377289377289376 0.0 0.3580013736263736 0.00744047619047619 0.35914606227106227 0.01001602564102564 0.36000457875457875 0.01201923076923077 0.36086309523809523 0.014022435897435898 0.36229395604395603 0.016884157509157508 0.364010989010989 0.018315018315018312 0.3654418498168498 0.019173534798534796 0.3671588827838828 0.01945970695970696 0.3688759157509158 0.01974587912087912 0.37087912087912084 0.01974587912087912 0.3731684981684982 0.01945970695970696 0.3751717032967033 0.018601190476190476 0.3771749084249084 0.017742673992673992 0.37917811355311354 0.016884157509157508 0.38089514652014655 0.015739468864468864 0.3823260073260073
1 0.09701236263736264 0.356856684981685 0.08527930402930403 0.36258012820512814 0.08270375457875458 0.364010989010989 0.08041437728937728 0.3660141941391941 0.07755265567765567 0.3677312271062271 0.07469093406593406 0.37002060439560436 0.07297390109890109 0.3720238095238095 0.07097069597069597 0.3743131868131868 0.06982600732600733 0.37631639194139194 0.06839514652014651 0.3800366300366301 0.06696428571428571 0.3837568681318681 0.06610576923076923 0.38690476190476186 0.06553342490842491 0.390625 0.06524725274725275 0.3940590659340659 0.06524725274725275 0.3969207875457875 0.06553342490842491 0.4006410256410256 0.06639194139194139 0.4037889194139194 0.06753663003663003 0.4069368131868132 0.06896749084249085 0.4097985347985348 0.07068452380952381 0.41208791208791207 0.07297390109890109 0.4140911172161172 0.07554945054945054 0.41638049450549447 0.07783882783882784 0.41781135531135527 0.0795558608058608 0.4189560439560439 0.0818452380952381 0.4198145604395604 0.08442078754578755 0.4201007326007326 0.08699633699633699 0.4201007326007326 0.09043040293040291 0.4201007326007326 0.09443681318681318 0.4195283882783883 0.10989010989010989 0.4158081501831502 0.12334020146520146 0.40636446886446886 0.13249771062271062 0.3943452380952381 0.1333562271062271 0.3914835164835165 0.13421474358974358 0.38890796703296704 0.1347870879120879 0.3863324175824176 0.13507326007326007 0.3837568681318681 0.13507326007326007 0.3803228021978022 0.1347870879120879 0.37688873626373626 0.13450091575091574 0.37374084249084244 0.13364239926739926 0.37002060439560436 0.13278388278388278 0.3663003663003663 0.13163919413919414 0.36372481684981683 0.12992216117216115 0.3611492673992674 0.12763278388278387 0.35857371794871795 0.12562957875457875 0.3571428571428571 0.12248168498168498 0.35571199633699635 0.12047847985347986 0.35456730769230765 0.11761675824175824 0.35428113553113555 0.10760073260073261 0.3539949633699634 0.10473901098901098 0.3539949633699634
1 0.010874542124542124 0.4567307692307692 0.007726648351648351 0.4524381868131868 0.006295787545787546 0.45186584249084244 0.004292582417582417 0.45100732600732596 0.0 0.449290293040293 0.0 0.49679487179487175 0.011160714285714284 0.48849587912087905 0.012591575091575092 0.4870650183150183 0.017456501831501832 0.47819368131868134 0.018028846153846152 0.4764766483516484 0.018887362637362636 0.47418727106227104 0.018887362637362636 0.4724702380952381 0.018887362637362636 0.47018086080586075 0.016597985347985348 0.4633127289377289
1 0.21205357142857142 0.36086309523809523 0.20432692307692307 0.37688873626373626 0.2034684065934066 0.37975045787545786 0.20232371794871795 0.3826121794871795 0.20203754578754576 0.38490155677655674 0.20203754578754576 0.38804945054945056 0.2026098901098901 0.39119734432234426 0.20375457875457875 0.39463141025641024 0.2054716117216117 0.39806547619047616 0.20718864468864467 0.4014995421245421 0.20861950549450547 0.40436126373626374 0.20976419413919414 0.406650641025641 0.2114812271062271 0.4089400183150183 0.21377060439560439 0.4109432234432234 0.21634615384615383 0.4126602564102564 0.2194940476190476 0.41437728937728935 0.2235004578754579 0.415521978021978 0.22664835164835165 0.41638049450549447 0.2292239010989011 0.41638049450549447 0.23179945054945056 0.41523580586080583 0.23466117216117213 0.41380494505494503 0.23695054945054944 0.41294642857142855 0.2395260989010989 0.41208791208791207 0.24124313186813187 0.4112293956043956 0.243246336996337 0.4095123626373626 0.24496336996336995 0.4080815018315018 0.24725274725274723 0.40636446886446886 0.2489697802197802 0.4046474358974359 0.25097298534798534 0.4026442307692308 0.25240384615384615 0.4012133699633699 0.25383470695970695 0.3997825091575091 0.2561240842490842 0.39806547619047616 0.2578411172161172 0.39606227106227104 0.25898580586080583 0.3940590659340659 0.2607028388278388 0.390625 0.2618475274725275 0.38890796703296704 0.26270604395604397 0.38690476190476186 0.26356456043956045 0.38461538461538464 0.2638507326007326 0.38175366300366304 0.2644230769230769 0.3780334249084249 0.2644230769230769 0.37488553113553114 0.2647092490842491 0.3714514652014652 0.2647092490842491 0.3680173992673993 0.2647092490842491 0.36515567765567764 0.2647092490842491 0.36229395604395603 0.2644230769230769 0.35914606227106227 0.26413690476190477 0.356856684981685 0.2638507326007326 0.35542582417582413 0.2629922161172161 0.353422619047619 0.26156135531135527 0.35084706959706957 0.2598443223443223 0.34884386446886445 0.2578411172161172 0.3471268315018315 0.2561240842490842 0.3456959706959707 0.2546932234432234 0.3448374542124542 0.2526900183150183 0.34426510989010983 0.24982829670329668 0.34369276556776557 0.24782509157509158 0.34340659340659335 0.2446771978021978 0.34312042124542125 0.2418154761904762 0.34312042124542125 0.23895375457875456 0.34312042124542125 0.23752289377289376 0.34340659340659335 0.23351648351648352 0.34397893772893773 0.23179945054945056 0.34455128205128205 0.22893772893772893 0.3451236263736263 0.22664835164835165 0.34598214285714285 0.2249313186813187 0.3471268315018315 0.2235004578754579 0.34827152014652013 0.2217834249084249 0.349702380952381 0.2194940476190476 0.3519917582417582
1 0.4158081501831502 0.5119619963369962 0.4095123626373626 0.5073832417582417 0.40722298534798534 0.5065247252747253 0.40350274725274726 0.5062385531135531 0.40006868131868134 0.5056662087912087 0.39606227106227104 0.5056662087912087 0.39176968864468864 0.5056662087912087 0.3871909340659341 0.5059523809523809 0.3843292124542125 0.5068108974358975 0.38060897435897434 0.5082417582417582 0.37631639194139194 0.5099587912087912 0.37259615384615385 0.5116758241758241 0.371165293040293 0.513106684981685 0.37002060439560436 0.5156822344322344 0.36944826007326004 0.5173992673992674 0.3688759157509158 0.5194024725274725 0.36858974358974356 0.521978021978022 0.3683035714285714 0.5251259157509157 0.3683035714285714 0.5268429487179487 0.37087912087912084 0.538003663003663 0.3717376373626374 0.5405792124542124 0.37259615384615385 0.543154761904762 0.37345467032967034 0.5454441391941391 0.3743131868131868 0.5480196886446886 0.37631639194139194 0.550595238095238 0.3774610805860806 0.5528846153846153 0.37831959706959706 0.5548878205128205 0.37975045787545786 0.5563186813186812 0.38203983516483514 0.5580357142857142 0.38518772893772896 0.559466575091575 0.3871909340659341 0.5603250915750916 0.3903388278388278 0.561183608058608 0.3949175824175824 0.5623282967032968 0.3974931318681319 0.5626144688644689 0.4006410256410256 0.5634729853479853 0.4057921245421245 0.5640453296703297 0.40922619047619047 0.5643315018315018 0.4118017399267399 0.5643315018315018 0.4146634615384615 0.5643315018315018 0.41723901098901095 0.5637591575091575 0.4201007326007326 0.562900641025641 0.42210393772893773 0.5617559523809523 0.4238209706959707 0.5603250915750916 0.42496565934065933 0.5577495421245421 0.4266826923076923 0.5548878205128205 0.4272550366300366 0.5520260989010989 0.427827380952381 0.5500228937728938 0.42839972527472525 0.5474473443223443 0.42868589743589747 0.5445856227106227 0.42868589743589747 0.5420100732600732 0.42868589743589747 0.5388621794871794 0.42839972527472525 0.5357142857142857 0.4281135531135531 0.5331387362637362 0.4272550366300366 0.5305631868131868 0.42639652014652013 0.5279876373626373 0.4258241758241758 0.5259844322344323 0.4252518315018315 0.5239812271062271 0.424393315018315 0.5216918498168498 0.42353479853479853 0.5202609890109889
1 0.4976533882783883 0.5345695970695971 0.4827724358974359 0.5348557692307693 0.4793383699633699 0.5354281135531135 0.47704899267399264 0.5365728021978022 0.4724702380952381 0.5385760073260073 0.4678914835164835 0.5414377289377289 0.4641712454212454 0.5440132783882784 0.4618818681318681 0.546875 0.4595924908424908 0.5500228937728938 0.4584478021978022 0.5531707875457875 0.45787545787545786 0.5571771978021978 0.45787545787545786 0.5608974358974359 0.4581616300366301 0.5643315018315018 0.45873397435897434 0.5683379120879121 0.45930631868131866 0.5709134615384616 0.4604510073260073 0.5729166666666666 0.46216804029304026 0.5757783882783882 0.4641712454212454 0.5783539377289377 0.46588827838827834 0.5800709706959707 0.4673191391941392 0.5809294871794871 0.4710393772893772 0.5829326923076923 0.47275641025641024 0.5837912087912087 0.4753319597069597 0.5849358974358975 0.47762133699633696 0.586080586080586 0.4793383699633699 0.5869391025641025 0.4822000915750915 0.5875114468864469 0.48448946886446886 0.5880837912087913 0.48763736263736257 0.5883699633699634 0.4904990842490842 0.5886561355311355 0.49336080586080583 0.5886561355311355 0.49565018315018317 0.5883699633699634 0.49851190476190477 0.5880837912087913 0.5019459706959707 0.587797619047619 0.5059523809523809 0.5869391025641025 0.5102449633699634 0.5866529304029304 0.513106684981685 0.5863667582417583 0.5153960622710623 0.5863667582417583 0.518543956043956 0.5857944139194139 0.5208333333333334 0.5840773809523809 0.5216918498168498 0.5832188644688645 0.5282738095238095 0.5726304945054945 0.529132326007326 0.5706272893772895 0.5297046703296703 0.5680517399267399 0.5299908424908425 0.5649038461538461 0.5299908424908425 0.5608974358974359 0.5299908424908425 0.55746336996337 0.5299908424908425 0.5543154761904762 0.5294184981684982 0.5511675824175823 0.5285599816849816 0.5483058608058609 0.5277014652014652 0.5460164835164835 0.5262706043956044 0.5440132783882784 0.5248397435897435 0.5420100732600732 0.5228365384615384 0.5402930402930403 0.5199748168498168 0.5385760073260073 0.5176854395604396 0.5374313186813187 0.5159684065934066 0.5368589743589743 0.5122481684981685 0.53628663003663 0.5076694139194139 0.5357142857142857
1 0.4112293956043956 0.6647779304029304 0.40035485347985345 0.6527586996336996 0.397779304029304 0.6513278388278388 0.3954899267399267 0.649896978021978 0.3929143772893772 0.6487522893772893 0.3900526556776557 0.6478937728937729 0.38690476190476186 0.6467490842490842 0.38518772893772896 0.6461767399267399 0.38203983516483514 0.6456043956043956 0.3794642857142857 0.6450320512820512 0.3757440476190476 0.6444597069597069 0.3731684981684982 0.6441735347985348 0.371165293040293 0.6441735347985348 0.36858974358974356 0.6441735347985348 0.3660141941391941 0.6441735347985348 0.36229395604395603 0.6444597069597069 0.35914606227106227 0.6453182234432234 0.35084706959706957 0.6490384615384616 0.3485576923076923 0.6513278388278388 0.3456959706959707 0.6539033882783882 0.34340659340659335 0.6561927655677656 0.34226190476190477 0.6579097985347986 0.3408310439560439 0.6607715201465201 0.33997252747252743 0.6627747252747253 0.33940018315018317 0.6644917582417583 0.3385416666666667 0.6664949633699634 0.3379693223443223 0.6690705128205128 0.33711080586080583 0.6716460622710623 0.3368246336996337 0.6736492673992674 0.3368246336996337 0.6762248168498168 0.3368246336996337 0.6788003663003663 0.33711080586080583 0.6813759157509157 0.3385416666666667 0.6891025641025641 0.33911401098901095 0.6916781135531135 0.34426510989010983 0.7036973443223443 0.35428113553113555 0.7148580586080586 0.3663003663003663 0.7240155677655677 0.3766025641025641 0.730025183150183 0.38776327838827834 0.731742216117216 0.3894803113553113 0.731742216117216 0.39119734432234426 0.731742216117216 0.39377289377289376 0.7320283882783882 0.3963484432234432 0.7320283882783882 0.39806547619047616 0.7314560439560439 0.40035485347985345 0.7305975274725275 0.40207188644688646 0.7294528388278388 0.4046474358974359 0.728021978021978 0.4080815018315018 0.728021978021978 0.41008470695970695 0.7283081501831501 0.41208791208791207 0.7283081501831501 0.4140911172161172 0.7277358058608059 0.415521978021978 0.726304945054945 0.42067307692307687 0.7197229853479853 0.42410714285714285 0.7079899267399268 0.42467948717948717 0.7051282051282051 0.42639652014652013 0.6965430402930403 0.42639652014652013 0.6939674908424909 0.4252518315018315 0.6885302197802197 0.4169528388278388 0.6722184065934066
0 0.3766025641025641 0.6793727106227105 0.3731684981684982 0.6750801282051282 0.37059294871794873 0.6716460622710623 0.3688759157509158 0.6693566849816849 0.3671588827838828 0.6667811355311355 0.3654418498168498 0.6647779304029304 0.3634386446886447 0.6630608974358975 0.3620077838827839 0.6619162087912087 0.3605769230769231 0.6607715201465201 0.36000457875457875 0.6630608974358975 0.36172161172161166 0.6656364468864469 0.36372481684981683 0.6679258241758242 0.3654418498168498 0.6705013736263736 0.36658653846153844 0.673076923076923 0.3680173992673993 0.6756524725274725 0.36944826007326004 0.6785141941391941 0.371165293040293 0.6816620879120878 0.37288232600732596 0.6842376373626373 0.3754578754578754 0.687099358974359 0.3780334249084249 0.6902472527472526 0.3794642857142857 0.6916781135531135 0.38060897435897434 0.6933951465201464 0.38118131868131866 0.6939674908424909 0.3826121794871795 0.6928228021978022 0.383470695970696 0.6911057692307693 0.383470695970696 0.6891025641025641
1 0.08213141025641026 0.5171130952380952 0.07097069597069597 0.5188301282051282 0.06868131868131867 0.5196886446886446 0.06667811355311355 0.5208333333333334 0.06353021978021978 0.521978021978022 0.06152701465201465 0.5228365384615384 0.05952380952380952 0.5242673992673993 0.05694826007326007 0.5259844322344323 0.054372710622710624 0.5277014652014652 0.052083333333333336 0.5297046703296703 0.04979395604395605 0.5314217032967032 0.04779075091575091 0.5334249084249084 0.045501373626373624 0.5357142857142857 0.043211996336996336 0.5382898351648352 0.04178113553113553 0.5414377289377289 0.04035027472527473 0.5460164835164835 0.0397779304029304 0.5508814102564102 0.03949175824175824 0.5554601648351648 0.04006410256410256 0.5580357142857142 0.04206730769230769 0.5608974358974359 0.04464285714285714 0.5637591575091575 0.046932234432234425 0.5657623626373627 0.0486492673992674 0.5674793956043956 0.05093864468864469 0.5691964285714286 0.053514194139194136 0.5709134615384616 0.055803571428571425 0.571771978021978 0.05809294871794871 0.5726304945054945 0.06124084249084249 0.573775183150183 0.06438873626373626 0.5749198717948718 0.06610576923076923 0.5752060439560439 0.06782280219780219 0.5757783882783882 0.07211538461538461 0.5763507326007326 0.07411858974358973 0.5766369047619048 0.07612179487179488 0.5766369047619048 0.07783882783882784 0.5766369047619048 0.08127289377289376 0.5766369047619048 0.08499313186813186 0.5763507326007326 0.08985805860805861 0.575492216117216 0.10359432234432234 0.571771978021978 0.10645604395604395 0.5709134615384616 0.11189331501831501 0.5674793956043956 0.11361034798534798 0.5660485347985348 0.11532738095238095 0.5646176739926739 0.1179029304029304 0.5620421245421245 0.11933379120879122 0.5606112637362638 0.120764652014652 0.5591804029304029 0.12248168498168498 0.5571771978021978 0.12391254578754579 0.5551739926739927 0.12419871794871794 0.5528846153846153 0.1244848901098901 0.5508814102564102 0.12505723443223443 0.548592032967033 0.12505723443223443 0.546875 0.12505723443223443 0.5445856227106227 0.12477106227106227 0.5420100732600732 0.12362637362637362 0.5391483516483516 0.12219551282051282 0.53628663003663 0.120764652014652 0.5339972527472526 0.11904761904761904 0.5317078754578755 0.11647206959706959 0.5294184981684982 0.11361034798534798 0.5277014652014652 0.1113209706959707 0.5259844322344323 0.10845924908424909 0.5245535714285714 0.10616987179487179 0.523695054945055 0.10416666666666667 0.5228365384615384 0.10216346153846154 0.521978021978022 0.09987408424908424 0.5214056776556776 0.0972985347985348 0.5205471611721612 0.09500915750915752 0.5199748168498168 0.09243360805860806 0.5194024725274725 0.09100274725274725 0.5188301282051282 0.0884271978021978 0.5179716117216117 0.08298992673992674 0.5171130952380952
1 0.05036630036630037 0.5915178571428572 0.03891941391941392 0.5935210622710623 0.03748855311355311 0.5938072344322344 0.035485347985347984 0.5946657509157508 0.033195970695970696 0.5955242673992674 0.031192765567765568 0.5963827838827839 0.028903388278388276 0.5978136446886446 0.027186355311355312 0.5992445054945055 0.025755494505494504 0.6006753663003663 0.02461080586080586 0.6021062271062271 0.023179945054945052 0.6041094322344323 0.021749084249084248 0.6078296703296703 0.02031822344322344 0.6112637362637362 0.019173534798534796 0.6141254578754579 0.018315018315018312 0.6172733516483516 0.01717032967032967 0.6204212454212453 0.016311813186813188 0.6238553113553114 0.015739468864468864 0.626717032967033 0.015453296703296702 0.6295787545787545 0.016025641025641024 0.6318681318681318 0.018315018315018312 0.6335851648351648 0.020604395604395604 0.6347298534798534 0.023466117216117213 0.6358745421245421 0.026900183150183152 0.6367330586080586 0.030620421245421244 0.6373054029304029 0.033195970695970696 0.637591575091575 0.03634386446886447 0.6378777472527472 0.03920558608058608 0.6384500915750916 0.04206730769230769 0.6384500915750916 0.04464285714285714 0.6384500915750916 0.04664606227106227 0.6384500915750916 0.0500801282051282 0.6387362637362638 0.052655677655677656 0.6381639194139194 0.054945054945054944 0.637591575091575 0.05780677655677655 0.6367330586080586 0.060382326007326 0.63558836996337 0.0626717032967033 0.6344436813186812 0.06524725274725275 0.6330128205128205 0.06696428571428571 0.6318681318681318 0.06896749084249085 0.6298649267399268 0.07097069597069597 0.6272893772893773 0.07240155677655677 0.6255723443223443 0.07383241758241758 0.623282967032967 0.07469093406593406 0.6215659340659341 0.07526327838827838 0.6198489010989011 0.07554945054945054 0.6181318681318682 0.07612179487179488 0.6158424908424909 0.07669413919413919 0.6138392857142857 0.07669413919413919 0.6115499084249084 0.07669413919413919 0.6092605311355311 0.07669413919413919 0.6066849816849816 0.07612179487179488 0.6041094322344323 0.07554945054945054 0.6018200549450549 0.07469093406593406 0.5998168498168498 0.07354624542124542 0.5983859890109889 0.07125686813186813 0.5969551282051282 0.06868131868131867 0.5958104395604396 0.06610576923076923 0.5949519230769231 0.06353021978021978 0.5940934065934066 0.06181318681318681 0.5932348901098902 0.05952380952380952 0.5926625457875457
1 0.10273580586080586 0.9506639194139194 0.09443681318681318 0.9615384615384616 0.09329212454212454 0.9629693223443223 0.09214743589743589 0.9649725274725275 0.09100274725274725 0.9672619047619048 0.09014423076923077 0.9701236263736264 0.08957188644688645 0.972985347985348 0.08928571428571427 0.9758470695970696 0.08899954212454213 0.9787087912087912 0.08871336996336997 0.9812843406593407 0.0884271978021978 0.9844322344322344 0.0884271978021978 0.9878663003663004 0.0884271978021978 0.9904418498168498 0.0884271978021978 0.9927312271062271 0.08899954212454213 0.9941620879120878 0.08985805860805861 0.9955929487179487 0.09128891941391941 0.9975961538461537 0.09265109890109896 0.9989583333333333 0.12391254578754579 0.9987408424908425 0.14022435897435898 0.9850045787545787 0.14279990842490842 0.9824290293040293 0.1445169413919414 0.9798534798534798 0.14566163003663002 0.9775641025641025 0.1468063186813187 0.9747023809523809 0.14795100732600733 0.9715544871794871 0.14852335164835165 0.9684065934065934 0.14852335164835165 0.9646863553113553 0.14852335164835165 0.9609661172161171 0.14766483516483517 0.9566735347985348 0.1468063186813187 0.9529532967032968 0.14566163003663002 0.9495192307692307 0.1445169413919414 0.9469436813186812 0.14222756410256412 0.9443681318681318 0.1399381868131868 0.9423649267399268 0.13822115384615383 0.9415064102564102 0.13564560439560439 0.9406478937728938 0.13278388278388278 0.9403617216117215 0.13078067765567764 0.9400755494505494 0.12763278388278387 0.9400755494505494 0.1244848901098901 0.9397893772893773 0.12219551282051282 0.9397893772893773 0.12047847985347986 0.9397893772893773 0.1179029304029304 0.9406478937728938 0.1141826923076923 0.9415064102564102 0.11160714285714285 0.9423649267399268 0.10960393772893773 0.9435096153846153
1 0.34025869963369965 0.9191849816849816 0.3339629120879121 0.9148923992673993 0.33253205128205127 0.9137477106227105 0.3308150183150183 0.9128891941391941 0.3288118131868132 0.9123168498168498 0.32394688644688646 0.9117445054945055 0.31994047619047616 0.9117445054945055 0.31650641025641024 0.9114583333333334 0.31278617216117216 0.9114583333333334 0.3090659340659341 0.9120306776556776 0.30706272893772896 0.9126030219780219 0.3044871794871795 0.9137477106227105 0.3021978021978022 0.9148923992673993 0.30019459706959706 0.9166094322344323 0.2984775641025641 0.9180402930402931 0.29676053113553114 0.9200434981684982 0.29532967032967034 0.9220467032967032 0.29447115384615385 0.9237637362637362 0.2936126373626374 0.9263392857142857 0.293040293040293 0.928628663003663 0.293040293040293 0.9312042124542124 0.293040293040293 0.933779761904762 0.2933264652014652 0.9366414835164835 0.2938988095238095 0.9386446886446885 0.29447115384615385 0.9406478937728938 0.2950434981684982 0.9429372710622711 0.29532967032967034 0.9446543040293041 0.2961881868131868 0.9466575091575091 0.2970467032967033 0.9489468864468864 0.2979052197802198 0.9506639194139194 0.30019459706959706 0.9532394688644689 0.30162545787545786 0.9549565018315018 0.30391483516483514 0.9569597069597069 0.305345695970696 0.9583905677655677 0.30706272893772896 0.9598214285714286 0.3093521062271062 0.9609661172161171 0.3119276556776557 0.9621108058608059 0.31393086080586075 0.9629693223443223 0.3173649267399267 0.964114010989011 0.3205128205128205 0.9652586996336996 0.32222985347985345 0.9658310439560439 0.3245192307692308 0.9664033882783882 0.3270947802197802 0.9672619047619048 0.3299565018315018 0.9675480769230769 0.3336767399267399 0.967834249084249 0.3365384615384615 0.9681204212454212 0.33911401098901095 0.9681204212454212 0.34226190476190477 0.9672619047619048 0.3456959706959707 0.966117216117216 0.3485576923076923 0.9649725274725275 0.35170558608058605 0.9635416666666666 0.353422619047619 0.962396978021978 0.35571199633699635 0.9595352564102563 0.35657051282051283 0.9572458791208791 0.3571428571428571 0.9549565018315018 0.3574290293040293 0.9520947802197802 0.3574290293040293 0.9492330586080585 0.3574290293040293 0.9466575091575091 0.3574290293040293 0.9440819597069597 0.356856684981685 0.9415064102564102 0.3562843406593406 0.9395032051282051 0.35542582417582413 0.9372138278388279 0.35428113553113555 0.9346382783882784 0.353422619047619 0.9326350732600732 0.35227793040293043 0.9309180402930403 0.35084706959706957 0.9289148351648352
1 0.5895146520146519 0.8759729853479853 0.5815018315018315 0.8722527472527472 0.5792124542124542 0.8713942307692307 0.5703411172161171 0.8702495421245421 0.5683379120879121 0.86996336996337 0.5657623626373627 0.86996336996337 0.5620421245421245 0.86996336996337 0.5580357142857142 0.8702495421245421 0.5531707875457875 0.8713942307692307 0.5503090659340659 0.8722527472527472 0.5474473443223443 0.8733974358974359 0.5445856227106227 0.8748282967032968 0.5420100732600732 0.8768315018315018 0.5394345238095238 0.8785485347985348 0.538003663003663 0.8802655677655677 0.53628663003663 0.882554945054945 0.5348557692307693 0.8848443223443223 0.534283424908425 0.8868475274725275 0.5337110805860805 0.8891369047619048 0.5334249084249084 0.891426282051282 0.5334249084249084 0.8937156593406593 0.5339972527472526 0.8962912087912087 0.5348557692307693 0.8988667582417581 0.5357142857142857 0.9017284798534798 0.5365728021978022 0.9037316849816849 0.5377174908424909 0.9060210622710623 0.5385760073260073 0.9080242673992674 0.5397206959706959 0.9097413003663004 0.5408653846153846 0.9111721611721612 0.5422962454212453 0.9123168498168498 0.5442994505494505 0.9137477106227105 0.5465888278388279 0.9151785714285714 0.5483058608058609 0.9163232600732601 0.5671932234432234 0.9229052197802197 0.5709134615384616 0.9234775641025641 0.573489010989011 0.9237637362637362 0.5757783882783882 0.9240499084249084 0.5780677655677656 0.9243360805860805 0.5815018315018315 0.9243360805860805 0.5846497252747253 0.9243360805860805 0.5886561355311355 0.9243360805860805 0.5923763736263736 0.9237637362637362 0.5949519230769231 0.9223328754578755 0.5972413003663004 0.9203296703296703 0.5989583333333334 0.9191849816849816 0.6012477106227105 0.9174679487179487 0.6029647435897435 0.9148923992673993 0.6041094322344323 0.9128891941391941 0.6046817765567766 0.9108859890109889 0.6052541208791208 0.9080242673992674 0.6055402930402931 0.9060210622710623 0.6055402930402931 0.9028731684981685 0.6055402930402931 0.900297619047619 0.6055402930402931 0.8977220695970696 0.6055402930402931 0.8954326923076923 0.6055402930402931 0.893143315018315 0.6052541208791208 0.8911401098901098 0.6046817765567766 0.8891369047619048 0.6038232600732601 0.8874198717948718 0.6029647435897435 0.885989010989011 0.6015338827838828 0.8848443223443223 0.6001030219780219 0.8836996336996337 0.5949519230769231 0.8794070512820512 0.5935210622710623 0.8785485347985348
1 0.5857944139194139 0.7906936813186812 0.5794986263736264 0.7858287545787545 0.5763507326007326 0.784970238095238 0.5723443223443224 0.7841117216117215 0.5689102564102565 0.7835393772893773 0.5657623626373627 0.7826808608058609 0.5631868131868132 0.7823946886446885 0.5606112637362638 0.7818223443223443 0.5591804029304029 0.78125 0.5546016483516483 0.7806776556776556 0.5511675824175823 0.7806776556776556 0.5471611721611721 0.7806776556776556 0.5437271062271062 0.7809638278388279 0.5408653846153846 0.7815361721611721 0.5382898351648352 0.7823946886446885 0.5345695970695971 0.7838255494505494 0.5317078754578755 0.7852564102564102 0.529132326007326 0.7872596153846153 0.5268429487179487 0.7895489926739927 0.5254120879120879 0.7912660256410257 0.5239812271062271 0.7935554029304029 0.5228365384615384 0.7958447802197802 0.521978021978022 0.7978479853479853 0.5211195054945055 0.7998511904761904 0.5205471611721612 0.8021405677655677 0.5205471611721612 0.804429945054945 0.5208333333333334 0.8070054945054945 0.5214056776556776 0.8104395604395604 0.5228365384615384 0.8135874542124542 0.5245535714285714 0.8173076923076923 0.5271291208791209 0.8201694139194139 0.5299908424908425 0.8230311355311355 0.5328525641025641 0.8253205128205128 0.5345695970695971 0.8270375457875457 0.5365728021978022 0.8287545787545787 0.5397206959706959 0.8304716117216117 0.5425824175824175 0.8316163003663004 0.5448717948717949 0.8327609890109889 0.5465888278388279 0.8336195054945055 0.5491643772893773 0.8341918498168498 0.5525984432234432 0.8344780219780219 0.5554601648351648 0.8350503663003663 0.5580357142857142 0.8356227106227105 0.5606112637362638 0.8361950549450549 0.5634729853479853 0.8364812271062271 0.5663347069597069 0.8367673992673993 0.5694826007326007 0.8367673992673993 0.5743475274725275 0.8367673992673993 0.5774954212454212 0.8367673992673993 0.5794986263736264 0.8367673992673993 0.582360347985348 0.8361950549450549 0.5846497252747253 0.8353365384615384 0.5872252747252747 0.8347641941391941 0.5889423076923077 0.8330471611721612 0.5906593406593407 0.8313301282051282 0.5920902014652014 0.829326923076923 0.5929487179487178 0.8267513736263736 0.5938072344322344 0.8241758241758241 0.5946657509157508 0.822172619047619 0.5952380952380952 0.8198832417582417 0.5960966117216117 0.8175938644688645 0.5963827838827839 0.8155906593406593 0.5963827838827839 0.8135874542124542 0.5963827838827839 0.811584249084249 0.5963827838827839 0.8095810439560439 0.5960966117216117 0.8072916666666666 0.5952380952380952 0.8052884615384616 0.5940934065934066 0.8035714285714286 0.5932348901098902 0.8021405677655677 0.5920902014652014 0.8001373626373627 0.5906593406593407 0.7975618131868132
1 0.7429029304029304 0.7878319597069597 0.7320283882783882 0.7798191391941391 0.7285943223443223 0.7789606227106226 0.7254464285714286 0.7778159340659341 0.7222985347985348 0.7772435897435896 0.7182921245421245 0.7769574175824175 0.71371336996337 0.7769574175824175 0.7097069597069597 0.7769574175824175 0.7057005494505494 0.777529761904762 0.7019803113553114 0.7781021062271062 0.6991185897435896 0.7792467948717949 0.6956845238095238 0.7809638278388279 0.6922504578754579 0.7826808608058609 0.6896749084249084 0.7843978937728938 0.6859546703296703 0.7904075091575091 0.6842376373626373 0.7989926739926739 0.6850961538461537 0.8087225274725275 0.6865270146520146 0.8118704212454212 0.6945398351648352 0.8273237179487178 0.7042696886446885 0.8390567765567766 0.7088484432234432 0.8427770146520146 0.7185782967032968 0.8485004578754578 0.731742216117216 0.8547962454212453 0.7408997252747253 0.8559409340659341 0.752918956043956 0.8553685897435896 0.7606456043956044 0.8525068681318682 0.7663690476190476 0.846783424908425 0.7672275641025641 0.8453525641025641 0.7700892857142857 0.8367673992673993 0.7695169413919414 0.8253205128205128 0.7683722527472526 0.8178800366300366 0.7620764652014652 0.8070054945054945 0.7557806776556776 0.7992788461538461 0.7543498168498168 0.7978479853479853
1 0.9077380952380952 0.8673878205128205 0.8962912087912087 0.8642399267399268 0.8934294871794871 0.8636675824175823 0.8902815934065934 0.8636675824175823 0.8874198717948718 0.8633814102564102 0.8851304945054945 0.8633814102564102 0.8816964285714286 0.8636675824175823 0.8802655677655677 0.8639537545787545 0.8768315018315018 0.8648122710622711 0.873683608058608 0.8653846153846153 0.8711080586080586 0.8665293040293041 0.8676739926739927 0.8679601648351648 0.8653846153846153 0.8693910256410257 0.8628090659340659 0.8708218864468864 0.8613782051282051 0.8722527472527472 0.8599473443223443 0.873683608058608 0.8585164835164835 0.8759729853479853 0.8570856227106226 0.8785485347985348 0.8559409340659341 0.8814102564102563 0.8547962454212453 0.8851304945054945 0.8545100732600732 0.8874198717948718 0.8539377289377289 0.889709249084249 0.8533653846153846 0.8925709706959707 0.8530792124542124 0.8945741758241758 0.8530792124542124 0.8965773809523809 0.8536515567765567 0.8991529304029304 0.8547962454212453 0.9017284798534798 0.8559409340659341 0.9034455128205128 0.8565132783882784 0.9051625457875457 0.8579441391941391 0.907451923076923 0.859375 0.909168956043956 0.8605196886446885 0.9105998168498168 0.863095238095238 0.9131753663003663 0.8656707875457875 0.9151785714285714 0.8676739926739927 0.9166094322344323 0.86996336996337 0.9177541208791208 0.8857028388278388 0.9237637362637362 0.8891369047619048 0.9243360805860805 0.8934294871794871 0.9249084249084248 0.8980082417582417 0.9251945970695971 0.9020146520146519 0.9251945970695971 0.9060210622710623 0.9251945970695971 0.9100274725274725 0.9254807692307693 0.9137477106227105 0.9254807692307693 0.9180402930402931 0.9251945970695971 0.9206158424908425 0.9240499084249084 0.9240499084249084 0.9231913919413919 0.92691163003663 0.9217605311355311 0.9289148351648352 0.9203296703296703 0.9314903846153846 0.9174679487179487 0.9334935897435896 0.9151785714285714 0.9346382783882784 0.9128891941391941 0.9354967948717949 0.9103136446886446 0.9360691391941391 0.9077380952380952 0.9366414835164835 0.9048763736263736 0.9366414835164835 0.9020146520146519 0.9369276556776556 0.8997252747252747 0.9372138278388279 0.8980082417582417 0.9372138278388279 0.8960050366300366 0.9369276556776556 0.8937156593406593 0.9363553113553114 0.8917124542124542 0.9352106227106226 0.8891369047619048 0.9343521062271062 0.8868475274725275 0.9334935897435896 0.8851304945054945 0.9326350732600732 0.8834134615384616 0.9300595238095237 0.8802655677655677 0.9271978021978022 0.8776900183150182 0.9257669413919414 0.8762591575091574 0.9234775641025641 0.8748282967032968 0.9211881868131867 0.873683608058608 0.9160370879120878 0.8708218864468864 0.9134615384615384 0.86996336996337
1 0.8307577838827839 0.7162889194139194 0.8238896520146519 0.7151442307692307 0.8216002747252747 0.7154304029304029 0.8195970695970696 0.7154304029304029 0.8170215201465201 0.7160027472527472 0.8147321428571428 0.7168612637362638 0.8124427655677656 0.7180059523809523 0.809867216117216 0.7197229853479853 0.8070054945054945 0.7214400183150182 0.804429945054945 0.7231570512820512 0.8024267399267399 0.7251602564102563 0.8001373626373627 0.7268772893772893 0.7981341575091574 0.7283081501831501 0.7961309523809523 0.7303113553113553 0.7947000915750916 0.7320283882783882 0.793841575091575 0.7346039377289377 0.7935554029304029 0.7371794871794871 0.7932692307692307 0.7408997252747253 0.793841575091575 0.7437614468864469 0.7995650183150182 0.7552083333333334 0.8009958791208791 0.7572115384615384 0.8032852564102563 0.7592147435897435 0.806146978021978 0.7620764652014652 0.808150183150183 0.7637934981684982 0.8112980769230769 0.7646520146520146 0.8138736263736264 0.7655105311355311 0.8161630036630036 0.7666552197802197 0.8190247252747253 0.7675137362637362 0.822172619047619 0.7683722527472526 0.8261790293040293 0.7692307692307693 0.8301854395604396 0.7698031135531135 0.8344780219780219 0.7698031135531135 0.8373397435897435 0.7698031135531135 0.8402014652014652 0.7698031135531135 0.8430631868131867 0.7689445970695971 0.845066391941392 0.7683722527472526 0.8470695970695971 0.7672275641025641 0.8499313186813187 0.7655105311355311 0.8527930402930403 0.7632211538461537 0.8545100732600732 0.7609317765567766 0.8559409340659341 0.7589285714285714 0.8570856227106226 0.7569253663003663 0.8579441391941391 0.7549221611721612 0.8590888278388279 0.7532051282051282 0.8596611721611721 0.7509157509157508 0.8602335164835164 0.7480540293040293 0.8608058608058609 0.7451923076923077 0.861092032967033 0.7426167582417583 0.861092032967033 0.7394688644688645 0.8608058608058609 0.7374656593406593 0.8596611721611721 0.735176282051282 0.8585164835164835 0.7328869047619048 0.8567994505494505 0.7305975274725275 0.8550824175824175 0.7288804945054945 0.8527930402930403 0.7271634615384616 0.850503663003663 0.7254464285714286 0.8490728021978022 0.7243017399267399 0.8476419413919414 0.7231570512820512 0.8459249084249084 0.7217261904761905 0.8439217032967032 0.7202953296703297 0.8424908424908425 0.7194368131868132 0.8399152930402931 0.7185782967032968 0.8376259157509157 0.7177197802197802 0.8356227106227105 0.717433608058608
1 0.9724130036630036 0.6513278388278388 0.9618246336996337 0.664205586080586 0.9603937728937729 0.665922619047619 0.9589629120879121 0.6684981684981685 0.9578182234432233 0.6710737179487178 0.9569597069597069 0.673076923076923 0.9561011904761904 0.6750801282051282 0.9555288461538461 0.6770833333333334 0.9549565018315018 0.6793727106227105 0.9540979853479853 0.6822344322344323 0.9538118131868132 0.6850961538461537 0.953525641025641 0.6876717032967032 0.9529532967032968 0.690533424908425 0.9526671245421244 0.6928228021978022 0.9526671245421244 0.6945398351648352 0.9526671245421244 0.6971153846153846 0.9529532967032968 0.6999771062271062 0.953525641025641 0.7025526556776556 0.9538118131868132 0.7045558608058609 0.9546703296703297 0.706845238095238 0.9552426739926739 0.7088484432234432 0.9561011904761904 0.7102793040293041 0.9569597069597069 0.7117101648351648 0.9583905677655677 0.71371336996337 0.9598214285714286 0.7145718864468864 0.9612522893772893 0.7154304029304029 0.9635416666666666 0.7165750915750916 0.9655448717948718 0.717433608058608 0.967834249084249 0.7180059523809523 0.9704097985347986 0.7182921245421245 0.9726991758241758 0.7182921245421245 0.9747023809523809 0.7182921245421245 0.9775641025641025 0.7182921245421245 0.9801396520146519 0.7180059523809523 0.9824290293040293 0.717433608058608 0.9852907509157508 0.7168612637362638 0.987293956043956 0.7162889194139194 0.9892971611721612 0.715716575091575 0.9915865384615384 0.7154304029304029 0.9933035714285714 0.7145718864468864 0.9953067765567766 0.7139995421245421 0.9967376373626373 0.7131410256410257 0.9989583333333333 0.7100320512820512 0.9989583333333333 0.6415979853479853 0.9895833333333334 0.6433150183150182 0.9875801282051282 0.6438873626373627 0.9861492673992674 0.6444597069597069 0.9844322344322344 0.6453182234432234 0.9827152014652014 0.6464629120879121 0.9804258241758241 0.6473214285714286 0.978422619047619 0.648179945054945
1 0.8032852564102563 0.6464629120879121 0.7981341575091574 0.6433150183150182 0.7958447802197802 0.6427426739926739 0.7926968864468864 0.6424565018315018 0.7892628205128205 0.6424565018315018 0.7864010989010989 0.6427426739926739 0.7838255494505494 0.6433150183150182 0.7809638278388279 0.6441735347985348 0.7772435897435896 0.6456043956043956 0.7735233516483516 0.6473214285714286 0.7698031135531135 0.6490384615384616 0.7680860805860805 0.6504693223443223 0.7655105311355311 0.6521863553113553 0.7629349816849816 0.6547619047619048 0.7612179487179487 0.6567651098901098 0.7597870879120878 0.658768315018315 0.7583562271062271 0.6613438644688645 0.7580700549450549 0.6636332417582417 0.7580700549450549 0.6653502747252747 0.7580700549450549 0.6676396520146519 0.7583562271062271 0.6705013736263736 0.7592147435897435 0.6725045787545787 0.7600732600732601 0.6745077838827839 0.7609317765567766 0.6762248168498168 0.7620764652014652 0.6776556776556776 0.7637934981684982 0.6793727106227105 0.765224358974359 0.6813759157509157 0.766941391941392 0.6828067765567766 0.768658424908425 0.6842376373626373 0.77066163003663 0.6853823260073261 0.7732371794871794 0.6862408424908425 0.7749542124542124 0.6865270146520146 0.777529761904762 0.6873855311355311 0.7792467948717949 0.6876717032967032 0.7821085164835164 0.6876717032967032 0.7838255494505494 0.6876717032967032 0.7864010989010989 0.6876717032967032 0.7892628205128205 0.687099358974359 0.7915521978021978 0.6862408424908425 0.7932692307692307 0.6856684981684982 0.7952724358974359 0.6848099816849816 0.7981341575091574 0.6839514652014652 0.8012820512820512 0.6828067765567766 0.8041437728937729 0.6816620879120878 0.8064331501831501 0.6805173992673993 0.807864010989011 0.6796588827838828 0.8095810439560439 0.6788003663003663 0.8121565934065934 0.6765109890109889 0.8138736263736264 0.6733630952380952 0.8147321428571428 0.6716460622710623 0.8153044871794871 0.6696428571428572 0.8155906593406593 0.6670673076923077 0.8158768315018315 0.6647779304029304 0.8158768315018315 0.6627747252747253 0.8158768315018315 0.6607715201465201 0.8155906593406593 0.6581959706959707 0.8147321428571428 0.6564789377289377 0.8124427655677656 0.653617216117216 0.8110119047619048 0.6521863553113553 0.8092948717948718 0.6507554945054945 0.807864010989011 0.6496108058608059
1 0.6833791208791208 0.639308608058608 0.6699290293040293 0.6433150183150182 0.657051282051282 0.6441735347985348 0.6427426739926739 0.6436011904761905 0.6270032051282051 0.6370192307692307 0.6201350732600732 0.6290064102564102 0.6169871794871794 0.6238553113553114 0.6158424908424909 0.6164148351648352 0.6172733516483516 0.6072573260073261 0.623282967032967 0.5969551282051282 0.6290064102564102 0.5940934065934066 0.6453182234432234 0.5883699633699634 0.6644917582417583 0.5872252747252747 0.6662087912087913 0.5875114468864469 0.6753663003663004 0.5912316849816849 0.6776556776556776 0.5929487179487178 0.6828067765567766 0.5969551282051282 0.6848099816849816 0.5989583333333334 0.6893887362637362 0.6035370879120878 0.6931089743589743 0.6098328754578755 0.6939674908424909 0.6121222527472526 0.6948260073260073 0.6164148351648352 0.6948260073260073 0.6187042124542124 0.6945398351648352 0.6244276556776556 0.6931089743589743 0.6290064102564102 0.6922504578754579 0.6312957875457875 0.690533424908425 0.6344436813186812 0.6873855311355311 0.6373054029304029
1 0.9426510989010989 0.5145375457875457 0.9349244505494505 0.5050938644688645 0.9326350732600732 0.5030906593406593 0.9257669413919414 0.49879807692307687 0.9237637362637362 0.4976533882783883 0.9206158424908425 0.49650869963369965 0.9177541208791208 0.49536401098901095 0.9143200549450549 0.4947916666666667 0.9111721611721612 0.4942193223443223 0.9080242673992674 0.4939331501831502 0.9051625457875457 0.4939331501831502 0.9017284798534798 0.4939331501831502 0.8991529304029304 0.4939331501831502 0.8962912087912087 0.4947916666666667 0.8940018315018315 0.49565018315018317 0.8908539377289377 0.4973672161172161 0.8888507326007326 0.49879807692307687 0.8871336996336996 0.5002289377289377 0.8854166666666666 0.5016597985347986 0.8836996336996337 0.5033768315018315 0.8819826007326007 0.5056662087912087 0.8811240842490842 0.5070970695970696 0.8802655677655677 0.5091002747252747 0.8794070512820512 0.5111034798534798 0.8788347069597069 0.5128205128205128 0.8785485347985348 0.514823717948718 0.8779761904761904 0.516826923076923 0.8779761904761904 0.5191163003663004 0.8779761904761904 0.5214056776556776 0.8779761904761904 0.5239812271062271 0.8782623626373627 0.5262706043956044 0.8788347069597069 0.5282738095238095 0.8796932234432233 0.5305631868131868 0.8802655677655677 0.5328525641025641 0.8808379120879121 0.5354281135531135 0.882554945054945 0.5394345238095238 0.8919986263736264 0.5534569597069597 0.8991529304029304 0.5626144688644689 0.909168956043956 0.5706272893772895 0.9254807692307693 0.5763507326007326 0.9292010073260073 0.5769230769230769 0.9320627289377289 0.577209249084249 0.9346382783882784 0.5774954212454212 0.9363553113553114 0.577209249084249 0.9377861721611721 0.5766369047619048 0.9400755494505494 0.5763507326007326 0.9426510989010989 0.5749198717948718 0.951808608058608 0.5680517399267399 0.953525641025641 0.5663347069597069 0.9572458791208791 0.5580357142857142 0.9575320512820512 0.5566048534798534 0.9578182234432233 0.5548878205128205 0.9581043956043956 0.5531707875457875 0.9581043956043956 0.5500228937728938 0.9563873626373627 0.5382898351648352 0.9529532967032968 0.529132326007326
1 0.7729510073260073 0.4839171245421245 0.7643658424908425 0.48134157509157505 0.7612179487179487 0.48134157509157505 0.7586423992673993 0.48134157509157505 0.7549221611721612 0.48162774725274726 0.7526327838827839 0.48248626373626374 0.7503434065934066 0.483058608058608 0.7474816849816849 0.4842032967032967 0.7443337912087913 0.4859203296703296 0.7411858974358975 0.48735119047619047 0.7391826923076923 0.4890682234432234 0.7371794871794871 0.4907852564102564 0.735176282051282 0.4930746336996337 0.7337454212454212 0.4947916666666667 0.7328869047619048 0.4970810439560439 0.7314560439560439 0.5002289377289377 0.7305975274725275 0.5030906593406593 0.7305975274725275 0.5059523809523809 0.7305975274725275 0.5088141025641025 0.7311698717948718 0.5111034798534798 0.7320283882783882 0.513106684981685 0.7328869047619048 0.514823717948718 0.7346039377289377 0.5165407509157509 0.7360347985347986 0.518543956043956 0.7374656593406593 0.5199748168498168 0.740613553113553 0.521978021978022 0.7426167582417583 0.5234088827838828 0.7443337912087913 0.5239812271062271 0.7457646520146519 0.5245535714285714 0.7486263736263736 0.5254120879120879 0.7500572344322344 0.52569826007326 0.7514880952380952 0.5262706043956044 0.7537774725274725 0.5268429487179487 0.7557806776556776 0.5271291208791209 0.7574977106227105 0.5271291208791209 0.7603594322344323 0.527415293040293 0.7632211538461537 0.527415293040293 0.766941391941392 0.527415293040293 0.7700892857142857 0.5268429487179487 0.7726648351648352 0.5262706043956044 0.7752403846153846 0.5254120879120879 0.7783882783882784 0.5242673992673993 0.7809638278388279 0.5228365384615384 0.7838255494505494 0.5211195054945055 0.7855425824175823 0.5199748168498168 0.7872596153846153 0.518543956043956 0.7886904761904762 0.5173992673992674 0.7898351648351648 0.5159684065934066 0.7906936813186812 0.5142513736263736 0.7912660256410257 0.5119619963369962 0.7915521978021978 0.5096726190476191 0.79183836996337 0.5082417582417582 0.79183836996337 0.5062385531135531 0.79183836996337 0.5048076923076923 0.7909798534798534 0.5016597985347986 0.790121336996337 0.49965659340659335 0.7892628205128205 0.4979395604395604 0.7881181318681318 0.49565018315018317 0.7875457875457875 0.4939331501831502 0.7864010989010989 0.49192994505494503 0.7846840659340659 0.49021291208791207 0.7832532051282051 0.4890682234432234
1 0.5422962454212453 0.37975045787545786 0.5365728021978022 0.3754578754578754 0.5348557692307693 0.37488553113553114 0.5317078754578755 0.3745993589743589 0.529132326007326 0.3745993589743589 0.5262706043956044 0.3745993589743589 0.5231227106227105 0.37488553113553114 0.5208333333333334 0.3760302197802198 0.518543956043956 0.37688873626373626 0.5153960622710623 0.3788919413919414 0.5128205128205128 0.38118131868131866 0.5102449633699634 0.3843292124542125 0.5085279304029304 0.3871909340659341 0.5073832417582417 0.3897664835164835 0.5065247252747253 0.39205586080586075 0.5059523809523809 0.3940590659340659 0.5059523809523809 0.39606227106227104 0.5056662087912087 0.4012133699633699 0.5068108974358975 0.4037889194139194 0.5079555860805861 0.4057921245421245 0.5088141025641025 0.4075091575091575 0.5096726190476191 0.40922619047619047 0.5105311355311355 0.4109432234432234 0.5111034798534798 0.4126602564102564 0.5122481684981685 0.4140911172161172 0.5136790293040293 0.4160943223443223 0.5162545787545787 0.41838369963369965 0.5179716117216117 0.4192422161172161 0.5199748168498168 0.42038690476190477 0.521978021978022 0.42124542124542125 0.5239812271062271 0.42210393772893773 0.5259844322344323 0.4229624542124542 0.5294184981684982 0.4238209706959707 0.5325663919413919 0.42496565934065933 0.5354281135531135 0.42553800366300365 0.5377174908424909 0.42639652014652013 0.5394345238095238 0.4266826923076923 0.5414377289377289 0.42696886446886445 0.5428685897435898 0.42696886446886445 0.5454441391941391 0.42696886446886445 0.5477335164835164 0.42611034798534797 0.5497367216117215 0.42496565934065933 0.5514537545787545 0.42410714285714285 0.5531707875457875 0.4232486263736263 0.555746336996337 0.42239010989010983 0.5571771978021978 0.42153159340659335 0.5591804029304029 0.4198145604395604 0.5600389194139194 0.41809752747252743 0.5608974358974359 0.415521978021978 0.5614697802197802 0.4132326007326007 0.5617559523809523 0.41065705128205127 0.5620421245421245 0.40865384615384615 0.5620421245421245 0.406650641025641 0.561183608058608 0.4040750915750915 0.5603250915750916 0.4017857142857143 0.559466575091575 0.39949633699633696 0.5588942307692307 0.39606227106227104 0.5580357142857142 0.39377289377289376 0.55746336996337 0.39205586080586075 0.5560325091575091 0.390625 0.5546016483516483 0.38890796703296704 0.5525984432234432 0.3871909340659341 0.5488782051282051 0.3831845238095238 0.5474473443223443 0.38203983516483514
1 0.6450320512820512 0.33195970695970695 0.6407394688644689 0.34254807692307687 0.6404532967032968 0.3448374542124542 0.6401671245421245 0.3476991758241758 0.6401671245421245 0.35027472527472525 0.6404532967032968 0.35256410256410253 0.641025641025641 0.35542582417582413 0.6413118131868132 0.35857371794871795 0.6415979853479853 0.3611492673992674 0.6418841575091575 0.3634386446886447 0.6421703296703297 0.36572802197802196 0.6424565018315018 0.36858974358974356 0.6424565018315018 0.37087912087912084 0.6433150183150182 0.37345467032967034 0.6441735347985348 0.37631639194139194 0.6450320512820512 0.37831959706959706 0.6461767399267399 0.3803228021978022 0.6478937728937729 0.3826121794871795 0.649896978021978 0.3843292124542125 0.6527586996336996 0.3863324175824176 0.6544757326007326 0.38690476190476186 0.6561927655677656 0.38690476190476186 0.6579097985347986 0.3871909340659341 0.6599130036630036 0.3871909340659341 0.6633470695970696 0.3871909340659341 0.665922619047619 0.38690476190476186 0.6682119963369964 0.3866185897435897 0.6710737179487178 0.3857600732600732 0.6736492673992674 0.38490155677655674 0.6756524725274725 0.38404304029304026 0.6776556776556776 0.3828983516483516 0.6793727106227105 0.3814674908424908 0.6810897435897435 0.37975045787545786 0.6825206043956044 0.37774725274725274 0.6836652930402931 0.3760302197802198 0.6848099816849816 0.37374084249084244 0.6859546703296703 0.3717376373626374 0.6868131868131867 0.36973443223443225 0.6879578754578755 0.3677312271062271 0.6891025641025641 0.36515567765567764 0.6899610805860805 0.3631524725274725 0.6908195970695971 0.36143543956043955 0.6913919413919414 0.35914606227106227 0.6922504578754579 0.3571428571428571 0.6928228021978022 0.35456730769230765 0.6933951465201464 0.3519917582417582 0.6939674908424909 0.34941620879120877 0.6939674908424909 0.34655448717948717 0.694253663003663 0.34369276556776557 0.694253663003663 0.3411172161172161 0.694253663003663 0.33825549450549447 0.6939674908424909 0.33625228937728935 0.6933951465201464 0.3336767399267399 0.6931089743589743 0.3313873626373626 0.6922504578754579 0.3288118131868132 0.6913919413919414 0.3265224358974359 0.6891025641025641 0.3245192307692308 0.6876717032967032 0.3225160256410256 0.6862408424908425 0.32079899267399264 0.6850961538461537 0.3193681318681319 0.6833791208791208 0.31793727106227104 0.6813759157509157 0.31650641025641024 0.6793727106227105 0.3153617216117216 0.6773695054945055 0.3145032051282051 0.6753663003663004 0.31364468864468864 0.6716460622710623 0.3122138278388278 0.6693566849816849 0.3122138278388278 0.6676396520146519 0.3122138278388278 0.665922619047619 0.3122138278388278 0.6639194139194139 0.31307234432234426 0.662488553113553 0.31364468864468864 0.6610576923076923 0.31421703296703296 0.6590544871794871 0.3153617216117216 0.6576236263736264 0.31650641025641024 0.6559065934065934 0.3173649267399267 0.6544757326007326 0.31850961538461536 0.6530448717948718 0.31994047619047616 0.651900183150183 0.32137133699633696 0.6504693223443223 0.3236607142857143 0.6490384615384616 0.3256639194139194 0.6478937728937729 0.3276671245421245
1 0.7838255494505494 0.3894803113553113 0.7798191391941391 0.3774610805860806 0.7792467948717949 0.3754578754578754 0.7786744505494505 0.37345467032967034 0.7783882783882784 0.3714514652014652 0.7778159340659341 0.36944826007326004 0.7766712454212453 0.3674450549450549 0.7752403846153846 0.3645833333333333 0.7732371794871794 0.3620077838827839 0.7712339743589743 0.3597184065934066 0.7692307692307693 0.3580013736263736 0.7660828754578755 0.356856684981685 0.7612179487179487 0.35571199633699635 0.7583562271062271 0.35571199633699635 0.7543498168498168 0.35571199633699635 0.7497710622710623 0.35542582417582413 0.7466231684981685 0.35657051282051283 0.7434752747252747 0.3580013736263736 0.740613553113553 0.35943223443223443 0.7374656593406593 0.3611492673992674 0.7346039377289377 0.36286630036630035 0.7320283882783882 0.3645833333333333 0.730025183150183 0.3668727106227106 0.728021978021978 0.36944826007326004 0.7265911172161171 0.3720238095238095 0.7257326007326007 0.3743131868131868 0.7254464285714286 0.3766025641025641 0.7251602564102563 0.3800366300366301 0.7251602564102563 0.383470695970696 0.7251602564102563 0.3863324175824176 0.7254464285714286 0.3900526556776557 0.726304945054945 0.39320054945054944 0.7271634615384616 0.3969207875457875 0.728021978021978 0.4006410256410256 0.7291666666666666 0.4037889194139194 0.730025183150183 0.40636446886446886 0.7308836996336996 0.408367673992674 0.731742216117216 0.4097985347985348 0.7328869047619048 0.41151556776556775 0.7343177655677656 0.4132326007326007 0.7360347985347986 0.4149496336996337 0.7374656593406593 0.4158081501831502 0.7400412087912087 0.41752518315018317 0.7429029304029304 0.41866987179487175 0.7457646520146519 0.4195283882783883 0.7483402014652014 0.4201007326007326 0.751201923076923 0.42067307692307687 0.7534913003663004 0.42067307692307687 0.7557806776556776 0.42067307692307687 0.7586423992673993 0.4209592490842491 0.7617902930402931 0.42153159340659335 0.7646520146520146 0.42153159340659335 0.7675137362637362 0.42153159340659335 0.7692307692307693 0.4209592490842491 0.7718063186813187 0.4198145604395604 0.7735233516483516 0.41838369963369965 0.7752403846153846 0.4169528388278388 0.7766712454212453 0.4158081501831502 0.7786744505494505 0.4140911172161172 0.7806776556776556 0.4123740842490842 0.7823946886446885 0.4095123626373626 0.7832532051282051 0.40779532967032966 0.7838255494505494 0.4057921245421245 0.7841117216117215 0.4037889194139194 0.7841117216117215 0.4017857142857143 0.7843978937728938 0.39892399267399264
1 0.6295787545787545 0.4452838827838828 0.6224244505494505 0.44099130036630035 0.6204212454212453 0.44041895604395603 0.6169871794871794 0.43984661172161166 0.6141254578754579 0.43956043956043955 0.6115499084249084 0.43956043956043955 0.6078296703296703 0.43956043956043955 0.6041094322344323 0.43984661172161166 0.5992445054945055 0.44041895604395603 0.5938072344322344 0.4412774725274725 0.5892284798534798 0.442135989010989 0.5849358974358975 0.44328067765567764 0.5809294871794871 0.4441391941391941 0.5769230769230769 0.4458562271062271 0.573489010989011 0.4472870879120879 0.5706272893772895 0.4495764652014652 0.5677655677655677 0.45186584249084244 0.5657623626373627 0.4535828754578754 0.5643315018315018 0.4555860805860806 0.5626144688644689 0.45787545787545786 0.561183608058608 0.4607371794871795 0.5608974358974359 0.4641712454212454 0.5606112637362638 0.4676053113553113 0.5631868131868132 0.4787660256410256 0.5637591575091575 0.48048305860805857 0.5643315018315018 0.4819139194139194 0.5654761904761905 0.4836309523809524 0.5666208791208791 0.48534798534798534 0.5683379120879121 0.4870650183150183 0.5706272893772895 0.48849587912087905 0.573489010989011 0.49021291208791207 0.578926282051282 0.49164377289377287 0.582360347985348 0.4922161172161172 0.5866529304029304 0.4927884615384615 0.5912316849816849 0.493646978021978 0.5955242673992674 0.4939331501831502 0.5998168498168498 0.4939331501831502 0.6046817765567766 0.4942193223443223 0.6095467032967032 0.4942193223443223 0.6129807692307693 0.493646978021978 0.6184180402930403 0.4927884615384615 0.6235691391941391 0.49164377289377287 0.6272893772893773 0.49021291208791207 0.6298649267399268 0.48849587912087905 0.6324404761904762 0.486492673992674 0.6344436813186812 0.48448946886446886 0.6361607142857142 0.48248626373626374 0.6378777472527472 0.4807692307692308 0.6390224358974359 0.4790521978021978 0.6401671245421245 0.4767628205128205 0.6413118131868132 0.47418727106227104 0.6421703296703297 0.47132554945054944 0.6424565018315018 0.46875 0.6424565018315018 0.46588827838827834 0.6424565018315018 0.4624542124542124 0.6421703296703297 0.4595924908424908 0.641025641025641 0.4567307692307692 0.6401671245421245 0.45444139194139194 0.639308608058608 0.4527243589743589 0.637591575091575 0.45100732600732596
1 0.8974358974358975 0.35771520146520147 0.8905677655677656 0.34369276556776557 0.8891369047619048 0.3419757326007326 0.8877060439560439 0.34054487179487175 0.885989010989011 0.33911401098901095 0.8839858058608059 0.3376831501831502 0.8822687728937729 0.3365384615384615 0.8799793956043956 0.3351076007326007 0.8771176739926739 0.3339629120879121 0.873683608058608 0.33339056776556775 0.8696771978021978 0.33310439560439564 0.8665293040293041 0.33310439560439564 0.8636675824175823 0.33310439560439564 0.8605196886446885 0.3339629120879121 0.857657967032967 0.33539377289377287 0.8545100732600732 0.33711080586080583 0.8519345238095237 0.3388278388278388 0.8499313186813187 0.3408310439560439 0.8479281135531135 0.34312042124542125 0.846783424908425 0.34540979853479853 0.8456387362637362 0.3476991758241758 0.8447802197802197 0.35027472527472525 0.8444940476190476 0.3539949633699634 0.8442078754578755 0.35771520146520147 0.8442078754578755 0.36086309523809523 0.8444940476190476 0.36429716117216115 0.8447802197802197 0.3680173992673993 0.8453525641025641 0.371165293040293 0.8459249084249084 0.37345467032967034 0.846783424908425 0.3754578754578754 0.8482142857142857 0.3786057692307692 0.8507898351648352 0.3814674908424908 0.8525068681318682 0.383470695970696 0.8547962454212453 0.3857600732600732 0.8573717948717949 0.38833562271062266 0.8590888278388279 0.3900526556776557 0.8605196886446885 0.39176968864468864 0.8622367216117215 0.39320054945054944 0.8659569597069597 0.3949175824175824 0.868246336996337 0.3954899267399267 0.8708218864468864 0.3957760989010989 0.8728250915750915 0.39606227106227104 0.8756868131868132 0.3963484432234432 0.8794070512820512 0.3963484432234432 0.8839858058608059 0.3963484432234432 0.8871336996336996 0.3963484432234432 0.8902815934065934 0.39520375457875456 0.8922847985347986 0.3934867216117216 0.8940018315018315 0.3914835164835165 0.8951465201465201 0.3894803113553113 0.8971497252747251 0.38690476190476186 0.8982944139194139 0.38461538461538464 0.8991529304029304 0.3826121794871795 0.8997252747252747 0.38118131868131866 0.9005837912087912 0.3788919413919414 0.9017284798534798 0.3766025641025641 0.9028731684981685 0.3745993589743589 0.9028731684981685 0.37259615384615385 0.9028731684981685 0.37087912087912084 0.9025869963369964 0.36858974358974356 0.9017284798534798 0.3663003663003663 0.900297619047619 0.36372481684981683
1 0.8270375457875457 0.2821657509157509 0.8213141025641025 0.2750114468864469 0.8193108974358975 0.27300824175824173 0.8175938644688645 0.2718635531135531 0.8155906593406593 0.2710050366300366 0.8138736263736264 0.27014652014652013 0.8118704212454212 0.26928800366300365 0.8090086996336996 0.26928800366300365 0.8067193223443223 0.2690018315018315 0.804429945054945 0.2690018315018315 0.8024267399267399 0.26928800366300365 0.7995650183150182 0.27014652014652013 0.7975618131868132 0.27129120879120877 0.7958447802197802 0.27243589743589747 0.7941277472527472 0.2738667582417582 0.7929830586080586 0.2758699633699634 0.7915521978021978 0.2781593406593406 0.7906936813186812 0.28102106227106227 0.790121336996337 0.28445512820512825 0.790121336996337 0.28846153846153844 0.790121336996337 0.29189560439560436 0.7909798534798534 0.29561584249084244 0.79183836996337 0.2993360805860806 0.7926968864468864 0.30248397435897434 0.7935554029304029 0.3056318681318681 0.7944139194139194 0.3087797619047619 0.7949862637362638 0.3119276556776557 0.7958447802197802 0.31421703296703296 0.7969894688644689 0.31707875457875456 0.7984203296703297 0.319654304029304 0.8007097069597069 0.32079899267399264 0.8038576007326007 0.3230883699633699 0.8058608058608059 0.32394688644688646 0.8087225274725275 0.32423305860805857 0.8121565934065934 0.32423305860805857 0.815018315018315 0.32394688644688646 0.8178800366300366 0.3236607142857143 0.8201694139194139 0.3230883699633699 0.8218864468864469 0.3228021978021978 0.8241758241758241 0.32194368131868134 0.8264652014652014 0.319654304029304 0.8278960622710623 0.31793727106227104 0.8304716117216117 0.31564789377289376 0.8313301282051282 0.31421703296703296 0.8321886446886446 0.3125 0.8327609890109889 0.3104967948717949 0.8333333333333334 0.3076350732600732 0.8336195054945055 0.3047733516483516 0.8336195054945055 0.30248397435897434 0.8336195054945055 0.3004807692307692 0.8330471611721612 0.2984775641025641 0.8327609890109889 0.29676053113553114 0.8321886446886446 0.29475732600732596 0.8319024725274725 0.29275412087912084
1 0.9349244505494505 0.24210164835164835 0.9306318681318682 0.24439102564102563 0.928628663003663 0.2452495421245421 0.9254807692307693 0.2461080586080586 0.9226190476190476 0.2469665750915751 0.9200434981684982 0.24811126373626372 0.9168956043956044 0.24954212454212454 0.9140338827838828 0.25097298534798534 0.9117445054945055 0.2526900183150183 0.9094551282051282 0.2546932234432234 0.9077380952380952 0.2569826007326007 0.9065934065934066 0.2595581501831502 0.9063072344322344 0.26241987179487175 0.9063072344322344 0.26585393772893773 0.9063072344322344 0.26871565934065933 0.9065934065934066 0.2718635531135531 0.907451923076923 0.2738667582417582 0.9088827838827839 0.27615613553113555 0.9105998168498168 0.2781593406593406 0.9134615384615384 0.2801625457875458 0.9148923992673993 0.2815934065934066 0.9163232600732601 0.28273809523809523 0.9177541208791208 0.2838827838827839 0.9191849816849816 0.2838827838827839 0.9217605311355311 0.2838827838827839 0.9246222527472526 0.2835966117216117 0.9274839743589743 0.2824519230769231 0.9303456959706959 0.2815934065934066 0.9326350732600732 0.2807348901098901 0.9354967948717949 0.2798763736263736 0.9377861721611721 0.2790178571428571 0.9400755494505494 0.27758699633699635 0.9426510989010989 0.275297619047619 0.9452266483516483 0.27272206959706957 0.9469436813186812 0.27071886446886445 0.9489468864468864 0.268143315018315 0.950091575091575 0.2661401098901099 0.9512362637362638 0.2638507326007326 0.9523809523809523 0.260989010989011 0.9529532967032968 0.2578411172161172 0.953525641025641 0.25583791208791207 0.9538118131868132 0.2532623626373626 0.9540979853479853 0.2506868131868132 0.9540979853479853 0.24811126373626372 0.9540979853479853 0.24582188644688643 0.953525641025641 0.24381868131868129 0.9509500915750915 0.24124313186813187 0.9483745421245421 0.24067078754578752 0.9452266483516483 0.2403846153846154 0.9435096153846153 0.2403846153846154 0.9417925824175823 0.2403846153846154 0.9395032051282051 0.24067078754578752 0.9377861721611721 0.24067078754578752
1 0.974988553113553 0.3042010073260073 0.9744162087912087 0.2921817765567765 0.9741300366300366 0.2898923992673993 0.9741300366300366 0.28846153846153844 0.9741300366300366 0.2864583333333333 0.9741300366300366 0.2835966117216117 0.9744162087912087 0.28044871794871795 0.974988553113553 0.27701465201465203 0.9758470695970696 0.27415293040293043 0.976705586080586 0.271577380952381 0.9775641025641025 0.2695741758241758 0.9787087912087912 0.2675709706959707 0.9818566849816849 0.26270604395604397 0.9838598901098901 0.2604166666666667 0.9864354395604396 0.25812728937728935 0.9887248168498168 0.25669642857142855 0.9907280219780219 0.2555517399267399 0.9924450549450549 0.2546932234432234 0.9941620879120878 0.25383470695970695 0.9961652930402931 0.2532623626373626 0.9981684981684982 0.2532623626373626 0.9989583333333333 0.2532623626373626 0.9987408424908425 0.3316735347985348 0.9892971611721612 0.3256639194139194 0.987293956043956 0.3236607142857143 0.9858630952380952 0.32222985347985345 0.9844322344322344 0.3205128205128205 0.9832875457875457 0.3187957875457875 0.9818566849816849 0.3167925824175824 0.9809981684981685 0.3153617216117216 0.9801396520146519 0.31364468864468864 0.9787087912087912 0.3119276556776557 0.9778502747252747 0.3104967948717949 0.9769917582417581 0.3090659340659341
1 0.5377174908424909 0.07068452380952381 0.5337110805860805 0.07469093406593406 0.5322802197802198 0.07554945054945054 0.5302770146520147 0.07726648351648352 0.5282738095238095 0.08012820512820512 0.527415293040293 0.08213141025641026 0.5265567765567766 0.08384844322344322 0.5251259157509157 0.08556547619047619 0.5239812271062271 0.08699633699633699 0.5228365384615384 0.08871336996336997 0.5222641941391941 0.09014423076923077 0.5214056776556776 0.09214743589743589 0.5205471611721612 0.09443681318681318 0.5196886446886446 0.0964400183150183 0.5191163003663004 0.0987293956043956 0.518543956043956 0.10073260073260074 0.5182577838827839 0.10302197802197802 0.5182577838827839 0.10502518315018315 0.5182577838827839 0.10760073260073261 0.518543956043956 0.11074862637362637 0.5191163003663004 0.11275183150183149 0.5199748168498168 0.11504120879120878 0.5208333333333334 0.11761675824175824 0.5216918498168498 0.11933379120879122 0.5222641941391941 0.120764652014652 0.5231227106227105 0.12276785714285714 0.5239812271062271 0.1253434065934066 0.5248397435897435 0.1273466117216117 0.5254120879120879 0.12906364468864467 0.5265567765567766 0.13078067765567764 0.5302770146520147 0.13135302197802198 0.5328525641025641 0.13135302197802198 0.5345695970695971 0.13163919413919414 0.53628663003663 0.13221153846153846 0.5377174908424909 0.13221153846153846 0.5408653846153846 0.13249771062271062 0.5437271062271062 0.13078067765567764 0.5448717948717949 0.12906364468864467 0.5480196886446886 0.12648809523809523 0.5497367216117215 0.1253434065934066 0.5523122710622711 0.12362637362637362 0.5543154761904762 0.12219551282051282 0.555746336996337 0.12047847985347986 0.55746336996337 0.11876144688644688 0.5591804029304029 0.11647206959706959 0.5608974358974359 0.1141826923076923 0.5620421245421245 0.11246565934065934 0.5631868131868132 0.11017628205128203 0.5643315018315018 0.10788690476190475 0.5654761904761905 0.10559752747252746 0.5663347069597069 0.10330815018315018 0.5669070512820512 0.10044642857142858 0.5669070512820512 0.09815705128205128 0.5669070512820512 0.095867673992674 0.5669070512820512 0.09300595238095237 0.5666208791208791 0.09043040293040291 0.5666208791208791 0.08756868131868131 0.5663347069597069 0.08499313186813186 0.5660485347985348 0.08270375457875458 0.5657623626373627 0.08041437728937728 0.5651900183150182 0.07841117216117216 0.5646176739926739 0.07669413919413919 0.562900641025641 0.07411858974358973 0.5617559523809523 0.0715430402930403 0.5603250915750916 0.06982600732600733 0.5586080586080586 0.06839514652014651 0.5577495421245421 0.06696428571428571 0.5554601648351648 0.06496108058608058 0.5537431318681318 0.0641025641025641 0.5500228937728938 0.06438873626373626 0.546875 0.06553342490842491 0.5454441391941391 0.06610576923076923 0.5434409340659341 0.06696428571428571
0 0.06092171717171716 0.21590909090909088 0.050505050505050504 0.21717171717171715 0.04766414141414141 0.21717171717171715 0.044823232323232313 0.21748737373737373 0.04292929292929293 0.21780303030303028 0.041982323232323225 0.21843434343434343 0.04356060606060606 0.21969696969696967 0.04703282828282828 0.22001262626262624 0.04924242424242423 0.22032828282828282 0.05113636363636363 0.2206439393939394 0.053030303030303025 0.22095959595959594 0.05618686868686869 0.2212752525252525 0.06376262626262626 0.2231691919191919 0.06628787878787878 0.2231691919191919 0.06944444444444443 0.2231691919191919 0.07102272727272727 0.2231691919191919 0.07291666666666667 0.2231691919191919 0.07449494949494949 0.22348484848484848 0.07544191919191919 0.2231691919191919 0.07323232323232323 0.22001262626262624 0.0716540404040404 0.21874999999999997 0.07007575757575757 0.21811868686868685 0.0678661616161616 0.21717171717171715
0 0.5410353535353535 0.0909090909090909 0.5369318181818181 0.09501262626262626 0.5356691919191919 0.09690656565656565 0.5350378787878788 0.09880050505050504 0.534090909090909 0.10227272727272727 0.534090909090909 0.10448232323232323 0.5350378787878788 0.10763888888888888 0.5350378787878788 0.10921717171717171 0.5356691919191919 0.11079545454545454 0.5375631313131313 0.10953282828282827 0.5381944444444444 0.1073232323232323 0.5394570707070707 0.10479797979797979 0.5454545454545454 0.09564393939393939 0.5460858585858586 0.09406565656565656 0.5473484848484848 0.09122474747474746 0.5476641414141414 0.08901515151515152 0.545770202020202 0.08838383838383838 0.5441919191919191 0.08901515151515152
0 0.5344065656565656 0.4015151515151515 0.529040404040404 0.396780303030303 0.5277777777777778 0.39614898989898983 0.5261994949494949 0.39614898989898983 0.5255681818181818 0.39614898989898983 0.5274621212121212 0.3986742424242424 0.5372474747474747 0.4059343434343434 0.5388257575757576 0.40624999999999994 0.5404040404040403 0.40624999999999994 0.5410353535353535 0.4049873737373737
0 0.6047979797979797 0.46622474747474746 0.5969065656565656 0.466540404040404 0.5950126262626262 0.466540404040404 0.592171717171717 0.466540404040404 0.5905934343434343 0.46685606060606055 0.5883838383838383 0.46685606060606055 0.586489898989899 0.4671717171717171 0.5849116161616161 0.4674873737373737 0.5836489898989898 0.4684343434343434 0.5849116161616161 0.47001262626262624 0.586489898989899 0.4703282828282828 0.5890151515151515 0.4703282828282828 0.592171717171717 0.47001262626262624 0.6114267676767676 0.4678030303030303 0.6145833333333334 0.4678030303030303 0.6164772727272727 0.4678030303030303 0.6186868686868686 0.4671717171717171 0.6196338383838383 0.46685606060606055 0.6190025252525253 0.4655934343434343 0.6174242424242423 0.46527777777777773 0.6158459595959596 0.46496212121212116 0.6142676767676767 0.46496212121212116
0 0.40183080808080807 0.536300505050505 0.39583333333333326 0.5280934343434344 0.39425505050505044 0.5265151515151515 0.3920454545454545 0.5236742424242424 0.3910984848484848 0.5224116161616161 0.38920454545454547 0.5224116161616161 0.38952020202020193 0.524621212121212 0.3910984848484848 0.5258838383838383 0.3929924242424242 0.5274621212121212 0.3983585858585858 0.5378787878787878 0.39898989898989895 0.5394570707070707 0.3993055555555555 0.5410353535353535 0.3999368686868686 0.5426136363636364 0.4011994949494949 0.5445075757575757 0.40277777777777773 0.5460858585858586 0.40435606060606055 0.5445075757575757 0.40435606060606055 0.5429292929292928
0 0.10329131652661064 0.3816526610644257 0.09672619047619047 0.38646708683473385 0.09555905695611577 0.38690476190476186 0.09424603174603173 0.38748832866479926 0.09307889822595704 0.3879260037348272 0.09191176470588235 0.38836367880485523 0.09045284780578897 0.38880135387488324 0.0889939309056956 0.38923902894491125 0.08797268907563024 0.38982259570494865 0.08724323062558355 0.39040616246498594 0.0866596638655462 0.3911356209150326 0.08709733893557423 0.3920109710550887 0.08855625583566759 0.39215686274509803 0.09001517273576097 0.39171918767507 0.09191176470588235 0.391281512605042 0.09351657329598505 0.39040616246498594 0.09555905695611577 0.3895308123249299 0.09803921568627451 0.38836367880485523 0.09978991596638655 0.38705065359477125 0.10839752567693743 0.3807773109243697 0.10971055088702147 0.3799019607843137 0.1110235760971055 0.37888071895424835 0.11146125116713351 0.3781512605042016 0.11160714285714285 0.37727591036414565 0.11131535947712418 0.37669234360410825 0.10971055088702147 0.37683823529411764 0.10854341736694677 0.3775676937441643
0 0.6644570707070707 0.6145833333333334 0.6521464646464646 0.6120580808080808 0.6486742424242423 0.6117424242424242 0.6455176767676767 0.611111111111111 0.642361111111111 0.6104797979797979 0.6398358585858586 0.6098484848484848 0.6379419191919191 0.6095328282828283 0.6366792929292928 0.6079545454545454 0.6401515151515151 0.6073232323232323 0.6442550505050504 0.6073232323232323 0.6499368686868686 0.6070075757575757 0.6534090909090909 0.6070075757575757 0.6660353535353535 0.6095328282828283 0.6679292929292928 0.6104797979797979 0.6695075757575757 0.6117424242424242 0.6726641414141414 0.6158459595959596 0.6732954545454545 0.617739898989899
0 0.76010101010101 0.5034722222222222 0.7515782828282828 0.5025252525252525 0.7490530303030302 0.5025252525252525 0.7487373737373737 0.5037878787878787 0.7515782828282828 0.5047348484848484 0.7629419191919191 0.5059974747474747 0.7648358585858585 0.5059974747474747 0.7667297979797979 0.5059974747474747 0.7689393939393939 0.5059974747474747 0.7708333333333333 0.505050505050505 0.7724116161616161 0.5037878787878787 0.7724116161616161 0.5028409090909091 0.7711489898989898 0.5022095959595959 0.7695707070707071 0.5022095959595959
0 0.6657196969696969 0.3544823232323232 0.6701388888888888 0.33996212121212116 0.6704545454545454 0.33806818181818177 0.670770202020202 0.33648989898989895 0.6701388888888888 0.3339646464646464 0.6672979797979797 0.332070707070707 0.6657196969696969 0.332070707070707 0.6635101010101009 0.33459595959595956 0.6628787878787877 0.3374368686868687 0.6616161616161615 0.34027777777777773 0.6600378787878788 0.3443813131313131 0.6587752525252525 0.34690656565656564 0.6584595959595959 0.3491161616161616 0.6584595959595959 0.3519570707070707 0.6584595959595959 0.3547979797979798 0.6587752525252525 0.35700757575757575 0.6587752525252525 0.35953282828282823 0.6584595959595959 0.3614267676767676 0.6581439393939393 0.3636363636363636 0.6575126262626262 0.365530303030303 0.6575126262626262 0.3680555555555555 0.6584595959595959 0.36931818181818177 0.661300505050505 0.3683712121212121 0.6631944444444444 0.3667929292929292 0.6650883838383838 0.3636363636363636 0.6657196969696969 0.3620580808080808 0.6660353535353535 0.3598484848484848 0.6660353535353535 0.3576388888888889
0 0.8102904040404039 0.2989267676767676 0.8077651515151515 0.2894570707070707 0.8077651515151515 0.2869318181818182 0.8087121212121211 0.2847222222222222 0.8140782828282828 0.30366161616161613 0.8140782828282828 0.3039772727272727 0.8121843434343433 0.30334595959595956 0.8121843434343433 0.303030303030303
0 0.11994949494949494 0.9655934343434343 0.11426767676767675 0.9734848484848484 0.11332070707070706 0.9753787878787877 0.10763888888888888 0.9823232323232323 0.10542929292929291 0.9845328282828283 0.10448232323232323 0.9864267676767676 0.10321969696969696 0.9889520202020201 0.10353535353535354 0.9898989898989898 0.10606060606060605 0.9892676767676767 0.10763888888888888 0.9870580808080808 0.10921717171717171 0.9851641414141413 0.11710858585858586 0.9750631313131313 0.11868686868686867 0.9728535353535352 0.1231060606060606 0.9668560606060606 0.12499999999999999 0.9640151515151515 0.12594696969696967 0.962121212121212 0.1275252525252525 0.9595959595959596 0.12878787878787878 0.9570707070707071 0.1278409090909091 0.9558080808080808 0.12626262626262624 0.9561237373737372
0 0.7275883838383838 0.8172348484848484 0.7130681818181818 0.8033459595959596 0.7105429292929292 0.8008207070707071 0.7086489898989898 0.7982954545454545 0.7089646464646464 0.7967171717171716 0.7102272727272727 0.7967171717171716 0.7130681818181818 0.7979797979797979 0.7408459595959596 0.82260101010101 0.7424242424242423 0.8238636363636364 0.7440025252525252 0.8254419191919191 0.7449494949494949 0.827020202020202 0.7452651515151515 0.8282828282828283 0.7433712121212122 0.8295454545454545 0.7411616161616161 0.8289141414141413 0.7386363636363635 0.8276515151515151
0 0.82260101010101 0.7446338383838383 0.8166035353535352 0.7436868686868686 0.815340909090909 0.7421085858585859 0.815340909090909 0.7411616161616161 0.8181818181818181 0.740530303030303 0.8383838383838383 0.7458964646464646 0.8390151515151515 0.7471590909090909 0.8371212121212122 0.7477904040404041 0.8355429292929292 0.7477904040404041
0 0.9195075757575757 0.5388257575757576 0.909090909090909 0.5233585858585859 0.906881313131313 0.5211489898989898 0.9015151515151515 0.5154671717171717 0.9008838383838383 0.5135732323232323 0.9008838383838383 0.512310606060606 0.9037247474747474 0.5132575757575757 0.9053030303030302 0.514520202020202 0.923611111111111 0.5388257575757576 0.9251893939393939 0.5416666666666666 0.9327651515151515 0.5536616161616161 0.9340277777777778 0.5561868686868686 0.9333964646464646 0.5574494949494949 0.9315025252525252 0.5565025252525253
0 0.8737373737373737 0.3680555555555555 0.8702651515151515 0.36111111111111105 0.8702651515151515 0.35921717171717166 0.8712121212121211 0.35795454545454547 0.8724747474747474 0.35795454545454547 0.8740530303030302 0.3598484848484848 0.8794191919191918 0.37279040404040403 0.8794191919191918 0.37436868686868685 0.8787878787878787 0.37436868686868685 0.8775252525252525 0.37436868686868685 0.8762626262626262 0.3734217171717171
0 0.7509469696969696 0.3803661616161616 0.7499999999999999 0.3746843434343434 0.7496843434343433 0.37310606060606055 0.7503156565656565 0.3718434343434343 0.7515782828282828 0.3721590909090909 0.7525252525252525 0.3740530303030303 0.755050505050505 0.3888888888888889 0.7553661616161615 0.39046717171717166 0.7553661616161615 0.3920454545454545 0.7544191919191918 0.39236111111111105
0 0.992602657004831 0.6675221417069245 0.9903381642512078 0.6715479066022545 0.9842995169082126 0.6775865539452497 0.9805253623188406 0.6836252012882448 0.9757447665056361 0.6889090177133655 0.9712157809983898 0.6931863929146539 0.9681964573268922 0.697463768115942 0.9686996779388084 0.7002314814814815 0.9702093397745573 0.7017411433172304 0.9722222222222222 0.7007347020933977 0.9752415458937199 0.6977153784219002 0.9792673107890499 0.6914251207729468 0.9842995169082126 0.6858896940418681 0.9865640096618358 0.6803542673107892 0.9903381642512078 0.6773349436392915 0.9938607085346216 0.6745672302737521 0.9948671497584541 0.6717995169082126 0.9958735909822867 0.6695350241545894
