1 0.04908498759305213 0.12120037220843674 0.04598325062034742 0.11964950372208438 0.044690860215053786 0.11758167907361457 0.04313999172870143 0.11422146401985113 0.04133064516129035 0.11111972704714641 0.04003825475599672 0.10724255583126552 0.03952129859387927 0.10284842845326718 0.03926282051282053 0.09793734491315137 0.03952129859387927 0.09225082712985941 0.04055521091811417 0.08682278742762616 0.0418476013234078 0.08217018196856908 0.04365694789081888 0.07622518610421838 0.04572477253928869 0.07208953680727875 0.04805107526881723 0.0676954094292804 0.05115281224152194 0.06330128205128208 0.054254549214226656 0.06019954507857736 0.05787324234904882 0.057356286186931366 0.06175041356492972 0.055029983457402835 0.06536910669975188 0.05347911497105048 0.06872932175351533 0.05244520264681558 0.07389888337468985 0.05244520264681558 0.08010235732009927 0.053220636889991756 0.08449648469809762 0.055546939619520286 0.08837365591397851 0.05890715467328373 0.09173387096774195 0.06304280397022335 0.09406017369727047 0.06666149710504551 0.09586952026468157 0.07131410256410259 0.09638647642679901 0.07674214226633583 0.09638647642679901 0.08191170388751036 0.09586952026468157 0.08656430934656742 0.09483560794044667 0.0901830024813896 0.09328473945409431 0.09457712985938795 0.0912169148056245 0.09871277915632756 0.08837365591397851 0.10336538461538462 0.08553039702233252 0.10724255583126552 0.08268713813068654 0.11034429280397023 0.07880996691480564 0.11344602977667494 0.07441583953680729 0.11577233250620349 0.0705386683209264 0.11835711331679075 0.06691997518610424 0.12016645988420183 0.0645936724565757 0.12120037220843674 0.06071650124069481 0.12197580645161292 0.057614764267990094 0.12223428453267164 0.053737593052109206 0.12249276261373038
1 0.12559449958643507 0.232345947063689 0.12094189412737802 0.22846877584780811 0.11835711331679075 0.22614247311827956 0.11603081058726221 0.22355769230769232 0.11422146401985113 0.22071443341604632 0.11111972704714641 0.21709574028122416 0.10931038047973533 0.21399400330851942 0.10620864350703062 0.21115074441687345 0.10543320926385444 0.20804900744416874 0.10414081885856082 0.2046887923904053 0.1031069065343259 0.2005531430934657 0.102072994210091 0.1969344499586435 0.10078060380479736 0.19357423490488007 0.10026364764267992 0.1896970636889992 0.10000516956162118 0.1847859801488834 0.10000516956162118 0.18065033085194376 0.10000516956162118 0.1752222911497105 0.1010390818858561 0.17134511993382961 0.1031069065343259 0.16798490488006618 0.10543320926385444 0.16591708023159638 0.10853494623655915 0.16359077750206782 0.11292907361455749 0.1612644747725393 0.11680624483043839 0.15971360628618694 0.12016645988420183 0.1584212158808933 0.12326819685690654 0.1573873035566584 0.12740384615384617 0.1563533912324235 0.12947167080231597 0.15583643507030603 0.1346412324234905 0.15583643507030603 0.13696753515301904 0.1563533912324235 0.1405862282878412 0.15790425971877584 0.14394644334160464 0.15945512820512822 0.14730665839536808 0.1612644747725393 0.15066687344913152 0.16384925558312657 0.15402708850289495 0.16669251447477254 0.15712882547559967 0.16979425144747726 0.15971360628618694 0.17341294458229942 0.16255686517783294 0.1770316377171216 0.16540012406947893 0.18142576509511996 0.1690188172043011 0.18711228287841192 0.17134511993382961 0.1920233664185277 0.1741883788254756 0.19874379652605462 0.17548076923076925 0.20417183622828786 0.1759977253928867 0.20985835401157982 0.1759977253928867 0.21399400330851942 0.17470533498759305 0.21812965260545908 0.17341294458229942 0.2217483457402812 0.17082816377171214 0.2253670388751034 0.16746794871794873 0.229502688172043 0.16359077750206782 0.23182899090157155 0.1604890405293631 0.23363833746898263 0.15712882547559967 0.235189205955335 0.15299317617866007 0.23674007444168735 0.15014991728701407 0.23699855252274607 0.14575578990901572 0.23674007444168735 0.1413616625310174 0.23570616211745243 0.13825992555831268 0.235189205955335 0.1356751447477254 0.23467224979321755 0.1328318858560794 0.2344137717121588 0.12817928039702234 0.2331213813068652
1 0.23260442514474772 0.1772901157981803 0.22821029776674936 0.17548076923076925 0.22614247311827956 0.17444685690653433 0.22355769230769232 0.17263751033912325 0.2214898676592225 0.17005272952853598 0.22045595533498757 0.16772642679900746 0.21890508684863524 0.16462468982630274 0.21735421836228289 0.1604890405293631 0.21606182795698928 0.15764578163771714 0.2155448717948718 0.1542855665839537 0.21528639371381306 0.14937448304383788 0.21528639371381306 0.14420492142266336 0.21606182795698928 0.14032775020678248 0.21709574028122416 0.1367090570719603 0.21864660876757652 0.1328318858560794 0.22071443341604632 0.1286962365591398 0.22355769230769232 0.12507754342431762 0.2274348635235732 0.12068341604631928 0.23001964433416047 0.11835711331679075 0.23286290322580647 0.11628928866832093 0.23699855252274607 0.11344602977667494 0.23958333333333334 0.11241211745244004 0.24268507030603806 0.11163668320926387 0.2460452853598015 0.11215363937138131 0.24785463192721258 0.11318755169561623 0.2501809346567411 0.11447994210090986 0.2537996277915633 0.11603081058726221 0.25612593052109184 0.11706472291149712 0.25871071133167906 0.11939102564102565 0.26052005789909016 0.12223428453267164 0.2618124483043838 0.12533602150537634 0.26258788254756 0.12792080231596362 0.26336331679073616 0.13153949545078578 0.2636217948717949 0.13541666666666666 0.2638802729528536 0.13903535980148884 0.2638802729528536 0.14239557485525228 0.2641387510339123 0.145497311827957 0.2641387510339123 0.14885752688172044 0.26336331679073616 0.15273469809760132 0.26258788254756 0.1563533912324235 0.2618124483043838 0.15971360628618694 0.26052005789909016 0.16281534325889166 0.25922766749379655 0.16565860215053763 0.25612593052109184 0.16876033912324234 0.2509563688999173 0.172895988420182 0.24863006617038874 0.17444685690653433 0.2452698511166253 0.17573924731182797 0.2419096360628619 0.17651468155500413 0.23725703060380482 0.1770316377171216
1 0.42620450785773367 0.13205645161290322 0.4207764681555004 0.12817928039702234 0.41845016542597185 0.12559449958643507 0.4168992969396195 0.12326819685690654 0.41431451612903225 0.12016645988420183 0.4109543010752688 0.11577233250620349 0.40914495450785776 0.11163668320926387 0.4081110421836228 0.10853494623655915 0.4068186517783292 0.10439929693961952 0.40630169561621177 0.10078060380479736 0.40578473945409427 0.09638647642679901 0.40552626137303555 0.09199234904880067 0.40552626137303555 0.0873397435897436 0.4068186517783292 0.083204094292804 0.40862799834574026 0.07932692307692309 0.4119882133995037 0.07493279569892475 0.4150899503722084 0.07208953680727875 0.41845016542597185 0.06924627791563277 0.4207764681555004 0.06821236559139786 0.4238782051282051 0.06795388751033914 0.4274968982630273 0.06795388751033914 0.4303401571546733 0.06898779983457404 0.433441894127378 0.07028019023986767 0.43680210918114143 0.07183105872622003 0.43990384615384615 0.07338192721257239 0.4424886269644334 0.07467431761786601 0.4453318858560794 0.07700062034739455 0.4473997105045492 0.07932692307692309 0.44895057899090157 0.08113626964433417 0.44998449131513646 0.0824286600496278 0.45153535980148884 0.08449648469809762 0.45282775020678245 0.08656430934656742 0.45386166253101734 0.08863213399503723 0.4548955748552522 0.0912169148056245 0.4561879652605459 0.09406017369727047 0.4572218775847808 0.09638647642679901 0.457997311827957 0.09974669148056246 0.45877274607113316 0.10284842845326718 0.4592897022332506 0.10620864350703062 0.4600651364764268 0.10931038047973533 0.460840570719603 0.11163668320926387 0.460840570719603 0.11344602977667494 0.4603236145574855 0.11577233250620349 0.4592897022332506 0.11861559139784948 0.457997311827957 0.12223428453267164 0.4567049214226634 0.12507754342431762 0.45515405293631095 0.1276623242349049 0.4533447063688999 0.12947167080231597 0.45101840363937135 0.13128101736972705 0.44895057899090157 0.1325734077750207 0.4453318858560794 0.1336073200992556 0.44223014888337464 0.13412427626137305 0.43861145574855254 0.13438275434243177 0.43550971877584777 0.13438275434243177 0.4308571133167908 0.13334884201819686
1 0.3905345326716294 0.2662065756823821 0.3902760545905707 0.2600031017369727 0.3902760545905707 0.25767679900744417 0.3902760545905707 0.2553504962779157 0.3902760545905707 0.2530241935483871 0.39079301075268813 0.25043941273779985 0.39130996691480563 0.24785463192721258 0.3920854011579818 0.2450113730355666 0.3931193134822167 0.24165115798180314 0.3944117038875103 0.23854942100909846 0.39570409429280395 0.23467224979321755 0.39699648469809756 0.2310535566583954 0.3982888751033912 0.22821029776674936 0.40009822167080233 0.22510856079404468 0.4011321339950372 0.22355769230769232 0.4037169148056245 0.2212313895781638 0.40707712985938793 0.21890508684863524 0.4106958229942101 0.21709574028122416 0.41793320926385447 0.2145109594706369 0.4236197270471464 0.21373552522746073 0.42672146401985106 0.21399400330851942 0.4290477667493796 0.21502791563275434 0.4308571133167908 0.2165787841191067 0.4326664598842018 0.21890508684863524 0.43395885028949543 0.22071443341604632 0.4357681968569065 0.22304073614557485 0.4378360215053763 0.22562551695616212 0.43990384615384615 0.22846877584780811 0.44171319272125725 0.2310535566583954 0.44274710504549214 0.2333798593879239 0.4435225392886683 0.23544768403639374 0.44429797353184447 0.2382909429280397 0.44429797353184447 0.2419096360628619 0.44403949545078575 0.24475289495450786 0.4435225392886683 0.24656224152191894 0.44300558312655086 0.24940550041356493 0.4419716708023159 0.2519902812241522 0.4404208023159636 0.2548335401157982 0.43861145574855254 0.2571598428453267 0.43809449958643504 0.2600031017369727 0.43731906534325893 0.2623294044665012 0.436285153019024 0.2638802729528536 0.4349927626137304 0.2664650537634409 0.433441894127378 0.2682744003308519 0.4318910256410256 0.27008374689826303 0.43008167907361455 0.2718930934656741 0.4285308105872622 0.2739609181141439 0.42672146401985106 0.2752533085194376 0.4238782051282051 0.27706265508684863 0.42155190239867657 0.27783808933002485 0.4192255996691481 0.2780965674110835 0.416382340777502 0.27835504549214224 0.414572994210091 0.27861352357320096 0.4127636476426799 0.27887200165425974 0.41043734491315137 0.2796474358974359 0.4068186517783292 0.2799059139784946 0.403199958643507 0.2799059139784946 0.3998397435897436 0.27887200165425974 0.3980303970223325 0.2768041770057899 0.3964795285359802 0.27499483043837886 0.3941532258064516 0.272927005789909 0.39260235732009924 0.271117659222498
1 0.030991521918941292 0.35719086021505375 0.02995760959470639 0.3507289081885856 0.02995760959470639 0.3484026054590571 0.02995760959470639 0.3450423904052936 0.02995760959470639 0.3424576095947064 0.02995760959470639 0.34013130686517784 0.030991521918941292 0.3378050041356493 0.03125000000000002 0.3354787014061208 0.03254239040529365 0.33263544251447474 0.034093258891646015 0.33005066170388747 0.035385649296939645 0.3282413151364764 0.037194995864350724 0.3266904466501241 0.03926282051282053 0.3253980562448305 0.04210607940446653 0.3241056658395368 0.045466294458229965 0.3225547973531845 0.04805107526881723 0.322037841191067 0.05089433416046321 0.32177936311000827 0.053996071133167935 0.322037841191067 0.056839330024813915 0.3225547973531845 0.05968258891645991 0.3233302315963606 0.06149193548387099 0.3241056658395368 0.06407671629445826 0.32565653432588915 0.06614454094292806 0.3266904466501241 0.0676954094292804 0.3279828370554177 0.07028019023986767 0.33030913978494625 0.07260649296939621 0.332376964433416 0.07467431761786601 0.3349617452440033 0.07519127377998348 0.3367710918114144 0.07622518610421838 0.3393558726220017 0.07700062034739455 0.34323304383788256 0.07725909842845329 0.346593258891646 0.077517576509512 0.34995347394540943 0.077517576509512 0.3527967328370554 0.077517576509512 0.35563999172870137 0.077517576509512 0.3595171629445823 0.077517576509512 0.36287737799834574 0.07700062034739455 0.36727150537634407 0.07622518610421838 0.37037324234904884 0.07519127377998348 0.37269954507857733 0.07389888337468985 0.37528432588916455 0.07260649296939621 0.376835194375517 0.0684708436724566 0.37993693134822165 0.06536910669975188 0.3809708436724566 0.06330128205128208 0.3812293217535153 0.05890715467328373 0.3817462779156327 0.055288461538461564 0.3817462779156327 0.05218672456575684 0.3817462779156327 0.04830955334987595 0.381487799834574 0.046241728701406144 0.3804538875103391 0.042881513647642706 0.3778691066997518 0.03926282051282053 0.37528432588916455 0.037711952026468175 0.3734749793217535 0.035127171215880916 0.37063172043010756 0.03331782464846983 0.3680469396195203 0.03254239040529365 0.3646867245657568 0.0320254342431762 0.36184346567411085
1 0.11577233250620349 0.3982888751033912 0.11809863523573202 0.3951871381306865 0.11913254755996693 0.3938947477253929 0.12042493796526056 0.39260235732009924 0.12145885028949546 0.39130996691480563 0.12300971877584782 0.3892421422663358 0.12404363110008272 0.38769127377998347 0.12507754342431762 0.38588192721257236 0.12662841191066998 0.38355562448304387 0.12792080231596362 0.3817462779156327 0.1297301488833747 0.38071236559139787 0.13205645161290322 0.3794199751861042 0.13386579818031433 0.37864454094292804 0.13645057899090157 0.3778691066997518 0.139810794044665 0.376835194375517 0.14265405293631103 0.37605976013234077 0.14498035566583953 0.3755428039702233 0.14808209263854427 0.3755428039702233 0.15144230769230768 0.3755428039702233 0.15454404466501243 0.3763182382133995 0.15687034739454095 0.3770936724565757 0.15893817204301078 0.3778691066997518 0.1620399090157155 0.3794199751861042 0.16669251447477254 0.3820047559966915 0.1690188172043011 0.38407258064516125 0.17160359801488836 0.38691583953680725 0.1731544665012407 0.3902760545905707 0.1741883788254756 0.3936362696443342 0.17444685690653433 0.39699648469809756 0.1741883788254756 0.39958126550868484 0.17341294458229942 0.4024245244003309 0.17237903225806453 0.4052677832919768 0.1682433829611249 0.4122466914805624 0.16669251447477254 0.4148314722911497 0.1651416459884202 0.4176747311827957 0.16359077750206782 0.42000103391232424 0.1622983870967742 0.42155190239867657 0.1602305624483044 0.4228442928039702 0.15816273779983459 0.4228442928039702 0.15557795698924734 0.4228442928039702 0.15402708850289495 0.4228442928039702 0.15144230769230768 0.4236197270471464 0.1491160049627792 0.4238782051282051 0.14601426799007447 0.4238782051282051 0.14265405293631103 0.4238782051282051 0.1405862282878412 0.4238782051282051 0.13825992555831268 0.4236197270471464 0.13593362282878413 0.4233612489660877 0.13309036393713813 0.42310277088502896 0.1307640612076096 0.42258581472291146 0.12740384615384617 0.42155190239867657 0.1248190653432589 0.4197425558312655 0.12223428453267164 0.41741625310173697 0.12094189412737802 0.41586538461538464 0.11939102564102565 0.41302212572373864 0.11835711331679075 0.41043734491315137 0.11680624483043839 0.4068186517783292 0.11603081058726221 0.403199958643507
1 0.16798490488006618 0.46575165425971876 0.16746794871794873 0.4623914392059553 0.16746794871794873 0.46058209263854427 0.16772642679900746 0.45903122415219183 0.16850186104218365 0.45696339950372206 0.16979425144747726 0.4548955748552522 0.1710866418527709 0.45282775020678245 0.17263751033912325 0.4507599255583126 0.1741883788254756 0.4481751447477254 0.17573924731182797 0.4463657981803143 0.17832402812241524 0.44429797353184447 0.18065033085194376 0.4424886269644334 0.1819427212572374 0.44145471464019853 0.1847859801488834 0.43990384615384615 0.18659532671629447 0.43886993382961126 0.19615901571546734 0.436285153019024 0.20417183622828786 0.43395885028949543 0.2067566170388751 0.4337003722084367 0.2103753101736973 0.4337003722084367 0.21425248138957817 0.4337003722084367 0.2176126964433416 0.433441894127378 0.22071443341604632 0.433441894127378 0.22407464846980976 0.433441894127378 0.2274348635235732 0.43473428453267166 0.22924421009098428 0.43602667493796526 0.23131203473945408 0.4378360215053763 0.232345947063689 0.4393868899917287 0.23363833746898263 0.4419716708023159 0.23467224979321755 0.4445564516129032 0.235189205955335 0.4481751447477254 0.23544768403639374 0.45153535980148884 0.23570616211745243 0.4541201406120761 0.23544768403639374 0.4564464433416046 0.23467224979321755 0.457997311827957 0.23363833746898263 0.4600651364764268 0.232345947063689 0.4623914392059553 0.2302781224152192 0.4652346980976013 0.22846877584780811 0.46756100082712987 0.2264009511993383 0.469370347394541 0.22381617038875104 0.47117969396195203 0.2214898676592225 0.47195512820512825 0.21864660876757652 0.47273056244830436 0.2155448717948718 0.4735059966914806 0.21192617866004962 0.474022952853598 0.20417183622828786 0.4742814309346567 0.20081162117452442 0.4742814309346567 0.19719292803970223 0.4742814309346567 0.19279880066170388 0.4742814309346567 0.1878877171215881 0.4737644747725393 0.18452750206782467 0.47324751861042186 0.1819427212572374 0.47247208436724564 0.17987489660876757 0.47195512820512825 0.17806555004135652 0.47117969396195203 0.1749638130686518 0.4701457816377171 0.17237903225806453 0.4691118693134822
1 0.10052212572373863 0.564748759305211 0.09767886683209265 0.5585452853598015 0.09767886683209265 0.5557020264681556 0.0971619106699752 0.5523418114143921 0.0961279983457403 0.549498552522746 0.0961279983457403 0.5453629032258065 0.09638647642679901 0.5404518196856907 0.09793734491315137 0.537350082712986 0.10000516956162118 0.5350237799834575 0.10155603804797356 0.5329559553349876 0.1031069065343259 0.530629652605459 0.10491625310173698 0.5283033498759305 0.10646712158808934 0.5267524813895782 0.10853494623655915 0.5246846567411083 0.11034429280397023 0.5236507444168734 0.11318755169561623 0.5228753101736973 0.11603081058726221 0.5226168320926385 0.11835711331679075 0.5226168320926385 0.12120037220843674 0.5226168320926385 0.123785153019024 0.5228753101736973 0.12662841191066998 0.5236507444168734 0.12843775847808106 0.5244261786600496 0.1317979735318445 0.5257185690653432 0.13438275434243177 0.5270109594706368 0.13696753515301904 0.528820306038048 0.13851840363937137 0.530629652605459 0.14084470636889992 0.5329559553349876 0.14317100909842845 0.535540736145575 0.145497311827957 0.5383839950372209 0.1475651364764268 0.5414857320099257 0.14885752688172044 0.5438120347394542 0.15066687344913152 0.5474307278742764 0.15195926385442515 0.5502739867659223 0.15273469809760132 0.5538926799007445 0.1535101323407775 0.5582868072787428 0.15376861042183623 0.5621639784946237 0.15376861042183623 0.5657826716294458 0.15299317617866007 0.5699183209263855 0.15221774193548387 0.5727615798180314 0.1475651364764268 0.5787065756823822 0.14368796526054592 0.5812913564929694 0.1418786186931348 0.5828422249793218 0.14006927212572376 0.5843930934656741 0.13696753515301904 0.5859439619520265 0.13386579818031433 0.5869778742762614 0.13050558312655086 0.5874948304383789 0.12636993382961126 0.5877533085194375 0.12326819685690654 0.5877533085194375 0.11964950372208438 0.5874948304383789 0.11654776674937967 0.5856854838709677 0.11292907361455749 0.5825837468982631 0.10931038047973533 0.5805159222497932 0.10775951199338298 0.5784480976013235 0.10620864350703062 0.5756048387096775 0.10517473118279572 0.572244623655914 0.10388234077750208 0.5699183209263855 0.10233147229114972 0.5675920181968569
1 0.40914495450785776 0.5458798593879239 0.4065601736972705 0.5435535566583954 0.4052677832919768 0.5412272539288668 0.4047508271298594 0.5394179073614558 0.4037169148056245 0.5368331265508686 0.4037169148056245 0.5342483457402812 0.4034584367245657 0.5308881306865177 0.4037169148056245 0.5283033498759305 0.4052677832919768 0.5254600909842845 0.4065601736972705 0.5226168320926385 0.4078525641025641 0.5200320512820513 0.4094034325889165 0.5177057485525227 0.41121277915632753 0.5158964019851117 0.4135390818858561 0.5138285773366419 0.41586538461538464 0.5125361869313482 0.4189671215880893 0.5112437965260546 0.4223273366418528 0.5102098842018197 0.42594602977667495 0.5096929280397022 0.4290477667493796 0.5091759718775848 0.4321495037220844 0.5089174937965261 0.43550971877584777 0.5089174937965261 0.43835297766749376 0.5089174937965261 0.4411962365591398 0.5089174937965261 0.44429797353184447 0.5091759718775848 0.446624276261373 0.509951406120761 0.449467535153019 0.5109853184449958 0.4520523159636063 0.511760752688172 0.45437861869313484 0.5127946650124069 0.4564464433416046 0.5143455334987592 0.45851426799007444 0.5161548800661704 0.46058209263854427 0.5187396608767576 0.4623914392059553 0.5210659636062862 0.46368382961124893 0.5236507444168734 0.4647177419354839 0.5264940033085195 0.4652346980976013 0.5290787841191067 0.4652346980976013 0.5319220430107526 0.46445926385442515 0.5347653019023987 0.46368382961124893 0.5368331265508686 0.46290839536807277 0.5391594292803971 0.45954818031430933 0.5453629032258065 0.4554125310173697 0.549498552522746 0.4533447063688999 0.5502739867659223 0.4507599255583126 0.5507909429280397 0.4492090570719603 0.5515663771712159 0.4473997105045492 0.5523418114143921 0.4450734077750207 0.553375723738627 0.44300558312655086 0.5541511579818031 0.43990384615384615 0.554409636062862 0.4378360215053763 0.5546681141439206 0.4349927626137304 0.5551850703060381 0.4321495037220844 0.5551850703060381 0.42930624483043833 0.5551850703060381 0.4264629859387924 0.5549265922249794 0.4243951612903226 0.554409636062862 0.4210349462365591 0.553375723738627 0.4189671215880893 0.5523418114143921 0.416382340777502 0.5510494210090985 0.41405603804797353 0.549498552522746
1 0.15506100082712987 0.6443600082712987 0.14859904880066171 0.6422921836228288 0.14627274607113316 0.6412582712985938 0.14472187758478083 0.640224358974359 0.1434294871794872 0.6391904466501241 0.1418786186931348 0.6376395781637717 0.14084470636889992 0.6347963192721257 0.14032775020678248 0.6314361042183624 0.1405862282878412 0.6278174110835402 0.14162014061207612 0.624198717948718 0.14291253101736973 0.6203215467328371 0.14472187758478083 0.6169613316790736 0.1475651364764268 0.6130841604631928 0.1504083953680728 0.6102409015715468 0.15376861042183623 0.6068806865177834 0.15609491315136476 0.6045543837882548 0.15945512820512822 0.6027450372208437 0.16281534325889166 0.6017111248966088 0.16669251447477254 0.6014526468155501 0.17082816377171214 0.6019696029776676 0.1741883788254756 0.6027450372208437 0.17780707196029777 0.6040374276261373 0.18013337468982632 0.6055882961124898 0.1829766335814723 0.6079145988420183 0.1858198924731183 0.609982423490488 0.1881461952026468 0.6123087262200165 0.1899555417700579 0.6148935070306039 0.191764888337469 0.6169613316790736 0.19357423490488007 0.6205800248138957 0.1948666253101737 0.6231648056244831 0.1959005376344086 0.6257495864350703 0.19745140612076098 0.6285928453267163 0.19874379652605462 0.6311776261373035 0.20003618693134823 0.6337624069478909 0.20003618693134823 0.6358302315963607 0.19951923076923078 0.6386734904880066 0.19848531844499587 0.6407413151364765 0.19719292803970223 0.6425506617038875 0.19460814722911496 0.6438430521091812 0.19073097601323408 0.6441015301902399 0.1847859801488834 0.6448769644334161 0.17961641852770885 0.6451354425144749 0.1749638130686518 0.6451354425144749 0.17212055417700578 0.6451354425144749 0.16876033912324234 0.6451354425144749 0.1651416459884202 0.6453939205955336 0.1612644747725393 0.6453939205955336
1 0.05296215880893303 0.6841656327543425 0.04650020678246487 0.6831317204301076 0.04365694789081888 0.681839330024814 0.04055521091811417 0.6805469396195203 0.03822890818858563 0.678996071133168 0.036161083540115824 0.6764112903225806 0.034610215053763466 0.6730510752688172 0.034093258891646015 0.6702078163771713 0.034093258891646015 0.6671060794044666 0.034093258891646015 0.6642628205128206 0.034093258891646015 0.6611610835401158 0.034351736972704744 0.6578008684863524 0.035385649296939645 0.6534067411083541 0.036678039702233274 0.6503050041356494 0.03822890818858563 0.6472032671629446 0.03977977667493799 0.6446184863523573 0.0408136889991729 0.6425506617038875 0.04339846980976016 0.640224358974359 0.045466294458229965 0.6386734904880066 0.0488265095119934 0.6378980562448305 0.05192824648469812 0.637381100082713 0.054513027295285385 0.6363471877584781 0.057356286186931366 0.6355717535153019 0.06071650124069481 0.633503928866832 0.0635597601323408 0.6319530603804798 0.06640301902398679 0.6304021918941274 0.0695047559966915 0.6285928453267163 0.07208953680727875 0.6280758891645989 0.07596670802315965 0.6278174110835402 0.07829301075268819 0.6278174110835402 0.08165322580645164 0.6278174110835402 0.0834625723738627 0.6280758891645989 0.08682278742762616 0.6285928453267163 0.08940756823821341 0.6293682795698925 0.09173387096774195 0.6304021918941274 0.09354321753515303 0.6314361042183624 0.09509408602150539 0.6324700165425973 0.09742038875103393 0.6347963192721257 0.09871277915632756 0.637381100082713 0.09974669148056246 0.6409997932175352 0.10052212572373863 0.6441015301902399 0.10129755996691482 0.6474617452440034 0.10181451612903226 0.650563482216708 0.1010390818858561 0.6575423904052936 0.10000516956162118 0.6603856492969397 0.09897125723738628 0.6632289081885857 0.09793734491315137 0.6652967328370554 0.09638647642679901 0.6673645574855253 0.09483560794044667 0.6696908602150539 0.09354321753515303 0.6709832506203475 0.09147539288668322 0.6730510752688172 0.08940756823821341 0.6746019437551696 0.0873397435897436 0.6758943341604632 0.08553039702233252 0.6769282464846981 0.08294561621174526 0.6782206368899917 0.08010235732009927 0.6802884615384616 0.07596670802315965 0.6826147642679902 0.07338192721257239 0.6839071546732838 0.07131410256410259 0.6846825889164598 0.0695047559966915 0.6851995450785774 0.06614454094292806 0.6854580231596361 0.0625258478081059 0.6857165012406948 0.05994106699751864 0.6857165012406948 0.057614764267990094 0.6857165012406948
1 0.02659739454094295 0.7738575268817204 0.034093258891646015 0.7774762200165426 0.036936517783292 0.7785101323407775 0.03952129859387927 0.7800610008271299 0.04236455748552525 0.781870347394541 0.04520781637717124 0.7839381720430108 0.0488265095119934 0.787556865177833 0.05115281224152194 0.7906586021505377 0.05347911497105048 0.7940188172043011 0.056063895781637736 0.7981544665012408 0.05787324234904882 0.8030655500413565 0.05942411083540118 0.8074596774193549 0.06123345740281227 0.813921629445823 0.06123345740281227 0.8162479321753515 0.06071650124069481 0.8180572787427626 0.06019954507857736 0.8203835814722912 0.05942411083540118 0.8216759718775849 0.05890715467328373 0.823485318444996 0.05839019851116627 0.8260700992555832 0.058131720430107545 0.8289133581472291 0.057356286186931366 0.8312396608767577 0.056580851943755194 0.8333074855252275 0.055546939619520286 0.8358922663358148 0.053996071133167935 0.8377016129032259 0.052703680727874305 0.838477047146402 0.05089433416046321 0.8395109594706369 0.04960194375516958 0.8400279156327544 0.04727564102564105 0.8410618279569894 0.04494933829611251 0.8420957402812241 0.04210607940446653 0.8433881306865179 0.03926282051282053 0.8446805210918115 0.036419561621174545 0.8457144334160464 0.034093258891646015 0.8462313895781638 0.030733043837882567 0.8457144334160464 0.027372828784119126 0.8449389991728702 0.024529569892473138 0.8439050868486352 0.021169354838709697 0.8408033498759305 0.01755066170388753 0.8371846567411084 0.01419044665012409 0.8343413978494624 0.011088709677419376 0.8317566170388752 0.00953784119106702 0.8299472704714641 0.007728494623655937 0.827104011579818 0.006436104218362306 0.8250361869313482 0.004626757650951222 0.8209005376344086 0.0033343672456575915 0.8180572787427626 0.0020419768403639607 0.8159894540942928 0.0004911083540116033 0.8118538047973533 0.0 0.7811595326716281 0.0007495864350703294 0.7772177419354839 0.002300454921422687 0.7759253515301903 0.0033343672456575915 0.7748914392059554 0.005143713813068675 0.7741160049627792 0.007986972704714664 0.7733405707196029 0.011347187758478103 0.7725651364764268 0.01574131513647645 0.7725651364764268 0.019876964433416067 0.7723066583953682 0.024012613730355688 0.7730820926385443
1 0.11939102564102565 0.841320306038048 0.11499689826302731 0.8358922663358148 0.11370450785773367 0.8325320512820513 0.11344602977667494 0.8296887923904053 0.11318755169561623 0.8265870554177006 0.11318755169561623 0.8232268403639371 0.11318755169561623 0.8201251033912325 0.11396298593879241 0.817798800661704 0.11577233250620349 0.8152140198511167 0.11732320099255585 0.8134046732837056 0.11861559139784948 0.8115953267162944 0.12094189412737802 0.8100444582299422 0.12456058726220018 0.8084935897435898 0.12792080231596362 0.8072011993382961 0.13102253928866833 0.8061672870140613 0.13593362282878413 0.8048748966087677 0.14006927212572376 0.8040994623655915 0.14420492142266336 0.8038409842845327 0.14937448304383788 0.8038409842845327 0.15376861042183623 0.8043579404466501 0.15712882547559967 0.8053918527708851 0.16100599669148058 0.80642576509512 0.16359077750206782 0.8074596774193549 0.16643403639371385 0.8090105459057072 0.16850186104218365 0.8110783705541771 0.17056968569065345 0.8128877171215881 0.17212055417700578 0.8157309760132342 0.1741883788254756 0.8201251033912325 0.1752222911497105 0.8245192307692307 0.1759977253928867 0.8276209677419355 0.1759977253928867 0.8314981389578163 0.1749638130686518 0.8351168320926387 0.1731544665012407 0.8389940033085195 0.17134511993382961 0.841320306038048 0.16850186104218365 0.8449389991728702 0.16669251447477254 0.848040736145575 0.16359077750206782 0.8503670388751033 0.1604890405293631 0.8524348635235732 0.15687034739454095 0.8537272539288668 0.1532516542597188 0.8542442100909843 0.1475651364764268 0.8542442100909843 0.14084470636889992 0.8534687758478081 0.13722601323407776 0.852693341604632 0.13231492969396197 0.8506255169561622 0.12817928039702234 0.8485576923076923 0.12559449958643507 0.84700682382134 0.12223428453267164 0.8446805210918115
1 0.3897590984284533 0.8322735732009926 0.3863988833746898 0.8296887923904053 0.38458953680727875 0.8278794458229942 0.38278019023986765 0.8258116211745244 0.3809708436724566 0.8240022746071134 0.37890301902398676 0.8221929280397023 0.3770936724565757 0.8201251033912325 0.3755428039702233 0.8183157568238214 0.3742504135649297 0.8162479321753515 0.3732165012406948 0.8141801075268817 0.3721825889164599 0.8118538047973533 0.37140715467328367 0.8097859801488834 0.37037324234904884 0.8069427212572374 0.37011476426799006 0.8038409842845327 0.37011476426799006 0.8009977253928867 0.37011476426799006 0.7976375103391233 0.3708901985111662 0.7942772952853598 0.3721825889164599 0.7916925144747726 0.3734749793217535 0.7898831679073616 0.37528432588916455 0.7883322994210091 0.3773521505376344 0.7862644747725392 0.3791614971050455 0.784713606286187 0.3812293217535153 0.7829042597187759 0.38433105872622 0.7808364350703061 0.3863988833746898 0.7798025227460711 0.3897590984284533 0.7785101323407775 0.3941532258064516 0.7774762200165426 0.39751344086021506 0.7764423076923077 0.40087365591397844 0.7759253515301903 0.4039753928866832 0.7756668734491315 0.40707712985938793 0.7756668734491315 0.41017886683209265 0.7756668734491315 0.41328060380479736 0.776183829611249 0.4156069065343259 0.7769592638544253 0.41793320926385447 0.7782516542597189 0.4205179900744417 0.7795440446650125 0.42310277088502896 0.7810949131513648 0.42517059553349873 0.7823873035566584 0.427755376344086 0.784713606286187 0.4290477667493796 0.7862644747725392 0.4308571133167908 0.7880738213399504 0.4324079818031431 0.7904001240694789 0.4344758064516129 0.793243382961125 0.43602667493796526 0.7966035980148883 0.4375775434243176 0.7994468569065344 0.43912841191067 0.8020316377171216 0.4404208023159636 0.8048748966087677 0.44145471464019853 0.8077181555004136 0.4424886269644334 0.8108198924731183 0.44274710504549214 0.8131461952026469 0.44274710504549214 0.8146970636889992 0.4424886269644334 0.817798800661704 0.4419716708023159 0.8203835814722912 0.4411962365591398 0.8229683622828785 0.43990384615384615 0.8258116211745244 0.43861145574855254 0.8286548800661705 0.43731906534325893 0.8302057485525227 0.4357681968569065 0.8314981389578163 0.43395885028949543 0.8335659636062862 0.4326664598842018 0.8348583540115798 0.43111559139784944 0.8361507444168734 0.4285308105872622 0.8369261786600497 0.42517059553349873 0.837443134822167 0.42129342431761785 0.8377016129032259 0.41715777502067825 0.8377016129032259 0.41328060380479736 0.8377016129032259 0.40992038875103387 0.8377016129032259 0.4073356079404466 0.837443134822167 0.40423387096774194 0.8366677005789909 0.3998397435897436 0.8353753101736973 0.39751344086021506 0.8345998759305212 0.3944117038875103 0.8335659636062862
1 0.07002171215880895 0.8764733250620348 0.07364040529363111 0.8733715880893301 0.07596670802315965 0.8720791976840364 0.07829301075268819 0.8710452853598015 0.0813947477253929 0.8702698511166252 0.08397952853598016 0.8700113730355666 0.08708126550868488 0.8700113730355666 0.08914909015715469 0.8700113730355666 0.09095843672456577 0.8700113730355666 0.09767886683209265 0.8713037634408602 0.09974669148056246 0.8718207196029777 0.10336538461538462 0.8736300661703887 0.10620864350703062 0.8746639784946237 0.10801799007444171 0.8756978908188586 0.11060277088502897 0.8769902812241522 0.11215363937138131 0.8782826716294458 0.11396298593879241 0.8808674524400331 0.11525537634408603 0.8839691894127378 0.11577233250620349 0.8868124483043839 0.11603081058726221 0.8891387510339123 0.11628928866832093 0.8927574441687346 0.11628928866832093 0.8950837468982631 0.11577233250620349 0.8971515715467329 0.11447994210090986 0.8997363523573202 0.11215363937138131 0.902579611248966 0.10982733664185278 0.9054228701406121 0.10672559966914807 0.9082661290322581 0.10362386269644336 0.9103339536807279 0.1010390818858561 0.9118848221670802 0.09897125723738628 0.9134356906534327 0.09535256410256411 0.9155035153019023 0.09276778329197685 0.9162789495450786 0.0901830024813896 0.916795905707196 0.0873397435897436 0.9170543837882548 0.0834625723738627 0.9173128618693135 0.07906844499586436 0.9173128618693135 0.07596670802315965 0.9175713399503722 0.07105562448304385 0.9170543837882548 0.06666149710504551 0.9160204714640199 0.06407671629445826 0.9136941687344913 0.06123345740281227 0.9111093879239041 0.05916563275434246 0.9087830851943756 0.05787324234904882 0.9059398263027295 0.057356286186931366 0.9033550454921423 0.057356286186931366 0.8997363523573202 0.05787324234904882 0.8963761373035567 0.05864867659222501 0.893274400330852 0.05994106699751864 0.8901726633581473 0.06149193548387099 0.8868124483043839 0.06330128205128208 0.8839691894127378 0.06536910669975188 0.8813844086021505
1 0.025563482216708046 0.9922715053763441 0.025563482216708046 0.9852925971877585 0.02659739454094295 0.9824493382961125 0.027631306865177854 0.9793476013234078 0.02866521918941276 0.977279776674938 0.030216087675765117 0.9741780397022333 0.03125000000000002 0.971593258891646 0.03228391232423492 0.9695254342431762 0.03331782464846983 0.9671991315136477 0.034868693134822194 0.9646143507030605 0.036936517783292 0.9620295698924732 0.039004342431761804 0.9604787014061208 0.04133064516129035 0.9594447890818859 0.04443238213399506 0.9586693548387097 0.0477925971877585 0.9584108767576509 0.05218672456575684 0.9586693548387097 0.05477150537634411 0.9597032671629446 0.05787324234904882 0.9615126137303557 0.06071650124069481 0.9635804383788255 0.0635597601323408 0.9661652191894128 0.06717845326716296 0.9692669561621174 0.07002171215880895 0.9718517369727047 0.07260649296939621 0.974436517783292 0.07467431761786601 0.9765043424317618 0.07803453267162945 0.9796060794044664 0.07958540115798181 0.9814154259718777 0.08217018196856908 0.9845171629445824 0.08397952853598016 0.9871019437551696 0.08553039702233252 0.9899452026468155 0.08708126550868488 0.9927884615384616 0.08889061207609596 0.9956317204301076 0.09044148056244831 0.9982165012406948 0.09069995864350705 0.9984749793217536 0.09079869453788245 0.9989583333333333 0.02701558265582656 0.9989583333333333
1 0.013465447154471495 0.5355691056910569 0.01939363143631431 0.5330284552845528 0.02362804878048775 0.5313346883468835 0.02786246612466125 0.5304878048780487 0.032096883468834686 0.5304878048780487 0.03971883468834688 0.5355691056910569 0.04310636856368563 0.5398035230352304 0.044800135501355004 0.5474254742547426 0.04310636856368563 0.5550474254742548 0.04225948509485094 0.5609756097560976 0.03887195121951219 0.5711382113821138 0.032096883468834686 0.5838414634146342 0.02701558265582656 0.5906165311653117 0.022781165311653064 0.5940040650406504 0.01177168021680212 0.6007791327913279 0.0 0.6037220528455284 0.0 0.5440379403794038 0.004996612466124617 0.5398035230352304
1 0.016006097560975558 0.38397696476964766 0.02362804878048775 0.3899051490514905 0.028709349593495935 0.3924457994579945 0.03548441734417344 0.3975271002710027 0.0380250677506775 0.40430216802168023 0.03548441734417344 0.410230352303523 0.03040311653116531 0.41700542005420055 0.02447493224932244 0.42378048780487804 0.020240514905149 0.4271680216802168 0.014312330623306184 0.4322493224932249 0.008384146341463368 0.43563685636856364 0.0 0.4393049203929539 0.0 0.3822831978319783 0.006690379403793993 0.38143631436314357
1 0.42420392953929537 0.9759485094850949 0.4292852303523035 0.9657859078590787 0.4343665311653116 0.9590108401084012 0.4394478319783197 0.9530826558265583 0.44622289972899726 0.9522357723577236 0.4513042005420054 0.953929539295393 0.45723238482384826 0.9581639566395664 0.4614668021680216 0.9615514905149052 0.4665481029810297 0.9683265582655827 0.46908875338753386 0.9742547425474256 0.4716294037940379 0.9801829268292683 0.4716294037940379 0.9852642276422764 0.4724762872628726 0.9911924119241193 0.470023891028384 0.9989583333333333 0.4275914634146341 0.9989583333333333 0.4250508130081301 0.9937330623306233 0.4233570460704607 0.9869579945799458
1 0.525829945799458 0.9827235772357724 0.5317581300813008 0.9784891598915989 0.5402269647696476 0.9751016260162602 0.5461551490514904 0.9742547425474256 0.5520833333333334 0.9742547425474256 0.5571646341463413 0.9742547425474256 0.5630928184281843 0.9767953929539296 0.5698678861788617 0.9827235772357724 0.5757960704607046 0.9911924119241193 0.5769054878048779 0.9989583333333333 0.514820460704607 0.9989583333333333 0.5156673441734417 0.9945799457994581
1 0.15296546546546544 0.7324512012012011 0.1492117117117117 0.7277590090090089 0.1468656156156156 0.7240052552552552 0.14498873873873871 0.7202515015015014 0.14498873873873871 0.7164977477477478 0.14498873873873871 0.7132132132132132 0.14545795795795793 0.710867117117117 0.14639639639639637 0.7080518018018017 0.14874249249249247 0.7047672672672671 0.15343468468468469 0.7010135135135135 0.15625 0.6991366366366365 0.1590653153153153 0.6977289789789789 0.16234984984984985 0.6967905405405405 0.16563438438438435 0.695852102102102 0.16985735735735735 0.6949136636636636 0.17314189189189186 0.6944444444444444 0.17548798798798795 0.6944444444444444 0.17877252252252251 0.6953828828828829 0.18158783783783783 0.6953828828828829 0.18534159159159158 0.6949136636636636 0.18862612612612611 0.6939752252252251 0.1909722222222222 0.6930367867867867 0.19378753753753752 0.6916291291291291 0.19707207207207206 0.6902214714714714 0.20176426426426425 0.6925675675675674 0.20504879879879878 0.6963213213213212 0.20645645645645644 0.6991366366366365 0.20739489489489488 0.7038288288288288 0.20833333333333331 0.7103978978978979 0.20833333333333331 0.7141516516516515 0.20880255255255253 0.7174361861861861 0.20880255255255253 0.7197822822822821 0.205518018018018 0.7221283783783784 0.20317192192192188 0.723536036036036 0.20129504504504503 0.7249436936936937 0.19754129129129128 0.7272897897897898 0.19472597597597596 0.7282282282282282 0.19237987987987987 0.7296358858858858 0.18956456456456455 0.7305743243243242 0.18534159159159158 0.7310435435435435 0.18064939939939936 0.7310435435435435 0.1759572072072072 0.7315127627627628 0.17267267267267267 0.7343280780780781 0.1693881381381381 0.7366741741741741 0.16704204204204204 0.7366741741741741 0.1642267267267267 0.7357357357357357 0.16141141141141138 0.7347972972972971 0.1590653153153153 0.7338588588588588
1 0.47860360360360354 0.6362612612612611 0.47625750750750745 0.6325075075075074 0.47625750750750745 0.6296921921921921 0.47625750750750745 0.6268768768768768 0.47578828828828823 0.6231231231231231 0.47578828828828823 0.6198385885885885 0.47578828828828823 0.6156156156156155 0.47578828828828823 0.6128003003003002 0.4767267267267267 0.6095157657657657 0.4776651651651651 0.6052927927927928 0.47860360360360354 0.6006006006006005 0.47954204204204204 0.5982545045045045 0.4804804804804804 0.5949699699699699 0.4818881381381381 0.590746996996997 0.48376501501501495 0.5869932432432432 0.4851726726726726 0.5837087087087087 0.48704954954954954 0.5804241741741741 0.4884572072072072 0.5771396396396395 0.4903340840840841 0.5738551051051051 0.4926801801801801 0.5705705705705705 0.49455705705705705 0.5682244744744744 0.4973723723723723 0.5668168168168167 0.5011261261261261 0.5658783783783784 0.5053490990990991 0.5658783783783784 0.5114489489489489 0.5658783783783784 0.5166103603603603 0.5663475975975975 0.5198948948948948 0.5677552552552552 0.5236486486486486 0.5691629129129129 0.5264639639639639 0.5710397897897898 0.5306869369369369 0.5757319819819819 0.5325638138138138 0.5785472972972971 0.5344406906906907 0.5818318318318317 0.5349099099099098 0.5841779279279279 0.5349099099099098 0.5869932432432432 0.5349099099099098 0.590746996996997 0.5339714714714714 0.5945007507507507 0.533033033033033 0.5977852852852852 0.5316253753753754 0.6006006006006005 0.5306869369369369 0.6029466966966966 0.5297484984984985 0.605762012012012 0.5283408408408408 0.609984984984985 0.5269331831831832 0.6142079579579579 0.5259947447447447 0.6179617117117117 0.5241178678678678 0.6212462462462461 0.5231794294294294 0.6245307807807807 0.5217717717717717 0.6268768768768768 0.5194256756756757 0.6310998498498498 0.518018018018018 0.6334459459459458 0.5156719219219219 0.635792042042042 0.5133258258258258 0.6381381381381381 0.5105105105105104 0.640015015015015 0.5081644144144144 0.6409534534534534 0.5058183183183182 0.642361111111111 0.5025337837837838 0.6432995495495495 0.4964339339339339 0.6442379879879879 0.4922109609609609 0.6447072072072071 0.4889264264264264 0.6442379879879879 0.4856418918918919 0.6428303303303303 0.4818881381381381 0.640015015015015
1 0.6362612612612611 0.6578453453453453 0.627346096096096 0.6554992492492492 0.6235923423423423 0.6531531531531531 0.6198385885885885 0.6493993993993994 0.6179617117117117 0.6447072072072071 0.6174924924924924 0.6414226726726727 0.6198385885885885 0.6348536036036035 0.620777027027027 0.6320382882882882 0.6217154654654654 0.6296921921921921 0.6235923423423423 0.6264076576576577 0.6259384384384384 0.6240615615615615 0.6287537537537538 0.6212462462462461 0.6320382882882882 0.6184309309309308 0.6362612612612611 0.6151463963963963 0.6395457957957957 0.6132695195195195 0.642361111111111 0.6118618618618618 0.6461148648648648 0.6118618618618618 0.650807057057057 0.6118618618618618 0.6559684684684685 0.6118618618618618 0.6611298798798798 0.6118618618618618 0.6639451951951951 0.6118618618618618 0.6681681681681682 0.6128003003003002 0.6747372372372371 0.6142079579579579 0.6775525525525524 0.6146771771771771 0.6803678678678678 0.6156156156156155 0.6845908408408408 0.6170232732732732 0.6874061561561561 0.6189001501501501 0.6902214714714714 0.620777027027027 0.693506006006006 0.6235923423423423 0.6953828828828829 0.627346096096096 0.695852102102102 0.6315690690690691 0.6953828828828829 0.6343843843843844 0.693506006006006 0.6381381381381381 0.6906906906906907 0.642361111111111 0.6864677177177178 0.6465840840840841 0.6831831831831832 0.6493993993993994 0.6803678678678678 0.6517454954954954 0.6761448948948948 0.6536223723723723 0.6719219219219218 0.6559684684684685 0.6667605105105104 0.6583145645645645 0.6634759759759759 0.6597222222222221 0.6606606606606605 0.6601914414414414 0.6569069069069068 0.6611298798798798 0.6531531531531531 0.6611298798798798 0.6475225225225224 0.6611298798798798 0.6414226726726727 0.6597222222222221
1 0.6428303303303303 0.7155593093093092 0.6432995495495495 0.7042980480480481 0.6447072072072071 0.7005442942942942 0.6461148648648648 0.6967905405405405 0.6484609609609608 0.693506006006006 0.650807057057057 0.6916291291291291 0.6545608108108107 0.6888138138138138 0.6583145645645645 0.6859984984984985 0.6634759759759759 0.6841216216216215 0.6691066066066065 0.6827139639639639 0.6728603603603603 0.6817755255255254 0.6780217717717717 0.680837087087087 0.6831831831831832 0.6798986486486486 0.6892830330330331 0.6798986486486486 0.6939752252252251 0.6798986486486486 0.6991366366366365 0.6798986486486486 0.7042980480480481 0.6813063063063062 0.7075825825825824 0.6841216216216215 0.708521021021021 0.6869369369369368 0.7094594594594594 0.6902214714714714 0.7094594594594594 0.6953828828828829 0.708521021021021 0.6986674174174173 0.7075825825825824 0.7033596096096095 0.7061749249249248 0.7066441441441441 0.7038288288288288 0.7099286786786787 0.7019519519519518 0.7122747747747747 0.6996058558558558 0.7155593093093092 0.6967905405405405 0.7183746246246245 0.693506006006006 0.7207207207207207 0.6897522522522521 0.723536036036036 0.6864677177177178 0.7249436936936937 0.6822447447447447 0.7272897897897898 0.6784909909909909 0.7291666666666665 0.6737987987987988 0.7310435435435435 0.6709834834834835 0.7315127627627628 0.6625375375375374 0.7305743243243242 0.6573761261261261 0.7291666666666665 0.6540915915915915 0.7277590090090089 0.6512762762762762 0.7254129129129129 0.6489301801801801 0.723536036036036 0.6461148648648648 0.7197822822822821
1 0.7667042042042042 0.6010698198198198 0.7690503003003002 0.5926238738738738 0.7709271771771771 0.5879316816816816 0.7718656156156155 0.5851163663663663 0.7732732732732732 0.5832394894894894 0.7751501501501501 0.5804241741741741 0.7779654654654654 0.5785472972972971 0.7812499999999999 0.5771396396396395 0.7850037537537538 0.5757319819819819 0.7911036036036035 0.5724474474474474 0.7953265765765765 0.5710397897897898 0.8000187687687688 0.5701013513513513 0.8061186186186186 0.5691629129129129 0.8094031531531531 0.5691629129129129 0.8136261261261261 0.5686936936936937 0.8169106606606605 0.5686936936936937 0.8230105105105104 0.5686936936936937 0.8295795795795795 0.5691629129129129 0.8347409909909909 0.5701013513513513 0.8389639639639639 0.5710397897897898 0.8431869369369368 0.5724474474474474 0.8474099099099098 0.5747935435435435 0.8506944444444444 0.5771396396396395 0.8525713213213212 0.5794857357357357 0.8544481981981982 0.5827702702702702 0.856325075075075 0.586524024024024 0.8567942942942942 0.5916854354354354 0.8567942942942942 0.5959084084084084 0.8553866366366365 0.5996621621621621 0.8535097597597597 0.6029466966966966 0.8502252252252251 0.6062312312312311 0.8478791291291291 0.6090465465465464 0.8445945945945945 0.6113926426426425 0.8417792792792792 0.6128003003003002 0.8375563063063062 0.6151463963963963 0.8347409909909909 0.6165540540540541 0.8300487987987988 0.6184309309309308 0.8267642642642642 0.6193693693693694 0.822072072072072 0.6198385885885885 0.8173798798798798 0.6203078078078078 0.8108108108108107 0.6212462462462461 0.8061186186186186 0.6221846846846847 0.8037725225225224 0.6221846846846847 0.7990803303303302 0.6221846846846847 0.7957957957957957 0.6221846846846847 0.7915728228228228 0.6212462462462461 0.7873498498498498 0.6203078078078078 0.783596096096096 0.6189001501501501 0.7807807807807807 0.6174924924924924 0.7779654654654654 0.6165540540540541 0.7751501501501501 0.6146771771771771 0.7718656156156155 0.6113926426426425 0.7695195195195195 0.6076388888888888
1 0.666730377166157 0.5402650356778798 0.6629077471967381 0.5389908256880733 0.6606778797145769 0.5364424057084608 0.6594036697247706 0.5348496432212028 0.6581294597349643 0.5329383282364933 0.6565366972477064 0.5303899082568807 0.6549439347604484 0.5284785932721713 0.6536697247706422 0.525611620795107 0.6536697247706422 0.5217889908256881 0.6539882772680937 0.5179663608562691 0.6552624872579002 0.5150993883792049 0.656855249745158 0.5115953109072375 0.6584480122324159 0.5093654434250765 0.659085117227319 0.5087283384301733 0.6619520897043834 0.505861365953109 0.6648190621814475 0.5026758409785933 0.6673674821610601 0.49980886850152906 0.670553007135576 0.4969418960244648 0.6740570846075433 0.49471202854230373 0.6781982670744139 0.4934378185524974 0.6823394495412844 0.4928007135575943 0.6858435270132517 0.4928007135575943 0.6909403669724771 0.49375637104994907 0.6944444444444444 0.4950305810397554 0.6969928644240571 0.4959862385321101 0.700815494393476 0.4972604485219164 0.7027268093781855 0.49853465851172274 0.7068679918450561 0.5014016309887869 0.7090978593272171 0.5026758409785933 0.7110091743119267 0.5042686034658511 0.7132390417940877 0.5061799184505607 0.7151503567787972 0.5087283384301733 0.7170616717635067 0.5112767584097859 0.7176987767584098 0.513506625891947 0.7180173292558614 0.5163735983690112 0.7180173292558614 0.5192405708460754 0.7170616717635067 0.5217889908256881 0.7157874617737003 0.5237003058103976 0.7148318042813455 0.5265672782874617 0.7141946992864424 0.5291156982670744 0.7135575942915392 0.5319826707441386 0.7129204892966361 0.5335754332313966 0.7097349643221202 0.5361238532110092 0.7071865443425076 0.5370795107033639 0.7049566768603466 0.5380351681957187 0.703045361875637 0.5389908256880733 0.7011340468909276 0.5405835881753313 0.6989041794087665 0.541539245667686 0.6960372069317023 0.5424949031600408 0.6938073394495413 0.5434505606523955 0.6909403669724771 0.5437691131498471 0.6880733944954128 0.5440876656472986 0.6861620795107034 0.5444062181447503 0.6842507645259939 0.5444062181447503 0.682658002038736 0.5444062181447503 0.6801095820591233 0.5437691131498471 0.6781982670744139 0.5434505606523955 0.676605504587156 0.5431320081549439 0.6750127420998981 0.5428134556574924 0.6731014271151886 0.5421763506625893
1 0.45744138634046894 0.41411824668705405 0.45425586136595314 0.41156982670744136 0.45202599388379205 0.40965851172273193 0.4501146788990826 0.40742864424057085 0.4494775739041794 0.4058358817533129 0.4485219164118247 0.4036060142711519 0.4485219164118247 0.4013761467889908 0.4485219164118247 0.3991462793068298 0.4478848114169215 0.39659785932721714 0.4478848114169215 0.39436799184505605 0.4478848114169215 0.39277522935779813 0.4478848114169215 0.39277522935779813 0.4478848114169215 0.3908639143730887 0.4478848114169215 0.3886340468909276 0.4485219164118247 0.38672273190621814 0.4494775739041794 0.3844928644240571 0.45202599388379205 0.382262996941896 0.45425586136595314 0.3806702344546381 0.4561671763506626 0.3793960244648318 0.45871559633027525 0.37812181447502546 0.4622196738022426 0.3765290519877676 0.46476809378185524 0.37589194699286443 0.4666794087665647 0.3755733944954128 0.47050203873598373 0.3755733944954128 0.47496177370030584 0.37589194699286443 0.47910295616717635 0.37589194699286443 0.4813328236493374 0.3752548419979613 0.48356269113149847 0.3752548419979613 0.4880224260958206 0.3752548419979613 0.4908893985728848 0.37589194699286443 0.4943934760448522 0.3771661569826707 0.497579001019368 0.3787589194699287 0.5014016309887869 0.3806702344546381 0.5049057084607543 0.3832186544342508 0.5068170234454638 0.3854485219164118 0.5093654434250765 0.3889525993883792 0.5115953109072375 0.392138124362895 0.5128695208970439 0.3950050968399592 0.515736493374108 0.39946483180428133 0.5173292558613659 0.40169469928644236 0.5176478083588175 0.4036060142711519 0.5163735983690112 0.4061544342507645 0.5138251783893986 0.41093272171253825 0.5125509683995922 0.41379969418960244 0.5109582059123343 0.4166666666666667 0.509683995922528 0.41825942915392456 0.5077726809378186 0.4188965341488277 0.5052242609582059 0.41953363914373093 0.5026758409785933 0.42017074413863403 0.49853465851172274 0.4204892966360856 0.4934378185524974 0.4204892966360856 0.48993374108053006 0.42080784913353725 0.48674821610601426 0.42080784913353725 0.48356269113149847 0.42080784913353725 0.4803771661569826 0.42017074413863403 0.47687308868501527 0.4198521916411825 0.4740061162079511 0.41921508664627927 0.4708205912334353 0.41857798165137616 0.46731651376146793 0.417940876656473 0.4644495412844037 0.41698521916411824 0.4609454638124363 0.4150739041794088
1 0.5768985728848114 0.46317533129459737 0.5762614678899083 0.4577599388379205 0.5765800203873598 0.455848623853211 0.5778542303771662 0.4533002038735984 0.5788098878695209 0.4513888888888889 0.5797655453618756 0.4491590214067278 0.5813583078491334 0.4469291539245667 0.583269622833843 0.44438073394495414 0.5848623853211009 0.44278797145769627 0.5864551478083588 0.4415137614678899 0.5880479102956166 0.4396024464831804 0.5902777777777778 0.43832823649337416 0.5925076452599388 0.4370540265035678 0.5947375127420998 0.43577981651376146 0.5966488277268094 0.4348241590214067 0.5988786952089704 0.43386850152905193 0.601427115188583 0.43259429153924567 0.6033384301732926 0.4319571865443425 0.6062054026503567 0.43132008154943935 0.6093909276248726 0.4306829765545362 0.6119393476044852 0.43004587155963303 0.6141692150866462 0.43004587155963303 0.6167176350662589 0.43004587155963303 0.621177370030581 0.4306829765545362 0.6243628950050969 0.43132008154943935 0.627229867482161 0.4319571865443425 0.6294597349643222 0.43259429153924567 0.6320081549439347 0.4332313965341488 0.6345565749235473 0.4341870540265036 0.6367864424057085 0.4351427115188583 0.6383792048929664 0.4364169215086646 0.6402905198776758 0.43832823649337416 0.6418832823649337 0.4402395514780836 0.6431574923547401 0.44278797145769627 0.6441131498470949 0.4446992864424057 0.6441131498470949 0.4478848114169215 0.6437945973496432 0.45043323139653413 0.6431574923547401 0.45266309887869516 0.6415647298674821 0.4545744138634047 0.6386977573904179 0.45648572884811417 0.6361493374108053 0.4577599388379205 0.6269113149847095 0.46190112130479105 0.607479612640163 0.46954638124362896 0.6055682976554536 0.47018348623853207 0.5972859327217125 0.4740061162079511 0.5947375127420998 0.4752803261977574 0.5928261977573903 0.4759174311926605 0.5905963302752293 0.4765545361875637 0.5877293577981652 0.4765545361875637 0.585499490316004 0.4765545361875637 0.5829510703363915 0.47496177370030584 0.5804026503567788 0.47241335372069315 0.5778542303771662 0.4698649337410805 0.5775356778797146 0.46827217125382264
1 0.6715086646279307 0.3363914373088685 0.6686416921508666 0.33416156982670747 0.6670489296636085 0.33256880733944955 0.6657747196738022 0.33065749235474 0.6635448521916412 0.328427624872579 0.6616335372069316 0.3255606523955148 0.6600407747196738 0.3230122324159021 0.6587665647298675 0.32078236493374107 0.6574923547400612 0.31823394495412843 0.6562181447502549 0.31536697247706424 0.6552624872579002 0.31281855249745155 0.6546253822629969 0.3093144750254842 0.6543068297655453 0.3070846075433231 0.6546253822629969 0.3048547400611621 0.6555810397553518 0.3032619775739042 0.656855249745158 0.30007645259938837 0.6581294597349643 0.29689092762487257 0.6594036697247706 0.2940239551478083 0.6603593272171254 0.29147553516819574 0.6619520897043834 0.2889271151885831 0.6638634046890928 0.2854230377166157 0.666730377166157 0.28255606523955146 0.670553007135576 0.2790519877675841 0.672782874617737 0.2777777777777778 0.6762869520897044 0.27714067278287463 0.6807466870540265 0.276822120285423 0.6845693170234455 0.27714067278287463 0.6883919469928644 0.2777777777777778 0.6912589194699287 0.2790519877675841 0.6941258919469928 0.2809633027522936 0.6960372069317023 0.2835117227319062 0.6982670744138634 0.28606014271151886 0.6998598369011213 0.2882900101936799 0.7020897043832824 0.29115698267074414 0.7036824668705403 0.2937054026503568 0.7052752293577982 0.29561671763506625 0.7065494393476045 0.29848369011213044 0.7071865443425076 0.30230632008154945 0.7081422018348623 0.3061289500509684 0.7090978593272171 0.30867737003058104 0.7094164118246687 0.3112257900101937 0.7094164118246687 0.31504841997961264 0.7094164118246687 0.3201452599388379 0.7090978593272171 0.3230122324159021 0.7081422018348623 0.32460499490316 0.7062308868501529 0.3274719673802242 0.7043195718654435 0.33065749235474 0.7020897043832824 0.33352446483180426 0.6992227319062181 0.3360728848114169 0.6966743119266054 0.3376656472986748 0.6938073394495413 0.33893985728848114 0.6912589194699287 0.34021406727828746 0.6890290519877676 0.3408511722731907 0.6874362895005096 0.3414882772680938 0.6839322120285424 0.34244393476044854 0.681065239551478 0.34212538226299694 0.6775611620795108 0.3411697247706422 0.6746941896024464 0.3395769622833843
1 0.7552879714576962 0.4013761467889908 0.7470056065239551 0.3969164118246687 0.7419087665647299 0.39341233435270134 0.7393603465851173 0.3908639143730887 0.7377675840978594 0.3895897043832824 0.7358562691131498 0.3870412844036697 0.7336264016309888 0.3841743119266055 0.7320336391437309 0.38130733944954126 0.7307594291539246 0.378440366972477 0.7298037716615698 0.3752548419979613 0.7298037716615698 0.37175076452599387 0.7298037716615698 0.36856523955147813 0.7310779816513762 0.36601681957186544 0.7333078491335372 0.36314984709480125 0.7352191641182467 0.36123853211009177 0.7380861365953109 0.3590086646279307 0.740316004077472 0.35741590214067276 0.7419087665647299 0.3558231396534149 0.744138634046891 0.3535932721712538 0.7466870540265036 0.35200050968399593 0.7492354740061162 0.3510448521916412 0.7521024464831804 0.350407747196738 0.7543323139653414 0.34945208970438324 0.7578363914373089 0.34881498470948014 0.7613404689092762 0.348177879714577 0.7651630988786952 0.34785932721712537 0.7693042813455657 0.3475407747196738 0.7731269113149847 0.3472222222222222 0.7763124362895005 0.34690366972477066 0.7791794087665648 0.3475407747196738 0.7823649337410805 0.34881498470948014 0.7852319062181448 0.35008919469928645 0.7877803261977573 0.3513634046890928 0.79032874617737 0.3523190621814475 0.7931957186544343 0.3535932721712538 0.7960626911314984 0.35550458715596334 0.7982925586136596 0.3570973496432212 0.7998853211009175 0.35869011213047913 0.8024337410805301 0.36123853211009177 0.8046636085626911 0.364105504587156 0.8062563710499491 0.36729102956167176 0.8081676860346586 0.3711136595310907 0.8094418960244648 0.37429918450560656 0.8103975535168196 0.3771661569826707 0.8113532110091743 0.38003312945973494 0.8113532110091743 0.3832186544342508 0.8110346585117227 0.386085626911315 0.8094418960244648 0.3892711518858308 0.8078491335372069 0.3915010193679918 0.8043450560652395 0.39436799184505605 0.8008409785932721 0.39659785932721714 0.7966997961264016 0.39882772680937817 0.794151376146789 0.4001019367991845 0.7909658511722732 0.40169469928644236 0.788098878695209 0.4026503567787971 0.7852319062181448 0.4036060142711519 0.7817278287461774 0.4045616717635066 0.77822375127421 0.4051987767584098 0.7750382262996942 0.4051987767584098 0.7712155963302753 0.4048802242609582 0.7673929663608562 0.40424311926605505 0.7642074413863404 0.4036060142711519 0.7603848114169215 0.4026503567787971
1 0.7004969418960244 0.24337410805300713 0.6938073394495413 0.2408256880733945 0.6912589194699287 0.23859582059123344 0.6880733944954128 0.23668450560652396 0.6855249745158002 0.23509174311926603 0.6823394495412844 0.23318042813455658 0.678835372069317 0.23031345565749237 0.6762869520897044 0.22744648318042812 0.6746941896024464 0.22426095820591235 0.6740570846075433 0.22139398572884814 0.6737385321100917 0.2182084607543323 0.6740570846075433 0.21566004077471967 0.6746941896024464 0.21311162079510704 0.6759683995922529 0.2105632008154944 0.6778797145769623 0.20801478083588174 0.6801095820591233 0.20546636085626913 0.682658002038736 0.20291794087665646 0.6855249745158002 0.201006625891947 0.6883919469928644 0.19845820591233435 0.6909403669724771 0.19718399592252803 0.6938073394495413 0.19559123343527013 0.6969928644240571 0.1943170234454638 0.7011340468909276 0.19336136595310907 0.7049566768603466 0.1930428134556575 0.7094164118246687 0.1927242609582059 0.7148318042813455 0.1927242609582059 0.7189729867482161 0.19240570846075433 0.7231141692150866 0.19240570846075433 0.7269367991845056 0.1927242609582059 0.7301223241590213 0.19367991845056068 0.7333078491335372 0.1946355759429154 0.7364933741080529 0.19590978593272174 0.7390417940876656 0.19718399592252803 0.7419087665647299 0.19877675840978595 0.7450942915392457 0.201006625891947 0.7476427115188583 0.20323649337410807 0.7495540265035677 0.20514780835881752 0.7517838939857289 0.20833333333333334 0.7530581039755352 0.21088175331294598 0.7543323139653414 0.21438583078491336 0.7549694189602447 0.2185270132517839 0.7549694189602447 0.2217125382262997 0.7549694189602447 0.22553516819571864 0.7540137614678899 0.2280835881753313 0.7521024464831804 0.23095056065239553 0.7501911314984709 0.23318042813455658 0.7476427115188583 0.2357288481141692 0.7447757390417941 0.23859582059123344 0.7419087665647299 0.24050713557594292 0.7384046890927625 0.24305555555555555 0.7355377166156983 0.24432976554536187 0.7317150866462793 0.2456039755351682 0.726618246687054 0.24687818552497454 0.7237512742099899 0.24687818552497454 0.720565749235474 0.24624108053007135 0.7170616717635067 0.24528542303771664 0.7145132517838939 0.24496687054026503 0.7097349643221202 0.24464831804281345 0.7075050968399592 0.24464831804281345 0.704638124362895 0.2440112130479103
1 0.5119138634046891 0.16469164118246687 0.5080912334352701 0.16214322120285424 0.5068170234454638 0.16023190621814473 0.5055428134556574 0.15800203873598367 0.5045871559633027 0.15545361875637106 0.5042686034658511 0.1516309887869521 0.5042686034658511 0.1481269113149847 0.5052242609582059 0.1452599388379205 0.505861365953109 0.14143730886850153 0.5068170234454638 0.1382517838939857 0.5080912334352701 0.13474770642201833 0.509683995922528 0.13156218144750256 0.5115953109072375 0.12933231396534148 0.5138251783893986 0.12678389398572884 0.5166921508664628 0.1245540265035678 0.5192405708460754 0.12264271151885832 0.5224260958205912 0.12073139653414883 0.5259301732925586 0.11850152905198777 0.5303899082568807 0.11659021406727829 0.5348496432212028 0.11531600407747196 0.5396279306829765 0.11436034658511723 0.5447247706422018 0.11404179408766565 0.5482288481141692 0.11404179408766565 0.5523700305810397 0.11404179408766565 0.5561926605504587 0.11467889908256881 0.5606523955147809 0.11563455657492354 0.5657492354740061 0.11722731906218145 0.568934760448522 0.11850152905198777 0.5727573904179408 0.12041284403669725 0.5756243628950052 0.12264271151885832 0.5781727828746177 0.12550968399592252 0.5800840978593272 0.12901376146788993 0.581039755351682 0.13283639143730885 0.5813583078491334 0.13793323139653416 0.5813583078491334 0.14143730886850153 0.5800840978593272 0.14430428134556575 0.5778542303771662 0.14780835881753313 0.5756243628950052 0.1513124362895005 0.5727573904179408 0.15513506625891946 0.5692533129459735 0.15863914373088683 0.5670234454638124 0.16055045871559634 0.5641564729867483 0.16246177370030582 0.561289500509684 0.16405453618756372 0.5590596330275229 0.16532874617737 0.5558741080530072 0.16692150866462793 0.551414373088685 0.1688328236493374 0.5475917431192661 0.17042558613659534 0.5450433231396534 0.1707441386340469 0.5431320081549439 0.1707441386340469 0.5380351681957187 0.17138124362895005 0.5358053007135576 0.17169979612640163 0.5319826707441386 0.17169979612640163 0.5287971457696228 0.17169979612640163 0.5262487257900103 0.17106269113149847 0.5237003058103976 0.17010703363914373 0.5208333333333334 0.1688328236493374 0.5186034658511722 0.1675586136595311 0.5154179408766565 0.1659658511722732
1 0.6899847094801222 0.08983180428134556 0.682658002038736 0.08569062181447502 0.6801095820591233 0.08314220183486239 0.6778797145769623 0.08091233435270133 0.6756498470948012 0.07868246687054027 0.6737385321100917 0.07581549439347605 0.6721457696228338 0.07262996941896024 0.6708715596330276 0.06912589194699285 0.6699159021406728 0.0653032619775739 0.6695973496432212 0.06116207951070336 0.6695973496432212 0.05765800203873598 0.6699159021406728 0.053516819571865444 0.6711901121304791 0.05033129459734964 0.6731014271151886 0.047782874617737 0.6756498470948012 0.045234454638124366 0.6785168195718654 0.0430045871559633 0.6820208970438328 0.04077471967380224 0.6858435270132517 0.038863404689092766 0.6893476044852191 0.03758919469928644 0.6944444444444444 0.03758919469928644 0.6982670744138634 0.03790774719673803 0.7014525993883791 0.038863404689092766 0.704638124362895 0.0398190621814475 0.7078236493374107 0.04077471967380224 0.7110091743119267 0.04173037716615698 0.7145132517838939 0.04364169215086646 0.7176987767584098 0.04491590214067278 0.7208843017329255 0.046827217125382264 0.7237512742099899 0.04905708460754332 0.726618246687054 0.05096839959225281 0.7285295616717635 0.053198267074413864 0.7301223241590213 0.0557466870540265 0.7317150866462793 0.058613659531090725 0.7329892966360857 0.0621177370030581 0.7342635066258919 0.06562181447502549 0.7345820591233435 0.0700815494393476 0.7342635066258919 0.07390417940876656 0.7333078491335372 0.07772680937818553 0.7323521916411824 0.08091233435270133 0.7307594291539246 0.08377930682976555 0.7291666666666666 0.08569062181447502 0.726618246687054 0.08855759429153925 0.724388379204893 0.09046890927624873 0.7215214067278288 0.09142456676860347 0.7189729867482161 0.0923802242609582 0.7170616717635067 0.09269877675840979 0.7148318042813455 0.09365443425076453 0.7110091743119267 0.09461009174311925 0.7075050968399592 0.09461009174311925 0.704638124362895 0.09429153924566767 0.7011340468909276 0.09365443425076453 0.698585626911315 0.09301732925586137 0.6934887869520897 0.09110601427115189
1 0.5568297655453619 0.00063710499490316 0.5552370030581039 0.00573394495412844 0.5539627930682977 0.00860091743119266 0.5530071355759428 0.012104994903160042 0.5517329255861366 0.014334862385321102 0.5495030581039756 0.01656472986748216 0.546954638124363 0.01879459734964322 0.5434505606523955 0.01975025484199796 0.5396279306829765 0.01975025484199796 0.5345310907237513 0.019431702344546383 0.5297528032619776 0.01879459734964322 0.5268858307849134 0.01815749235474006 0.5246559633027522 0.0175203873598369 0.5217889908256881 0.016883282364933742 0.5179663608562691 0.01529051987767584 0.5163735983690112 0.014971967380224261 0.5138251783893986 0.013697757390417942 0.5122324159021406 0.012742099898063202 0.5100025484199796 0.0111493374108053 0.5084097859327217 0.0095565749235474 0.5068170234454638 0.00828236493374108 0.5052242609582059 0.007008154943934761 0.5033129459734964 0.0047782874617737 0.5017201834862386 0.00254841997961264 0.5020387359836901 0.0
1 0.8677370030581039 0.015609072375127422 0.8651885830784913 0.01975025484199796 0.8635958205912335 0.02134301732925586 0.8620030581039756 0.02198012232415902 0.8591360856269113 0.0238914373088685 0.8572247706422018 0.02516564729867482 0.8546763506625893 0.0270769622833843 0.8521279306829765 0.028032619775739044 0.8495795107033639 0.028988277268093783 0.8463939857288482 0.029306829765545363 0.8435270132517839 0.028988277268093783 0.8393858307849134 0.028032619775739044 0.8371559633027523 0.0270769622833843 0.834288990825688 0.025802752293577983 0.8317405708460754 0.02357288481141692 0.8301478083588176 0.02166156982670744 0.8288735983690112 0.020068807339449542 0.8272808358817533 0.0175203873598369 0.8266437308868502 0.01529051987767584 0.8263251783893986 0.012742099898063202 0.8260066258919471 0.01019367991845056 0.8256880733944955 0.0079638124362895 0.8253695208970437 0.00445973496432212 0.8253695208970437 0.0015927624872579002 0.8256880733944955 0.0 0.8730936819172113 0.0 0.8730936819172113 0.0 0.8717320261437908 0.0074210239651415965
1 0.9576490267639902 0.06462895377128954 0.9538473236009731 0.06120742092457421 0.9530869829683698 0.05816605839416058 0.951566301703163 0.05436435523114355 0.9504257907542578 0.05170316301703162 0.9500456204379562 0.04904197080291971 0.9492852798053527 0.04562043795620438 0.948905109489051 0.04143856447688564 0.9485249391727493 0.03839720194647202 0.9481447688564476 0.03459549878345499 0.9485249391727493 0.031173965936739656 0.948905109489051 0.026992092457420923 0.9496654501216545 0.023570559610705595 0.9504257907542578 0.021289537712895375 0.9511861313868611 0.01824817518248175 0.9530869829683698 0.01596715328467153 0.9549878345498783 0.013686131386861313 0.9572688564476886 0.012165450121654502 0.9603102189781022 0.009124087591240875 0.9625912408759124 0.00722323600973236 0.965632603406326 0.006082725060827251 0.9728558394160582 0.005322384428223844 0.9762773722627737 0.006843065693430656 0.9800790754257906 0.010264598540145985 0.9819799270072992 0.011785279805352798 0.9846411192214112 0.013686131386861313 0.9869221411192213 0.015586982968369828 0.9892031630170315 0.01710766423357664 0.9899635036496349 0.018628345498783453 0.9922445255474451 0.02204987834549878 0.993765206812652 0.02585158150851581 0.9945255474452553 0.02813260340632603 0.9949057177615571 0.03269464720194647 0.9952858880778588 0.0364963503649635 0.9952858880778588 0.04257907542579075 0.9952858880778588 0.048281630170316295 0.9949057177615571 0.05436435523114355 0.993765206812652 0.05778588807785888 0.9926246958637468 0.06234793187347931 0.9914841849148418 0.06538929440389293 0.9895833333333333 0.06767031630170316 0.9865419708029196 0.07109184914841848 0.983500608272506 0.07261253041362531 0.9800790754257906 0.072992700729927 0.9736161800486618 0.07375304136253041 0.9690541362530413 0.07375304136253041 0.9648722627737225 0.07223236009732359 0.9606903892944039 0.06805048661800486
1 0.8637469586374695 0.14218369829683697 0.8637469586374695 0.13876216545012163 0.8652676399026763 0.13381995133819952 0.8671684914841848 0.12887773722627735 0.8694495133819952 0.12431569343065692 0.8713503649635036 0.11975364963503649 0.8740115571776155 0.11595194647201947 0.878573600973236 0.111389902676399 0.8827554744525546 0.10796836982968369 0.8873175182481751 0.10454683698296836 0.8930200729927006 0.10112530413625304 0.8991027980535279 0.09808394160583941 0.9032846715328466 0.09656326034063259 0.9082268856447688 0.09466240875912409 0.913169099756691 0.09466240875912409 0.9200121654501215 0.09542274939172748 0.9238138686131385 0.09656326034063259 0.9279957420924574 0.09808394160583941 0.932177615571776 0.09922445255474452 0.9359793187347931 0.10112530413625304 0.9382603406326033 0.10302615571776155 0.9405413625304135 0.10492700729927007 0.9420620437956203 0.10720802919708028 0.9435827250608272 0.10986922141119221 0.945103406326034 0.11405109489051093 0.945103406326034 0.11975364963503649 0.9447232360097323 0.12355535279805352 0.9428223844282237 0.12773722627737225 0.9405413625304135 0.1322992700729927 0.9390206812652068 0.1368613138686131 0.9371198296836982 0.14142335766423356 0.9344586374695862 0.14522506082725062 0.9314172749391727 0.14864659367396593 0.928375912408759 0.15168795620437955 0.9245742092457421 0.15472931873479318 0.9219130170316301 0.1566301703163017 0.9188716545012166 0.1589111922141119 0.9154501216545011 0.16043187347931873 0.913169099756691 0.16081204379562042 0.9089872262773722 0.16043187347931873 0.9048053527980534 0.15929136253041362 0.9010036496350364 0.1589111922141119 0.8979622871046228 0.1589111922141119 0.8930200729927006 0.1589111922141119 0.8888381995133819 0.1589111922141119 0.8854166666666665 0.1589111922141119 0.8816149635036495 0.1589111922141119 0.879714111922141 0.1589111922141119 0.8755322384428224 0.1570103406326034 0.872110705596107 0.15434914841849148 0.8686891727493916 0.15092761557177614 0.8667883211678832 0.14750608272506083
1 0.9165906326034062 0.36002128953771284 0.9097475669099756 0.3607816301703163 0.9063260340632603 0.35926094890510946 0.9032846715328466 0.35812043795620435 0.8994829683698297 0.3562195863746958 0.8968217761557178 0.3531782238442822 0.8945407542579075 0.3493765206812652 0.8926399026763989 0.34633515815085153 0.8907390510948904 0.3429136253041362 0.8884580291970803 0.3379714111922141 0.8869373479318734 0.333029197080292 0.8857968369829684 0.3284671532846715 0.8846563260340632 0.3235249391727494 0.8842761557177615 0.3193430656934307 0.8850364963503649 0.31478102189781015 0.8861770072992701 0.3109793187347931 0.8876976885644768 0.30755778588807786 0.8903588807785887 0.3056569343065693 0.8930200729927006 0.3041362530413625 0.8964416058394159 0.30261557177615567 0.9010036496350364 0.3014750608272506 0.9048053527980534 0.30109489051094884 0.9101277372262773 0.30109489051094884 0.9150699513381995 0.30261557177615567 0.9188716545012166 0.30489659367396593 0.9219130170316301 0.30717761557177614 0.9245742092457421 0.31059914841849146 0.9264750608272505 0.31364051094890505 0.9287560827250607 0.3178223844282238 0.9302767639902676 0.32200425790754256 0.932177615571776 0.3261861313868613 0.9329379562043795 0.3292274939172749 0.9336982968369829 0.3326490267639902 0.9344586374695862 0.3356903892944038 0.9344586374695862 0.3394920924574209 0.9344586374695862 0.3425334549878345 0.9340784671532846 0.34557481751824815 0.9329379562043795 0.3482360097323601 0.9317974452554744 0.3505170316301703 0.9302767639902676 0.3527980535279805 0.9287560827250607 0.354698905109489 0.9268552311435523 0.3562195863746958 0.9234336982968369 0.3577402676399027
1 0.9888229927007298 0.27524330900243305 0.982360097323601 0.27562347931873477 0.9804592457420924 0.27562347931873477 0.9774178832116788 0.27562347931873477 0.9755170316301702 0.27562347931873477 0.9724756690997566 0.27562347931873477 0.970574817518248 0.27524330900243305 0.9675334549878344 0.27296228710462284 0.9652524330900242 0.2706812652068126 0.9614507299270072 0.2672597323600973 0.9603102189781022 0.2664993917274939 0.9580291970802919 0.26421836982968366 0.9561283454987833 0.26193734793187345 0.9549878345498783 0.25965632603406325 0.9538473236009731 0.25623479318734793 0.9530869829683698 0.25281326034063256 0.952706812652068 0.24901155717761556 0.952706812652068 0.24520985401459852 0.9538473236009731 0.2414081508515815 0.9557481751824817 0.23836678832116787 0.9584093673965935 0.23570559610705594 0.9614507299270072 0.23418491484184914 0.9641119221411192 0.23342457420924573 0.9682937956204379 0.233044403892944 0.9713351581508516 0.233044403892944 0.9770377128953771 0.23266423357664232 0.9789385644768855 0.23266423357664232 0.9815997566909974 0.23418491484184914 0.9865419708029196 0.23494525547445252 0.9903436739659367 0.23646593673965935 0.9945255474452553 0.23836678832116787 0.9968065693430657 0.23950729927007297 0.9987074209245742 0.2410279805352798 0.9989583333333333 0.26235553527980954 0.9989583333333333 0.274102798053528 0.9960462287104622 0.2748631386861314 0.9930048661800487 0.2748631386861314
1 0.7744069343065693 0.5124695863746959 0.7687043795620437 0.5094282238442822 0.7671836982968369 0.507147201946472 0.7649026763990268 0.5048661800486618 0.7626216545012166 0.5029653284671532 0.7611009732360097 0.5014446472019464 0.7592001216545011 0.4987834549878345 0.756919099756691 0.496882603406326 0.7553984184914841 0.49460158150851574 0.7538777372262774 0.49270072992700725 0.7531173965936738 0.4900395377128953 0.7512165450121654 0.4839568126520681 0.7512165450121654 0.476353406326034 0.7515967153284672 0.4744525547445255 0.7523570559610705 0.472551703163017 0.7538777372262774 0.47027068126520677 0.7553984184914841 0.46798965936739656 0.7592001216545011 0.4626672749391727 0.7622414841849149 0.46000608272506077 0.7649026763990268 0.45772506082725056 0.7675638686131386 0.4565845498783455 0.7706052311435523 0.4565845498783455 0.7755474452554744 0.4569647201946472 0.7797293187347931 0.45772506082725056 0.7839111922141118 0.4596259124087591 0.7858120437956203 0.4607664233576642 0.7884732360097323 0.46342761557177614 0.7915145985401459 0.46684914841849146 0.7915145985401459 0.46684914841849146 0.7937956204379562 0.46798965936739656 0.7956964720194647 0.4695103406326034 0.7987378345498783 0.4729318734793187 0.7998783454987833 0.47597323600973235 0.8006386861313869 0.4786344282238443 0.8010188564476886 0.48167579075425787 0.8021593673965935 0.4847171532846715 0.8025395377128953 0.48661800486618 0.8025395377128953 0.48851885644768855 0.8006386861313869 0.49270072992700725 0.800258515815085 0.4953619221411192 0.7994981751824817 0.49840328467153283 0.7972171532846715 0.5018248175182481 0.7956964720194647 0.5037256690997567 0.7937956204379562 0.5060066909975669 0.7918947688564476 0.5086678832116788 0.7899939172749392 0.5101885644768857 0.7869525547445255 0.5120894160583941 0.7827706812652068 0.5124695863746959
1 0.8888381995133819 0.47939476885644766 0.8819951338199512 0.4812956204379562 0.879714111922141 0.48243613138686126 0.8778132603406326 0.482816301703163 0.8751520681265207 0.482816301703163 0.8713503649635036 0.4831964720194647 0.8690693430656933 0.4831964720194647 0.8648874695863746 0.4812956204379562 0.8622262773722628 0.4801551094890511 0.8588047445255474 0.47901459854014594 0.8565237226277371 0.4782542579075425 0.8538625304136253 0.476353406326034 0.8519616788321167 0.4744525547445255 0.8496806569343065 0.472551703163017 0.8473996350364963 0.4717913625304136 0.8454987834549877 0.4714111922141119 0.8420772506082724 0.4695103406326034 0.841316909975669 0.46570863746958635 0.8401763990267639 0.4630474452554744 0.8382755474452553 0.4607664233576642 0.8378953771289537 0.458485401459854 0.8371350364963503 0.45544403892944035 0.8367548661800487 0.4524026763990267 0.8367548661800487 0.44974148418491483 0.8367548661800487 0.4470802919708029 0.8371350364963503 0.44327858880778587 0.837515206812652 0.4398570559610705 0.8378953771289537 0.4368156934306569 0.8390358880778589 0.43377433090024325 0.8401763990267639 0.43073296836982966 0.8420772506082724 0.427691605839416 0.8454987834549877 0.4242700729927007 0.8489203163017031 0.42198905109489043 0.851581508515815 0.4212287104622871 0.8557633819951338 0.4212287104622871 0.8610857664233577 0.4212287104622871 0.8641271289537713 0.4223692214111922 0.86830900243309 0.42465024330900236 0.8732512165450121 0.4269312652068126 0.8770529197080291 0.42921228710462284 0.879714111922141 0.4311131386861314 0.8819951338199512 0.4333941605839416 0.8846563260340632 0.4360553527980535 0.8876976885644768 0.43871654501216545 0.8903588807785887 0.4425182481751824 0.8930200729927006 0.44631995133819946 0.8945407542579075 0.4501216545012165 0.8964416058394159 0.4546836982968369 0.8979622871046228 0.4596259124087591 0.8983424574209244 0.46380778588807786 0.8983424574209244 0.4676094890510949 0.8983424574209244 0.4717913625304136 0.8964416058394159 0.47597323600973235 0.8934002433090024 0.4782542579075425
1 0.983500608272506 0.48927919708029194 0.9804592457420924 0.4839568126520681 0.9793187347931873 0.4812956204379562 0.9777980535279804 0.47901459854014594 0.9774178832116788 0.476353406326034 0.9766575425790754 0.4729318734793187 0.9766575425790754 0.47027068126520677 0.9777980535279804 0.4676094890510949 0.9789385644768855 0.46570863746958635 0.9804592457420924 0.4630474452554744 0.9815997566909974 0.46114659367396593 0.9831204379562043 0.45886557177615567 0.9854014598540145 0.45620437956204374 0.987302311435523 0.45544403892944035 0.9895833333333333 0.45430352798053525 0.9930048661800487 0.45316301703163014 0.9952858880778588 0.45316301703163014 0.997566909975669 0.4535431873479318 0.9989583333333333 0.45409975669099756 0.9989583333333333 0.4991636253041362 0.9949057177615571 0.4976429440389294 0.9930048661800487 0.49612226277372257 0.9907238442822384 0.4942214111922141 0.987302311435523 0.49270072992700725
1 0.9363594890510948 0.8158454987834549 0.9317974452554744 0.813184306569343 0.9298965936739659 0.8120437956204379 0.927235401459854 0.8097627737226277 0.9253345498783454 0.8078619221411192 0.9234336982968369 0.8040602189781022 0.9215328467153284 0.8010188564476886 0.9192518248175182 0.7975973236009731 0.9188716545012166 0.7934154501216545 0.9184914841849147 0.7884732360097323 0.9192518248175182 0.7842913625304136 0.9203923357664233 0.7797293187347931 0.9211526763990266 0.7755474452554744 0.9219130170316301 0.7706052311435523 0.9234336982968369 0.7679440389294404 0.9249543795620437 0.7652828467153284 0.9295164233576642 0.7626216545012166 0.9340784671532846 0.7611009732360097 0.9374999999999999 0.7603406326034062 0.9405413625304135 0.7595802919708029 0.945103406326034 0.7584397810218977 0.9492852798053527 0.7584397810218977 0.9534671532846715 0.7584397810218977 0.9587895377128953 0.7588199513381995 0.9614507299270072 0.7595802919708029 0.9644920924574208 0.7611009732360097 0.9667731143552311 0.7626216545012166 0.9698144768856447 0.7641423357664233 0.9720954987834549 0.7656630170316301 0.9747566909975668 0.7675638686131386 0.9781782238442821 0.7698448905109488 0.982360097323601 0.7725060827250607 0.9850212895377128 0.7766879562043795 0.9865419708029196 0.7801094890510948 0.9876824817518248 0.7820103406326033 0.9899635036496349 0.7854318734793186 0.9918643552311435 0.7880930656934306 0.9930048661800487 0.7903740875912408 0.993765206812652 0.792655109489051 0.9941453771289537 0.795316301703163 0.9945255474452553 0.7979774939172749 0.9941453771289537 0.8013990267639902 0.9933850364963503 0.8055809002433089 0.9918643552311435 0.8097627737226277 0.9903436739659367 0.813184306569343 0.9888229927007298 0.8162256690997566 0.9865419708029196 0.8196472019464719 0.9850212895377128 0.8219282238442821 0.9831204379562043 0.8226885644768857 0.979698905109489 0.8230687347931873 0.9777980535279804 0.8223083941605839 0.9755170316301702 0.8207877128953771 0.9724756690997566 0.8173661800486618 0.9701946472019464 0.8173661800486618 0.9675334549878344 0.8177463503649635 0.9644920924574208 0.8192670316301702 0.959169708029197 0.8188868613138686 0.9542274939172748 0.8173661800486618 0.951566301703163 0.8166058394160582 0.948905109489051 0.8158454987834549 0.9466240875912408 0.8158454987834549 0.9432025547445254 0.8185066909975668
1 0.8629866180048661 0.9336982968369829 0.8580444038929439 0.9314172749391727 0.855383211678832 0.9302767639902676 0.8534823600973236 0.9291362530413624 0.851581508515815 0.9276155717761557 0.8485401459854014 0.9241940389294404 0.8473996350364963 0.9222931873479319 0.8454987834549877 0.9200121654501215 0.8439781021897809 0.918111313868613 0.8420772506082724 0.9158302919708028 0.8409367396593673 0.9139294403892944 0.8397962287104622 0.9112682481751825 0.8386557177615571 0.9086070559610705 0.8378953771289537 0.906706204379562 0.8367548661800487 0.9040450121654501 0.8363746958637469 0.9013838199513381 0.8363746958637469 0.8983424574209244 0.8359945255474451 0.8964416058394159 0.8359945255474451 0.8926399026763989 0.8363746958637469 0.8895985401459854 0.8378953771289537 0.8865571776155717 0.8405565693430657 0.8838959854014597 0.8443582725060826 0.8816149635036495 0.8485401459854014 0.8800942822384427 0.8512013381995133 0.879714111922141 0.8576642335766422 0.879714111922141 0.8610857664233577 0.8804744525547445 0.864507299270073 0.8812347931873479 0.8679288321167883 0.882375304136253 0.8705900243309002 0.8835158150851581 0.8732512165450121 0.8850364963503649 0.875912408759124 0.8869373479318734 0.8781934306569342 0.8884580291970803 0.8800942822384427 0.8903588807785887 0.8819951338199512 0.8922597323600973 0.8838959854014597 0.8945407542579075 0.8857968369829684 0.8975821167883211 0.8880778588807785 0.900243309002433 0.8903588807785887 0.9032846715328466 0.8926399026763989 0.9048053527980534 0.8949209245742092 0.906706204379562 0.8964416058394159 0.9086070559610705 0.8979622871046228 0.9124087591240875 0.8979622871046228 0.9162104622871046 0.8972019464720195 0.9184914841849147 0.8968217761557178 0.9222931873479319 0.8960614355231142 0.9260948905109488 0.8953010948905109 0.9279957420924574 0.8941605839416058 0.9306569343065693 0.8918795620437956 0.9333181265206812 0.8888381995133819 0.9352189781021898 0.8850364963503649 0.9363594890510948 0.8808546228710462 0.9374999999999999 0.8766727493917273 0.9374999999999999 0.8732512165450121 0.9374999999999999 0.8698296836982968 0.9367396593673966
1 0.754257907542579 0.9804592457420924 0.7523570559610705 0.9713351581508516 0.7527372262773722 0.965632603406326 0.7546380778588807 0.9557481751824817 0.7550182481751825 0.9538473236009731 0.7550182481751825 0.951566301703163 0.7557785888077858 0.9496654501216545 0.7565389294403891 0.9466240875912408 0.7572992700729927 0.9443430656934306 0.7584397810218977 0.9416818734793186 0.7595802919708029 0.9390206812652068 0.7611009732360097 0.9367396593673966 0.7626216545012166 0.9336982968369829 0.764522506082725 0.9317974452554744 0.7668035279805352 0.9302767639902676 0.7694647201946471 0.9295164233576642 0.7728862530413624 0.9291362530413624 0.7789689781021898 0.9287560827250607 0.7816301703163017 0.9287560827250607 0.7854318734793186 0.9295164233576642 0.787712895377129 0.9310371046228709 0.7892335766423356 0.9329379562043795 0.7911344282238442 0.9348388077858879 0.7930352798053527 0.9371198296836982 0.7956964720194647 0.9394008515815084 0.7979774939172749 0.9416818734793186 0.7994981751824817 0.943962895377129 0.8010188564476886 0.9470042579075425 0.8021593673965935 0.9496654501216545 0.8036800486618004 0.9549878345498783 0.8036800486618004 0.9572688564476886 0.8036800486618004 0.959169708029197 0.8044403892944039 0.9618309002433089 0.8052007299270072 0.9641119221411192 0.8059610705596106 0.9671532846715327 0.8059610705596106 0.9701946472019464 0.8059610705596106 0.97323600973236 0.8055809002433089 0.9755170316301702 0.8048205596107055 0.9800790754257906 0.8017791970802919 0.9869221411192213 0.8006386861313869 0.9888229927007298 0.7979774939172749 0.9918643552311435 0.796456812652068 0.993765206812652 0.7930352798053527 0.9968065693430657 0.7911344282238442 0.9979470802919707 0.7894490064882399 0.9989583333333333 0.7869525547445255 0.9989583333333333 0.7831508515815084 0.9989583333333333 0.7804896593673966 0.9989583333333333 0.7774482968369829 0.9987074209245742 0.7751672749391727 0.9983272506082724 0.7728862530413624 0.9979470802919707 0.7702250608272505 0.9971867396593673 0.7675638686131386 0.9960462287104622 0.7641423357664233 0.9949057177615571 0.7622414841849149 0.993765206812652 0.7595802919708029 0.9914841849148418 0.7572992700729927 0.9876824817518248 0.7561587591240875 0.9842609489051094
1 0.9774178832116788 0.9610705596107055 0.979698905109489 0.9549878345498783 0.9804592457420924 0.9530869829683698 0.9815997566909974 0.9511861313868611 0.983500608272506 0.948905109489051 0.9865419708029196 0.9466240875912408 0.9892031630170315 0.9447232360097323 0.99110401459854 0.9443430656934306 0.9930048661800487 0.943962895377129 0.9960462287104622 0.943962895377129 0.9979470802919707 0.943962895377129 0.9989583333333333 0.943962895377129 0.9989583333333333 0.9989583333333333 0.9987074209245742 0.9989583333333333 0.9922445255474451 0.9979470802919707 0.9903436739659367 0.9968065693430657 0.9876824817518248 0.9933850364963503 0.986161800486618 0.9907238442822384 0.9842609489051094 0.9876824817518248 0.9831204379562043 0.9850212895377128 0.9815997566909974 0.9819799270072992 0.9804592457420924 0.9789385644768855 0.9793187347931873 0.9751368613138686 0.9781782238442821 0.9720954987834549 0.9774178832116788 0.9682937956204379
1 0.1709463824289406 0.0017764857881137353 0.15721899224806204 0.010658914728682205 0.1531815245478036 0.012273901808785567 0.1475290697674419 0.013081395348837248 0.14187661498708012 0.013888888888888928 0.13380167958656333 0.013888888888888928 0.12734173126614987 0.014696382428940603 0.1216892764857881 0.014696382428940603 0.1152293281653747 0.013888888888888928 0.10715439276485791 0.00985142118863053 0.10069444444444446 0.005813953488372133 0.09988695090439279 0.00016149870801037322
0 0.5425347222222222 0.14322916666666666 0.5325186965811965 0.1465678418803419 0.5295138888888888 0.14756944444444445 0.5278445512820513 0.14790331196581194 0.5268429487179487 0.14523237179487178 0.5285122863247863 0.14289529914529914 0.5308493589743589 0.14089209401709402 0.5345219017094017 0.13855502136752135 0.5375267094017093 0.1378872863247863 0.5408653846153846 0.1375534188034188 0.5428685897435898 0.13721955128205127 0.5455395299145299 0.13688568376068375 0.5492120726495726 0.13721955128205127 0.5508814102564102 0.1375534188034188 0.5502136752136751 0.13989049145299146 0.546875 0.14122596153846154
0 0.13925438596491233 0.21217105263157893 0.13432017543859656 0.20339912280701752 0.12938596491228077 0.19407894736842105 0.1277412280701755 0.18969298245614033 0.12500000000000006 0.18475877192982454 0.12335526315789481 0.18092105263157893 0.12116228070175446 0.17817982456140352 0.12061403508771935 0.17489035087719298 0.12335526315789481 0.17160087719298245 0.1271929824561404 0.17763157894736842 0.13103070175438603 0.18804824561403508 0.13870614035087725 0.2006578947368421 0.14473684210526322 0.20888157894736842 0.14857456140350883 0.21546052631578946 0.149671052631579 0.2236842105263158 0.14528508771929832 0.22039473684210525
0 0.14664598108747046 0.4048463356973996 0.1429521276595745 0.4066932624113475 0.1385195035460993 0.40706264775413714 0.1351950354609929 0.4055851063829788 0.1403664302600473 0.40189125295508277 0.14516843971631208 0.3981973995271868 0.14960106382978725 0.3967198581560284 0.15181737588652483 0.39782801418439717 0.15033983451536642 0.40041371158392436
0 0.48278664302600477 0.3963504728132388 0.47687647754137114 0.39524231678487 0.47392139479905443 0.3945035460992908 0.470596926713948 0.39376477541371163 0.4680112293144208 0.3930260047281324 0.4661643026004728 0.3926566193853428 0.46468676122931446 0.3908096926713948 0.46727245862884165 0.38859338061465726 0.46985815602836883 0.38822399527186763 0.4746601654846336 0.387854609929078 0.4787234042553192 0.3874852245862884 0.48463356973995275 0.38896276595744683 0.4909131205673759 0.39117907801418444 0.4938682033096927 0.3926566193853428 0.4949763593380615 0.3945035460992908 0.4953457446808511 0.3963504728132388
0 0.9089052287581699 0.3370098039215686 0.9063521241830066 0.3293504901960784 0.9053308823529412 0.3237336601307189 0.9083946078431372 0.3211805555555555 0.9114583333333334 0.3247549019607843 0.9150326797385621 0.33292483660130723 0.9165645424836601 0.33803104575163395 0.9170751633986928 0.3410947712418301 0.9165645424836601 0.34313725490196073 0.9129901960784313 0.34364787581699346
0 0.9814133986928104 0.2583741830065359 0.9752859477124183 0.2542892156862745 0.9727328431372548 0.25275735294117646 0.9722222222222222 0.2512254901960784 0.9737540849673202 0.25071486928104575 0.9793709150326797 0.2517361111111111 0.9824346405228758 0.2522467320261438 0.9880514705882353 0.2542892156862745 0.9890727124183006 0.2583741830065359
0 0.7752886546184737 0.3758785140562249 0.7724648594377509 0.3749372489959839 0.7686997991967871 0.3749372489959839 0.7655622489959839 0.3758785140562249 0.7614834337349397 0.3749372489959839 0.7586596385542168 0.3749372489959839 0.7574046184738955 0.37525100401606426 0.7555220883534136 0.3758785140562249 0.7514432730923695 0.37430973895582326 0.7517570281124498 0.37274096385542166 0.753953313253012 0.37117218875502006 0.7574046184738955 0.3708584337349397 0.7633659638554217 0.3705446787148594 0.7671310240963856 0.3705446787148594 0.7718373493975903 0.37148594377510036 0.7743473895582329 0.3717996987951807 0.7777986947791165 0.3724272088353413 0.7796812248995982 0.37305471887550196 0.7831325301204818 0.3739959839357429 0.7850150602409638 0.37619226907630515 0.7828187751004015 0.3774472891566265 0.779367469879518 0.3774472891566265
0 0.7756024096385541 0.48945783132530113 0.7749748995983936 0.4850652610441767 0.7740336345381525 0.48035893574297184 0.7718373493975903 0.476593875502008 0.7708960843373494 0.4750251004016064 0.7699548192771084 0.4731425702811245 0.7699548192771084 0.4709462851405622 0.7730923694779116 0.4690637550200803 0.7752886546184737 0.4725150602409638 0.7759161646586344 0.47533885542168675 0.7765436746987951 0.4791039156626506 0.7768574297188754 0.4809864457831325 0.7777986947791165 0.4850652610441767 0.7781124497991967 0.4872615461847389 0.7796812248995982 0.4900853413654618 0.7806224899598393 0.4907128514056225 0.7815637550200802 0.4913403614457831 0.7825050200803213 0.49290913654618473 0.7825050200803213 0.49479166666666663 0.7825050200803213 0.4966741967871486 0.7799949799196786 0.4979292168674698 0.7774849397590361 0.49636044176706823 0.7762299196787148 0.49447791164658633
0 0.8678463855421686 0.46435742971887545 0.8631400602409638 0.46247489959839355 0.8615712851405621 0.4605923694779116 0.8600025100401606 0.45870983935742965 0.8584337349397589 0.4561997991967871 0.8568649598393574 0.45274849397590355 0.8568649598393574 0.45086596385542166 0.8590612449799196 0.4499246987951807 0.8606300200803213 0.4505522088353413 0.8659638554216866 0.45431726907630515 0.868160140562249 0.4561997991967871 0.8709839357429718 0.45933734939759036 0.8722389558232931 0.4615336345381526 0.8722389558232931 0.4634161646586345
0 0.6764558232931727 0.704066265060241 0.6692394578313253 0.7072038152610441 0.6648468875502008 0.7084588353413654 0.6639056224899598 0.7081450803212851 0.6639056224899598 0.7053212851405621 0.6686119477911646 0.7021837349397589 0.6708082329317269 0.7015562248995983 0.675828313253012 0.7006149598393574 0.6780245983935742 0.6999874497991968 0.6802208835341365 0.6999874497991968
0 0.613829926624738 0.4549593815513627 0.6102266771488469 0.4562696540880503 0.6076061320754716 0.4562696540880503 0.6059682914046122 0.4556145178197065 0.6049855870020965 0.45364910901467503 0.6049855870020965 0.45168370020964355 0.6062958595387842 0.45004585953878407 0.6085888364779876 0.4490631551362683 0.6108818134171908 0.4480804507337526 0.613502358490566 0.4477528825995807 0.6154677672955976 0.4477528825995807 0.617433176100629 0.4493907232704402 0.6177607442348009 0.45168370020964355
0 0.4239944083694083 0.5335723304473304 0.42681277056277056 0.5342487373737373 0.42963113275613274 0.5342487373737373 0.43166035353535354 0.5342487373737373 0.43414051226551226 0.5342487373737373 0.4369588744588745 0.5339105339105339 0.4413555194805195 0.532783189033189 0.44349747474747475 0.5324449855699855 0.44631583694083693 0.5317685786435786 0.4467667748917749 0.5307539682539683 0.4467667748917749 0.5296266233766234 0.44315927128427124 0.5278228715728716 0.4409045815295815 0.5271464646464646 0.43876262626262624 0.5266955266955267 0.43515512265512263 0.5266955266955267 0.431998556998557 0.5266955266955267 0.42996933621933625 0.5271464646464646 0.42703823953823955 0.5278228715728716 0.42433261183261184 0.5287247474747475 0.4212887806637806 0.5296266233766234 0.4201614357864358 0.5304157647907648 0.4199359668109668 0.5315431096681097 0.4220779220779221 0.5324449855699855
