1 0.3151327838827839 0.21592643467643471 0.31208028083028083 0.21058455433455434 0.3109355921855922 0.2075320512820513 0.31017246642246643 0.20409798534798537 0.30940934065934067 0.19951923076923078 0.3090277777777778 0.19417735042735046 0.3090277777777778 0.1888354700854701 0.3090277777777778 0.18387515262515264 0.3097909035409036 0.1789148351648352 0.3105540293040293 0.17357295482295484 0.31208028083028083 0.16975732600732604 0.31360653235653235 0.1663232600732601 0.3158959096459097 0.1625076312576313 0.3178037240537241 0.16021825396825398 0.3200931013431013 0.15754731379731382 0.32276404151404153 0.15487637362637366 0.3258165445665446 0.15144230769230774 0.32963217338217343 0.14762667887667888 0.33192155067155066 0.14495573870573872 0.3345924908424909 0.1415216727716728 0.3376449938949939 0.13808760683760687 0.34069749694749696 0.13579822954822957 0.3429868742368743 0.13465354090354092 0.3464209401709402 0.13350885225885228 0.34985500610500614 0.13236416361416364 0.3540521978021978 0.131219474969475 0.36206501831501836 0.13007478632478636 0.3639728327228327 0.13007478632478636 0.36588064713064716 0.13045634920634924 0.36778846153846156 0.13160103785103788 0.37007783882783885 0.13274572649572652 0.3719856532356533 0.13389041514041516 0.3742750305250305 0.13541666666666669 0.37618284493284493 0.1369429181929182 0.37770909645909645 0.1392322954822955 0.37885378510378515 0.14228479853479856 0.3796169108669109 0.1453373015873016 0.3807615995115995 0.1495344932844933 0.3811431623931624 0.1533501221001221 0.3815247252747253 0.15716575091575094 0.3819062881562882 0.1621260683760684 0.3819062881562882 0.1663232600732601 0.3815247252747253 0.17090201465201468 0.3811431623931624 0.17319139194139196 0.38038003663003667 0.17586233211233215 0.3796169108669109 0.1785332722832723 0.3780906593406594 0.18234890109890112 0.37732753357753357 0.18578296703296707 0.37656440781440786 0.189217032967033 0.3754197191697192 0.19188797313797318 0.3735119047619048 0.19570360195360198 0.3723672161172161 0.19875610500610502 0.3708409645909646 0.20066391941391942 0.3689331501831502 0.2029532967032967 0.3670253357753358 0.205242673992674 0.3647359584859585 0.2075320512820513 0.3624465811965812 0.20943986568986572 0.3597756410256411 0.2113476800976801 0.35672313797313804 0.21363705738705743 0.3540521978021978 0.2155448717948718 0.3506181318681319 0.21783424908424912 0.3464209401709402 0.22088675213675216 0.3429868742368743 0.22279456654456659 0.3403159340659341 0.22355769230769235 0.3376449938949939 0.2239392551892552 0.3345924908424909 0.2239392551892552 0.3326846764346765 0.22355769230769235 0.3292506105006105 0.22241300366300368 0.3254349816849817 0.22088675213675216 0.3216193528693529 0.21859737484737488
1 0.5604777167277167 0.24797771672771676 0.5585699023199024 0.24378052503052505 0.5581883394383396 0.24072802197802198 0.5581883394383396 0.2372939560439561 0.5593330280830282 0.23347832722832726 0.5608592796092797 0.23042582417582422 0.5623855311355312 0.22737332112332115 0.5642933455433456 0.2243208180708181 0.5673458485958487 0.2201236263736264 0.5700167887667889 0.21707112332112335 0.5726877289377291 0.2144001831501832 0.576121794871795 0.211729242979243 0.5791742979242981 0.20982142857142858 0.5833714896214897 0.20715048840048841 0.5875686813186813 0.2056242368742369 0.5929105616605618 0.20447954822954825 0.5974893162393163 0.20409798534798537 0.601686507936508 0.2033348595848596 0.6085546398046399 0.2029532967032967 0.6123702686202688 0.2029532967032967 0.6154227716727718 0.2033348595848596 0.6192384004884006 0.20486111111111113 0.6226724664224665 0.20600579975579977 0.6257249694749696 0.20791361416361417 0.6287774725274726 0.20982142857142858 0.6325931013431014 0.2121108058608059 0.6348824786324787 0.2144001831501832 0.637171855921856 0.21783424908424912 0.6383165445665446 0.22279456654456659 0.6386981074481075 0.22699175824175827 0.6386981074481075 0.23118894993894998 0.6379349816849818 0.23538614163614166 0.6364087301587303 0.23958333333333337 0.6345009157509158 0.2430173992673993 0.6325931013431014 0.24606990231990233 0.6291590354090355 0.24950396825396828 0.6257249694749696 0.2525564713064713 0.6211462148962149 0.25637210012210015 0.617712148962149 0.25866147741147744 0.6104624542124543 0.2617139804639805 0.6013049450549451 0.2628586691086691 0.5932921245421245 0.2628586691086691 0.5887133699633701 0.26209554334554336 0.5841346153846154 0.2609508547008547 0.5799374236874237 0.2594246031746032 0.5765033577533578 0.2575167887667888 0.5730692918192919 0.2556089743589744 0.5692536630036631 0.25370115995116 0.5646749084249085 0.25179334554334554
1 0.617712148962149 0.14266636141636144 0.6142780830280831 0.1396138583638584 0.6127518315018317 0.13770604395604397 0.6104624542124543 0.13541666666666669 0.6077915140415141 0.1331272893772894 0.6047390109890111 0.13083791208791212 0.6024496336996338 0.12816697191697196 0.6009233821733823 0.12396978021978027 0.6005418192918194 0.11939102564102569 0.6009233821733823 0.11481227106227111 0.6024496336996338 0.1106150793650794 0.6058836996336997 0.1064178876678877 0.6096993284493286 0.10412851037851041 0.6138965201465202 0.10260225885225889 0.6196199633699635 0.10183913308913312 0.6261065323565325 0.10183913308913312 0.630685286935287 0.10298382173382177 0.6352640415140416 0.10451007326007329 0.640224358974359 0.10527319902319905 0.6448031135531136 0.10718101343101347 0.6490003052503054 0.10908882783882787 0.6524343711843713 0.11099664224664228 0.656631562881563 0.11328601953601956 0.6604471916971917 0.11595695970695975 0.6642628205128206 0.11900946275946281 0.6680784493284494 0.12206196581196585 0.6715125152625153 0.1251144688644689 0.6741834554334555 0.12854853479853484 0.675709706959707 0.13236416361416364 0.675709706959707 0.13579822954822957 0.6753281440781441 0.13999542124542125 0.673038766788767 0.14381105006105008 0.6703678266178268 0.14724511599511603 0.6673153235653236 0.14991605616605622 0.6627365689865691 0.1533501221001221 0.6581578144078145 0.15487637362637366 0.6524343711843713 0.15487637362637366 0.6444215506715507 0.15487637362637366 0.640224358974359 0.15449481074481078 0.634119352869353 0.15258699633699635 0.6287774725274726 0.15144230769230774 0.6253434065934067 0.15029761904761907 0.6234355921855922 0.14877136752136755 0.6203830891330891 0.14648199023199027
1 0.10107600732600736 0.12244352869352873 0.10336538461538465 0.12091727716727721 0.10718101343101347 0.11557539682539687 0.10985195360195363 0.11443070818070823 0.11214133089133092 0.11366758241758244 0.11443070818070823 0.11290445665445668 0.11977258852258857 0.11290445665445668 0.12435134310134315 0.11443070818070823 0.12778540903540908 0.11595695970695975 0.13045634920634924 0.11748321123321127 0.1331272893772894 0.11939102564102569 0.13656135531135533 0.12129884004884009 0.14037698412698416 0.12396978021978027 0.1434294871794872 0.12587759462759465 0.14610042735042736 0.12816697191697196 0.1495344932844933 0.13198260073260076 0.1522054334554335 0.13465354090354092 0.15487637362637366 0.13770604395604397 0.15640262515262518 0.1396138583638584 0.15640262515262518 0.14037698412698416 0.1560210622710623 0.14304792429792432 0.1560210622710623 0.14762667887667888 0.15640262515262518 0.15106074481074483 0.15754731379731382 0.15296855921855926 0.15945512820512822 0.15487637362637366 0.15983669108669113 0.15869200244200246 0.15869200244200246 0.1621260683760684 0.1579288766788767 0.1644154456654457 0.15640262515262518 0.16708638583638585 0.15449481074481078 0.16937576312576313 0.1518238705738706 0.17128357753357756 0.14648199023199027 0.17204670329670332 0.14114010989010992 0.17128357753357756 0.13541666666666669 0.16975732600732604 0.13083791208791212 0.16823107448107452 0.12702228327228332 0.166704822954823 0.12206196581196585 0.16479700854700857 0.11748321123321127 0.16327075702075705 0.11443070818070823 0.1621260683760684 0.11099664224664228 0.1605998168498169 0.10794413919413923 0.1579288766788767 0.10222069597069601 0.15106074481074483 0.10107600732600736 0.14686355311355312 0.1003128815628816 0.14190323565323568 0.1003128815628816 0.13808760683760687 0.1003128815628816 0.13274572649572652 0.1003128815628816 0.12816697191697196
1 0.0026327838827839177 0.19265109890109894 0.007593101343101377 0.18769078144078147 0.009500915750915785 0.18616452991452992 0.011790293040293076 0.18425671550671555 0.014461233211233247 0.18311202686202688 0.01789529914529918 0.18196733821733824 0.02323717948717952 0.18120421245421248 0.02972374847374851 0.1808226495726496 0.03506562881562885 0.18044108669108672 0.039262820512820554 0.18044108669108672 0.04422313797313801 0.18044108669108672 0.047275641025641066 0.18158577533577536 0.05223595848595852 0.18311202686202688 0.05567002442002446 0.18425671550671555 0.059485653235653274 0.18578296703296707 0.06444597069597073 0.18807234432234435 0.06749847374847379 0.18998015873015875 0.07055097680097684 0.19379578754578755 0.0713141025641026 0.19875610500610502 0.0713141025641026 0.20409798534798537 0.06978785103785108 0.20867673992673996 0.06749847374847379 0.21287393162393167 0.06559065934065939 0.21668956043956047 0.06253815628815633 0.22164987789987792 0.060248778998779035 0.22546550671550675 0.057577838827838866 0.22775488400488403 0.0526175213675214 0.23080738705738707 0.046894078144078186 0.23347832722832726 0.0423153235653236 0.23500457875457878 0.037355006105006146 0.2365308302808303 0.032013125763125795 0.2372939560439561 0.027434371184371215 0.2388202075702076 0.016369047619047655 0.23920177045177046 0.009882478632478668 0.23920177045177046 0.005303724053724089 0.23920177045177046 0.0026327838827839177 0.23805708180708185 0.0003434065934066281 0.23614926739926742 0.0003434065934066281 0.19646672771672774
1 0.24759615384615385 0.12893009768009772 0.2365308302808303 0.12816697191697196 0.23385989010989014 0.12702228327228332 0.23080738705738707 0.12396978021978027 0.2262286324786325 0.11900946275946281 0.22508394383394387 0.11748321123321127 0.22317612942612944 0.11481227106227111 0.22126831501831506 0.11290445665445668 0.2205051892551893 0.11023351648351652 0.2205051892551893 0.10565476190476193 0.22088675213675216 0.10260225885225889 0.22203144078144083 0.09916819291819295 0.22355769230769235 0.09535256410256414 0.22508394383394387 0.09153693528693532 0.2266101953601954 0.08848443223443227 0.2281364468864469 0.08466880341880345 0.22966269841269846 0.08123473748473753 0.23195207570207574 0.08009004884004887 0.23500457875457878 0.079708485958486 0.24034645909645913 0.079708485958486 0.2445436507936508 0.079708485958486 0.24835927960927962 0.079708485958486 0.25293803418803423 0.08009004884004887 0.25637210012210015 0.08123473748473753 0.2590430402930403 0.08276098901098905 0.26209554334554336 0.08505036630036633 0.263240231990232 0.08695818070818075 0.2647664835164835 0.08924755799755803 0.2670558608058608 0.09153693528693532 0.26896367521367526 0.09268162393162396 0.27087148962148966 0.09382631257631262 0.27163461538461536 0.09649725274725278 0.2720161782661783 0.09954975579975583 0.2720161782661783 0.10298382173382177 0.2723977411477412 0.10756257631257635 0.2720161782661783 0.11099664224664228 0.27087148962148966 0.11366758241758244 0.2704899267399268 0.11672008547008551 0.26972680097680096 0.12091727716727721 0.26896367521367526 0.12435134310134315 0.26743742368742374 0.12625915750915753 0.2655296092796093 0.12778540903540908 0.263240231990232 0.12854853479853484 0.25866147741147744 0.12969322344322348 0.25331959706959706 0.13045634920634924
1 0.534149877899878 0.006066849816849851 0.5429258241758242 0.004159035409035444 0.5475045787545788 0.003777472527472562 0.5520833333333335 0.0033959096459096807 0.5551358363858365 0.0033959096459096807 0.5593330280830282 0.003777472527472562 0.5642933455433456 0.005303724053724089 0.5688721001221002 0.006829975579975614 0.5734508547008548 0.009500915750915785 0.5765033577533578 0.012171855921855957 0.579555860805861 0.015987484737484774 0.5814636752136753 0.019039987789987823 0.582608363858364 0.023618742368742403 0.5829899267399269 0.028960622710622743 0.5818452380952382 0.03430250305250309 0.579555860805861 0.037736568986569026 0.5765033577533578 0.04117063492063496 0.5738324175824177 0.04346001221001225 0.5703983516483517 0.04498626373626378 0.5658195970695972 0.04613095238095242 0.5623855311355312 0.0465125152625153 0.5600961538461539 0.047657203907203946 0.5570436507936508 0.049183455433455474 0.5551358363858365 0.050709706959706995 0.5524648962148964 0.05299908424908429 0.5509386446886447 0.05490689865689869 0.5486492673992676 0.057959401709401746 0.5463598901098902 0.059867216117216154 0.54368894993895 0.061011904761904795 0.540636446886447 0.061011904761904795 0.5356761294261295 0.059867216117216154 0.5314789377289377 0.059485653235653274 0.5269001831501832 0.05872252747252751 0.5215583028083028 0.057959401709401746 0.5162164224664225 0.057959401709401746 0.5139270451770452 0.057959401709401746 0.5062957875457876 0.057196275946275986 0.5024801587301587 0.05528846153846158 0.4998092185592186 0.05223595848595852 0.4975198412698413 0.048420329670329706 0.49599358974358976 0.04422313797313801 0.4956120268620269 0.040407509157509194 0.4956120268620269 0.036591880341880385 0.4979014041514042 0.02972374847374851 0.5001907814407814 0.02590811965811969 0.5024801587301587 0.02285561660561664 0.5055326617826618 0.019421550671550707 0.5085851648351648 0.015987484737484774 0.511637667887668 0.01293498168498172 0.514690170940171 0.011408730158730195 0.5169795482295483 0.010645604395604432 0.52117673992674 0.01026404151404155 0.5261370573870574 0.01026404151404155 0.530715811965812 0.009882478632478668
1 0.09458943833943838 0.38839285714285715 0.09153693528693532 0.38457722832722835 0.08962912087912092 0.38266941391941395 0.08810286935286939 0.3796169108669109 0.08810286935286939 0.37503815628815634 0.0877213064713065 0.3712225274725275 0.08810286935286939 0.3666437728937729 0.08848443223443227 0.3624465811965812 0.08886599511599515 0.35824938949938956 0.08924755799755803 0.3551968864468865 0.08962912087912092 0.35176282051282054 0.09039224664224668 0.34871031746031744 0.09153693528693532 0.3452762515262516 0.09268162393162396 0.3414606227106228 0.09382631257631262 0.33726343101343104 0.0961156898656899 0.33153998778998783 0.09764194139194142 0.3281059218559219 0.09993131868131871 0.3235271672771673 0.10183913308913312 0.3193299755799756 0.10412851037851041 0.31627747252747257 0.10718101343101347 0.31284340659340665 0.10947039072039075 0.3113171550671551 0.11328601953601956 0.31017246642246643 0.11748321123321127 0.31017246642246643 0.12282509157509162 0.3105540293040293 0.12702228327228332 0.3124618437118437 0.13083791208791212 0.3174221611721612 0.13389041514041516 0.3220009157509158 0.13656135531135533 0.3292506105006105 0.13846916971916973 0.33726343101343104 0.13846916971916973 0.3441315628815629 0.13846916971916973 0.3521443833943834 0.13846916971916973 0.35939407814407814 0.13656135531135533 0.3670253357753358 0.13465354090354092 0.37389346764346765 0.13198260073260076 0.3799984737484738 0.1293116605616606 0.38648504273504275 0.1266407203907204 0.39259004884004883 0.12435134310134315 0.39716880341880345 0.12206196581196585 0.4002213064713065 0.12053571428571433 0.40289224664224665 0.11824633699633703 0.40480006105006106 0.11633852258852263 0.4059447496947497 0.11443070818070823 0.4063263125763126 0.11023351648351652 0.4067078754578755 0.10565476190476193 0.4067078754578755 0.10069444444444448 0.4063263125763126 0.09764194139194142 0.40480006105006106 0.09535256410256414 0.40212912087912095 0.0942078754578755 0.3998397435897436 0.09382631257631262 0.39678724053724057 0.09382631257631262 0.3929716117216117
1 0.10947039072039075 0.5394917582417583 0.10374694749694753 0.5364392551892553 0.10260225885225889 0.5333867521367522 0.10145757020757024 0.5288079975579976 0.10107600732600736 0.524229242979243 0.10107600732600736 0.5192689255189256 0.10107600732600736 0.5135454822954822 0.10222069597069601 0.5074404761904762 0.10336538461538465 0.5020985958485958 0.10527319902319905 0.4971382783882784 0.10832570207570211 0.49255952380952384 0.11137820512820516 0.4875992063492064 0.11443070818070823 0.48378357753357754 0.11786477411477415 0.47996794871794873 0.12091727716727721 0.4769154456654457 0.12358821733821738 0.47424450549450553 0.12625915750915753 0.472718253968254 0.13007478632478636 0.47042887667887673 0.13465354090354092 0.46852106227106227 0.13885073260073263 0.4673763736263737 0.1434294871794872 0.46661324786324787 0.14877136752136755 0.46661324786324787 0.1533501221001221 0.4692841880341881 0.1579288766788767 0.47195512820512825 0.16288919413919417 0.47348137973137977 0.16708638583638585 0.4750076312576313 0.16861263736263737 0.4784416971916972 0.16899420024420028 0.48149420024420025 0.16937576312576313 0.48454670329670335 0.16937576312576313 0.4875992063492064 0.16861263736263737 0.4910332722832723 0.16708638583638585 0.5013354700854701 0.1663232600732601 0.5055326617826618 0.1644154456654457 0.5112561050061051 0.1625076312576313 0.5154532967032968 0.16021825396825398 0.5192689255189256 0.15754731379731382 0.5227029914529915 0.1541132478632479 0.5265186202686203 0.15067918192918198 0.5295711233211233 0.14610042735042736 0.534149877899878 0.14190323565323568 0.537202380952381 0.1369429181929182 0.5398733211233212 0.13350885225885228 0.5410180097680098 0.1293116605616606 0.5413995726495727 0.12358821733821738 0.5413995726495727 0.11977258852258857 0.5410180097680098 0.11481227106227111 0.540636446886447
1 0.31360653235653235 0.5047695360195361 0.30940934065934067 0.5005723443223443 0.30788308913308915 0.4979014041514042 0.30750152625152627 0.49408577533577536 0.30750152625152627 0.4895070207570208 0.30788308913308915 0.48416514041514047 0.3097909035409036 0.479204822954823 0.31208028083028083 0.47538919413919417 0.31398809523809523 0.472718253968254 0.31665903540903545 0.4700473137973138 0.3193299755799756 0.46775793650793657 0.32238247863247865 0.46470543345543347 0.32467185592185593 0.46317918192918195 0.3288690476190476 0.46088980463980467 0.3326846764346765 0.4586004273504274 0.3357371794871795 0.45745573870573875 0.33840811965811973 0.45631105006105005 0.3414606227106228 0.45631105006105005 0.3445131257631258 0.4559294871794872 0.3471840659340659 0.4559294871794872 0.3509996947496948 0.45631105006105005 0.3551968864468865 0.4586004273504274 0.35710470085470086 0.46165293040293043 0.35901251526251526 0.46699481074481075 0.35939407814407814 0.47233669108669113 0.35939407814407814 0.47729700854700857 0.35939407814407814 0.482257326007326 0.35748626373626374 0.4864545177045177 0.3544337606837607 0.49065170940170943 0.3509996947496948 0.4948489010989011 0.3468025030525031 0.49828296703296704 0.3429868742368743 0.5009539072039072 0.33993437118437125 0.5032432844932846 0.3368818681318682 0.5051510989010989 0.3345924908424909 0.5066773504273504 0.33115842490842495 0.5078220390720392 0.327724358974359 0.508203601953602 0.32276404151404153 0.5078220390720392 0.3174221611721612 0.5070589133089133
1 0.2941468253968254 0.45898199023199027 0.28727869352869356 0.46432387057387065 0.2846077533577534 0.46585012210012217 0.2815552503052503 0.4673763736263737 0.2773580586080586 0.4692841880341881 0.2746871184371185 0.4700473137973138 0.27125305250305254 0.4708104395604396 0.2685821123321123 0.4711920024420025 0.2651480463980464 0.4711920024420025 0.2617139804639805 0.4696657509157509 0.2594246031746032 0.46699481074481075 0.2575167887667888 0.46317918192918195 0.25637210012210015 0.45898199023199027 0.2556089743589744 0.4559294871794872 0.25484584859584863 0.4498244810744811 0.2552274114774115 0.4433379120879121 0.25675366300366304 0.4368513431013431 0.2590430402930403 0.42998321123321126 0.26209554334554336 0.42311507936507936 0.2651480463980464 0.41777319902319904 0.26972680097680096 0.4131944444444445 0.2754502442002442 0.40976037851037855 0.28041056166056166 0.4078525641025641 0.28537087912087916 0.4063263125763126 0.2907127594627595 0.40556318681318687 0.29605463980463986 0.40556318681318687 0.3010149572649573 0.4074710012210012 0.3048305860805861 0.4105235042735043 0.30750152625152627 0.4143391330891331 0.3090277777777778 0.41968101343101344 0.3097909035409036 0.42425976800976806 0.3105540293040293 0.4296016483516484 0.3105540293040293 0.434180402930403 0.3082646520146521 0.43914072039072044 0.30559371184371187 0.4429563492063492 0.3029227716727717 0.44677197802197804 0.29987026862026867 0.4509691697191698 0.29719932844932845 0.45554792429792434
1 0.41395757020757024 0.40823412698412703 0.4086156898656899 0.401747557997558 0.4067078754578755 0.3998397435897436 0.4044184981684982 0.3975503663003663 0.40212912087912095 0.39526098901098905 0.39945818070818073 0.3914453601953602 0.39716880341880345 0.3876297313797314 0.39564255189255193 0.3838141025641026 0.39449786324786323 0.37885378510378515 0.39335317460317465 0.3712225274725275 0.39335317460317465 0.36435439560439564 0.39335317460317465 0.35824938949938956 0.39487942612942617 0.35138125763125766 0.3975503663003663 0.3445131257631258 0.40060286935286943 0.33993437118437125 0.4044184981684982 0.3376449938949939 0.4086156898656899 0.3357371794871795 0.41357600732600736 0.3353556166056166 0.4181547619047619 0.3357371794871795 0.42311507936507936 0.33726343101343104 0.4269307081807082 0.33878968253968256 0.42998321123321126 0.3403159340659341 0.434180402930403 0.3441315628815629 0.43723290598290604 0.3468025030525031 0.44066697191697196 0.34871031746031744 0.4433379120879121 0.350236568986569 0.44677197802197804 0.3521443833943834 0.4490613553113553 0.35328907203907206 0.4517322954822955 0.35672313797313804 0.4540216727716728 0.3605387667887668 0.4551663614163614 0.3635912698412699 0.45631105006105005 0.3666437728937729 0.45745573870573875 0.37007783882783885 0.45898199023199027 0.37389346764346765 0.4605082417582418 0.3780906593406594 0.46165293040293043 0.3815247252747253 0.46356074481074483 0.38419566544566547 0.46546855921855923 0.38839285714285715 0.46623168498168505 0.392208485958486 0.46661324786324787 0.39564255189255193 0.46699481074481075 0.39945818070818073 0.46699481074481075 0.40289224664224665 0.46699481074481075 0.4070894383394384 0.46546855921855923 0.41166819291819295 0.46317918192918195 0.41586538461538464 0.45974511599511597 0.4227335164835165 0.45669261294261293 0.4246413308913309 0.45211385836385837 0.4261675824175824 0.44486416361416364 0.4261675824175824 0.43875915750915756 0.4254044566544567 0.4334172771672772 0.42425976800976806 0.42807539682539686 0.42235195360195366 0.4234966422466423 0.41968101343101344 0.42082570207570213 0.4166285103785104 0.4181547619047619 0.41357600732600736
1 0.6688415750915752 0.34871031746031744 0.6707493894993896 0.34871031746031744 0.6741834554334555 0.35176282051282054 0.6772359584859585 0.353670634920635 0.679143772893773 0.3559600122100122 0.6810515873015873 0.35824938949938956 0.6821962759462761 0.3613018925518926 0.6833409645909647 0.3651175213675214 0.6833409645909647 0.3689331501831502 0.6829594017094018 0.3731303418803419 0.6814331501831502 0.37694597069597074 0.6783806471306472 0.38038003663003667 0.6745650183150184 0.3834325396825397 0.6707493894993896 0.38495879120879123 0.666170634920635 0.38724816849816857 0.6623550061050062 0.3891559829059829 0.659684065934066 0.3903006715506716 0.6558684371184372 0.392208485958486 0.6497634310134311 0.39526098901098905 0.6459478021978023 0.39678724053724057 0.6398427960927963 0.3975503663003663 0.6314484126984128 0.3975503663003663 0.6268696581196581 0.3964056776556777 0.6215277777777779 0.39449786324786323 0.6161858974358976 0.3914453601953602 0.6135149572649573 0.3895375457875458 0.6077915140415141 0.3834325396825397 0.6058836996336997 0.37885378510378515 0.6051205738705739 0.37389346764346765 0.6066468253968255 0.3693147130647131 0.6093177655677657 0.3651175213675214 0.6119887057387058 0.3613018925518926 0.6158043345543347 0.35672313797313804 0.6211462148962149 0.3525259462759463 0.6257249694749696 0.350236568986569 0.6318299755799757 0.3483287545787546 0.6379349816849818 0.3471840659340659 0.6448031135531136 0.3464209401709402 0.6512896825396826 0.3464209401709402 0.6562500000000001 0.3464209401709402 0.6615918803418804 0.3468025030525031
1 0.02285561660561664 0.5639117826617828 0.025144993894993927 0.5627670940170941 0.03010531135531139 0.5608592796092797 0.03277625152625156 0.5600961538461539 0.037355006105006146 0.5600961538461539 0.04307844932844937 0.5600961538461539 0.048420329670329706 0.5600961538461539 0.05299908424908429 0.5612408424908426 0.057196275946275986 0.5627670940170941 0.06215659340659344 0.56620115995116 0.06559065934065939 0.5692536630036631 0.06826159951159955 0.5734508547008548 0.07055097680097684 0.5776480463980465 0.07207722832722836 0.5822268009768011 0.07436660561660566 0.5864239926739928 0.07627442002442006 0.5917658730158731 0.07856379731379735 0.5974893162393163 0.07932692307692311 0.6070283882783883 0.07894536019536023 0.6116071428571429 0.07856379731379735 0.6158043345543347 0.0778006715506716 0.6203830891330891 0.07589285714285718 0.6249618437118438 0.07436660561660566 0.6280143467643469 0.07245879120879124 0.630685286935287 0.0694062881562882 0.6325931013431014 0.06520909645909649 0.634119352869353 0.059867216117216154 0.634119352869353 0.0526175213675214 0.6322115384615385 0.047275641025641066 0.6299221611721613 0.04384157509157513 0.6280143467643469 0.040407509157509194 0.6264880952380953 0.036591880341880385 0.6261065323565325 0.03277625152625156 0.6261065323565325 0.03048687423687427 0.6257249694749696 0.0278159340659341 0.6245802808302809 0.02590811965811969 0.6230540293040294 0.023618742368742403 0.620764652014652 0.021329365079365115 0.6184752747252749 0.018658424908424943 0.6158043345543347 0.015987484737484774 0.6127518315018317 0.013698107448107483 0.6100808913308914 0.011790293040293076 0.6062652625152627 0.011027167277167313 0.601686507936508 0.01026404151404155 0.5978708791208792 0.010645604395604432 0.5929105616605618 0.011408730158730195 0.5879502442002443 0.012171855921855957 0.5837530525030525 0.01293498168498172 0.579555860805861 0.014461233211233247 0.5738324175824177 0.016369047619047655 0.5700167887667889
1 0.2830815018315019 0.6196199633699635 0.27659493284493286 0.6154227716727718 0.2739239926739927 0.6119887057387058 0.27163461538461536 0.6093177655677657 0.27010836385836384 0.6055021367521368 0.26896367521367526 0.6009233821733823 0.26896367521367526 0.5959630647130648 0.27010836385836384 0.5913843101343103 0.27163461538461536 0.5875686813186813 0.2746871184371185 0.5829899267399269 0.2792658730158731 0.5787927350427352 0.28384462759462764 0.5742139804639805 0.28727869352869356 0.5707799145299146 0.2907127594627595 0.5673458485958487 0.2937652625152625 0.5646749084249085 0.29796245421245426 0.5627670940170941 0.3025412087912088 0.5604777167277167 0.30750152625152627 0.5600961538461539 0.31208028083028083 0.5600961538461539 0.3174221611721612 0.5589514652014653 0.3231456043956044 0.5566620879120879 0.3258165445665446 0.5558989621489623 0.32848748473748474 0.5547542735042736 0.33039529914529914 0.5539911477411478 0.3353556166056166 0.5555173992673994 0.33878968253968256 0.5581883394383396 0.34107905982905984 0.5608592796092797 0.3429868742368743 0.5639117826617828 0.34603937728937734 0.5665827228327228 0.3483287545787546 0.5684905372405373 0.350236568986569 0.5711614774114775 0.3521443833943834 0.5753586691086692 0.35328907203907206 0.5791742979242981 0.353670634920635 0.5837530525030525 0.3540521978021978 0.5879502442002443 0.353670634920635 0.5910027472527474 0.35176282051282054 0.5944368131868133 0.34756562881562886 0.5982524420024421 0.3433684371184372 0.6013049450549451 0.33840811965811973 0.6039758852258853 0.3326846764346765 0.6066468253968255 0.3292506105006105 0.6085546398046399 0.32619810744810745 0.6100808913308914 0.3216193528693529 0.6123702686202688 0.3185668498168498 0.6138965201465202 0.31436965811965817 0.6161858974358976 0.3109355921855922 0.6180937118437119 0.3082646520146521 0.6192384004884006 0.30635683760683763 0.6200015262515264 0.30368589743589747 0.620764652014652 0.30330433455433453 0.620764652014652 0.3002518315018315 0.6219093406593408 0.2983440170940171 0.6222909035409037 0.29452838827838834 0.6222909035409037 0.2880418192918193 0.6215277777777779
1 0.40556318681318687 0.56620115995116 0.4093788156288156 0.5570436507936508 0.41357600732600736 0.5494123931623933 0.4162469474969475 0.546741452991453 0.4185363247863248 0.5440705128205129 0.42082570207570213 0.5413995726495727 0.4238782051282052 0.5383470695970697 0.4269307081807082 0.5356761294261295 0.43036477411477414 0.5326236263736264 0.4330357142857143 0.5310973748473748 0.4364697802197802 0.5310973748473748 0.4418116605616606 0.5310973748473748 0.44486416361416364 0.5322420634920635 0.4490613553113553 0.5337683150183151 0.4517322954822955 0.5352945665445666 0.45478479853479853 0.5387286324786326 0.45707417582417587 0.5421626984126985 0.4601266788766789 0.5455967643467645 0.46088980463980467 0.5574252136752137 0.4605082417582418 0.559714590964591 0.4605082417582418 0.5627670940170941 0.4601266788766789 0.5650564713064714 0.45974511599511597 0.5684905372405373 0.45898199023199027 0.5719246031746033 0.45821886446886445 0.5753586691086692 0.45745573870573875 0.5784111721611722 0.45707417582417587 0.5818452380952382 0.4559294871794872 0.585660866910867 0.4551663614163614 0.5879502442002443 0.4540216727716728 0.5925289987789989 0.4540216727716728 0.5955815018315019 0.4540216727716728 0.5982524420024421 0.4536401098901099 0.6013049450549451 0.4517322954822955 0.6035943223443224 0.44677197802197804 0.6077915140415141 0.4441010378510379 0.6093177655677657 0.4402854090354091 0.6116071428571429 0.4349435286935287 0.6131333943833945 0.4292200854700855 0.6138965201465202 0.41586538461538464 0.61122557997558 0.4128128815628816 0.6093177655677657 0.4105235042735043 0.6066468253968255 0.4070894383394384 0.6032127594627597 0.40480006105006106 0.6009233821733823 0.40403693528693535 0.5990155677655679 0.40327380952380953 0.5959630647130648 0.40327380952380953 0.5925289987789989 0.40327380952380953 0.5887133699633701 0.40365537240537247 0.5845161782661783 0.40403693528693535 0.5799374236874237 0.40480006105006106 0.5757402319902322 0.40556318681318687 0.5703983516483517
1 0.4315094627594628 0.6955509768009769 0.4254044566544567 0.6978403540903542 0.42311507936507936 0.6978403540903542 0.41891788766788773 0.6974587912087913 0.414720695970696 0.6966956654456655 0.39869505494505497 0.6867750305250306 0.39411630036630035 0.6833409645909647 0.39182692307692313 0.6810515873015873 0.3891559829059829 0.6776175213675214 0.38648504273504275 0.6738018925518927 0.3834325396825397 0.6688415750915752 0.382287851037851 0.6638812576312577 0.3819062881562882 0.6562500000000001 0.3819062881562882 0.6509081196581197 0.38305097680097683 0.6459478021978023 0.3853403540903541 0.6428952991452993 0.3887744200244201 0.6394612332112334 0.39259004884004883 0.6367902930402932 0.3964056776556777 0.6356456043956045 0.40136599511599513 0.6356456043956045 0.4067078754578755 0.637171855921856 0.4128128815628816 0.6390796703296704 0.4166285103785104 0.6413690476190477 0.42082570207570213 0.6440399877899878 0.4238782051282052 0.6474740537240538 0.42654914529914534 0.6509081196581197 0.4288385225885226 0.6539606227106227 0.430746336996337 0.6570131257631258 0.4330357142857143 0.6604471916971917 0.4345619658119658 0.6638812576312577 0.4368513431013431 0.6673153235653236 0.43799603174603174 0.6707493894993896 0.43952228327228327 0.6745650183150184 0.4402854090354091 0.679143772893773 0.4402854090354091 0.6833409645909647 0.43952228327228327 0.6871565934065935 0.43799603174603174 0.6905906593406594 0.43608821733821734 0.6932615995115996
1 0.23805708180708185 0.724168192918193 0.23080738705738707 0.7207341269841271 0.2281364468864469 0.7188263125763127 0.22584706959706963 0.7165369352869354 0.22355769230769235 0.7127213064713066 0.22164987789987792 0.7092872405372407 0.21936050061050064 0.7066163003663005 0.21707112332112335 0.7039453601953604 0.21401862026862029 0.7012744200244201 0.21249236874236876 0.6993666056166057 0.2113476800976801 0.6974587912087913 0.21058455433455434 0.6936431623931625 0.21020299145299148 0.6883012820512822 0.21020299145299148 0.682577838827839 0.21096611721611724 0.6772359584859585 0.2113476800976801 0.6745650183150184 0.211729242979243 0.6722756410256411 0.21592643467643471 0.659684065934066 0.21859737484737488 0.656631562881563 0.22126831501831506 0.6539606227106227 0.224702380952381 0.6512896825396826 0.22775488400488403 0.6482371794871795 0.23042582417582422 0.6459478021978023 0.2346230158730159 0.643658424908425 0.2384386446886447 0.6425137362637364 0.2430173992673993 0.6417506105006106 0.24797771672771676 0.6421321733821734 0.25293803418803423 0.6440399877899878 0.2575167887667888 0.6459478021978023 0.2617139804639805 0.6493818681318683 0.2647664835164835 0.6531974969474971 0.26743742368742374 0.6589209401709403 0.27010836385836384 0.6650259462759464 0.2723977411477412 0.6711309523809524 0.2739239926739927 0.6764728327228329 0.27506868131868134 0.6806700244200244 0.2758318070818071 0.685630341880342 0.27621336996337004 0.6909722222222222 0.2758318070818071 0.6986034798534799 0.2746871184371185 0.704708485958486 0.2735424297924298 0.7092872405372407 0.2723977411477412 0.7134844322344324 0.27010836385836384 0.7173000610500612 0.2666742979242979 0.7207341269841271 0.2628586691086691 0.7226419413919415 0.25866147741147744 0.7237866300366301 0.25370115995116 0.7249313186813188 0.2449252136752137 0.7253128815628817
1 0.5646749084249085 0.5871871184371185 0.5707799145299146 0.5864239926739928 0.5734508547008548 0.5871871184371185 0.5772664835164836 0.5898580586080586 0.5807005494505495 0.592147435897436 0.5837530525030525 0.5948183760683762 0.5864239926739928 0.5978708791208792 0.5894764957264959 0.6024496336996338 0.5906211843711844 0.6070283882783883 0.5913843101343103 0.6127518315018317 0.5917658730158731 0.6184752747252749 0.5917658730158731 0.6230540293040294 0.5910027472527474 0.627632783882784 0.5883318070818072 0.634119352869353 0.5860424297924299 0.637171855921856 0.5837530525030525 0.6406059218559219 0.5807005494505495 0.6448031135531136 0.5780296092796093 0.6482371794871795 0.5757402319902322 0.6512896825396826 0.5738324175824177 0.6539606227106227 0.5719246031746033 0.6558684371184372 0.5684905372405373 0.6585393772893774 0.5646749084249085 0.6593025030525032 0.5589514652014653 0.659684065934066 0.5551358363858365 0.659684065934066 0.5505570818070818 0.6581578144078145 0.5448336385836386 0.656631562881563 0.5413995726495727 0.6547237484737486 0.5379655067155068 0.6505265567765568 0.5360576923076923 0.6451846764346765 0.5352945665445666 0.6394612332112334 0.5356761294261295 0.6348824786324787 0.537202380952381 0.6295405982905984 0.5387286324786326 0.6249618437118438 0.5398733211233212 0.620764652014652 0.540636446886447 0.6165674603174605 0.5417811355311356 0.61122557997558 0.54368894993895 0.6058836996336997 0.5448336385836386 0.6024496336996338 0.546741452991453 0.5978708791208792 0.5490308302808304 0.5944368131868133 0.5517017704517706 0.592147435897436 0.5551358363858365 0.5902396214896215 0.5589514652014653 0.5883318070818072
1 0.6619734432234433 0.6604471916971917 0.6528159340659342 0.6577762515262516 0.6482371794871795 0.6562500000000001 0.643658424908425 0.6539606227106227 0.6413690476190477 0.6512896825396826 0.6394612332112334 0.6490003052503054 0.6383165445665446 0.6455662393162395 0.637171855921856 0.6425137362637364 0.6367902930402932 0.6394612332112334 0.6364087301587303 0.6356456043956045 0.6364087301587303 0.6322115384615385 0.6367902930402932 0.6287774725274726 0.6379349816849818 0.6249618437118438 0.6386981074481075 0.6203830891330891 0.6394612332112334 0.6165674603174605 0.640224358974359 0.6127518315018317 0.6421321733821734 0.6085546398046399 0.6440399877899878 0.6051205738705739 0.6467109279609281 0.601686507936508 0.6497634310134311 0.5990155677655679 0.6551053113553115 0.5967261904761905 0.6581578144078145 0.5955815018315019 0.6623550061050062 0.5955815018315019 0.6673153235653236 0.5955815018315019 0.6707493894993896 0.5971077533577535 0.6738018925518927 0.5990155677655679 0.6776175213675214 0.6009233821733823 0.6802884615384617 0.6032127594627597 0.6837225274725276 0.6058836996336997 0.6860119047619049 0.6093177655677657 0.6875381562881563 0.6131333943833945 0.6890644078144079 0.6211462148962149 0.6909722222222222 0.624198717948718 0.6936431623931625 0.627251221001221 0.6944062881562882 0.630685286935287 0.6947878510378511 0.6329746642246643 0.6947878510378511 0.6360271672771673 0.6944062881562882 0.6386981074481075 0.6936431623931625 0.6417506105006106 0.692116910866911 0.6444215506715507 0.6898275335775337 0.6467109279609281 0.6871565934065935 0.6486187423687425 0.6844856532356532 0.650144993894994 0.682577838827839 0.6509081196581197 0.6795253357753359 0.6520528083028084 0.67609126984127 0.65357905982906 0.673038766788767 0.6558684371184372 0.6703678266178268 0.6570131257631258 0.6669337606837609 0.6585393772893774
1 0.49828296703296704 0.7997176434676435 0.4933226495726496 0.7970467032967034 0.4910332722832723 0.7955204517704518 0.48874389499389503 0.7920863858363859 0.4879807692307693 0.7882707570207571 0.4872176434676435 0.7829288766788768 0.4875992063492064 0.7772054334554336 0.48874389499389503 0.7726266788766789 0.4898885836385836 0.7672847985347987 0.49065170940170943 0.762706043956044 0.4929410866910867 0.7566010378510379 0.4956120268620269 0.7512591575091575 0.4986645299145299 0.7459172771672773 0.5009539072039072 0.7421016483516484 0.5040064102564102 0.7386675824175825 0.5070589133089133 0.7363782051282052 0.5108745421245422 0.7337072649572651 0.5154532967032968 0.7310363247863249 0.5200320512820513 0.7276022588522589 0.5238476800976801 0.7249313186813188 0.5269001831501832 0.7237866300366301 0.530715811965812 0.7226419413919415 0.534149877899878 0.7226419413919415 0.5394917582417583 0.7226419413919415 0.5421626984126985 0.7234050671550672 0.5459783272283274 0.7245497557997559 0.5490308302808304 0.7253128815628817 0.5513202075702076 0.7264575702075703 0.5551358363858365 0.7279838217338218 0.5581883394383396 0.7295100732600733 0.5612408424908426 0.7314178876678877 0.5631486568986569 0.7337072649572651 0.5650564713064714 0.7367597680097682 0.5665827228327228 0.7394307081807082 0.5665827228327228 0.7394307081807082 0.5669642857142858 0.7413385225885226 0.5673458485958487 0.7462988400488402 0.5669642857142858 0.7524038461538463 0.5658195970695972 0.7592719780219781 0.5635302197802198 0.7653769841269842 0.5608592796092797 0.7718635531135531 0.5574252136752137 0.7772054334554336 0.5536095848595849 0.7833104395604397 0.5509386446886447 0.7875076312576313 0.5475045787545788 0.7920863858363859 0.5440705128205129 0.7955204517704518 0.5410180097680098 0.798191391941392 0.5383470695970697 0.8000992063492064 0.5356761294261295 0.8016254578754579 0.5326236263736264 0.8023885836385837 0.5291895604395604 0.8035332722832724 0.5249923687423688 0.8039148351648353 0.52117673992674 0.8042963980463982 0.5181242368742369 0.8046779609279611 0.514690170940171 0.8046779609279611 0.5108745421245422 0.8039148351648353 0.5062957875457876 0.8031517094017094 0.5020985958485958 0.8012438949938951
1 0.656631562881563 0.7390491452991453 0.6718940781440782 0.7386675824175825 0.675709706959707 0.7386675824175825 0.6799068986568988 0.7386675824175825 0.6833409645909647 0.7386675824175825 0.6867750305250306 0.7382860195360196 0.6905906593406594 0.7382860195360196 0.6947878510378511 0.7398122710622712 0.698221916971917 0.7413385225885226 0.701655982905983 0.7424832112332113 0.7054716117216118 0.7436278998779 0.7092872405372407 0.7451541514041514 0.7123397435897437 0.7462988400488402 0.7150106837606838 0.7470619658119659 0.7180631868131868 0.7485882173382173 0.7211156898656899 0.7512591575091575 0.7214972527472528 0.7520222832722834 0.7222603785103786 0.7535485347985349 0.7230235042735044 0.7573641636141637 0.7230235042735044 0.7615613553113554 0.7222603785103786 0.7653769841269842 0.7188263125763127 0.7695741758241759 0.7150106837606838 0.7726266788766789 0.7089056776556777 0.775679181929182 0.7054716117216118 0.7772054334554336 0.7024191086691087 0.779113247863248 0.6970772283272285 0.7814026251526252 0.6913537851037852 0.7833104395604397 0.6860119047619049 0.7833104395604397 0.6795253357753359 0.7833104395604397 0.6722756410256411 0.782165750915751 0.6676968864468865 0.7814026251526252 0.663118131868132 0.7806394993894995 0.6589209401709403 0.7798763736263737 0.6531974969474971 0.778731684981685 0.650144993894994 0.7779685592185593 0.6474740537240538 0.7760607448107449 0.6432768620268622 0.7737713675213677 0.640224358974359 0.7711004273504275 0.6383165445665446 0.7688110500610501 0.6364087301587303 0.7661401098901099 0.6333562271062273 0.7604166666666667 0.6333562271062273 0.7558379120879122 0.6337377899877901 0.7512591575091575 0.6360271672771673 0.746680402930403 0.6383165445665446 0.7440094627594629 0.6413690476190477 0.7421016483516484 0.6451846764346765 0.7401938339438341 0.6505265567765568 0.7390491452991453
1 0.1678495115995116 0.8336767399267401 0.1659416971916972 0.8428342490842492 0.16479700854700857 0.8451236263736265 0.16365231990231993 0.8474130036630038 0.1617445054945055 0.8504655067155068 0.15983669108669113 0.8538995726495727 0.15869200244200246 0.8565705128205129 0.15716575091575094 0.859241452991453 0.15373168498168502 0.8615308302808304 0.15106074481074483 0.8622939560439561 0.14686355311355312 0.8622939560439561 0.1415216727716728 0.8619123931623933 0.13656135531135533 0.8607677045177046 0.13160103785103788 0.8588598901098902 0.12549603174603177 0.85618894993895 0.12282509157509162 0.8546626984126985 0.11786477411477415 0.8512286324786326 0.11519383394383399 0.8504655067155068 0.11328601953601956 0.849702380952381 0.11023351648351652 0.8481761294261295 0.10679945054945059 0.8458867521367522 0.10527319902319905 0.8428342490842492 0.10412851037851041 0.840163308913309 0.10222069597069601 0.8363476800976801 0.10183913308913312 0.8329136141636142 0.10183913308913312 0.8294795482295483 0.10107600732600736 0.8264270451770452 0.09993131868131871 0.824519230769231 0.09954975579975583 0.8203220390720392 0.09993131868131871 0.8153617216117216 0.10145757020757024 0.8115460927960929 0.10298382173382177 0.8077304639804641 0.10527319902319905 0.8023885836385837 0.10832570207570211 0.7985729548229549 0.11137820512820516 0.795138888888889 0.11595695970695975 0.7920863858363859 0.12015415140415145 0.7905601343101344 0.12587759462759465 0.7897970085470086 0.13160103785103788 0.7890338827838829 0.13885073260073263 0.7878891941391942 0.14304792429792432 0.7878891941391942 0.14610042735042736 0.7890338827838829 0.1495344932844933 0.7909416971916973 0.15449481074481078 0.7928495115995117 0.15754731379731382 0.7947573260073262 0.1605998168498169 0.7978098290598292 0.1621260683760684 0.8004807692307694 0.16479700854700857 0.8065857753357755 0.16556013431013433 0.8107829670329672 0.1663232600732601 0.8149801587301587 0.166704822954823 0.8199404761904763 0.16708638583638585 0.8252823565323566
1 0.050328144078144114 0.8538995726495727 0.049946581196581234 0.8596230158730159 0.049946581196581234 0.8622939560439561 0.049565018315018354 0.8653464590964592 0.049183455433455474 0.8691620879120879 0.048420329670329706 0.8733592796092797 0.047657203907203946 0.8775564713064714 0.046894078144078186 0.8806089743589745 0.04536782661782666 0.8840430402930404 0.04384157509157513 0.8874771062271063 0.0423153235653236 0.8901480463980465 0.04078907203907208 0.892055860805861 0.038881257631257674 0.8947268009768011 0.03621031746031749 0.8973977411477413 0.0339209401709402 0.8993055555555556 0.03048687423687427 0.9012133699633701 0.02628968253968257 0.9023580586080586 0.02247405372405376 0.9023580586080586 0.015987484737484774 0.9008318070818072 0.012171855921855957 0.9000686813186813 0.01026404151404155 0.8993055555555556 0.008737789987790023 0.8985424297924299 0.005303724053724089 0.8954899267399269 0.003014346764346799 0.8916742979242981 0.0011065323565323912 0.8859508547008548 0.0003434065934066281 0.8313873626373628 0.0014880952380952725 0.8279532967032969 0.003777472527472562 0.8256639194139195 0.00835622710622714 0.8214667277167279 0.012171855921855957 0.8184142246642246 0.015987484737484774 0.8157432844932846 0.018658424908424943 0.8138354700854702 0.02094780219780223 0.8130723443223444 0.024763431013431047 0.8126907814407816 0.03048687423687427 0.8126907814407816 0.03621031746031749 0.8134539072039073 0.04078907203907208 0.8157432844932846 0.04574938949938954 0.8195589133089134 0.04880189255189259 0.8237561050061051 0.050709706959706995 0.8283348595848598 0.05147283272283276 0.8348214285714287 0.05185439560439564 0.8413079975579977
1 0.03315781440781444 0.7165369352869354 0.038118131868131906 0.7234050671550672 0.04078907203907208 0.7287469474969476 0.04193376068376072 0.7317994505494506 0.04307844932844937 0.7356150793650794 0.04384157509157513 0.7386675824175825 0.04384157509157513 0.7436278998779 0.04460470085470089 0.7497329059829061 0.04460470085470089 0.7554563492063493 0.04460470085470089 0.7623244810744811 0.04460470085470089 0.7688110500610501 0.04346001221001225 0.7737713675213677 0.04155219780219784 0.7775869963369965 0.039262820512820554 0.7806394993894995 0.037736568986569026 0.7829288766788768 0.03621031746031749 0.7844551282051283 0.03277625152625156 0.7859813797313798 0.02819749694749698 0.7871260683760685 0.02285561660561664 0.78865231990232 0.016369047619047655 0.78865231990232 0.010645604395604432 0.78865231990232 0.006829975579975614 0.7871260683760685 0.004159035409035444 0.7848366910866911 0.0 0.7791652791652791 0.0011065323565323912 0.7131028693528695 0.003014346764346799 0.711195054945055 0.010645604395604432 0.7081425518925519 0.014842796092796129 0.7073794261294263 0.018658424908424943 0.7073794261294263 0.022092490842490875 0.7081425518925519 0.025144993894993927 0.7096688034188036 0.02819749694749698 0.7115766178266179
1 0.2155448717948718 0.8577152014652015 0.20829517704517705 0.8584783272283274 0.20600579975579977 0.8584783272283274 0.2029532967032967 0.8580967643467645 0.20028235653235657 0.8573336385836386 0.19646672771672774 0.8565705128205129 0.1930326617826618 0.8546626984126985 0.1911248473748474 0.853136446886447 0.189217032967033 0.8516101953601954 0.1873092185592186 0.8493208180708182 0.18578296703296707 0.8458867521367522 0.18540140415140416 0.8428342490842492 0.18540140415140416 0.8394001831501832 0.18578296703296707 0.8359661172161172 0.18654609279609283 0.8317689255189256 0.1873092185592186 0.8279532967032969 0.189217032967033 0.824519230769231 0.19150641025641027 0.8218482905982907 0.19417735042735046 0.8195589133089134 0.19684829059829062 0.8187957875457876 0.20028235653235657 0.8172695360195361 0.20486111111111113 0.8161248473748475 0.20905830280830281 0.8149801587301587 0.21478174603174605 0.81116452991453 0.21783424908424912 0.8096382783882785 0.22164987789987792 0.8084935897435898 0.22584706959706963 0.8077304639804641 0.2323336385836386 0.8077304639804641 0.23805708180708185 0.8077304639804641 0.2445436507936508 0.8084935897435898 0.2521749084249085 0.8107829670329672 0.25827991452991456 0.8134539072039073 0.263240231990232 0.8165064102564104 0.26629273504273504 0.8199404761904763 0.2685821123321123 0.824519230769231 0.26972680097680096 0.8290979853479854 0.26972680097680096 0.8336767399267401 0.26896367521367526 0.8382554945054946 0.26820054945054944 0.8424526862026862 0.2651480463980464 0.8470314407814409 0.26056929181929184 0.8504655067155068 0.2552274114774115 0.8535180097680098 0.25064865689865695 0.85618894993895 0.2468330280830281 0.8577152014652015 0.2445436507936508 0.8580967643467645 0.24187271062271065 0.8580967643467645 0.23958333333333337 0.8577152014652015 0.2365308302808303 0.8573336385836386 0.2346230158730159 0.8565705128205129 0.23157051282051283 0.8565705128205129 0.23042582417582422 0.8565705128205129 0.2281364468864469 0.8565705128205129 0.22584706959706963 0.8565705128205129 0.22317612942612944 0.8565705128205129 0.21974206349206352 0.8569520757020758
1 0.4544032356532357 0.8580967643467645 0.4509691697191698 0.8668727106227107 0.44944291819291826 0.8695436507936508 0.44486416361416364 0.8760302197802198 0.44257478632478636 0.87870115995116 0.43990384615384615 0.8813721001221002 0.43799603174603174 0.8828983516483517 0.4349435286935287 0.8851877289377291 0.4315094627594628 0.8874771062271063 0.4276938339438339 0.8893849206349207 0.42235195360195366 0.8916742979242981 0.42044413919413925 0.8924374236874237 0.4181547619047619 0.8932005494505495 0.414720695970696 0.8939636752136753 0.41090506715506714 0.8943452380952382 0.40556318681318687 0.8943452380952382 0.40060286935286943 0.8935821123321124 0.39678724053724057 0.8905296092796093 0.39487942612942617 0.8874771062271063 0.39449786324786323 0.8825167887667889 0.39526098901098905 0.8783195970695972 0.39716880341880345 0.8737408424908426 0.39869505494505497 0.8695436507936508 0.4002213064713065 0.8649648962148964 0.40212912087912095 0.8607677045177046 0.4044184981684982 0.85618894993895 0.4070894383394384 0.8516101953601954 0.41014194139194143 0.8474130036630038 0.41357600732600736 0.843597374847375 0.41891788766788773 0.8390186202686203 0.4250228937728938 0.8359661172161172 0.430746336996337 0.834058302808303 0.43723290598290604 0.8321504884004884 0.44143009768009767 0.8313873626373628 0.4456272893772894 0.8310057997557999 0.4498244810744811 0.8310057997557999 0.45478479853479853 0.834058302808303 0.45707417582417587 0.837110805860806 0.45821886446886445 0.8409264346764348 0.45821886446886445 0.8455051892551892 0.45631105006105005 0.8508470695970697
1 0.1850198412698413 0.969131562881563 0.17777014652014653 0.9733287545787547 0.1743360805860806 0.9744734432234433 0.1705204517704518 0.9759996947496948 0.1663232600732601 0.9779075091575092 0.16098137973137974 0.9794337606837609 0.15754731379731382 0.9801968864468865 0.15563949938949942 0.9805784493284494 0.15106074481074483 0.9805784493284494 0.1457188644688645 0.9805784493284494 0.140758547008547 0.9798153235653236 0.13617979242979245 0.9779075091575092 0.131219474969475 0.9752365689865691 0.12625915750915753 0.9729471916971917 0.12282509157509162 0.9706578144078145 0.12015415140415145 0.9668421855921856 0.11862789987789993 0.9615003052503054 0.11824633699633703 0.9557768620268622 0.11900946275946281 0.9508165445665446 0.12091727716727721 0.9454746642246643 0.1232066544566545 0.9408959096459097 0.1293116605616606 0.9328830891330891 0.13274572649572652 0.9290674603174605 0.13732448107448111 0.9252518315018317 0.14228479853479856 0.9221993284493286 0.14838980463980464 0.9199099511599512 0.15373168498168502 0.9183836996336997 0.1605998168498169 0.9176205738705739 0.16556013431013433 0.9172390109890111 0.1724282661782662 0.9168574481074482 0.17738858363858367 0.9168574481074482 0.18769078144078147 0.9160943223443224 0.19265109890109894 0.9149496336996338 0.19799297924297926 0.9115155677655679 0.20219017094017094 0.9107524420024421 0.2056242368742369 0.911134004884005 0.20829517704517705 0.9134233821733823 0.20982142857142858 0.9176205738705739 0.211729242979243 0.9218177655677657 0.21287393162393167 0.9256333943833945 0.21401862026862029 0.9294490231990232 0.2144001831501832 0.9336462148962149 0.2144001831501832 0.9370802808302809 0.2144001831501832 0.9405143467643469 0.21401862026862029 0.9435668498168499 0.21287393162393167 0.9462377899877901 0.2113476800976801 0.9489087301587303 0.20829517704517705 0.9523427960927963 0.20447954822954825 0.956158424908425 0.19875610500610502 0.9599740537240538 0.1934142246642247 0.9630265567765568 0.18769078144078147 0.96607905982906
1 0.2720161782661783 0.9656974969474971 0.27506868131868134 0.9569215506715507 0.27659493284493286 0.9531059218559219 0.27773962148962156 0.9492902930402932 0.27888431013431014 0.9450931013431014 0.2807921245421246 0.9416590354090355 0.282699938949939 0.9393696581196581 0.28575244200244204 0.9359355921855923 0.2861340048840049 0.9340277777777779 0.28766025641025644 0.9305937118437119 0.28918650793650796 0.927159645909646 0.2914758852258853 0.9241071428571429 0.2941468253968254 0.9225808913308914 0.29719932844932845 0.9214362026862027 0.29987026862026867 0.9214362026862027 0.3048305860805861 0.9214362026862027 0.3090277777777778 0.9221993284493286 0.31284340659340665 0.92372557997558 0.3170405982905983 0.9256333943833945 0.3216193528693529 0.9283043345543347 0.32467185592185593 0.9313568376068377 0.3265796703296704 0.9355540293040294 0.327724358974359 0.940132783882784 0.327724358974359 0.9447115384615385 0.327724358974359 0.9492902930402932 0.327724358974359 0.9538690476190477 0.3273427960927961 0.9576846764346765 0.3269612332112332 0.9618818681318683 0.3265796703296704 0.9645528083028084 0.3258165445665446 0.9676053113553115 0.32505341880341887 0.9702762515262516 0.3239087301587302 0.9729471916971917 0.32238247863247865 0.9759996947496948 0.32123778998779 0.9794337606837609 0.3197115384615385 0.9843940781440782 0.3185668498168498 0.9889728327228329 0.31665903540903545 0.9920253357753359 0.31436965811965817 0.9943147130647131 0.31169871794871795 0.9962225274725276 0.3086462148962149 0.998130341880342 0.3071972298534801 0.9989583333333333 0.2704899267399268 0.9988934676434678 0.2685821123321123 0.991643772893773 0.2685821123321123 0.9874465811965812 0.2685821123321123 0.9840125152625153 0.26934523809523814 0.9809600122100123 0.27010836385836384 0.9779075091575092 0.2704899267399268 0.9733287545787547 0.27125305250305254 0.9695131257631259
1 0.49828296703296704 0.930212148962149 0.5009539072039072 0.9176205738705739 0.5020985958485958 0.9145680708180709 0.5028617216117216 0.9107524420024421 0.5043879731379731 0.9076999389499391 0.5062957875457876 0.904647435897436 0.508203601953602 0.9008318070818072 0.5112561050061051 0.8970161782661783 0.5139270451770452 0.8939636752136753 0.5169795482295483 0.8912927350427352 0.5200320512820513 0.8897664835164836 0.5234661172161172 0.8893849206349207 0.527281746031746 0.8890033577533578 0.5322420634920635 0.8905296092796093 0.537202380952381 0.8935821123321124 0.5398733211233212 0.8958714896214897 0.5425442612942615 0.9000686813186813 0.5440705128205129 0.9035027472527474 0.5455967643467645 0.9073183760683762 0.5471230158730159 0.9103708791208792 0.5482677045177046 0.9138049450549451 0.5490308302808304 0.9183836996336997 0.5494123931623933 0.9221993284493286 0.5497939560439561 0.9256333943833945 0.5497939560439561 0.9294490231990232 0.5490308302808304 0.9336462148962149 0.5478861416361417 0.9382249694749696 0.5463598901098902 0.9424221611721613 0.5452152014652015 0.9470009157509158 0.5433073870573871 0.9523427960927963 0.5410180097680098 0.9573031135531136 0.5379655067155068 0.9603556166056166 0.5333867521367522 0.9637896825396826 0.5291895604395604 0.9649343711843713 0.524229242979243 0.9649343711843713 0.5192689255189256 0.9653159340659342 0.5154532967032968 0.9645528083028084 0.511637667887668 0.962644993894994 0.5089667277167277 0.9607371794871795 0.5062957875457876 0.9580662393162395 0.5047695360195361 0.9546321733821734 0.5032432844932846 0.9500534188034189 0.5020985958485958 0.9462377899877901 0.5005723443223443 0.9420405982905984 0.5001907814407814 0.9393696581196581 0.49942765567765574 0.9344093406593408
1 0.6865627130197682 0.9502811860940696 0.6835804362644854 0.9438905930470348 0.6827283571915473 0.9423994546693935 0.6818762781186095 0.9411213360599864 0.6810241990456715 0.9396301976823449 0.680385139740968 0.938352079072938 0.67953306066803 0.9364349011588277 0.6791070211315611 0.9345177232447172 0.678680981595092 0.9323875255623723 0.6763377641445127 0.9213104976141787 0.6761247443762781 0.9189672801635993 0.6761247443762781 0.9164110429447854 0.6763377641445127 0.9142808452624405 0.6769768234492162 0.9121506475800955 0.6776158827539196 0.9098074301295161 0.678680981595092 0.9070381731424677 0.67953306066803 0.9046949556918882 0.6805981595092024 0.9017126789366053 0.6814502385821405 0.9000085207907295 0.6825153374233129 0.8978783231083846 0.6842194955691888 0.8959611451942741 0.6859236537150648 0.8944700068166327 0.6874147920927063 0.8934049079754602 0.6884798909338787 0.8929788684389912 0.6903970688479891 0.8923398091342878 0.6933793456032721 0.8917007498295842 0.6952965235173825 0.8917007498295842 0.695509543285617 0.8917007498295842 0.6974267211997274 0.8917007498295842 0.6993438991138379 0.8921267893660532 0.7012610770279483 0.8925528289025222 0.7036042944785277 0.8934049079754602 0.7053084526244037 0.8940439672801637 0.7070126107702795 0.8948960463531016 0.7095688479890934 0.8959611451942741 0.7112730061349695 0.8974522835719155 0.7127641445126108 0.898943421949557 0.7142552828902523 0.9004345603271985 0.7161724608043627 0.9025647580095433 0.7180896387184731 0.9061860940695297 0.7195807770961146 0.9089553510565781 0.7208588957055215 0.9121506475800955 0.721923994546694 0.9147068847989094 0.7225630538513974 0.9172631220177233 0.7229890933878664 0.9200323790047716 0.7234151329243355 0.923227675528289 0.7236281526925699 0.9259969325153374 0.7238411724608045 0.9285531697341514 0.7238411724608045 0.9323875255623723 0.7240541922290389 0.9343047034764828 0.7225630538513974 0.940482276755283 0.7221370143149285 0.9430385139740969 0.7217109747784595 0.9458077709611453 0.7208588957055215 0.9479379686434902 0.7195807770961146 0.9498551465576006 0.7178766189502387 0.9515593047034765 0.7157464212678938 0.9532634628493525 0.7136162235855488 0.9545415814587594 0.7112730061349695 0.9560327198364009 0.7091428084526245 0.9575238582140423 0.7074386503067486 0.9588019768234494 0.7059475119291071 0.9598670756646218 0.7046693933197 0.9600800954328562 0.7031782549420587 0.9600800954328562 0.7012610770279483 0.9600800954328562 0.6995569188820723 0.9596540558963872 0.6972137014314929 0.9588019768234494 0.6948704839809134 0.9579498977505113 0.6931663258350375 0.9568847989093389 0.6910361281526926 0.9553936605316974 0.6893319700068167 0.9536895023858214
1 0.8441924066924068 0.925032175032175 0.8502252252252253 0.9198037323037324 0.8574646074646075 0.9173906048906049 0.8626930501930502 0.9165862290862292 0.8655083655083655 0.9165862290862292 0.8695302445302445 0.9165862290862292 0.8715411840411841 0.9173906048906049 0.875965250965251 0.9185971685971687 0.8787805662805663 0.9198037323037324 0.8811936936936937 0.921010296010296 0.8848133848133848 0.9230212355212355 0.8880308880308881 0.925434362934363 0.8920527670527671 0.9282496782496783 0.8948680823680825 0.9302606177606179 0.8976833976833978 0.933478120978121 0.8996943371943372 0.9362934362934363 0.9017052767052768 0.9399131274131275 0.9041184041184042 0.9435328185328186 0.9069337194337195 0.9475546975546976 0.9097490347490348 0.9600225225225226 0.9117599742599742 0.9728925353925354 0.9117599742599742 0.9769144144144145 0.9101512226512227 0.9817406692406693 0.9081402831402833 0.9877734877734878 0.9065315315315315 0.991393178893179 0.9037162162162162 0.9942084942084943 0.895008177820678 0.9989583333333333 0.892454954954955 0.9989583333333333 0.8630952380952382 0.9989583333333333 0.8586711711711712 0.9970238095238096 0.8558558558558559 0.9950128700128701 0.8538449163449164 0.9934041184041185 0.8522361647361648 0.991393178893179 0.8502252252252253 0.9889800514800515 0.8482142857142858 0.9861647361647362 0.8458011583011583 0.9833494208494209 0.8433880308880309 0.9801319176319176 0.8393661518661519 0.9736969111969113 0.8369530244530244 0.9652509652509652 0.8361486486486487 0.9620334620334621 0.8357464607464608 0.9588159588159589 0.8353442728442728 0.9551962676962678 0.834942084942085 0.9515765765765766 0.834942084942085 0.9475546975546976 0.834942084942085 0.9435328185328186 0.8357464607464608 0.9399131274131275 0.8365508365508366 0.9366956241956242 0.8381595881595881 0.9330759330759332 0.8397683397683398 0.9302606177606179
1 0.814430501930502 0.6861325611325612 0.8200611325611326 0.6865347490347491 0.8240830115830117 0.6889478764478765 0.8277027027027027 0.6905566280566281 0.8313223938223938 0.6929697554697555 0.834942084942085 0.694980694980695 0.8393661518661519 0.6981981981981983 0.8425836550836551 0.7002091377091377 0.8453989703989705 0.7018178893178894 0.8482142857142858 0.7042310167310167 0.8494208494208494 0.7062419562419563 0.8506274131274131 0.7098616473616474 0.8506274131274131 0.7138835263835264 0.8506274131274131 0.7175032175032175 0.8498230373230374 0.7227316602316604 0.8486164736164736 0.7283622908622909 0.8474099099099099 0.7335907335907337 0.8458011583011583 0.7384169884169884 0.8441924066924068 0.7428410553410554 0.8425836550836551 0.7476673101673103 0.8393661518661519 0.7557110682110683 0.8377574002574003 0.7585263835263836 0.8353442728442728 0.7613416988416989 0.8333333333333334 0.7625482625482626 0.8313223938223938 0.7629504504504505 0.826496138996139 0.764559202059202 0.8204633204633205 0.764559202059202 0.8128217503217504 0.7629504504504505 0.8087998712998714 0.7613416988416989 0.8039736164736165 0.7589285714285714 0.7995495495495496 0.7541023166023166 0.79753861003861 0.7488738738738739 0.7967342342342343 0.7452541827541828 0.7951254826254827 0.7396235521235521 0.7943211068211069 0.7339929214929215 0.7943211068211069 0.723938223938224 0.7947232947232947 0.7191119691119692 0.7955276705276706 0.7138835263835264 0.7959298584298584 0.711068211068211 0.7967342342342343 0.707046332046332 0.7987451737451737 0.7022200772200773 0.8011583011583012 0.6986003861003861 0.8043758043758044 0.6941763191763193 0.8075933075933076 0.691361003861004
1 0.929456241956242 0.6636100386100386 0.9342824967824969 0.6535553410553411 0.9375 0.6503378378378379 0.9411196911196912 0.6479247104247104 0.946348133848134 0.6451093951093951 0.9543918918918919 0.6418918918918919 0.9592181467181468 0.6398809523809524 0.9636422136422137 0.6382722007722008 0.9672619047619049 0.637467824967825 0.9708815958815958 0.637467824967825 0.9753056628056629 0.637467824967825 0.9801319176319176 0.637467824967825 0.9857625482625483 0.6382722007722008 0.9917953667953668 0.6398809523809524 0.9966216216216216 0.6410875160875161 0.9989583333333333 0.642088963963964 0.9986325611325612 0.6893500643500644 0.9966216216216216 0.6881435006435006 0.9946106821106822 0.6857303732303733 0.9901866151866153 0.6853281853281853 0.986969111969112 0.6853281853281853 0.9837516087516088 0.6853281853281853 0.9809362934362935 0.6853281853281853 0.9765122265122266 0.6857303732303733 0.9720881595881596 0.6865347490347491 0.9680662805662805 0.687339124839125 0.9636422136422137 0.6881435006435006 0.9596203346203347 0.6881435006435006 0.9564028314028314 0.6881435006435006 0.9495656370656371 0.6869369369369369 0.9435328185328186 0.6861325611325612 0.9391087516087516 0.6845238095238096 0.9346846846846847 0.68251287001287 0.9326737451737451 0.6805019305019305 0.9310649935649936 0.6768822393822395 0.9298584298584298 0.6724581724581725 0.929456241956242 0.6680341055341056
1 0.8236808236808237 0.5952380952380952 0.818050193050193 0.5900096525096525 0.8168436293436294 0.5879987129987131 0.8140283140283141 0.5843790218790219 0.8128217503217504 0.5815637065637066 0.8116151866151867 0.5795527670527671 0.8096042471042472 0.5755308880308881 0.8083976833976834 0.5727155727155728 0.8067889317889319 0.5699002574002575 0.805582368082368 0.5670849420849422 0.8047779922779923 0.5650740025740026 0.8043758043758044 0.5622586872586873 0.8023648648648649 0.5590411840411841 0.8019626769626771 0.5566280566280567 0.801560489060489 0.5542149292149292 0.801560489060489 0.5513996138996139 0.801560489060489 0.5489864864864865 0.801560489060489 0.5461711711711712 0.801560489060489 0.5433558558558559 0.801560489060489 0.5405405405405406 0.8007561132561133 0.5373230373230374 0.8003539253539255 0.5353120978120978 0.7999517374517374 0.5320945945945946 0.8003539253539255 0.5296814671814672 0.8043758043758044 0.5272683397683398 0.8100064350064351 0.5272683397683398 0.814430501930502 0.5280727155727156 0.8200611325611326 0.5296814671814672 0.8256917631917632 0.5308880308880309 0.8293114543114544 0.5324967824967826 0.8321267696267697 0.5337033462033463 0.834942084942085 0.5353120978120978 0.8373552123552125 0.5369208494208494 0.8405727155727156 0.5385296010296011 0.8425836550836551 0.5401383526383526 0.8445945945945946 0.5425514800514801 0.8458011583011583 0.5449646074646075 0.8482142857142858 0.5481821106821108 0.8506274131274131 0.5509974259974261 0.8582689832689833 0.5598455598455598 0.8594755469755471 0.5638674388674388 0.8602799227799228 0.567889317889318 0.8606821106821108 0.5735199485199485 0.8606821106821108 0.579954954954955 0.8602799227799228 0.5851833976833978 0.8590733590733591 0.5896074646074646 0.8574646074646075 0.5940315315315315 0.8558558558558559 0.5968468468468469 0.8534427284427284 0.5996621621621622 0.8506274131274131 0.6008687258687259 0.8474099099099099 0.6020752895752896 0.8417792792792793 0.6024774774774776 0.8329311454311454 0.6008687258687259 0.8281048906048907 0.5992599742599742
1 0.6921653796653797 0.45929858429858433 0.6986003861003861 0.4548745173745174 0.7042310167310167 0.45246138996138996 0.7082528957528957 0.4508526383526384 0.7118725868725869 0.44924388674388677 0.7158944658944659 0.44843951093951095 0.719916344916345 0.44763513513513514 0.7223294723294723 0.44763513513513514 0.7251447876447876 0.44763513513513514 0.7287644787644788 0.44763513513513514 0.7311776061776062 0.44763513513513514 0.7335907335907337 0.44843951093951095 0.7372104247104247 0.44924388674388677 0.7408301158301159 0.45045045045045046 0.7448519948519949 0.45125482625482627 0.7484716859716861 0.4520592020592021 0.752895752895753 0.4536679536679537 0.756917631917632 0.4548745173745174 0.760537323037323 0.456483268983269 0.7637548262548264 0.4576898326898327 0.7665701415701416 0.45929858429858433 0.7689832689832691 0.46130952380952384 0.7701898326898327 0.46372265122265127 0.7717985842985844 0.46734234234234234 0.7726029601029601 0.4705598455598456 0.7726029601029601 0.4741795366795367 0.7717985842985844 0.47739703989703997 0.7701898326898327 0.47981016731016735 0.7629504504504505 0.48463642213642216 0.7573198198198199 0.4874517374517375 0.7537001287001287 0.4890604890604891 0.7476673101673103 0.4914736164736165 0.7420366795366796 0.4938867438867439 0.7376126126126127 0.4958976833976834 0.7339929214929215 0.49710424710424717 0.7291666666666666 0.4979086229086229 0.7255469755469757 0.4979086229086229 0.7207207207207207 0.49750643500643504 0.7162966537966539 0.49670205920205923 0.711470398970399 0.4962998712998713 0.7066441441441442 0.49509330759330766 0.7018178893178894 0.4930823680823681 0.6981981981981983 0.4918758043758044 0.6945785070785071 0.489462676962677 0.691361003861004 0.4870495495495496 0.6889478764478765 0.48463642213642216 0.6869369369369369 0.4826254826254826 0.6849259974259975 0.4806145431145431 0.6841216216216216 0.4786036036036036 0.6837194337194338 0.4749839124839125 0.6837194337194338 0.4713642213642214 0.6841216216216216 0.4677445302445303 0.6853281853281853 0.46533140283140284 0.687339124839125 0.4629182754182754
1 0.9877734877734878 0.5843790218790219 0.9793275418275419 0.5795527670527671 0.9761100386100386 0.5771396396396397 0.974903474903475 0.5747265122265123 0.9732947232947233 0.5711068211068212 0.9720881595881596 0.5682915057915058 0.9688706563706564 0.5566280566280567 0.9676640926640927 0.5530083655083655 0.9672619047619049 0.5489864864864865 0.9676640926640927 0.5453667953667954 0.9688706563706564 0.5413449163449164 0.9712837837837839 0.5377252252252253 0.9732947232947233 0.5345077220077221 0.9753056628056629 0.5320945945945946 0.9777187902187904 0.5300836550836551 0.9797297297297298 0.5284749034749034 0.9817406692406693 0.5268661518661519 0.9837516087516088 0.5256595881595882 0.9857625482625483 0.5244530244530244 0.9877734877734878 0.5240508365508366 0.991393178893179 0.5240508365508366 0.9934041184041185 0.5240508365508366 0.9974259974259975 0.5248552123552124 0.9989583333333333 0.5252382963320463 0.9989583333333333 0.5867921492921493 0.9970238095238096 0.5863899613899615 0.9946106821106822 0.5859877734877734
1 0.8152348777348777 0.361969111969112 0.8096042471042472 0.3663931788931789 0.8063867438867439 0.3680019305019305 0.8023648648648649 0.36961068211068215 0.7987451737451737 0.3708172458172458 0.793918918918919 0.3732303732303732 0.78989703989704 0.37443693693693697 0.785875160875161 0.37483912483912485 0.7806467181467182 0.3752413127413128 0.7742117117117117 0.37403474903474904 0.7709942084942085 0.37242599742599747 0.7681788931788932 0.3712194337194337 0.764559202059202 0.3692084942084942 0.760537323037323 0.36759974259974265 0.7557110682110683 0.3655888030888031 0.7520913770913771 0.36317567567567566 0.7488738738738739 0.3595559845559846 0.7484716859716861 0.35593629343629346 0.7484716859716861 0.35191441441441446 0.7492760617760618 0.3474903474903475 0.7504826254826256 0.3422619047619048 0.7520913770913771 0.3390444015444016 0.7541023166023166 0.3358268983268983 0.7573198198198199 0.3326093951093951 0.7617438867438867 0.32939189189189194 0.7665701415701416 0.3265765765765766 0.7713963963963965 0.3241634491634492 0.7766248391248392 0.3217503217503218 0.7802445302445303 0.32014157014157013 0.7842664092664093 0.3193371943371944 0.7890926640926641 0.31893500643500644 0.7951254826254827 0.31893500643500644 0.7999517374517374 0.3193371943371944 0.8023648648648649 0.31893500643500644 0.8100064350064351 0.31772844272844275 0.8136261261261262 0.31772844272844275 0.818050193050193 0.31893500643500644 0.8228764478764479 0.3217503217503218 0.8248873873873875 0.3253700128700129 0.8260939510939511 0.328989703989704 0.826496138996139 0.33140283140283144 0.8256917631917632 0.33462033462033464 0.8256917631917632 0.33824002574002576 0.8256917631917632 0.3418597168597169 0.8248873873873875 0.3458815958815959 0.8236808236808237 0.349501287001287 0.8212676962676964 0.353523166023166 0.8188545688545689 0.3567406692406693
1 0.9543918918918919 0.29118404118404123 0.9515765765765766 0.29882561132561136 0.9475546975546976 0.30445624195624194 0.9455437580437581 0.3080759330759331 0.9427284427284428 0.3112934362934363 0.9399131274131275 0.31370656370656375 0.9370978120978122 0.3153153153153153 0.9338803088803089 0.31571750321750325 0.9290540540540542 0.31571750321750325 0.9246299871299872 0.31370656370656375 0.921412483912484 0.31169562419562424 0.9177927927927929 0.3096846846846847 0.9141731016731017 0.3068693693693694 0.9069337194337195 0.30204311454311455 0.9057271557271558 0.2976190476190476 0.9049227799227799 0.2907818532818533 0.9045205920205921 0.28474903474903474 0.9041184041184042 0.2791184041184041 0.9037162162162162 0.2742921492921493 0.9037162162162162 0.2698680823680824 0.9041184041184042 0.2642374517374517 0.9061293436293437 0.25860682110682115 0.9085424710424711 0.2525740025740026 0.9109555984555986 0.24654118404118405 0.9133687258687259 0.2413127413127413 0.9157818532818534 0.2376930501930502 0.9185971685971687 0.2356821106821107 0.921010296010296 0.23487773487773492 0.9238256113256114 0.23447554697554698 0.9266409266409267 0.23407335907335908 0.9310649935649936 0.23407335907335908 0.9342824967824969 0.23487773487773492 0.9379021879021879 0.23648648648648649 0.9415218790218791 0.2388996138996139 0.9439350064350065 0.24171492921492924 0.946348133848134 0.24453024453024455 0.9479568854568855 0.24694337194337196 0.9495656370656371 0.24935649935649937 0.9511743886743887 0.2521718146718147 0.9523809523809524 0.2541827541827542 0.9543918918918919 0.2565958815958816 0.9560006435006436 0.25981338481338484 0.9564028314028314 0.26262870012870015 0.9572072072072072 0.26544401544401547 0.9576093951093951 0.2694658944658945 0.9580115830115831 0.27348777348777353 0.9580115830115831 0.2771074646074646 0.9572072072072072 0.2819337194337194 0.9551962676962678 0.28716216216216217
1 0.7162966537966539 0.23367117117117117 0.7162966537966539 0.22844272844272848 0.7166988416988417 0.22240990990990991 0.7187097812097812 0.21838803088803088 0.7219272844272845 0.21436615186615188 0.7263513513513513 0.21074646074646075 0.7311776061776062 0.20873552123552125 0.736003861003861 0.20712676962676962 0.7400257400257401 0.20592020592020593 0.7452541827541828 0.20390926640926643 0.7488738738738739 0.20270270270270271 0.7516891891891893 0.2023005148005148 0.7561132561132562 0.2023005148005148 0.7585263835263836 0.2023005148005148 0.7621460746460748 0.2023005148005148 0.7669723294723295 0.20350707850707853 0.7850707850707851 0.20873552123552125 0.7890926640926641 0.21114864864864866 0.7935167310167311 0.21396396396396397 0.7971364221364221 0.21597490347490347 0.7991473616473618 0.21959459459459463 0.7999517374517374 0.2236164736164736 0.8003539253539255 0.22804054054054054 0.7995495495495496 0.23246460746460745 0.79753861003861 0.23729086229086233 0.7955276705276706 0.24050836550836552 0.7931145431145431 0.24372586872586874 0.78989703989704 0.24613899613899617 0.7866795366795368 0.24814993564993565 0.7842664092664093 0.24975868725868727 0.7818532818532818 0.2513674388674389 0.7782335907335908 0.2521718146718147 0.7750160875160875 0.2525740025740026 0.7677767052767054 0.2537805662805663 0.7609395109395111 0.2541827541827542 0.7541023166023166 0.25498712998713 0.7492760617760618 0.25498712998713 0.7392213642213643 0.25498712998713 0.7331885456885457 0.2545849420849421 0.7279601029601029 0.25297619047619047 0.7259491634491635 0.2513674388674389 0.7223294723294723 0.24814993564993565 0.7187097812097812 0.24412805662805664 0.7166988416988417 0.2401061776061776
1 0.9000965250965252 0.12025418275418276 0.8996943371943372 0.12065637065637065 0.8908462033462035 0.12025418275418276 0.8864221364221365 0.11864543114543116 0.884009009009009 0.11703667953667954 0.8807915057915058 0.11583011583011583 0.8783783783783785 0.11422136422136424 0.8743564993564994 0.11100386100386102 0.8630952380952382 0.09853603603603604 0.8618886743886744 0.09572072072072073 0.8610842985842986 0.090492277992278 0.8602799227799228 0.08486164736164738 0.8598777348777349 0.07882882882882883 0.8598777348777349 0.07360038610038609 0.8614864864864865 0.06716537966537968 0.8630952380952382 0.061936936936936936 0.8655083655083655 0.0559041184041184 0.867921492921493 0.05067567567567568 0.8707368082368083 0.04745817245817246 0.8739543114543115 0.044642857142857144 0.8779761904761905 0.04142535392535393 0.8819980694980695 0.03901222651222651 0.8868243243243243 0.03740347490347491 0.8916505791505791 0.037001287001287006 0.8960746460746462 0.037001287001287006 0.9017052767052768 0.03820785070785071 0.9045205920205921 0.039414414414414414 0.9101512226512227 0.04222972972972973 0.9153796653796654 0.045849420849420855 0.9198037323037324 0.04906692406692407 0.9230212355212355 0.0542953667953668 0.925434362934363 0.060328185328185326 0.9266409266409267 0.06555662805662806 0.9278474903474904 0.07038288288288289 0.9290540540540542 0.07400257400257401 0.929456241956242 0.07842664092664094 0.929456241956242 0.08405727155727157 0.929456241956242 0.0896879021879022 0.9286518661518662 0.09250321750321751 0.9266409266409267 0.09531853281853282 0.9242277992277993 0.10014478764478765 0.9226190476190477 0.10456885456885458 0.921412483912484 0.10738416988416989 0.9194015444015444 0.1106016731016731 0.9165862290862292 0.11301480051480052 0.9133687258687259 0.11542792792792794 0.9093468468468469 0.11743886743886746
1 0.678490990990991 0.07480694980694982 0.68251287001287 0.06796975546975546 0.6841216216216216 0.06595881595881596 0.6861325611325612 0.06354568854568855 0.6885456885456886 0.06113256113256114 0.691361003861004 0.05831724581724582 0.6945785070785071 0.05630630630630631 0.6986003861003861 0.0542953667953668 0.7034266409266409 0.05268661518661519 0.7082528957528957 0.05067567567567568 0.7130791505791506 0.04906692406692407 0.7175032175032175 0.047860360360360364 0.7207207207207207 0.04745817245817246 0.7267535392535394 0.04745817245817246 0.73238416988417 0.04745817245817246 0.7372104247104247 0.04745817245817246 0.7416344916344916 0.047860360360360364 0.7448519948519949 0.04987129987129987 0.7476673101673103 0.05188223938223938 0.7496782496782497 0.0550997425997426 0.7500804375804376 0.05630630630630631 0.7504826254826256 0.061534749034749044 0.7496782496782497 0.06595881595881596 0.7480694980694981 0.06998069498069498 0.7456563706563707 0.07400257400257401 0.7396235521235521 0.07882882882882883 0.7327863577863578 0.08285070785070786 0.7267535392535394 0.08566602316602316 0.719916344916345 0.08807915057915058 0.7138835263835264 0.0896879021879022 0.7082528957528957 0.0908944658944659 0.7014157014157014 0.09290540540540541 0.6977960102960102 0.09290540540540541 0.694980694980695 0.09290540540540541 0.6909588159588159 0.09290540540540541 0.687339124839125 0.09009009009009009 0.6845238095238096 0.08606821106821108 0.6817084942084943 0.08204633204633205
1 0.020980046948356743 0.005134976525821597 0.031983568075117305 0.011737089201877935 0.03858568075117364 0.016872065727699535 0.04225352112676051 0.020539906103286387 0.04738849765258208 0.026408450704225355 0.04885563380281684 0.033010563380281695 0.04885563380281684 0.03961267605633803 0.04738849765258208 0.04768192488262911 0.04445422535211261 0.05134976525821597 0.040052816901408377 0.05501760563380282 0.03345070422535204 0.0579518779342723 0.02391431924882621 0.06235328638497653 0.01584507042253514 0.06602112676056339 0.007775821596244074 0.07188967136150234 0.0011737089201877104 0.07702464788732395 0.0011737089201877104 0.07702464788732395 0.0004401408450703433 0.000733568075117371 0.0070422535211266775 0.0 0.014377934272300408 0.001467136150234742
1 0.020909926470588282 0.4770220588235294 0.029335171568627534 0.4846813725490196 0.033164828431372584 0.4869791666666667 0.03622855392156866 0.4908088235294118 0.04005821078431377 0.49540441176470584 0.043887867647058876 0.4984681372549019 0.04695159313725495 0.5030637254901961 0.049249387254901994 0.5099571078431373 0.049249387254901994 0.5153186274509803 0.04848345588235302 0.5191482843137255 0.04618566176470592 0.5237438725490197 0.04235600490196087 0.5260416666666666 0.03776041666666673 0.5268075980392156 0.03239889705882361 0.5268075980392156 0.02397365196078436 0.5245098039215687 0.019378063725490276 0.5237438725490197 0.01401654411764713 0.5237438725490197 0.009420955882352988 0.5237438725490197 0.003293504901960838 0.5199142156862745 -4.625929269271486e-19 0.5170912114845938 0.0 0.47549019607843135 0.009420955882352988 0.4739583333333333 0.013250612745098096 0.47472426470588236
1 0.008655024509803984 0.35753676470588236 0.017080269607843177 0.3636642156862745 0.02473958333333339 0.36519607843137253 0.029335171568627534 0.3659620098039216 0.03469669117647065 0.3713235294117647 0.03699448529411769 0.3759191176470588 0.03852634803921576 0.38128063725490197 0.03852634803921576 0.38587622549019607 0.03622855392156866 0.3904718137254902 0.030867034313725544 0.3973651960784314 0.025505514705882425 0.40349264705882354 0.023207720588235326 0.4073223039215686 0.02014399509803925 0.4111519607843137 0.017846200980392208 0.4149816176470588 0.01401654411764713 0.419577205882353 0.008655024509803984 0.4234068627450981 0.0017616421568628009 0.42647058823529416 0.0 0.42647058823529416 0.0 0.3544730392156863
0 0.811908143939394 0.734375 0.8101325757575758 0.724313446969697 0.8101325757575758 0.7207623106060606 0.8101325757575758 0.7172111742424242 0.8101325757575758 0.7130681818181818 0.8113162878787878 0.7101089015151516 0.811908143939394 0.7071496212121212 0.8160511363636364 0.705374053030303 0.8178267045454546 0.7077414772727272 0.8184185606060607 0.7112926136363636 0.8190104166666666 0.715435606060606 0.8196022727272728 0.7195785984848484 0.8196022727272728 0.7237215909090909 0.8196022727272728 0.7272727272727272 0.8184185606060607 0.7314157196969696 0.8166429924242424 0.7391098484848484
0 0.30291193181818177 0.9539535984848484 0.3011363636363636 0.9610558712121212 0.30054450757575757 0.9640151515151516 0.2999526515151515 0.9681581439393939 0.29758522727272724 0.9717092803030304 0.29580965909090906 0.9746685606060606 0.29225852272727265 0.978811553030303 0.2892992424242424 0.9776278409090909 0.2881155303030303 0.9723011363636364 0.2892992424242424 0.9681581439393939 0.29107481060606055 0.9640151515151516 0.2928503787878788 0.959280303030303 0.2940340909090909 0.9557291666666666 0.29580965909090906 0.9521780303030304 0.29758522727272724 0.94921875 0.30172821969696967 0.9480350378787878
0 0.4307528409090909 0.8533380681818182 0.42660984848484845 0.861624053030303 0.42542613636363635 0.8639914772727272 0.4230587121212121 0.8675426136363636 0.42009943181818177 0.8681344696969696 0.41654829545454547 0.8693181818181818 0.41595643939393934 0.8681344696969696 0.41595643939393934 0.8628077651515151 0.4171401515151515 0.8598484848484849 0.41891571969696967 0.8568892045454546 0.42128314393939387 0.8533380681818182 0.4236505681818182 0.8503787878787878 0.4260179924242424 0.8474195075757576 0.431936553030303 0.8468276515151516
0 0.9320549242424242 0.2602982954545454 0.9338304924242424 0.2697679924242424 0.9338304924242424 0.2733191287878788 0.9338304924242424 0.2768702651515152 0.9332386363636364 0.2804214015151515 0.9320549242424242 0.2833806818181818 0.9308712121212122 0.2863399621212121 0.9296875 0.29048295454545453 0.9273200757575758 0.29048295454545453 0.9261363636363636 0.2875236742424242 0.9249526515151516 0.2845643939393939 0.9231770833333334 0.27982954545454547 0.9225852272727273 0.27627840909090906 0.9219933712121212 0.2715435606060606 0.9214015151515152 0.2679924242424242 0.9225852272727273 0.26325757575757575 0.9243607954545454 0.2591145833333333 0.9273200757575758 0.2543797348484848 0.9308712121212122 0.25378787878787873
0 0.6475087412587412 0.13359557109557108 0.6442307692307693 0.13359557109557108 0.6424096736596737 0.13359557109557108 0.6409527972027971 0.13359557109557108 0.637310606060606 0.13213869463869463 0.6354895104895104 0.12995337995337994 0.6318473193473193 0.12776806526806525 0.6274766899766899 0.12703962703962704 0.624562937062937 0.1255827505827506 0.6227418414918414 0.12412587412587413 0.621284965034965 0.12230477855477856 0.621284965034965 0.12011946386946386 0.624562937062937 0.11902680652680653 0.6271124708624708 0.12048368298368298 0.6296620046620046 0.12194055944055943 0.6318473193473193 0.12303321678321678 0.6365821678321678 0.12485431235431235 0.6391317016317015 0.1255827505827506 0.6413170163170162 0.1266754079254079 0.643502331002331 0.12813228438228438 0.6456876456876457 0.12922494172494173 0.6478729603729604 0.12995337995337994 0.650058275058275 0.13031759906759904 0.6529720279720279 0.13068181818181818 0.6547931235431236 0.13177447552447552 0.6555215617715617 0.13468822843822845 0.6544289044289044 0.1361451048951049 0.6522435897435896 0.1361451048951049
0 0.8928043735224587 0.05725472813238771 0.8946513002364066 0.06464243498817968 0.8964982269503546 0.07387706855791962 0.8976063829787235 0.08348108747044918 0.8976063829787235 0.09160756501182034 0.897975768321513 0.09677895981087471 0.897975768321513 0.0993646572104019 0.8935431442080379 0.09530141843971632 0.8924349881796692 0.09013002364066194 0.8902186761229315 0.08163416075650119 0.8902186761229315 0.07424645390070923 0.8883717494089836 0.06538120567375887
0 0.354044477028348 0.1515151515151515 0.3497678396871945 0.16159579667644183 0.3470185728250244 0.16892717497556206 0.3430474095796676 0.1762585532746823 0.33938172043010756 0.1829789833822092 0.3335777126099707 0.19061583577712607 0.33113391984359725 0.19641984359726294 0.3296065493646139 0.20008553274682306 0.3335777126099707 0.2022238514173998 0.33846529814271753 0.19519794721407624 0.3421309872922776 0.18695014662756598 0.344574780058651 0.1826735092864125 0.3464076246334311 0.17931329423264905 0.34885141739980446 0.17534213098729226 0.3503787878787879 0.17167644183773217 0.3534335288367546 0.1658724340175953 0.3546554252199413 0.1634286412512219 0.35557184750733134 0.1606793743890518 0.35618279569892475 0.15609726295210166 0.35679374389051804 0.15456989247311828
