1 0.8875968992248062 0.09925249169435221 0.8896733111849391 0.0906007751937985 0.8938261351052048 0.08610188261351057 0.9024778516057584 0.08229512735326695 0.9135520487264673 0.0805647840531562 0.9239341085271316 0.0805647840531562 0.9357004429678848 0.0812569213732005 0.9429678848283499 0.0833333333333334 0.9495431893687708 0.08506367663344412 0.9575027685492802 0.08817829457364347 0.964424141749723 0.0912929125138428 0.9703073089700995 0.09509966777408643 0.9761904761904762 0.09959856035437435 0.9799972314507197 0.10444352159468444 0.9810354374307863 0.11067275747508311 0.9810354374307863 0.11690199335548178 0.978266888150609 0.1234772978959026 0.9748062015503876 0.12659191583610194 0.9699612403100775 0.12901439645625698 0.9658084163898117 0.131436877076412 0.9602713178294573 0.13351328903654494 0.9533499446290143 0.1348975636766335 0.9440060908084164 0.13524363233665565 0.9374307862679955 0.13558970099667783 0.9312015503875968 0.1348975636766335 0.924626245847176 0.13316722037652276 0.9163205980066444 0.12970653377630129 0.9083610188261351 0.12520764119601335 0.9021317829457364 0.12036267995570325 0.8969407530454042 0.1141334440753046 0.8931339977851604 0.10825027685492807 0.8907115171650055 0.10409745293466229
1 0.8450304540420819 0.02415559246954602 0.8433001107419712 0.0276162790697675 0.8426079734219268 0.03211517165005543 0.8422619047619048 0.03592192691029906 0.8408776301218162 0.03903654485049839 0.8388012181616832 0.04249723145071988 0.8360326688815061 0.04457364341085277 0.8308416389811738 0.04630398671096351 0.8235741971207087 0.047342192691029954 0.8156146179401993 0.047342192691029954 0.8083471760797342 0.04595791805094136 0.7996954595791804 0.043535437430786326 0.7924280177187153 0.040074750830564845 0.7844684385382059 0.03349944629014402 0.7806616832779623 0.028654485049833946 0.7720099667774086 0.012389258028792975 0.768549280177187 0.0002768549280177816 0.838455149501661 0.0002768549280177816 0.8394933554817274 0.00269933554817282 0.8419158361018826 0.00892857142857149 0.8433001107419712 0.01308139534883727 0.8439922480620154 0.016542081949058755
1 0.523186600221484 0.042151162790697735 0.5190337763012182 0.04561184939091922 0.513842746400886 0.04941860465116285 0.5076135105204873 0.05184108527131789 0.5010382059800665 0.05218715393134003 0.4927325581395349 0.05253322259136218 0.4858111849390919 0.05253322259136218 0.47819767441860467 0.05184108527131789 0.4698920265780731 0.05011074197120714 0.465047065337763 0.048726467331118545 0.4605481727574751 0.04630398671096351 0.4546650055370986 0.042151162790697735 0.45085825027685494 0.0383444075304541 0.4470514950166113 0.033153377630121876 0.4442829457364342 0.026924141749723206 0.44220653377630126 0.020348837209302386 0.4314784053156147 0.0013150609080842266 0.5054505813953524 0.0 0.5134966777408638 0.0030454042081949685 0.5166112956810631 0.007198228128460748 0.5183416389811739 0.011697120708748678 0.5197259136212625 0.01550387596899231 0.5211101882613511 0.020694905869324536 0.5221483942414176 0.024847729789590316 0.523186600221484 0.029346622369878245 0.5238787375415282 0.03280730897009973 0.5245708748615726 0.0369601328903655
1 0.8128460686600221 0.210686600221484 0.8145764119601329 0.2086101882613511 0.8156146179401993 0.20514950166112964 0.8166528239202658 0.20203488372093031 0.8176910299003323 0.19892026578073096 0.8204595791805094 0.19649778516057592 0.8249584717607974 0.19545957918050946 0.8277270210409745 0.19442137320044303 0.831533776301218 0.1926910299003323 0.8356866002214839 0.19130675526024368 0.8401854928017719 0.1906146179401994 0.8443383167220376 0.1906146179401994 0.8474529346622369 0.19130675526024368 0.8495293466223699 0.19442137320044303 0.8516057585825028 0.1971899224806202 0.8543743078626799 0.20134274640088598 0.8581810631229235 0.20514950166112964 0.8595653377630121 0.20791805094130683 0.8606035437430786 0.21137873754152828 0.8602574750830564 0.21518549280177193 0.8585271317829457 0.21933831672203769 0.856796788482835 0.22314507198228134 0.8543743078626799 0.22799003322259143 0.8516057585825028 0.23318106312292367 0.8491832779623477 0.23733388704318945 0.847799003322259 0.2401024363233666 0.8439922480620154 0.24633167220376528 0.8412236987818383 0.25013842746400894 0.8381090808416389 0.2542912513842747 0.8353405315614617 0.257405869324474 0.8325719822812846 0.25982834994462906 0.8294573643410852 0.26155869324473985 0.8228820598006644 0.26328903654485053 0.8142303433001107 0.26398117386489484 0.808001107419712 0.2625968992248063 0.8052325581395349 0.26121262458471767 0.8028100775193798 0.2587901439645626 0.8014258028792912 0.25463732004429684 0.8007336655592469 0.24840808416389817 0.8003875968992247 0.2435631229235881 0.8000415282392026 0.2401024363233666 0.7996954595791804 0.23491140642303437 0.7993493909191582 0.23041251384274647 0.7990033222591362 0.22556755260243638 0.8007336655592469 0.22106866002214845 0.8041943521594684 0.21933831672203769 0.808001107419712 0.21587763012181624
1 0.8938261351052048 0.33354097452934667 0.891749723145072 0.3314645625692138 0.8889811738648947 0.32696566998892584 0.8875968992248062 0.32315891472868224 0.8869047619047618 0.3200442967884829 0.8858665559246953 0.31692967884828355 0.8851744186046511 0.31277685492801777 0.8848283499446289 0.3089700996677741 0.8848283499446289 0.3044712070874862 0.8858665559246953 0.2999723145071983 0.887250830564784 0.2954734219269104 0.8886351052048727 0.2913205980066446 0.8907115171650055 0.2878599114064231 0.8927879291251384 0.2843992248062016 0.8945182724252491 0.28128460686600226 0.8972868217054263 0.2771317829457365 0.9004014396456256 0.2729789590254707 0.9024778516057584 0.27021040974529353 0.9052464008859358 0.2677879291251385 0.9083610188261351 0.26571151716500563 0.9118217054263565 0.264327242524917 0.9149363233665558 0.26328903654485053 0.9194352159468439 0.2629429678848284 0.9263565891472868 0.26398117386489484 0.9305094130675525 0.26467331118493914 0.9339700996677741 0.266749723145072 0.9370847176079734 0.2691722037652271 0.9401993355481727 0.2722868217054264 0.9422757475083057 0.2757475083056479 0.9440060908084164 0.28059246954595796 0.9446982281284606 0.2850913621262459 0.9450442967884828 0.29062846068660025 0.9450442967884828 0.2958194905869325 0.9443521594684385 0.3003183831672204 0.9433139534883721 0.3041251384274641 0.9415836101882612 0.30723975636766343 0.9405454042081948 0.3103543743078628 0.9388150609080841 0.3148532668881507 0.9370847176079734 0.31831395348837216 0.9350083056478405 0.3217746400885936 0.9332779623477296 0.3245431893687708 0.931547619047619 0.32765780730897015 0.9298172757475083 0.3314645625692138 0.9277408637873754 0.33388704318936885 0.9253183831672203 0.3359634551495017 0.9215116279069767 0.3376937984496125 0.9163205980066444 0.33977021040974537 0.9125138427464009 0.3411544850498339 0.9080149501661129 0.3421926910299004 0.9052464008859358 0.3421926910299004 0.9017857142857142 0.3404623477297896 0.8976328903654485 0.33734772978959027
1 0.786890919158361 0.36537929125138435 0.7855066445182725 0.35465116279069775 0.7872369878183831 0.34946013289036554 0.7900055370985603 0.3463455149501662 0.7934662236987818 0.34253875968992253 0.7955426356589147 0.33977021040974537 0.7983111849390918 0.33700166112956814 0.8010797342192691 0.33457918050941315 0.8041943521594684 0.33250276854928024 0.8083471760797342 0.3304263565891474 0.8114617940199336 0.3286960132890366 0.8149224806201549 0.32765780730897015 0.8176910299003323 0.327311738648948 0.8225359911406422 0.32765780730897015 0.8263427464008859 0.32834994462901446 0.8325719822812846 0.3290420819490587 0.8367248062015503 0.3300802879291252 0.8408776301218162 0.3307724252491695 0.8436461794019933 0.33181063122923593 0.8464147286821705 0.3331949058693245 0.849875415282392 0.3356173864894796 0.8516057585825028 0.3376937984496125 0.8533361018826134 0.34150055370985605 0.8543743078626799 0.3449612403100775 0.8543743078626799 0.3487679955703212 0.854720376522702 0.35257475083056483 0.8543743078626799 0.3560354374307863 0.8529900332225913 0.35845791805094135 0.8502214839424141 0.3615725359911407 0.8460686600221483 0.3664174972314508 0.8426079734219268 0.36953211517165013 0.838455149501661 0.3719545957918051 0.8346483942414175 0.37437707641196016 0.8304955703211516 0.3761074197120709 0.8273809523809523 0.3771456256921374 0.8249584717607974 0.3778377630121817 0.8190753045404208 0.37852990033222594 0.8131921373200443 0.3788759689922481 0.8069629014396456 0.3788759689922481 0.8038482834994463 0.3781838316722038 0.7996954595791804 0.376453488372093 0.7965808416389811 0.3754152823920266 0.7931201550387595 0.37333887043189373 0.789313399778516 0.37057032115171656
1 0.9166666666666666 0.3857973421926911 0.9163205980066444 0.3771456256921374 0.9177048726467331 0.371608527131783 0.9201273532668881 0.36710963455149503 0.9239341085271316 0.36261074197120713 0.9277408637873754 0.35915005537098565 0.9322397563676632 0.3560354374307863 0.9367386489479512 0.3536129568106313 0.9405454042081948 0.3518826135105205 0.9450442967884828 0.35049833887043197 0.9481589147286821 0.3501522702104098 0.9530038759689922 0.34946013289036554 0.9581949058693244 0.3487679955703212 0.9633859357696566 0.34807585825027687 0.9661544850498339 0.34807585825027687 0.9703073089700995 0.3487679955703212 0.9741140642303433 0.34946013289036554 0.9786129568106311 0.34980620155038766 0.9841500553709855 0.34980620155038766 0.9893410852713178 0.34980620155038766 0.9917635658914729 0.34980620155038766 0.9934939091915835 0.35222868217054265 0.99453211517165 0.35638150609080843 0.9952242524916942 0.35915005537098565 0.9959163898117386 0.362264673311185 0.9969545957918051 0.36710963455149503 0.9969545957918051 0.371608527131783 0.9962624584717606 0.37506921373200447 0.9931478405315614 0.37922203765227025 0.9910714285714285 0.38129844961240317 0.9893410852713178 0.38372093023255816 0.9865725359911406 0.3857973421926911 0.9841500553709855 0.3875276854928018 0.9803433001107419 0.38960409745293473 0.9751522702104097 0.3909883720930233 0.9716915836101881 0.3927187153931341 0.9682308970099668 0.39444905869324476 0.964424141749723 0.39583333333333337 0.9606173864894795 0.39687153931339986 0.9564645625692136 0.3982558139534884 0.9526578073089701 0.39929401993355484 0.9491971207087485 0.39964008859357697 0.945390365448505 0.39964008859357697 0.940891472868217 0.39964008859357697 0.9370847176079734 0.39860188261351054 0.9329318936877076 0.397217607973422 0.9298172757475083 0.3954872646733112 0.9260105204872645 0.3937569213732005 0.9232419712070874 0.3913344407530454
1 0.49930786267995575 0.3871816168327797 0.4892718715393134 0.38475913621262464 0.48442691029900337 0.38441306755260246 0.48165836101882614 0.38372093023255816 0.47888981173864903 0.38095238095238104 0.4768133997785161 0.37679955703211526 0.4761212624584718 0.3729928017718716 0.4761212624584718 0.36883997785160577 0.4761212624584718 0.3657253599114065 0.47785160575858254 0.3615725359911407 0.4806201550387597 0.3577657807308971 0.4858111849390919 0.34980620155038766 0.4892718715393134 0.3466915836101883 0.49480897009966784 0.34357696566998897 0.49861572535991144 0.3411544850498339 0.5017303433001108 0.33977021040974537 0.506921373200443 0.3376937984496125 0.5107281284606866 0.33700166112956814 0.5148809523809524 0.336655592469546 0.5193798449612403 0.336655592469546 0.5242248062015504 0.33630952380952384 0.5276854928017719 0.33630952380952384 0.5308001107419712 0.33700166112956814 0.5349529346622369 0.33838593576965675 0.5391057585825028 0.33977021040974537 0.5429125138427463 0.34150055370985605 0.5446428571428571 0.34253875968992253 0.5470653377630121 0.3453073089700997 0.5498338870431893 0.35049833887043197 0.551218161683278 0.3560354374307863 0.5515642303433002 0.3594961240310078 0.551218161683278 0.36434108527131787 0.5498338870431893 0.36849390919158365 0.5477574750830564 0.371608527131783 0.5449889258028793 0.37403100775193804 0.542220376522702 0.3761074197120709 0.5377214839424141 0.37852990033222594 0.5339147286821705 0.38129844961240317 0.5290697674418605 0.38372093023255816 0.5228405315614618 0.3857973421926911 0.518687707641196 0.3868355481727575 0.5134966777408638 0.3871816168327797 0.5072674418604651 0.3871816168327797
1 0.3605343300110742 0.34357696566998897 0.3594961240310078 0.33977021040974537 0.3594961240310078 0.3349252491694353 0.35984219269102996 0.3304263565891474 0.3619186046511629 0.3248892580287929 0.36434108527131787 0.3200442967884829 0.3667635658914729 0.31623754152823924 0.36883997785160577 0.31450719822812856 0.3709163898117387 0.31104651162790703 0.37403100775193804 0.3079318936877077 0.3761074197120709 0.3065476190476191 0.3795681063122924 0.3044712070874862 0.38545127353266895 0.30204872646733116 0.39444905869324476 0.3003183831672204 0.4044850498338871 0.29893410852713187 0.413482834994463 0.29893410852713187 0.4200581395348838 0.2999723145071983 0.42594130675526026 0.30135658914728686 0.4290559246954596 0.30308693244739765 0.43217054263565896 0.3051633444075305 0.434593023255814 0.308624031007752 0.43736157253599117 0.3107004429678849 0.4411683277962348 0.3131229235880399 0.44359080841638987 0.3151993355481728 0.4449750830564784 0.3200442967884829 0.4453211517165006 0.3238510520487265 0.4453211517165006 0.3280038759689923 0.4442829457364342 0.33181063122923593 0.44220653377630126 0.33457918050941315 0.43874584717607973 0.33907807308970106 0.43528516057585825 0.34150055370985605 0.43182447397563684 0.34357696566998897 0.42767165005537106 0.345999446290144 0.4224806201550388 0.3487679955703212 0.4172895902547066 0.3515365448504984 0.4117524916943522 0.35257475083056483 0.40621539313399785 0.3536129568106313 0.39998615725359915 0.3536129568106313 0.3934108527131783 0.3532668881506091 0.3892580287929126 0.35292081949058696 0.38441306755260246 0.35222868217054265 0.37922203765227025 0.3515365448504984 0.3736849390919159 0.3508444075304541 0.37057032115171656 0.3501522702104098 0.3674557032115172 0.3491140642303433 0.36364894795127356 0.3466915836101883
1 0.3830287929125139 0.44843576965669996 0.3778377630121817 0.443936877076412 0.3771456256921374 0.4418604651162791 0.37679955703211526 0.43736157253599117 0.3771456256921374 0.4332087486157254 0.3788759689922481 0.4294019933554818 0.38095238095238104 0.4242109634551496 0.38337486157253603 0.4190199335548173 0.3864894795127354 0.41452104097452935 0.390296234772979 0.41209856035437437 0.39583333333333337 0.4096760797342193 0.40206256921373207 0.40794573643410853 0.41140642303433006 0.40621539313399785 0.418327796234773 0.4044850498338871 0.4238648947951274 0.4034468438538206 0.4304401993355482 0.4031007751937985 0.4404761904761905 0.4034468438538206 0.4449750830564784 0.4051771871539314 0.4487818383167221 0.4075996677740864 0.45258859357696574 0.41002214839424145 0.45639534883720934 0.41244462901439655 0.4605481727574751 0.4155592469545958 0.4640088593576966 0.41867386489479513 0.4657392026578073 0.4217884828349945 0.46608527131782945 0.42767165005537106 0.465047065337763 0.4332087486157254 0.462624584717608 0.4380537098560355 0.4605481727574751 0.44151439645625695 0.45777962347729795 0.4449750830564784 0.4546650055370986 0.4487818383167221 0.45224252491694356 0.45085825027685494 0.4470514950166113 0.4539728682170543 0.44220653377630126 0.4553571428571429 0.43701550387596905 0.45708748615725364 0.4335548172757476 0.4584717607973422 0.4304401993355482 0.45881782945736443 0.42490310077519383 0.4595099667774087 0.42109634551495023 0.45985603543743087 0.415905315614618 0.460202104097453 0.41140642303433006 0.460202104097453 0.4072535991140643 0.45985603543743087 0.40379291251384275 0.45916389811738656 0.39860188261351054 0.45777962347729795 0.39479512735326694 0.45639534883720934 0.3913344407530454 0.4546650055370986 0.3885658914728683 0.45328073089701
1 0.4847729789590255 0.49307862679955705 0.48269656699889263 0.4899640088593577 0.48165836101882614 0.48719545957918053 0.48165836101882614 0.4847729789590255 0.4820044296788483 0.4809662236987819 0.48338870431893693 0.47750553709856036 0.4858111849390919 0.4750830564784054 0.48892580287929127 0.4733527131782946 0.4927325581395349 0.4709302325581396 0.49723145071982283 0.46850775193798455 0.5017303433001108 0.46643133997785163 0.506921373200443 0.46435492801771877 0.5141888150609081 0.462624584717608 0.520764119601329 0.4612403100775194 0.5263012181616833 0.4605481727574751 0.5321843853820598 0.460202104097453 0.5380675526024363 0.460202104097453 0.5425664451827242 0.4608942414174973 0.5463732004429679 0.46297065337763016 0.5498338870431893 0.465047065337763 0.5526024363233666 0.46816168327796237 0.5546788482834994 0.4716223698781839 0.556063122923588 0.4750830564784054 0.5571013289036544 0.4795819490586933 0.5574473975636766 0.48615725359911405 0.556063122923588 0.4920404208194906 0.553640642303433 0.4965393133997785 0.551218161683278 0.4989617940199336 0.5474114064230343 0.5017303433001108 0.5425664451827242 0.5038067552602437 0.5373754152823921 0.5055370985603544 0.5328765227021042 0.506921373200443 0.5276854928017719 0.5079595791805095 0.5204180509413068 0.5086517165005537 0.5155730897009967 0.5086517165005537 0.5100359911406424 0.5086517165005537 0.5058831672203765 0.5083056478405317 0.5017303433001108 0.506921373200443 0.49861572535991144 0.5051910299003323 0.49446290143964566 0.5031146179401994 0.4916943521594685 0.5010382059800665 0.4896179401993356 0.49930786267995575 0.48788759689922484 0.4968853820598007
1 0.4698920265780731 0.5404900332225914 0.47231450719822815 0.539797895902547 0.47923588039867115 0.5349529346622369 0.48165836101882614 0.5342607973421927 0.4847729789590255 0.5335686600221483 0.4899640088593577 0.5321843853820598 0.4989617940199336 0.5308001107419712 0.5027685492801772 0.530107973421927 0.506921373200443 0.5297619047619048 0.5117663344407531 0.5304540420819491 0.5169573643410853 0.5318383167220377 0.5221483942414176 0.5332225913621262 0.5266472868217055 0.5342607973421927 0.5294158361018827 0.5349529346622369 0.5328765227021042 0.5370293466223699 0.5363372093023256 0.5394518272425249 0.5387596899224806 0.5425664451827242 0.5401439645625692 0.5481035437430786 0.5404900332225914 0.5532945736434108 0.5394518272425249 0.5598698781838317 0.5363372093023256 0.5654069767441859 0.5328765227021042 0.5702519379844961 0.5287236987818383 0.5750968992248062 0.5249169435215947 0.579249723145072 0.5204180509413068 0.58374861572536 0.5169573643410853 0.5858250276854928 0.5131506090808416 0.5865171650055371 0.5086517165005537 0.5858250276854928 0.5034606866002215 0.5858250276854928 0.4989617940199336 0.5861710963455149 0.49411683277962354 0.5868632336655593 0.48892580287929127 0.5875553709856035 0.4854651162790698 0.5875553709856035 0.47923588039867115 0.5851328903654485 0.4740448504983389 0.5830564784053156 0.46816168327796237 0.5799418604651162 0.4647009966777409 0.5782115171650055 0.4619324473975637 0.5761351052048727 0.45881782945736443 0.5712901439645626 0.45743355481727577 0.5671373200442968 0.4567414174972315 0.5643687707641195 0.45639534883720934 0.5602159468438538 0.45708748615725364 0.5553709856035437 0.45881782945736443 0.5508720930232557 0.46158637873754155 0.5463732004429679 0.4647009966777409 0.5436046511627908
1 0.3286960132890366 0.5761351052048727 0.329734219269103 0.5733665559246954 0.3331949058693245 0.5678294573643411 0.3349252491694353 0.5657530454042081 0.33803986710963463 0.562984496124031 0.3418466223698783 0.5609080841638981 0.3463455149501662 0.5581395348837208 0.3508444075304541 0.556063122923588 0.3549972314507199 0.5543327796234773 0.3594961240310078 0.5529485049833887 0.3650332225913622 0.5529485049833887 0.3709163898117387 0.5529485049833887 0.37472314507198234 0.5529485049833887 0.3795681063122924 0.5529485049833887 0.38475913621262464 0.5532945736434108 0.38960409745293473 0.5546788482834994 0.3934108527131783 0.556063122923588 0.397217607973422 0.5577934662236987 0.40102436323366564 0.5609080841638981 0.404138981173865 0.5640227021040974 0.40656146179402 0.5671373200442968 0.40829180509413077 0.572328349944629 0.4093300110741972 0.5782115171650055 0.408983942414175 0.584094684385382 0.40656146179402 0.5896317829457364 0.4044850498338871 0.59343853820598 0.40206256921373207 0.5958610188261351 0.3989479512735327 0.5986295681063123 0.39514119601328906 0.6007059800664452 0.390296234772979 0.6024363233665558 0.38545127353266895 0.6031284606866002 0.38095238095238104 0.6041666666666666 0.37506921373200447 0.6058970099667774 0.3719545957918051 0.6062430786267996 0.3664174972314508 0.6065891472868217 0.362264673311185 0.6076273532668881 0.35984219269102996 0.6076273532668881 0.35638150609080843 0.607281284606866 0.3532668881506091 0.6065891472868217 0.34980620155038766 0.6052048726467331 0.3453073089700997 0.6031284606866002 0.3411544850498339 0.6010520487264673 0.3376937984496125 0.5986295681063123 0.3349252491694353 0.5958610188261351 0.3280038759689923 0.5875553709856035 0.3266196013289037 0.5813261351052048
1 0.5290697674418605 0.6910299003322258 0.5204180509413068 0.6861849390919158 0.5179955703211517 0.6837624584717609 0.5152270210409745 0.6803017718715393 0.5128045404208196 0.6768410852713178 0.5110741971207088 0.6737264673311184 0.5083056478405317 0.6688815060908084 0.5072674418604651 0.6643826135105204 0.5072674418604651 0.6602297895902546 0.5079595791805095 0.6550387596899224 0.509343853820598 0.6512320044296788 0.5117663344407531 0.6484634551495017 0.5148809523809524 0.6460409745293466 0.5245708748615726 0.6453488372093024 0.530107973421927 0.6460409745293466 0.5342607973421927 0.6463870431893688 0.5404900332225914 0.647079180509413 0.5460271317829457 0.6481173864894795 0.5487956810631228 0.6491555924695459 0.5522563676633444 0.6505398671096345 0.5567552602436323 0.6522702104097452 0.5602159468438538 0.6543466223698782 0.5643687707641195 0.656423034330011 0.5681755260243633 0.6584994462901439 0.5716362126245846 0.6598837209302325 0.5764811738648948 0.6626522702104097 0.5802879291251384 0.6650747508305648 0.5827104097452935 0.6681893687707642 0.5854789590254706 0.6737264673311184 0.5865171650055371 0.6785714285714286 0.5865171650055371 0.6834163898117386 0.5854789590254706 0.6872231450719822 0.584094684385382 0.6903377630121815 0.581672203765227 0.6941445182724252 0.5782115171650055 0.6976052048726467 0.5740586932447397 0.6996816168327796 0.569905869324474 0.7007198228128461 0.5640227021040974 0.7021040974529347 0.5591777408637874 0.7024501661129567 0.5553709856035437 0.7024501661129567 0.5494878183831672 0.7014119601328903 0.5432585825027686 0.6996816168327796 0.5373754152823921 0.6976052048726467
1 0.39964008859357697 0.6443106312292358 0.40137043189368776 0.642234219269103 0.40483111849390924 0.637389258028793 0.4075996677740864 0.6356589147286821 0.41140642303433006 0.6342746400885936 0.4155592469545958 0.6332364341085271 0.42144241417497236 0.6325442967884828 0.4269795127353267 0.6318521594684385 0.43078626799557035 0.6311600221483943 0.4332087486157254 0.6311600221483943 0.43632336655592474 0.6311600221483943 0.44082225913621265 0.6325442967884828 0.44601328903654486 0.6339285714285714 0.4505121816168328 0.63531284606866 0.4550110741971208 0.6363510520487264 0.45916389811738656 0.637735326688815 0.46331672203765234 0.6398117386489479 0.4674695459579181 0.642234219269103 0.47231450719822815 0.6450027685492802 0.4754291251384275 0.647079180509413 0.47888981173864903 0.6508859357696566 0.48269656699889263 0.656423034330011 0.48442691029900337 0.6612679955703211 0.4847729789590255 0.6661129568106312 0.48408084163898124 0.6706118493909191 0.4823504983388705 0.6733803986710963 0.47992801771871546 0.6764950166112957 0.47646733111849393 0.6792635658914729 0.4716223698781839 0.6809939091915835 0.46331672203765234 0.68203211517165 0.4567414174972315 0.68203211517165 0.4498200442967885 0.6816860465116279 0.44324473975636774 0.6809939091915835 0.4394379844961241 0.6799557032115171 0.43528516057585825 0.6792635658914729 0.4294019933554818 0.6782253599114064 0.42490310077519383 0.67718715393134 0.41971207087486156 0.6758028792912513 0.4131367663344408 0.6733803986710963 0.40829180509413077 0.6709579180509413 0.40483111849390924 0.6674972314507197 0.40102436323366564 0.6623062015503876 0.3989479512735327 0.6581533776301217
1 0.38475913621262464 0.7540143964562568 0.3871816168327797 0.7491694352159468 0.390296234772979 0.7464008859357697 0.39444905869324476 0.7439784053156145 0.39929401993355484 0.7415559246954595 0.404138981173865 0.7394795127353266 0.4093300110741972 0.7384413067552601 0.41417497231450723 0.7384413067552601 0.41867386489479513 0.7384413067552601 0.4235188261351052 0.7394795127353266 0.4287098560354375 0.7405177187153931 0.4335548172757476 0.7422480620155039 0.4394379844961241 0.7446705426356588 0.44324473975636774 0.747093023255814 0.4470514950166113 0.7512458471760797 0.4494739756367664 0.7557447397563677 0.4512043189368771 0.7609357696566998 0.45224252491694356 0.7661267995570321 0.45258859357696574 0.77062569213732 0.45258859357696574 0.7765088593576965 0.45258859357696574 0.7806616832779623 0.45224252491694356 0.7851605758582502 0.45016611295681064 0.7879291251384274 0.4473975636766335 0.7896594684385382 0.4453211517165006 0.7910437430786267 0.44324473975636774 0.791735880398671 0.4390919158361019 0.7920819490586931 0.43286267995570327 0.7920819490586931 0.42663344407530457 0.7910437430786267 0.42109634551495023 0.7889673311184938 0.4155592469545958 0.786890919158361 0.41036821705426363 0.784814507198228 0.4031007751937985 0.782392026578073 0.3982558139534884 0.7803156146179402 0.39514119601328906 0.7789313399778516 0.3920265780730897 0.7768549280177186 0.38960409745293473 0.7737403100775193 0.3875276854928018 0.7695874861572535 0.3857973421926911 0.7647425249169435 0.38475913621262464 0.7602436323366555
1 0.8446843853820597 0.670265780730897 0.8398394241417496 0.6623062015503876 0.838455149501661 0.6574612403100775 0.8374169435215946 0.6512320044296788 0.8370708748615725 0.6446566998892579 0.8370708748615725 0.6380813953488372 0.8381090808416389 0.6308139534883721 0.840531561461794 0.6245847176079734 0.8439922480620154 0.6193936877076411 0.8474529346622369 0.6162790697674418 0.8512596899224806 0.6138565891472868 0.8550664451827241 0.6117801771871538 0.8595653377630121 0.6107419712070874 0.8647563676633444 0.6100498338870431 0.8706395348837208 0.6100498338870431 0.8751384274640088 0.6114341085271318 0.8782530454042081 0.614202657807309 0.8810215946843853 0.6180094130675525 0.8834440753045404 0.6221622369878184 0.8851744186046511 0.6252768549280177 0.8869047619047618 0.6301218161683279 0.8879429678848283 0.63531284606866 0.8886351052048727 0.6394656699889257 0.8893272425249169 0.6439645625692136 0.8896733111849391 0.6495016611295681 0.8896733111849391 0.6550387596899224 0.8896733111849391 0.6602297895902546 0.8879429678848283 0.6647286821705426 0.8855204872646733 0.6688815060908084 0.882751937984496 0.6730343300110742 0.8813676633444075 0.675110741971207 0.8775609080841638 0.6782253599114064 0.8734080841638981 0.6809939091915835 0.8692552602436323 0.6823781838316721 0.8619878183831672 0.6823781838316721 0.8578349944629015 0.6813399778516057 0.8526439645625692 0.6789174972314507 0.8491832779623477 0.67718715393134
1 0.8997093023255813 0.5532945736434108 0.9045542635658914 0.5456810631229235 0.9083610188261351 0.5429125138427463 0.9138981173864894 0.539797895902547 0.9177048726467331 0.5380675526024363 0.9211655592469545 0.5373754152823921 0.9256644518272424 0.5373754152823921 0.9308554817275747 0.5370293466223699 0.9353543743078626 0.5370293466223699 0.9388150609080841 0.5370293466223699 0.9440060908084164 0.5370293466223699 0.9481589147286821 0.5370293466223699 0.9530038759689922 0.5380675526024363 0.9588870431893688 0.5394518272425249 0.9637320044296788 0.5411821705426356 0.9678848283499446 0.5429125138427463 0.9716915836101881 0.5449889258028793 0.9751522702104097 0.5477574750830564 0.980689368770764 0.5519102990033222 0.9838039867109634 0.5567552602436323 0.985188261351052 0.5633305647840531 0.985188261351052 0.5692137320044297 0.9838039867109634 0.5730204872646733 0.980689368770764 0.5768272425249169 0.9754983388704318 0.5799418604651162 0.9706533776301217 0.5827104097452935 0.9678848283499446 0.584094684385382 0.964424141749723 0.5854789590254706 0.9609634551495017 0.5865171650055371 0.9564645625692136 0.5865171650055371 0.9509274640088593 0.5861710963455149 0.9464285714285714 0.5851328903654485 0.9405454042081948 0.584094684385382 0.9346622369878184 0.5834025470653378 0.9294712070874861 0.5820182724252491 0.924626245847176 0.5806339977851606 0.9208194905869325 0.5785575858250277 0.9170127353266887 0.5764811738648948 0.9125138427464009 0.5730204872646733 0.9087070874861571 0.5695598006644518 0.9042081949058693 0.5650609080841639 0.9007475083056478 0.5598698781838317
1 0.9253183831672203 0.7014119601328903 0.9298172757475083 0.6917220376522702 0.931547619047619 0.6892995570321151 0.9336240310077518 0.6861849390919158 0.936392580287929 0.6827242524916943 0.9398532668881505 0.6792635658914729 0.9436600221483942 0.6754568106312292 0.9481589147286821 0.6719961240310077 0.9530038759689922 0.6695736434108527 0.9592331118493909 0.6681893687707642 0.9647702104097452 0.6678433001107419 0.9692691029900332 0.6678433001107419 0.9727297895902546 0.6678433001107419 0.9768826135105204 0.6695736434108527 0.9803433001107419 0.6719961240310077 0.9834579180509413 0.6758028792912513 0.985188261351052 0.6803017718715393 0.9858803986710962 0.6858388704318936 0.9858803986710962 0.6917220376522702 0.985188261351052 0.6955287929125138 0.9838039867109634 0.7000276854928018 0.9793050941306755 0.7097176079734219 0.9803433001107419 0.7093715393133998 0.9754983388704318 0.7187153931339978 0.9671926910299004 0.7270210409745294 0.9630398671096345 0.730827796234773 0.9581949058693244 0.7346345514950166 0.954734219269103 0.7370570321151716 0.9516196013289037 0.7391334440753046 0.9474667774086378 0.7405177187153931 0.9395071982281283 0.7405177187153931 0.9350083056478405 0.7394795127353266 0.9301633444075303 0.7367109634551494 0.926702657807309 0.7329042081949059 0.924626245847176 0.7290974529346622 0.9225498338870431 0.7249446290143965 0.922203765227021 0.7200996677740863 0.9218576965669989 0.7156007751937985 0.922203765227021 0.7111018826135105
1 0.8398394241417496 0.7865448504983389 0.8343023255813953 0.7810077519379844 0.8329180509413068 0.7789313399778516 0.8308416389811738 0.7765088593576965 0.8298034330011074 0.7730481727574751 0.8294573643410852 0.7692414174972314 0.8304955703211516 0.7654346622369878 0.8325719822812846 0.7616279069767441 0.8346483942414175 0.7585132890365448 0.8377630121816168 0.7553986710963455 0.8408776301218162 0.7536683277962347 0.8446843853820597 0.7522840531561461 0.8502214839424141 0.7508997785160575 0.8557585825027686 0.7502076411960132 0.8602574750830564 0.749515503875969 0.8647563676633444 0.7491694352159468 0.8689091915836101 0.7488233665559246 0.8723698781838317 0.7488233665559246 0.8761766334440753 0.7491694352159468 0.8803294573643411 0.7505537098560354 0.8834440753045404 0.7522840531561461 0.8869047619047618 0.7540143964562568 0.8889811738648947 0.7571290143964562 0.8914036544850498 0.7598975636766334 0.8934800664451826 0.7626661129568106 0.8952104097452934 0.7668189368770764 0.8962486157253599 0.7709717607973422 0.896594684385382 0.7754706533776301 0.8952104097452934 0.7789313399778516 0.8927879291251384 0.7820459579180509 0.8893272425249169 0.784814507198228 0.8837901439645625 0.7882751937984496 0.8779069767441859 0.7903516057585824 0.8741002214839424 0.7913898117386489 0.8702934662236987 0.7927740863787375 0.8664867109634551 0.7931201550387595 0.8626799557032114 0.793812292358804 0.8581810631229235 0.793812292358804 0.8533361018826134 0.793812292358804 0.8488372093023255 0.7934662236987818 0.8453765227021041 0.7920819490586931
1 0.4802740863787376 0.8246124031007752 0.48269656699889263 0.8149224806201549 0.4858111849390919 0.8111157253599114 0.49065614617940206 0.8062707641196013 0.49723145071982283 0.8014258028792912 0.5034606866002215 0.7979651162790697 0.5103820598006644 0.7948504983388704 0.5193798449612403 0.7931201550387595 0.5294158361018827 0.7927740863787375 0.5359911406423035 0.7931201550387595 0.5425664451827242 0.7948504983388704 0.549141749723145 0.7972729789590254 0.5557170542635659 0.7996954595791804 0.5612541528239202 0.8035022148394241 0.5654069767441859 0.8073089700996677 0.5678294573643411 0.8114617940199336 0.5692137320044297 0.8183831672203765 0.5681755260243633 0.8239202657807309 0.5657530454042081 0.8277270210409745 0.562984496124031 0.8308416389811738 0.558485603543743 0.8339562569213732 0.5546788482834994 0.8363787375415281 0.5487956810631228 0.8388012181616832 0.5418743078626799 0.8391472868217054 0.5263012181616833 0.8412236987818383 0.518687707641196 0.8419158361018826 0.5134966777408638 0.842954042081949 0.5083056478405317 0.8436461794019933 0.5041528239202658 0.8439922480620154 0.5013842746400886 0.8439922480620154 0.4958471760797343 0.8433001107419712 0.4896179401993356 0.8412236987818383 0.48615725359911405 0.8394933554817274 0.48408084163898124 0.8374169435215946 0.48165836101882614 0.8325719822812846
1 0.971345514950166 0.8125 0.9668466223698782 0.8035022148394241 0.9654623477297896 0.7993493909191582 0.964424141749723 0.7941583610188261 0.964078073089701 0.7903516057585824 0.964078073089701 0.7865448504983389 0.9654623477297896 0.779969545957918 0.9682308970099668 0.7727021040974529 0.971345514950166 0.7661267995570321 0.9751522702104097 0.7598975636766334 0.9789590254706533 0.7540143964562568 0.9820736434108527 0.7498615725359911 0.9862264673311184 0.7464008859357697 0.9914174972314507 0.7425941306755259 0.9955703211517164 0.7405177187153931 0.9983388704318936 0.7391334440753046 0.9989583333333333 0.7744428294573688 0.9989583333333333 0.8180370985603543 0.99453211517165 0.8190753045404208 0.9910714285714285 0.819421373200443 0.9865725359911406 0.8187292358803987 0.980689368770764 0.8173449612403101 0.975844407530454 0.8156146179401993
1 0.5896317829457364 0.9419296788482835 0.5868632336655593 0.9401993355481727 0.581672203765227 0.9357004429678848 0.5795957918050941 0.9318936877076411 0.5775193798449613 0.9284330011074197 0.5757890365448505 0.924626245847176 0.574750830564784 0.9190891472868217 0.574750830564784 0.9121677740863787 0.5768272425249169 0.9076688815060907 0.5809800664451826 0.9052464008859358 0.5854789590254706 0.903516057585825 0.5882475083056478 0.9028239202657807 0.5930924695459578 0.9021317829457364 0.5989756367663345 0.9017857142857142 0.6017441860465116 0.9017857142857142 0.6065891472868217 0.9024778516057584 0.6100498338870431 0.903516057585825 0.6148947951273532 0.9049003322259136 0.6183554817275747 0.9066306755260243 0.6211240310077518 0.9080149501661129 0.6242386489479512 0.9107834994462901 0.6280454042081949 0.9138981173864894 0.6321982281284607 0.9170127353266887 0.6356589147286821 0.9194352159468439 0.6387735326688815 0.922203765227021 0.642234219269103 0.9253183831672203 0.6443106312292358 0.9284330011074197 0.6456949058693244 0.9329318936877076 0.6467331118493909 0.9391611295681063 0.6467331118493909 0.9436600221483942 0.6439645625692136 0.9478128460686599 0.6398117386489479 0.9516196013289037 0.6349667774086378 0.9533499446290143 0.6290836101882614 0.9536960132890365 0.6225083056478405 0.9530038759689922 0.6176633444075305 0.9523117386489479 0.614202657807309 0.9516196013289037 0.6100498338870431 0.950235326688815 0.6062430786267996 0.9491971207087485 0.6010520487264673 0.9471207087486156 0.5955149501661129 0.9446982281284606
1 0.5408361018826134 0.9848421926910298 0.542220376522702 0.9834579180509413 0.5484496124031008 0.9803433001107419 0.5515642303433002 0.9796511627906975 0.5543327796234773 0.9786129568106311 0.5571013289036544 0.9779208194905868 0.5609080841638981 0.9768826135105204 0.5643687707641195 0.9765365448504982 0.5688676633444075 0.9765365448504982 0.5733665559246954 0.9772286821705426 0.5782115171650055 0.978266888150609 0.5830564784053156 0.9796511627906975 0.5868632336655593 0.9810354374307863 0.5917081949058693 0.9824197120708749 0.5962070874861571 0.9844961240310077 0.6000138427464009 0.9862264673311184 0.6034745293466223 0.9886489479512736 0.6069352159468439 0.9921096345514949 0.6093576965669989 0.9955703211517164 0.6108977021040974 0.9989583333333333 0.607281284606866 0.9989583333333333 0.5394518272425249 0.9986849390919158 0.5380675526024363 0.9948781838316721 0.5380675526024363 0.9910714285714285
1 0.44359080841638987 0.9021317829457364 0.4487818383167221 0.8948643410852714 0.45362679955703217 0.8931339977851604 0.4608942414174973 0.8910575858250276 0.4688538205980067 0.8900193798449612 0.4754291251384275 0.8896733111849391 0.4806201550387597 0.8896733111849391 0.48823366555924697 0.8896733111849391 0.49515503875968997 0.8910575858250276 0.5038067552602437 0.8927879291251384 0.5114202657807309 0.8952104097452934 0.5183416389811739 0.8983250276854927 0.5224944629014396 0.901439645625692 0.5263012181616833 0.9062846068660022 0.5280315614617941 0.9107834994462901 0.5283776301218163 0.9173588039867109 0.525609080841639 0.9215116279069767 0.5218023255813954 0.9235880398671096 0.5176495016611296 0.9256644518272424 0.5145348837209303 0.9273947951273532 0.5100359911406424 0.9287790697674418 0.5058831672203765 0.9305094130675525 0.502076411960133 0.931547619047619 0.4989617940199336 0.9325858250276854 0.4961932447397564 0.9332779623477296 0.4920404208194906 0.9339700996677741 0.48788759689922484 0.9343161683277962 0.4795819490586933 0.9339700996677741 0.4716223698781839 0.9329318936877076 0.46608527131782945 0.931547619047619 0.4619324473975637 0.9305094130675525 0.4557032115171651 0.9280869324473975 0.45085825027685494 0.9260105204872645 0.4480897009966778 0.9239341085271316 0.4449750830564784 0.9180509413067551 0.44359080841638987 0.9121677740863787
1 0.2778239202657808 0.9578488372093024 0.2691722037652271 0.9523117386489479 0.266749723145072 0.9509274640088593 0.2636351052048727 0.950235326688815 0.26121262458471767 0.9495431893687708 0.2587901439645626 0.9481589147286821 0.2556755260243633 0.945390365448505 0.2535991140642304 0.9426218161683277 0.2522148394241418 0.9388150609080841 0.2522148394241418 0.9336240310077518 0.2529069767441861 0.9280869324473975 0.25532945736434115 0.9228959025470652 0.2580980066445183 0.9190891472868217 0.2625968992248063 0.9166666666666666 0.2709025470653378 0.915282392026578 0.2795542635658915 0.9142441860465116 0.301702657807309 0.9149363233665558 0.3079318936877077 0.9166666666666666 0.31243078626799564 0.9180509413067551 0.31727574750830567 0.9208194905869325 0.3210825027685493 0.9228959025470652 0.32558139534883723 0.9256644518272424 0.32834994462901446 0.9280869324473975 0.3314645625692138 0.9308554817275747 0.33457918050941315 0.9336240310077518 0.3376937984496125 0.936392580287929 0.3394241417497232 0.9384689922480619 0.3411544850498339 0.9412375415282391 0.34150055370985605 0.9467746400885935 0.3408084163898118 0.950235326688815 0.33873200442967893 0.9536960132890365 0.3359634551495017 0.9571566998892579 0.33215669988925806 0.9585409745293466 0.32696566998892584 0.9588870431893688 0.3196982281284607 0.9602713178294573 0.3148532668881507 0.9613095238095237 0.3089700996677741 0.9620016611295681 0.3023947951273533 0.9633859357696566 0.2982419712070875 0.9637320044296788 0.2930509413067553 0.9630398671096345 0.28820598006644527 0.9620016611295681 0.2823228128460687 0.9599252491694352
1 0.05530177187153937 0.8689091915836101 0.061877076411960184 0.8633720930232557 0.06568383167220382 0.8612956810631228 0.06879844961240315 0.8602574750830564 0.07433554817275752 0.8599114064230343 0.08021871539313405 0.8602574750830564 0.08610188261351057 0.8609496124031008 0.09198504983388708 0.8619878183831672 0.09925249169435221 0.8633720930232557 0.10478959025470659 0.8644102990033222 0.11101882613510526 0.8657945736434108 0.1141334440753046 0.8671788482834994 0.11932447397563681 0.8699473975636766 0.12451550387596905 0.8720238095238095 0.12866832779623483 0.8744462901439646 0.13420542635658922 0.8782530454042081 0.1404346622369879 0.882751937984496 0.14527962347729798 0.8879429678848283 0.1508167220376523 0.8948643410852714 0.15462347729789597 0.9004014396456256 0.157045957918051 0.9076688815060907 0.15773809523809532 0.915282392026578 0.1563538205980067 0.9204734219269103 0.15358527131782954 0.9260105204872645 0.1511627906976745 0.9287790697674418 0.14735603543743087 0.9322397563676632 0.14389534883720936 0.9339700996677741 0.14078073089701001 0.9353543743078626 0.13524363233665565 0.9357004429678848 0.12624584717607978 0.936392580287929 0.12001661129568111 0.936046511627907 0.11482558139534889 0.9350083056478405 0.10686600221483948 0.9325858250276854 0.1006367663344408 0.9298172757475083 0.09544573643410859 0.9273947951273532 0.09025470653377636 0.9242801771871538 0.08367940199335554 0.9201273532668881 0.07848837209302331 0.9163205980066444 0.07156699889258035 0.9114756367663345 0.06672203765227028 0.9076688815060907 0.06326135105204879 0.9042081949058693 0.0598006644518273 0.9000553709856035 0.05737818383167226 0.8959025470653378 0.055647840531561514 0.8914036544850498 0.05426356589147293 0.8855204872646733 0.05391749723145078 0.8813676633444075
1 0.20964839424141754 0.8519518272425248 0.2086101882613511 0.8450304540420819 0.20895625692137326 0.8401854928017719 0.21034053156146185 0.8353405315614617 0.21345514950166117 0.831533776301218 0.21795404208194913 0.8273809523809523 0.22383720930232565 0.8246124031007752 0.22972037652270216 0.821843853820598 0.236295681063123 0.8204595791805094 0.2421788482834995 0.8187292358803987 0.24563953488372098 0.8187292358803987 0.252560908084164 0.8187292358803987 0.2587901439645626 0.819421373200443 0.2629429678848284 0.8204595791805094 0.2684800664451828 0.8221899224806201 0.2733250276854928 0.8235741971207087 0.2764396456256922 0.8242663344407529 0.28059246954595796 0.8256506090808416 0.2840531561461795 0.8266888150609081 0.28751384274640096 0.829111295681063 0.29028239202657813 0.831533776301218 0.29270487264673317 0.8339562569213732 0.2954734219269104 0.8377630121816168 0.2982419712070875 0.8436461794019933 0.2999723145071983 0.8505675526024363 0.3003183831672204 0.8561046511627907 0.29893410852713187 0.8602574750830564 0.29616555924695465 0.8630260243632336 0.29166666666666674 0.8654485049833887 0.28751384274640096 0.8682170542635659 0.28301495016611306 0.8702934662236987 0.27678571428571436 0.8720238095238095 0.2722868217054264 0.873062015503876 0.26744186046511637 0.8737541528239202 0.26328903654485053 0.8741002214839424 0.2584440753045405 0.8741002214839424 0.2529069767441861 0.8734080841638981 0.24633167220376528 0.8720238095238095 0.2407945736434109 0.8702934662236987 0.23560354374307868 0.8682170542635659 0.23006644518272432 0.866140642303433 0.2234911406423035 0.863718161683278 0.21760797342192698 0.8612956810631228 0.2141472868217055 0.8588732004429679
1 0.3221207087486158 0.749515503875969 0.3196982281284607 0.7474390919158361 0.3103543743078628 0.7419019933554817 0.30689368770764125 0.7391334440753046 0.3037790697674419 0.7353266888150608 0.30274086378737547 0.7301356589147286 0.30308693244739765 0.7232142857142857 0.30481727574750833 0.719407530454042 0.30827796234772986 0.714908637873754 0.31173864894795134 0.7117940199335547 0.31623754152823924 0.7090254706533776 0.3196982281284607 0.7072951273532669 0.3238510520487265 0.705218715393134 0.3290420819490587 0.7038344407530454 0.33354097452934667 0.7027962347729789 0.33803986710963463 0.7021040974529347 0.34288482834994466 0.7017580287929125 0.34703765227021044 0.7021040974529347 0.3518826135105205 0.7027962347729789 0.3567275747508306 0.7041805094130675 0.35984219269102996 0.705218715393134 0.36364894795127356 0.7072951273532669 0.36710963455149503 0.7117940199335547 0.36883997785160577 0.7162929125138427 0.36953211517165013 0.7214839424141749 0.36918604651162795 0.7256367663344407 0.3674557032115172 0.7315199335548173 0.36434108527131787 0.7363648947951272 0.35984219269102996 0.740171650055371 0.3556893687707642 0.7425941306755259 0.3515365448504984 0.7439784053156145 0.3463455149501662 0.7457087486157252 0.3411544850498339 0.747093023255814 0.33457918050941315 0.7491694352159468
1 0.27401716500553713 0.7502076411960132 0.27159468438538215 0.7526301218161683 0.2670957918050942 0.7550526024363233 0.26155869324473985 0.7567829457364341 0.25463732004429684 0.7571290143964562 0.24736987818383174 0.7564368770764119 0.2401024363233666 0.7553986710963455 0.23283499446290148 0.7533222591362125 0.22487541528239208 0.7505537098560354 0.21726190476190482 0.7467469545957918 0.21137873754152828 0.7422480620155039 0.20653377630121822 0.7370570321151716 0.20203488372093031 0.730827796234773 0.1978820598006645 0.7232142857142857 0.19580564784053162 0.7173311184939092 0.19545957918050946 0.7111018826135105 0.19580564784053162 0.7048726467331118 0.1978820598006645 0.6996816168327796 0.20030454042081955 0.6941445182724252 0.20584163898117394 0.6892995570321151 0.2093023255813954 0.6875692137320044 0.21345514950166117 0.686531007751938 0.22106866002214845 0.6858388704318936 0.22729789590254715 0.6854928017718716 0.23283499446290148 0.6861849390919158 0.23975636766334446 0.6882613510520487 0.2466777408637874 0.6906838316722037 0.25117663344407537 0.6920681063122923 0.2567137320044297 0.6944905869324474 0.2625968992248063 0.6986434108527131 0.2670957918050942 0.7024501661129567 0.27159468438538215 0.7062569213732004 0.27470930232558144 0.7090254706533776 0.2778239202657808 0.7131782945736433 0.2792081949058694 0.7173311184939092 0.2799003322259137 0.7221760797342192 0.2799003322259137 0.7277131782945736 0.2792081949058694 0.7332502768549279 0.2781699889258029 0.7398255813953488
1 0.08402547065337768 0.6124723145071982 0.08575581395348843 0.6000138427464009 0.08956256921373205 0.59343853820598 0.09371539313399783 0.5889396456256921 0.0985603543743079 0.5865171650055371 0.10513565891472873 0.584094684385382 0.1113648947951274 0.5827104097452935 0.11690199335548178 0.5823643410852714 0.12486157253599119 0.5823643410852714 0.13351328903654494 0.5827104097452935 0.13939645625692146 0.58374861572536 0.1449335548172758 0.5854789590254706 0.1511627906976745 0.5879014396456257 0.1563538205980067 0.5906699889258029 0.16154485049833894 0.5937846068660022 0.16569767441860472 0.5968992248062015 0.17019656699889263 0.600359911406423 0.1743493909191584 0.6048588039867109 0.17746400885935776 0.6090116279069767 0.17954042081949065 0.6148947951273532 0.1798864894795128 0.6218161683277963 0.17884828349944637 0.6287375415282391 0.17538759689922487 0.6335825027685492 0.17088870431893696 0.6370431893687708 0.16292912513842753 0.6405038759689922 0.15323920265780738 0.642580287929125 0.14354928017718724 0.6443106312292358 0.13351328903654494 0.6453488372093024 0.12728405315614622 0.6453488372093024 0.12140088593576971 0.6443106312292358 0.11655592469545964 0.642580287929125 0.1120570321151717 0.6394656699889257 0.10721207087486162 0.6356589147286821 0.10340531561461799 0.6332364341085271 0.09925249169435221 0.6304678848283499 0.0933693244739757 0.6252768549280177 0.08990863787375421 0.6218161683277963 0.08644795127353272 0.6176633444075305
1 0.20480343300110748 0.5114202657807309 0.20653377630121822 0.5027685492801772 0.2093023255813954 0.49930786267995575 0.21310908084163904 0.4955011074197121 0.21830011074197128 0.4920404208194906 0.22591362126245854 0.48857973421926915 0.2314507198228129 0.48719545957918053 0.2321428571428572 0.48719545957918053 0.23560354374307868 0.4865033222591363 0.24148671096345523 0.4865033222591363 0.24736987818383174 0.4865033222591363 0.25463732004429684 0.4875415282392027 0.25982834994462906 0.48892580287929127 0.26467331118493914 0.4903100775193799 0.26986434108527135 0.4916943521594685 0.27470930232558144 0.49307862679955705 0.2795542635658915 0.4955011074197121 0.28301495016611306 0.49723145071982283 0.28612956810631235 0.5006921373200444 0.2885520487264674 0.5041528239202658 0.29097452934662243 0.5107281284606866 0.2913205980066446 0.5169573643410853 0.29028239202657813 0.5228405315614618 0.28751384274640096 0.5269933554817275 0.2840531561461795 0.5304540420819491 0.2788621262458472 0.5335686600221483 0.27401716500553713 0.5356450719822813 0.26813399778516067 0.5384136212624585 0.2629429678848284 0.5401439645625692 0.2567137320044297 0.5411821705426356 0.2508305647840532 0.5411821705426356 0.2421788482834995 0.5404900332225914 0.23525747508305656 0.5391057585825028 0.22833610188261358 0.5370293466223699 0.2207225913621263 0.5342607973421927 0.21553156146179406 0.5314922480620156 0.21137873754152828 0.5276854928017719 0.20791805094130683 0.523186600221484 0.20549557032115176 0.5179955703211517
1 0.13074473975636772 0.41694352159468445 0.13455149501661137 0.41209856035437437 0.13870431893687712 0.4086378737541529 0.14320321151716506 0.40656146179402 0.14804817275747514 0.40552325581395354 0.15254706533776308 0.40552325581395354 0.15739202657807316 0.40552325581395354 0.16189091915836107 0.40586932447397567 0.166389811738649 0.40656146179402 0.1712347729789591 0.4075996677740864 0.1743493909191584 0.4086378737541529 0.17850221483942422 0.41002214839424145 0.18161683277962354 0.41209856035437437 0.18369324473975643 0.413482834994463 0.18646179401993362 0.41521317829457366 0.18957641196013295 0.41659745293466227 0.1940753045404209 0.4190199335548173 0.19753599114064235 0.42144241417497236 0.19995847176079742 0.4235188261351052 0.20168881506090813 0.42767165005537106 0.2027270210409746 0.43182447397563684 0.20307308970099675 0.43736157253599117 0.20238095238095244 0.44220653377630126 0.20099667774086385 0.44601328903654486 0.19892026578073096 0.45016611295681064 0.1940753045404209 0.4546650055370986 0.18853820598006651 0.45708748615725364 0.1871539313399779 0.45743355481727577 0.18230897009966782 0.45916389811738656 0.17815614617940204 0.4595099667774087 0.1726190476190477 0.4595099667774087 0.16881229235880407 0.45881782945736443 0.16362126245847183 0.45708748615725364 0.1584302325581396 0.4560492801771872 0.15393133997785166 0.4546650055370986 0.14908637873754157 0.45258859357696574 0.14389534883720936 0.4498200442967885 0.13974252491694358 0.44601328903654486 0.1362818383167221 0.44082225913621265 0.13385935769656707 0.4359772978959026 0.13247508305647845 0.43217054263565896 0.131436877076412 0.4280177187153932
1 0.0175802879291252 0.404138981173865 0.009620708748615788 0.3927187153931341 0.007544296788482897 0.3889119601328904 0.005467884828350007 0.38337486157253603 0.004083610188261414 0.37852990033222594 0.0033914728682171167 0.37472314507198234 0.0030454042081949685 0.3712624584717608 0.0030454042081949685 0.3667635658914729 0.004083610188261414 0.36261074197120713 0.005813953488372155 0.35880398671096353 0.007544296788482897 0.3560354374307863 0.010658914728682235 0.35292081949058696 0.014811738648948015 0.34946013289036554 0.019656699889258094 0.3473837209302326 0.023809523809523874 0.345999446290144 0.027270210409745355 0.3456533776301219 0.03142303433001113 0.3449612403100775 0.036614064230343364 0.3449612403100775 0.04076688815060914 0.3449612403100775 0.044919712070874925 0.3449612403100775 0.04941860465116285 0.3466915836101883 0.05287929125138433 0.3487679955703212 0.05599390919158367 0.3511904761904762 0.059108527131783 0.35430509413067557 0.061531007751938045 0.3581118493909192 0.06326135105204879 0.3619186046511629 0.06499169435215953 0.36607142857142866 0.06672203765227028 0.37057032115171656 0.06810631229235886 0.3757613510520488 0.0691445182724253 0.38129844961240317 0.0691445182724253 0.38614341085271325 0.0691445182724253 0.39064230343300116 0.06776024363233672 0.3965254706533777 0.06533776301218168 0.4017165005537099 0.06291528239202664 0.40586932447397567 0.06049280177187159 0.4093300110741972 0.05737818383167226 0.4117524916943522 0.053225359911406485 0.41452104097452935 0.048380398671096406 0.41659745293466227 0.04284330011074203 0.4179817275747509 0.0376522702104098 0.41867386489479513 0.033153377630121876 0.418327796234773 0.027962347729789654 0.41625138427464015 0.02415559246954602 0.41279069767441867
1 0.21933831672203769 0.3456533776301219 0.22314507198228134 0.33700166112956814 0.2262596899224807 0.3331949058693245 0.23041251384274647 0.3300802879291252 0.23525747508305656 0.327311738648948 0.24114064230343307 0.3245431893687708 0.24840808416389817 0.3217746400885936 0.25498338870431897 0.3200442967884829 0.25948228128460693 0.3193521594684386 0.2636351052048727 0.3193521594684386 0.26744186046511637 0.320390365448505 0.27124861572536 0.3217746400885936 0.27401716500553713 0.32350498338870437 0.2757475083056479 0.3245431893687708 0.27851605758582504 0.3262735326688816 0.28197674418604657 0.3290420819490587 0.28474529346622374 0.33215669988925806 0.2864756367663345 0.3356173864894796 0.28716777408637884 0.33907807308970106 0.28716777408637884 0.3418466223698783 0.28716777408637884 0.345999446290144 0.28578349944629017 0.3515365448504984 0.2833610188261352 0.35638150609080843 0.28059246954595796 0.3612264673311186 0.2788621262458472 0.36399501661129574 0.27540143964562575 0.36710963455149503 0.27124861572536 0.37057032115171656 0.2670957918050942 0.37333887043189373 0.2622508305647841 0.3757613510520488 0.2567137320044297 0.3778377630121817 0.24979235880398676 0.37922203765227025 0.24529346622369885 0.37991417497231456 0.2407945736434109 0.3788759689922481 0.236295681063123 0.37679955703211526 0.23179678848283505 0.37403100775193804 0.22833610188261358 0.3712624584717608 0.22556755260243638 0.36710963455149503 0.22314507198228134 0.3629568106312293 0.22141472868217058 0.35845791805094135 0.22037652270210414 0.35465116279069775 0.21933831672203769 0.34980620155038766
1 0.1362818383167221 0.3141611295681063 0.13524363233665565 0.3165836101882614 0.1321290143964563 0.3221207087486158 0.12970653377630129 0.3241971207087487 0.12728405315614622 0.32696566998892584 0.12451550387596905 0.3293881506090809 0.122093023255814 0.3311184939091916 0.11897840531561467 0.33250276854928024 0.11378737541528244 0.3349252491694353 0.10998062015503882 0.336655592469546 0.10686600221483948 0.33700166112956814 0.10098283499446296 0.33630952380952384 0.09163898117386494 0.33388704318936885 0.08471760797342198 0.33215669988925806 0.0812569213732005 0.329734219269103 0.0791805094130676 0.327311738648948 0.07606589147286827 0.3221207087486158 0.07571982281284613 0.3165836101882614 0.07571982281284613 0.3107004429678849 0.07675802879291257 0.3044712070874862 0.0791805094130676 0.2978959025470654 0.08160299003322265 0.29201273532668887 0.08471760797342198 0.28716777408637884 0.08817829457364347 0.2833610188261352 0.09233111849390925 0.2795542635658915 0.09648394241417503 0.27609357696567005 0.09994462901439652 0.27401716500553713 0.10271317829457369 0.2722868217054264 0.10582779623477304 0.27124861572536 0.11032668881506096 0.27021040974529353 0.11447951273532674 0.26986434108527135 0.11828626799557036 0.26986434108527135 0.12174695459579185 0.2709025470653378 0.12659191583610194 0.2726328903654486 0.13039867109634556 0.27505537098560356 0.13351328903654494 0.27851605758582504 0.13662790697674423 0.2816306755260244 0.13870431893687712 0.2837070874861573 0.1404346622369879 0.28578349944629017 0.14147286821705435 0.2885520487264674 0.14251107419712078 0.29166666666666674 0.14251107419712078 0.29651162790697677 0.14251107419712078 0.2996262458471761 0.14112679955703217 0.30308693244739765 0.13974252491694358 0.30723975636766343
1 0.01792635658914735 0.30066445182724255 0.00927464008859364 0.3041251384274641 0.005813953488372155 0.30550941306755264 0.0013150609080842266 0.30689368770764125 0.0 0.3072224529346623 0.00062292358803993 0.2515227021040975 0.0009689922480620784 0.2515227021040975 0.005813953488372155 0.25325304540420823 0.007544296788482897 0.2542912513842747 0.009620708748615788 0.25532945736434115 0.013773532668881568 0.2577519379844962 0.01792635658914735 0.2608665559246955 0.021040974529346685 0.26328903654485053 0.02346345514950172 0.2670957918050942 0.025539867109634615 0.27159468438538215 0.02623200442967891 0.2764396456256922 0.02657807308970106 0.28301495016611306 0.02623200442967891 0.28820598006644527 0.024847729789590316 0.2930509413067553 0.022771317829457426 0.2975498338870432
1 0.18092469545957926 0.18576965669988932 0.17088870431893696 0.18300110741971215 0.16673588039867118 0.18161683277962354 0.16465946843853826 0.1798864894795128 0.16154485049833894 0.1771179401993356 0.15808416389811744 0.17331118493909198 0.15566168327796243 0.1691583610188262 0.15393133997785166 0.16465946843853826 0.15220099667774092 0.1591223698781839 0.15185492801771877 0.15462347729789597 0.15254706533776308 0.14943244739756376 0.15462347729789597 0.14527962347729798 0.15739202657807316 0.14251107419712078 0.1611987818383168 0.13905038759689928 0.16535160575858257 0.13662790697674423 0.17054263565891478 0.13455149501661137 0.17884828349944637 0.13351328903654494 0.185077519379845 0.13351328903654494 0.1899224806201551 0.13420542635658922 0.19476744186046518 0.1362818383167221 0.19961240310077524 0.13870431893687712 0.20480343300110748 0.14112679955703217 0.20791805094130683 0.14320321151716506 0.21172480620155046 0.14735603543743087 0.2141472868217055 0.15012458471760803 0.21691583610188267 0.1549695459579181 0.21899224806201556 0.16050664451827248 0.21933831672203769 0.16569767441860472 0.21968438538205987 0.1712347729789591 0.21830011074197128 0.17573366555924702 0.21553156146179406 0.17884828349944637 0.21172480620155046 0.18127076411960139 0.20584163898117394 0.18403931339977855 0.20099667774086385 0.18542358803986717 0.19684385382059807 0.18611572535991144 0.19130675526024368 0.18611572535991144 0.18611572535991144 0.18611572535991144
1 0.061531007751938045 0.12970653377630129 0.061877076411960184 0.12970653377630129 0.06672203765227028 0.11586378737541533 0.0691445182724253 0.11309523809523815 0.0726052048726468 0.11032668881506096 0.07641196013289041 0.10825027685492807 0.08091085271317834 0.10686600221483948 0.08748615725359916 0.10651993355481733 0.0933693244739757 0.10617386489479518 0.09717607973421932 0.10617386489479518 0.10098283499446296 0.10686600221483948 0.10444352159468444 0.10790420819490593 0.10825027685492807 0.10928848283499451 0.112749169435216 0.1113648947951274 0.11620985603543747 0.1141334440753046 0.11863233665559253 0.11690199335548178 0.12140088593576971 0.12001661129568111 0.12382336655592474 0.1227851605758583 0.12555370985603548 0.12520764119601335 0.12763012181616837 0.12866832779623483 0.12901439645625698 0.13247508305647845 0.1300526024363234 0.1376661129568107 0.1300526024363234 0.14216500553709863 0.12901439645625698 0.14666389811738656 0.12832225913621267 0.1511627906976745 0.12659191583610194 0.15566168327796243 0.12486157253599119 0.15808416389811744 0.12243909191583616 0.1608527131782946 0.11794019933554822 0.16362126245847183 0.1120570321151717 0.16604374307862685 0.10651993355481733 0.16742801771871546 0.1013289036544851 0.1677740863787376 0.09648394241417503 0.1677740863787376 0.09094684385382065 0.1670819490586933 0.08540974529346629 0.16569767441860472 0.0805647840531562 0.16362126245847183 0.07606589147286827 0.16016057585825033 0.0726052048726468 0.15739202657807316 0.068452380952381 0.15427740863787381 0.06637596899224812 0.15185492801771877 0.06360741971207093 0.1483942414174973 0.06222314507198234 0.14424141749723152 0.061531007751938045 0.14008859357696574 0.061531007751938045 0.13455149501661137
1 0.2587901439645626 0.07433554817275752 0.2625968992248063 0.07329734219269109 0.2688261351052049 0.07225913621262464 0.27470930232558144 0.07329734219269109 0.2799003322259137 0.07433554817275752 0.2843992248062016 0.07641196013289041 0.2892441860465117 0.07883444075304546 0.2930509413067553 0.08160299003322265 0.29651162790697677 0.08506367663344412 0.2999723145071983 0.08887043189368776 0.3034330011074198 0.09509966777408643 0.30550941306755264 0.1006367663344408 0.3065476190476191 0.10755813953488377 0.3065476190476191 0.11378737541528244 0.30550941306755264 0.122093023255814 0.3037790697674419 0.1300526024363234 0.30204872646733116 0.13593576965669996 0.299280177187154 0.14354928017718724 0.29651162790697677 0.1511627906976745 0.2930509413067553 0.15773809523809532 0.2892441860465117 0.16258305647840537 0.2840531561461795 0.16465946843853826 0.27678571428571436 0.16535160575858257 0.2726328903654486 0.16465946843853826 0.26986434108527135 0.16362126245847183 0.26605758582502775 0.16154485049833894 0.261904761904762 0.15773809523809532 0.2577519379844962 0.15323920265780738 0.2542912513842747 0.14874031007751942 0.25048449612403106 0.14389534883720936 0.24736987818383174 0.13801218161683285 0.24529346622369885 0.1328211517165006 0.2442552602436324 0.1269379844961241 0.2435631229235881 0.12140088593576971 0.24321705426356596 0.1155177187153932 0.24321705426356596 0.10859634551495022 0.2435631229235881 0.10236710963455155 0.24529346622369885 0.09579180509413072 0.24736987818383174 0.08990863787375421 0.25048449612403106 0.08264119601328909 0.25394518272425254 0.07745016611295687
0 0.2985163358147229 0.9400589330024814 0.29050351530190244 0.9385080645161291 0.2868848221670802 0.9377326302729528 0.27861352357320096 0.9361817617866006 0.2755117866004963 0.9356648056244831 0.2724100496277916 0.9348893713813069 0.27008374689826303 0.9325630686517783 0.271117659222498 0.9299782878411911 0.27370244003308525 0.9289443755169562 0.27861352357320096 0.9297198097601325 0.28326612903225806 0.9310122001654261 0.28610938792390406 0.9323045905707197 0.2897280810587262 0.9330800248138957 0.2925713399503722 0.933855459057072 0.2967069892473118 0.9346308933002482 0.3005841604631927 0.9351478494623656 0.30420285359801486 0.9354063275434243 0.3080800248138958 0.9364402398676592 0.3091139371381307 0.9382495864350703 0.3093724152191894 0.9405758891645989 0.30833850289495446 0.9421267576509512 0.30678763440860213 0.9426437138130688 0.30316894127377997 0.9405758891645989
0 0.2669820099255583 0.8490746484698097 0.26465570719602977 0.8490746484698097 0.2620709263854425 0.8490746484698097 0.25741832092638545 0.8490746484698097 0.254058105872622 0.8490746484698097 0.251214846980976 0.8490746484698097 0.2470791976840364 0.8493331265508686 0.24294354838709678 0.8493331265508686 0.23803246484698098 0.8493331265508686 0.23389681555004135 0.8488161703887511 0.23157051282051283 0.8477822580645161 0.229502688172043 0.8459729114971051 0.22898573200992559 0.844163564929694 0.23001964433416047 0.8420957402812241 0.2331213813068652 0.8405448717948718 0.23725703060380482 0.8397694375516956 0.24165115798180314 0.8395109594706369 0.24552832919768403 0.8400279156327544 0.25069789081885857 0.8397694375516956 0.2553504962779157 0.8392524813895782 0.2607785359801489 0.8389940033085195 0.2669820099255583 0.8387355252274608 0.2706007030603805 0.8389940033085195 0.2739609181141439 0.8400279156327544 0.27628722084367247 0.8418372622001654 0.2765456989247312 0.8439050868486352 0.275770264681555 0.8464898676592225 0.271117659222498 0.8488161703887511
0 0.2638802729528536 0.5182227047146402 0.25767679900744417 0.5182227047146402 0.24682071960297766 0.5169303143093466 0.24268507030603806 0.5169303143093466 0.23984181141439206 0.5166718362282878 0.23803246484698098 0.5164133581472291 0.2344137717121588 0.5156379239040529 0.23157051282051283 0.5153794458229942 0.22846877584780811 0.5153794458229942 0.22588399503722084 0.5151209677419355 0.22459160463192723 0.514604011579818 0.22355769230769232 0.5135700992555832 0.2232992142266336 0.511760752688172 0.22459160463192723 0.5104683622828784 0.22614247311827956 0.5102098842018197 0.22846877584780811 0.5107268403639371 0.23157051282051283 0.5112437965260546 0.24139267990074442 0.5125361869313482 0.2532826716294458 0.5135700992555832 0.25586745244003306 0.5138285773366419 0.25922766749379655 0.5135700992555832 0.26310483870967744 0.5130531430934656 0.26594809760132343 0.5130531430934656 0.2682744003308519 0.5135700992555832 0.27034222497932175 0.5148624896608768 0.2708591811414392 0.5164133581472291 0.27034222497932175 0.519256617038875 0.2682744003308519 0.5197735732009926
0 0.3863988833746898 0.5805159222497932 0.3742504135649297 0.5825837468982631 0.36442824648469807 0.5838761373035567 0.3613265095119934 0.5846515715467329 0.35770781637717125 0.5849100496277917 0.355123035566584 0.5851685277088503 0.3512458643507031 0.585427005789909 0.34995347394540943 0.5856854838709677 0.3478856492969396 0.5856854838709677 0.3463347808105873 0.5846515715467329 0.3476271712158809 0.5825837468982631 0.35021195202646815 0.5823252688172044 0.355123035566584 0.5823252688172044 0.35874172870140614 0.5820667907361456 0.3633943341604632 0.5805159222497932 0.36778846153846156 0.5792235318444996 0.3708901985111662 0.5787065756823822 0.37399193548387094 0.5784480976013235 0.3765767162944582 0.5781896195202647 0.3804538875103391 0.5781896195202647 0.38355562448304387 0.5776726633581473 0.3863988833746898 0.5768972291149711 0.38820822994210086 0.5756048387096775 0.38872518610421836 0.5753463606286187 0.38872518610421836 0.5753463606286187 0.38872518610421836 0.5753463606286187 0.3897590984284533 0.5753463606286187 0.3902760545905707 0.5756048387096775 0.39079301075268813 0.5774141852770885 0.3892421422663358 0.5797404880066171
0 0.5072383891828337 0.36743092298647856 0.5092592592592593 0.3663286302175191 0.5110964138741917 0.3657774838330394 0.5142195767195767 0.36522633744855965 0.5169753086419753 0.36522633744855965 0.5197310405643739 0.36522633744855965 0.5235890652557319 0.3644914756025867 0.5263447971781305 0.3635728982951205 0.529835390946502 0.36247060552616106 0.5325911228689006 0.3611845972957084 0.5336934156378601 0.360082304526749 0.5329585537918872 0.35953115814226927 0.530570252792475 0.35953115814226927 0.5278145208700764 0.3597148736037625 0.5252425044091711 0.3597148736037625 0.5219356261022928 0.3597148736037625 0.5184450323339213 0.35989858906525574 0.5147707231040565 0.36063345091122867 0.5112801293356849 0.3611845972957084 0.508340681951793 0.36210317460317465 0.505217519106408 0.36302175191064084 0.502094356261023 0.36412404467960025 0.49878747795414463 0.36596119929453264 0.49731775426219876 0.36743092298647856 0.49860376249265137 0.36908436213991774 0.5024617871840094 0.3696355085243974 0.5055849500293944 0.36945179306290415
0 0.9544427710843373 0.5669553212851405 0.9450301204819276 0.5638177710843374 0.9337349397590361 0.5638177710843374 0.9305973895582329 0.5641315261044176 0.9274598393574297 0.563504016064257 0.924008534136546 0.5619352409638554 0.9208709839357428 0.5597389558232931 0.918988453815261 0.5575426706827309 0.9196159638554217 0.5547188755020079 0.9224397590361445 0.5540913654618473 0.9249497991967871 0.553777610441767 0.9274598393574297 0.5550326305220883 0.9287148594377509 0.5566014056224898 0.9315386546184737 0.5581701807228915 0.9340486947791165 0.5584839357429718 0.9381275100401606 0.5584839357429718 0.9422063253012047 0.5587976907630522 0.946285140562249 0.5597389558232931 0.9478539156626505 0.5603664658634538 0.9509914658634538 0.5609939759036143 0.9556977911646585 0.561621485943775 0.9594628514056224 0.5619352409638554 0.9613453815261044 0.562562751004016 0.9632279116465863 0.5644452811244979 0.961972891566265 0.5666415662650602 0.9597766064257027 0.5669553212851405
0 0.9544427710843373 0.11232429718875502 0.9434613453815259 0.11106927710843371 0.9400100401606425 0.11106927710843371 0.9318524096385541 0.10855923694779115 0.9249497991967871 0.10667670682730922 0.9214984939759036 0.1060491967871486 0.9164784136546184 0.10510793172690762 0.9136546184738955 0.1047941767068273 0.9117720883534136 0.10416666666666666 0.9095758032128514 0.1032254016064257 0.9089482931726907 0.1004016064257028 0.911144578313253 0.09977409638554216 0.9133408634538152 0.09977409638554216 0.9158509036144576 0.10008785140562249 0.9186746987951807 0.10071536144578312 0.9208709839357428 0.10102911646586345 0.9249497991967871 0.10228413654618472 0.9309111445783133 0.10448042168674698 0.9368724899598393 0.10573544176706826 0.9403237951807227 0.10667670682730922 0.9440888554216866 0.10730421686746987 0.9475401606425702 0.10730421686746987 0.9544427710843373 0.10793172690763052 0.9582078313253012 0.10793172690763052 0.9600903614457831 0.10824548192771083 0.9607178714859437 0.10981425702811244 0.961031626506024 0.11169678714859436 0.9594628514056224 0.11295180722891565
0 0.4078525641025641 0.43912841191067 0.4094034325889165 0.4378360215053763 0.4114712572373863 0.43706058726220015 0.41431451612903225 0.4365436311000827 0.4176747311827957 0.43680210918114143 0.42181038047973535 0.43706058726220015 0.42517059553349873 0.4365436311000827 0.427755376344086 0.4349927626137304 0.4303401571546733 0.4344758064516129 0.43473428453267166 0.4337003722084367 0.43731906534325893 0.4326664598842018 0.43835297766749376 0.4318910256410256 0.43964536807278737 0.4295647229114971 0.43964536807278737 0.4282723325062035 0.43809449958643504 0.427755376344086 0.4365436311000827 0.427755376344086 0.4337003722084367 0.4280138544251447 0.4290477667493796 0.4285308105872622 0.42491211745244 0.4290477667493796 0.42129342431761785 0.43008167907361455 0.41741625310173697 0.430598635235732 0.41379755996691475 0.43111559139784944 0.4109543010752688 0.43137406947890816 0.4075940860215054 0.4321495037220844 0.406043217535153 0.4326664598842018 0.4024245244003309 0.433441894127378 0.40035669975186106 0.4344758064516129 0.39958126550868484 0.4352512406947891 0.39958126550868484 0.43680210918114143 0.4011321339950372 0.43809449958643504 0.403199958643507 0.43835297766749376 0.40500930521091816 0.43861145574855254
0 0.8497109826589596 0.769388246628131 0.845616570327553 0.7677023121387283 0.8479046242774566 0.7661368015414258 0.852601156069364 0.7646917148362234 0.8639210019267822 0.7648121387283237 0.8716281310211946 0.7672206165703275 0.8704238921001927 0.7691473988439306 0.8623554913294798 0.7705924855491328 0.8597061657032755 0.7695086705202312
0 0.8642822736030829 0.6598025048169557 0.861271676300578 0.6585982658959537 0.8594653179190751 0.6529383429672446 0.8606695568400771 0.6389691714836224 0.858742774566474 0.630057803468208 0.8604287090558767 0.6239161849710982 0.8629576107899807 0.6247591522157996 0.8640414258188824 0.6341522157996147 0.8654865125240847 0.641859344894027 0.8651252408477841 0.6543834296724469 0.8658477842003853 0.6579961464354528
0 0.47782258064516125 0.5625 0.4791666666666667 0.5598118279569892 0.48151881720430106 0.5581317204301075 0.48723118279569894 0.5571236559139785 0.4926075268817204 0.5547715053763441 0.4969758064516129 0.5544354838709677 0.5020161290322581 0.5540994623655914 0.5053763440860215 0.5524193548387096 0.5141129032258065 0.5524193548387096 0.5171370967741935 0.5510752688172043 0.5181451612903225 0.5554435483870968 0.5127688172043011 0.5571236559139785 0.5087365591397849 0.5588037634408601 0.5023521505376344 0.5588037634408601 0.4959677419354839 0.5594758064516129 0.490255376344086 0.5608198924731183 0.4842069892473118 0.5618279569892474 0.4818548387096774 0.5625
0 0.10495981387478849 0.6027918781725888 0.11077622673434856 0.6035850253807106 0.11553510998307953 0.6054357021996616 0.11950084602368866 0.6072863790186125 0.12690355329949238 0.608608291032149 0.13298434856175972 0.6099302030456853 0.13880076142131978 0.6101945854483926 0.14461717428087986 0.6115164974619289 0.14884729272419628 0.6133671742808798 0.15334179357021996 0.6149534686971235 0.1573075296108291 0.6170685279187818 0.15625 0.6197123519458544 0.1520198815566836 0.6189192047377327 0.14488155668358713 0.6189192047377327 0.1411802030456853 0.6152178510998307 0.13827199661590525 0.6141603214890018 0.13298434856175972 0.6125740270727581 0.12716793570219967 0.6123096446700508 0.12478849407783417 0.6120452622673436 0.12108714043993232 0.6115164974619289 0.11765016920473774 0.6107233502538071 0.11342005076142132 0.6101945854483926 0.11051184433164128 0.6088726734348562 0.10786802030456853 0.608608291032149 0.10628172588832488 0.6080795262267344 0.10495981387478849 0.606757614213198
0 0.40460216572504704 0.7612405838041432 0.4072504708097929 0.75829802259887 0.4110758003766478 0.759180790960452 0.4149011299435028 0.7618290960451977 0.4225517890772128 0.7647716572504708 0.4249058380414313 0.766831450094162 0.42755414312617707 0.7683027306967986 0.4281426553672317 0.7715395480225988 0.4260828625235405 0.7718338041431262 0.4184322033898305 0.768891242937853 0.4154896421845574 0.7677142184557438 0.4090160075329567 0.7641831450094162
0 0.31841652323580033 0.7304216867469879 0.3173407917383821 0.7273737808376363 0.31895438898450945 0.7257601835915088 0.3241537578886976 0.7248637406769937 0.3280981067125645 0.7245051635111875 0.3322217441193345 0.7234294320137693 0.34064830751577735 0.7214572576018359 0.3417240390131956 0.7212779690189328 0.34710269650028686 0.7193057946069994 0.3496127366609294 0.7182300631095812 0.3519434882386689 0.717692197360872 0.35517068273092367 0.717692197360872 0.3557085484796328 0.7202022375215146 0.3535570854847963 0.7216365461847388 0.34979202524383246 0.7230708548479632 0.3463855421686747 0.7241465863453815 0.3447719449225473 0.7246844520940906 0.3395725760183591 0.7255808950086059 0.33706253585771656 0.7262980493402179 0.33455249569707396 0.72701520367183 0.3298909925415949 0.7282702237521513 0.32648450946643714 0.7295252438324727 0.3232573149741824 0.7307802639127939 0.321464429145152 0.7314974182444061
0 0.07363967437874892 0.8801949443016281 0.07953084832904884 0.8828727506426736 0.08461868037703514 0.8850149957155098 0.09131319622964867 0.8876928020565553 0.0947943444730077 0.8892994858611825 0.09800771208226221 0.8909061696658097 0.10095329905741217 0.8919772922022279 0.10684447300771208 0.895458440445587 0.1108611825192802 0.8976006855184233 0.11461011139674378 0.8992073693230506 0.11889460154241645 0.902420736932305 0.12344687232219366 0.9067052270779777 0.12746358183376177 0.9096508140531276 0.1314802913453299 0.9120608397600685 0.1328191945158526 0.9160775492716365 0.1250535561268209 0.9133997429305912 0.11568123393316194 0.9077763496143959 0.11059340188517566 0.9029562982005142 0.10336332476435305 0.8989395886889461 0.09881105398457583 0.8962617823479007 0.09318766066838045 0.8941195372750642 0.08943873179091688 0.892512853470437 0.08622536418166238 0.8906383890317052 0.07899528706083975 0.8879605826906598 0.07551413881748072 0.8866216795201372 0.07283633247643531 0.8866216795201372
0 0.5592105263157895 0.9968932748538012 0.5537280701754386 0.9923245614035088 0.5537280701754386 0.9874512670565302 0.560124269005848 0.9844054580896686 0.5649975633528265 0.9844054580896686 0.5698708576998051 0.9844054580896686 0.5780945419103314 0.9859283625730995 0.58692738791423 0.9880604288499025 0.5896686159844056 0.9898879142300195 0.5884502923976609 0.9929337231968811 0.5854044834307993 0.9953703703703703 0.5823586744639376 0.996588693957115 0.5796174463937621 0.9975024366471735
0 0.5972831384015594 0.9216617933723197 0.6033747563352827 0.9228801169590644 0.6106846978557505 0.9247076023391813 0.6152534113060428 0.9250121832358675 0.6216496101364523 0.9283625730994152 0.6237816764132553 0.9307992202729045 0.6237816764132553 0.9326267056530214 0.6186038011695907 0.9329312865497077 0.6109892787524366 0.9329312865497077 0.6033747563352827 0.9286671539961014 0.6012426900584795 0.9274488304093568 0.5988060428849902 0.9250121832358675
0 0.23550724637681156 0.3552989130434782 0.24139492753623187 0.35258152173913043 0.25430253623188404 0.34873188405797095 0.259963768115942 0.3464673913043478 0.2669836956521739 0.3451086956521739 0.26879528985507245 0.348052536231884 0.26879528985507245 0.3521286231884057 0.2610960144927536 0.3552989130434782 0.2574728260869565 0.3571105072463768 0.25475543478260865 0.35801630434782605 0.2504528985507246 0.35892210144927533 0.24637681159420285 0.3596014492753623 0.2429800724637681 0.3596014492753623 0.238677536231884 0.3596014492753623
0 0.4184825673534072 0.33148441627047015 0.4077522451135763 0.33214474379292125 0.40263470681458 0.33412572636027466 0.3985076597992604 0.33511621764395133 0.39223454833597465 0.33610670892762806 0.3849709455890121 0.3367670364500792 0.3834852086634971 0.33759244585314313 0.3849709455890121 0.33973851030110935 0.390418647649234 0.33907818277865814 0.3923996302165874 0.3385829371368198 0.39553618594823026 0.3382527733755943 0.40312995245641836 0.336932118330692 0.40527601690438453 0.3366019545694664 0.4084125726360274 0.33610670892762806 0.41336502905441097 0.33528129952456415 0.41567617538298995 0.33495113576333857 0.4188127311146328 0.33429080824088747
0 0.5371671597633136 0.4844674556213018 0.5337771203155819 0.48200197238658776 0.5282297830374754 0.48292652859960555 0.5229906311637081 0.4838510848126233 0.5168269230769231 0.4847756410256411 0.5075813609467456 0.4863165680473373 0.5078895463510849 0.4893984220907298 0.5140532544378699 0.492172090729783 0.5211415187376727 0.49032297830374755 0.5269970414201184 0.488473865877712 0.5322361932938856 0.48724112426035504
0 0.27459124472573837 0.09460706751054852 0.28019514767932485 0.09361814345991562 0.28250263713080165 0.09790348101265822 0.2834915611814346 0.1015295358649789 0.28481012658227844 0.1071334388185654 0.2851397679324894 0.1127373417721519 0.2857990506329114 0.11768196202531644 0.2857990506329114 0.12163765822784808 0.2857990506329114 0.12658227848101264 0.2841508438818565 0.13350474683544303 0.28250263713080165 0.13647151898734178 0.2798655063291139 0.14075685654008438 0.27492088607594933 0.14207542194092826 0.267998417721519 0.13877900843881855 0.2643723628691983 0.13317510548523206 0.26305379746835444 0.1272415611814346 0.2620648734177215 0.12097837552742614 0.2604166666666667 0.11207805907172995 0.2604166666666667 0.10416666666666667 0.26173523206751054 0.09988132911392404 0.2656909282700422 0.09394778481012658 0.2689873417721519 0.09131065400843881
0 0.07637516469038208 0.12660573122529645 0.07596343873517787 0.12928194993412384 0.08543313570487482 0.13216403162055335 0.09407938076416336 0.13442852437417654 0.10066699604743083 0.13751646903820813 0.10396080368906455 0.13957509881422922 0.10787220026350461 0.14019268774703555 0.10622529644268773 0.13545783926218707 0.09881422924901186 0.13236989459815546 0.0949028326745718 0.13051712779973648 0.0899621212121212 0.12969367588932804 0.08605072463768115 0.1282526350461133 0.08172760210803688 0.12722332015810275 0.07884552042160738 0.1263998682476943
0 0.1852766798418972 0.15563241106719367 0.18898221343873517 0.15624999999999997 0.19165843214756256 0.1591320816864295 0.19165843214756256 0.16077898550724637 0.19062911725955203 0.1611907114624506 0.18610013175230564 0.16077898550724637 0.18115942028985504 0.15995553359683792 0.17477766798418973 0.1591320816864295 0.17333662714097495 0.15872035573122528 0.17436594202898548 0.15624999999999997 0.1770421607378129 0.15480895915678522
0 0.14883387888707036 0.4265548281505728 0.15173213311511183 0.42894162575013633 0.15650572831423892 0.43064648117839605 0.16025641025641024 0.43115793780687395 0.16247272231314783 0.43218085106382975 0.166905346426623 0.4332037643207856 0.17031505728314236 0.4335447354064375 0.17474768139661753 0.4340561920349154 0.1783278777959629 0.43473813420621926 0.18241953082378615 0.43490861974904527 0.18241953082378615 0.4335447354064375 0.1793507910529187 0.43218085106382975 0.17406573922531368 0.4297940534642662 0.17065602836879432 0.4292825968357883 0.16673486088379705 0.4284301691216585 0.1636661211129296 0.42740725586470263 0.16196126568466995 0.4268957992362247 0.15872204037097654 0.4265548281505728 0.15531232951445714 0.4265548281505728 0.1513911620294599 0.425702400436443
0 0.22148394241417493 0.7172272978959026 0.22580980066445183 0.7161890919158361 0.22771317829457363 0.7163621262458472 0.23100083056478402 0.7161890919158361 0.23498062015503873 0.7172272978959026 0.23982558139534882 0.7191306755260243 0.24484357696566997 0.7199958471760797 0.24986157253599112 0.7205149501661129 0.2500346068660022 0.7232834994462901 0.2460548172757475 0.7239756367663345 0.24380537098560354 0.7239756367663345 0.23930647840531558 0.7238026024363233 0.23688399778516056 0.722937430786268 0.23151993355481723 0.7232834994462901 0.22909745293466222 0.7218992248062015 0.22736710963455148 0.7206879844961239 0.22477159468438537 0.7198228128460686 0.2232142857142857 0.7191306755260243
0 0.8372440273037542 0.20904436860068257 0.8276450511945391 0.2200654152445961 0.8223122866894197 0.22753128555176336 0.8184015927189988 0.23677474402730375 0.8152019340159272 0.24388509670079636 0.8144908987485778 0.247084755403868 0.8198236632536973 0.24744027303754262 0.8265784982935153 0.23321956769055743 0.832622298065984 0.22042093287827075 0.8400881683731513 0.21615472127417518 0.8411547212741752 0.21011092150170646 0.8411547212741752 0.20513367463026164
0 0.8355340375586855 0.34624413145539906 0.8330888106416275 0.34917840375586856 0.823307902973396 0.35162363067292646 0.8147496087636933 0.35455790297339596 0.8110817683881064 0.3572476525821597 0.806924882629108 0.3589593114241002 0.8027679968701096 0.36042644757433495 0.8039906103286385 0.3572476525821597 0.8091255868544601 0.3530907668231612 0.8169503129890454 0.34917840375586856 0.8215962441314555 0.3484448356807512 0.8264866979655712 0.34624413145539906
