1 0.6663194444444444 0.22291666666666668 0.6663194444444444 0.2204861111111111 0.6659722222222223 0.2125 0.6673611111111111 0.20868055555555556 0.6694444444444444 0.20555555555555557 0.6722222222222223 0.20208333333333334 0.6760416666666667 0.19791666666666666 0.6809027777777777 0.19409722222222223 0.6854166666666667 0.19097222222222224 0.6885416666666667 0.18958333333333333 0.6947916666666667 0.18854166666666666 0.703125 0.18784722222222222 0.7069444444444444 0.1875 0.7118055555555556 0.1875 0.7159722222222222 0.18784722222222222 0.7197916666666667 0.18854166666666666 0.7243055555555556 0.18993055555555557 0.7295138888888889 0.1923611111111111 0.7340277777777777 0.19444444444444445 0.7381944444444444 0.19791666666666666 0.7416666666666667 0.203125 0.7440972222222223 0.20868055555555556 0.7454861111111111 0.2138888888888889 0.7461805555555556 0.21875 0.7465277777777778 0.22291666666666668 0.7465277777777778 0.22569444444444445 0.7472222222222222 0.22881944444444444 0.7486111111111111 0.2326388888888889 0.7486111111111111 0.23506944444444444 0.7475694444444444 0.24027777777777776 0.7458333333333333 0.24479166666666666 0.74375 0.24791666666666667 0.7402777777777777 0.2517361111111111 0.7357638888888889 0.2555555555555556 0.7315972222222222 0.2586805555555556 0.7277777777777777 0.2600694444444444 0.7236111111111111 0.26180555555555557 0.7197916666666667 0.2635416666666667 0.7149305555555556 0.26458333333333334 0.710763888888889 0.26493055555555556 0.7072916666666667 0.26493055555555556 0.7041666666666667 0.26493055555555556 0.6993055555555556 0.26458333333333334 0.696875 0.2642361111111111 0.69375 0.2642361111111111 0.690625 0.2635416666666667 0.6881944444444444 0.26284722222222223 0.6854166666666667 0.2600694444444444 0.684375 0.2576388888888889 0.6836805555555556 0.2534722222222222 0.6819444444444444 0.24930555555555556 0.6802083333333333 0.24652777777777776 0.6791666666666667 0.24409722222222224 0.6774305555555556 0.240625 0.6746527777777778 0.2361111111111111 0.6711805555555556 0.23055555555555557 0.6684027777777778 0.2267361111111111
1 0.6288194444444444 0.30173611111111115 0.6392361111111111 0.2930555555555555 0.6434027777777778 0.290625 0.646875 0.28888888888888886 0.6496527777777777 0.2878472222222222 0.6534722222222222 0.2875 0.6576388888888889 0.2875 0.6614583333333334 0.2875 0.665625 0.2881944444444445 0.6690972222222222 0.28888888888888886 0.6729166666666667 0.2902777777777778 0.6756944444444444 0.29131944444444446 0.678125 0.29201388888888885 0.6826388888888889 0.2930555555555555 0.6875 0.29444444444444445 0.6909722222222222 0.2947916666666667 0.6934027777777777 0.2954861111111111 0.6958333333333333 0.29791666666666666 0.6986111111111111 0.3006944444444445 0.7003472222222222 0.30451388888888886 0.7010416666666667 0.3079861111111111 0.701388888888889 0.3121527777777778 0.7003472222222222 0.3170138888888889 0.6979166666666666 0.3229166666666667 0.695138888888889 0.3284722222222222 0.6916666666666667 0.3326388888888889 0.6888888888888889 0.3350694444444445 0.685763888888889 0.3371527777777778 0.6833333333333333 0.33888888888888885 0.6784722222222223 0.34270833333333334 0.6763888888888889 0.3440972222222222 0.673611111111111 0.3451388888888889 0.6708333333333333 0.3458333333333333 0.6677083333333333 0.3458333333333333 0.6631944444444444 0.3458333333333333 0.659375 0.3458333333333333 0.65625 0.3458333333333333 0.6520833333333333 0.3465277777777778 0.6489583333333333 0.346875 0.6427083333333333 0.3451388888888889 0.638888888888889 0.34375 0.634375 0.3420138888888889 0.6298611111111111 0.340625 0.6256944444444444 0.33958333333333335 0.6208333333333333 0.3378472222222222 0.6197916666666666 0.33611111111111114 0.6180555555555556 0.3315972222222222 0.617361111111111 0.3267361111111111 0.617361111111111 0.32083333333333336 0.6180555555555556 0.3159722222222222 0.6201388888888889 0.3111111111111111 0.6229166666666667 0.30625
1 0.603125 0.2701388888888889 0.5996527777777777 0.2774305555555555 0.5975694444444444 0.28020833333333334 0.595486111111111 0.2833333333333333 0.5923611111111111 0.2871527777777778 0.5895833333333333 0.2899305555555555 0.5847222222222223 0.2923611111111111 0.578125 0.29375 0.5715277777777777 0.29444444444444445 0.5670138888888889 0.2947916666666667 0.5541666666666667 0.2923611111111111 0.546875 0.28958333333333336 0.5434027777777778 0.2871527777777778 0.5402777777777777 0.2847222222222222 0.5378472222222223 0.28229166666666666 0.5361111111111111 0.2777777777777778 0.5350694444444444 0.27395833333333336 0.5340277777777778 0.27118055555555554 0.5329861111111112 0.2670138888888889 0.5329861111111112 0.2635416666666667 0.5329861111111112 0.25972222222222224 0.5329861111111112 0.2555555555555556 0.5329861111111112 0.2517361111111111 0.5329861111111112 0.24756944444444443 0.5336805555555556 0.24444444444444444 0.5347222222222222 0.24027777777777776 0.5361111111111111 0.23645833333333333 0.5375 0.2326388888888889 0.5395833333333333 0.2295138888888889 0.5420138888888889 0.22569444444444445 0.54375 0.22291666666666668 0.5461805555555556 0.2204861111111111 0.5482638888888889 0.21840277777777778 0.5506944444444444 0.21631944444444443 0.5541666666666667 0.2138888888888889 0.5572916666666666 0.21215277777777777 0.5600694444444444 0.2111111111111111 0.5645833333333333 0.21006944444444445 0.570138888888889 0.20902777777777776 0.575 0.20902777777777776 0.5795138888888889 0.209375 0.584375 0.21006944444444445 0.5888888888888889 0.2111111111111111 0.5916666666666667 0.21180555555555555 0.5951388888888889 0.21284722222222224 0.5982638888888889 0.21458333333333332 0.6010416666666667 0.21666666666666667 0.6041666666666666 0.21979166666666666 0.6065972222222222 0.2232638888888889 0.6079861111111111 0.2267361111111111 0.6086805555555556 0.23020833333333332 0.609375 0.23402777777777778 0.6097222222222223 0.23784722222222224 0.6097222222222223 0.2423611111111111 0.609375 0.24722222222222223 0.6086805555555556 0.25104166666666666 0.607638888888889 0.25590277777777776 0.6069444444444444 0.2604166666666667 0.6052083333333333 0.2652777777777778
1 0.5125 0.4034722222222222 0.5048611111111111 0.39826388888888886 0.5024305555555555 0.3965277777777778 0.49930555555555556 0.3951388888888889 0.496875 0.39375 0.4947916666666667 0.3923611111111111 0.49444444444444446 0.3902777777777778 0.4940972222222222 0.38819444444444445 0.49201388888888886 0.3854166666666667 0.49166666666666664 0.38229166666666664 0.49201388888888886 0.3770833333333333 0.4940972222222222 0.3729166666666667 0.4965277777777778 0.3684027777777778 0.49930555555555556 0.36423611111111115 0.5020833333333333 0.3607638888888889 0.5069444444444444 0.3555555555555555 0.5107638888888889 0.35208333333333336 0.515625 0.3506944444444445 0.5239583333333333 0.3475694444444445 0.5288194444444445 0.3458333333333333 0.5326388888888889 0.3451388888888889 0.5381944444444444 0.3454861111111111 0.5430555555555556 0.34618055555555555 0.5472222222222223 0.346875 0.5520833333333334 0.3482638888888889 0.5569444444444444 0.35 0.5597222222222222 0.35104166666666664 0.5638888888888889 0.3527777777777778 0.565625 0.35451388888888885 0.5684027777777777 0.35833333333333334 0.5708333333333333 0.3628472222222222 0.5729166666666666 0.3697916666666667 0.5736111111111111 0.3746527777777778 0.5736111111111111 0.3784722222222222 0.5732638888888889 0.38333333333333336 0.5711805555555556 0.38576388888888885 0.5694444444444444 0.38819444444444445 0.5673611111111111 0.3909722222222222 0.5635416666666667 0.3951388888888889 0.5604166666666667 0.39861111111111114 0.5569444444444444 0.4010416666666667 0.5538194444444444 0.4024305555555555 0.5496527777777778 0.4041666666666667 0.5444444444444444 0.40625 0.5402777777777777 0.40729166666666666 0.5336805555555556 0.4076388888888889 0.528125 0.4076388888888889 0.5222222222222223 0.4076388888888889 0.5180555555555555 0.4065972222222222
1 0.4003472222222222 0.30694444444444446 0.3940972222222222 0.2989583333333333 0.3909722222222222 0.2940972222222222 0.38819444444444445 0.28854166666666664 0.3868055555555555 0.2833333333333333 0.3861111111111111 0.278125 0.38576388888888885 0.271875 0.3854166666666667 0.26493055555555556 0.38576388888888885 0.2586805555555556 0.3868055555555555 0.2520833333333333 0.3885416666666667 0.24722222222222223 0.390625 0.2420138888888889 0.3934027777777778 0.23680555555555557 0.3965277777777778 0.23159722222222223 0.39895833333333336 0.22847222222222224 0.40208333333333335 0.225 0.40555555555555556 0.22152777777777777 0.4100694444444445 0.21770833333333334 0.41388888888888886 0.21493055555555557 0.41770833333333335 0.21354166666666666 0.4215277777777778 0.21284722222222224 0.425 0.21215277777777777 0.4277777777777778 0.21180555555555555 0.43125 0.21180555555555555 0.434375 0.21180555555555555 0.43819444444444444 0.21180555555555555 0.44166666666666665 0.21180555555555555 0.44548611111111114 0.21180555555555555 0.4486111111111111 0.21319444444444444 0.4510416666666667 0.21597222222222223 0.45069444444444445 0.21840277777777778 0.4503472222222222 0.22222222222222224 0.4510416666666667 0.22708333333333333 0.4517361111111111 0.2329861111111111 0.45208333333333334 0.2375 0.4517361111111111 0.24131944444444445 0.4513888888888889 0.2454861111111111 0.4510416666666667 0.2503472222222222 0.45069444444444445 0.25416666666666665 0.45069444444444445 0.2579861111111111 0.45069444444444445 0.2607638888888889 0.4503472222222222 0.26458333333333334 0.4493055555555555 0.26875 0.44826388888888885 0.2725694444444445 0.446875 0.2774305555555555 0.44548611111111114 0.28125 0.4434027777777778 0.28541666666666665 0.44166666666666665 0.28888888888888886 0.4392361111111111 0.2934027777777778 0.4371527777777778 0.29618055555555556 0.4347222222222222 0.29756944444444444 0.43125 0.29930555555555555 0.4270833333333333 0.3003472222222222 0.42430555555555555 0.30104166666666665 0.42083333333333334 0.303125 0.4184027777777778 0.3055555555555555 0.41701388888888885 0.30833333333333335 0.4166666666666667 0.3107638888888889 0.41423611111111114 0.31354166666666666 0.4121527777777778 0.3138888888888889 0.4097222222222222 0.3125 0.40625 0.3107638888888889 0.403125 0.3090277777777778
1 0.3152777777777778 0.40208333333333335 0.3121527777777778 0.4010416666666667 0.30520833333333336 0.39479166666666665 0.3013888888888889 0.3920138888888889 0.2986111111111111 0.38958333333333334 0.2965277777777778 0.3868055555555555 0.2940972222222222 0.38333333333333336 0.29375 0.37986111111111115 0.29375 0.3746527777777778 0.2934027777777778 0.3711805555555555 0.2930555555555555 0.3663194444444445 0.2934027777777778 0.3611111111111111 0.2951388888888889 0.3559027777777778 0.29756944444444444 0.35138888888888886 0.3 0.3482638888888889 0.3027777777777778 0.34479166666666666 0.30451388888888886 0.3423611111111111 0.3055555555555555 0.3416666666666667 0.30833333333333335 0.33819444444444446 0.3107638888888889 0.3340277777777778 0.3125 0.33125 0.3145833333333333 0.3284722222222222 0.31666666666666665 0.32569444444444445 0.3194444444444445 0.3243055555555555 0.3229166666666667 0.3229166666666667 0.32708333333333334 0.3211805555555555 0.33125 0.31979166666666664 0.3371527777777778 0.3194444444444445 0.34375 0.3194444444444445 0.3496527777777778 0.3194444444444445 0.3559027777777778 0.31979166666666664 0.359375 0.32048611111111114 0.36423611111111115 0.321875 0.3690972222222222 0.3236111111111111 0.3732638888888889 0.3260416666666667 0.3770833333333333 0.3284722222222222 0.3815972222222222 0.3309027777777778 0.3847222222222222 0.33298611111111115 0.3875 0.33611111111111114 0.3888888888888889 0.3399305555555555 0.3888888888888889 0.34479166666666666 0.38958333333333334 0.3496527777777778 0.3902777777777778 0.3541666666666667 0.3909722222222222 0.35868055555555556 0.39131944444444444 0.36354166666666665 0.39131944444444444 0.36875 0.38993055555555556 0.371875 0.3878472222222222 0.37569444444444444 0.38506944444444446 0.37986111111111115 0.38229166666666664 0.3840277777777778 0.378125 0.3888888888888889 0.3746527777777778 0.39305555555555555 0.3722222222222222 0.39618055555555554 0.3684027777777778 0.3996527777777778 0.3659722222222222 0.40208333333333335 0.3614583333333333 0.4034722222222222 0.3579861111111111 0.4045138888888889 0.3534722222222222 0.4059027777777778 0.3482638888888889 0.40694444444444444 0.3409722222222222 0.40729166666666666 0.3375 0.40729166666666666 0.334375 0.4065972222222222 0.3309027777777778 0.40555555555555556 0.32916666666666666 0.40520833333333334 0.3190972222222222 0.4048611111111111
1 0.5319444444444444 0.159375 0.5284722222222222 0.15347222222222223 0.5270833333333333 0.15 0.525 0.14652777777777776 0.5232638888888889 0.14340277777777777 0.5211805555555555 0.13854166666666667 0.5194444444444445 0.13368055555555555 0.5194444444444445 0.12881944444444446 0.5194444444444445 0.12465277777777778 0.5215277777777778 0.12118055555555556 0.5239583333333333 0.11909722222222222 0.5246527777777777 0.11701388888888889 0.5256944444444445 0.11458333333333333 0.5270833333333333 0.1125 0.5277777777777778 0.11076388888888888 0.528125 0.10763888888888888 0.5295138888888888 0.10347222222222222 0.5322916666666667 0.10104166666666667 0.5350694444444444 0.09791666666666667 0.5399305555555556 0.09409722222222222 0.545138888888889 0.09166666666666666 0.5472222222222223 0.09131944444444445 0.55 0.09097222222222222 0.5541666666666667 0.09027777777777778 0.560763888888889 0.08923611111111111 0.5645833333333333 0.08888888888888888 0.5684027777777777 0.08958333333333333 0.5725694444444444 0.090625 0.576388888888889 0.09131944444444445 0.5819444444444444 0.09131944444444445 0.586111111111111 0.09270833333333334 0.5899305555555556 0.09340277777777778 0.59375 0.09340277777777778 0.5975694444444444 0.09409722222222222 0.601736111111111 0.09618055555555555 0.6045138888888889 0.09791666666666667 0.6059027777777778 0.10034722222222221 0.6086805555555556 0.10416666666666667 0.611111111111111 0.10902777777777778 0.6125 0.11388888888888889 0.6131944444444444 0.11770833333333333 0.6128472222222222 0.121875 0.611111111111111 0.125 0.6097222222222223 0.12951388888888887 0.6086805555555556 0.13368055555555555 0.6079861111111111 0.13715277777777776 0.60625 0.1420138888888889 0.6024305555555556 0.14479166666666668 0.6 0.14722222222222223 0.5961805555555556 0.15034722222222224 0.5934027777777777 0.1513888888888889 0.590625 0.15208333333333332 0.5868055555555556 0.15520833333333334 0.5847222222222223 0.1576388888888889 0.5826388888888889 0.159375 0.5788194444444444 0.1611111111111111 0.5739583333333333 0.16284722222222223 0.5677083333333334 0.16458333333333333 0.5628472222222223 0.165625 0.5604166666666667 0.165625 0.5572916666666666 0.1642361111111111 0.5527777777777777 0.16354166666666667 0.5493055555555556 0.16319444444444445 0.545138888888889 0.16354166666666667 0.5423611111111111 0.16354166666666667 0.5381944444444444 0.16354166666666667 0.5336805555555556 0.16284722222222223
1 0.7177083333333333 0.16319444444444445 0.7086805555555556 0.15729166666666666 0.7045138888888889 0.15555555555555556 0.7017361111111111 0.15416666666666667 0.6989583333333333 0.15208333333333332 0.6958333333333333 0.14895833333333333 0.6930555555555556 0.14583333333333334 0.6916666666666667 0.1423611111111111 0.6909722222222222 0.13715277777777776 0.6913194444444444 0.13125 0.6934027777777777 0.125 0.6958333333333333 0.12048611111111111 0.6986111111111111 0.11770833333333333 0.7017361111111111 0.11527777777777778 0.7069444444444444 0.11284722222222222 0.7121527777777777 0.11076388888888888 0.715625 0.11006944444444446 0.7222222222222222 0.10902777777777778 0.728125 0.10868055555555554 0.7333333333333333 0.10833333333333334 0.7385416666666667 0.10833333333333334 0.7440972222222223 0.10833333333333334 0.7486111111111111 0.10833333333333334 0.7524305555555556 0.10833333333333334 0.7559027777777777 0.10902777777777778 0.759375 0.11006944444444446 0.7628472222222222 0.11180555555555555 0.7670138888888889 0.11458333333333333 0.7701388888888889 0.11805555555555555 0.7729166666666667 0.12326388888888888 0.7746527777777777 0.1284722222222222 0.7756944444444444 0.13402777777777777 0.7756944444444444 0.1388888888888889 0.7746527777777777 0.14305555555555557 0.7729166666666667 0.14756944444444445 0.7701388888888889 0.15277777777777776 0.767361111111111 0.15520833333333334 0.7631944444444444 0.1579861111111111 0.7586805555555556 0.1607638888888889 0.7538194444444444 0.1625 0.748263888888889 0.16458333333333333 0.7440972222222223 0.165625 0.7399305555555556 0.16666666666666666 0.7371527777777778 0.16666666666666666 0.7329861111111111 0.16631944444444444 0.7284722222222223 0.16597222222222224 0.725 0.16527777777777777
1 0.4347222222222222 0.18055555555555555 0.42743055555555554 0.1798611111111111 0.42430555555555555 0.17881944444444445 0.42118055555555556 0.17604166666666668 0.4180555555555555 0.17291666666666666 0.41423611111111114 0.16979166666666667 0.41111111111111115 0.16597222222222224 0.409375 0.16319444444444445 0.40868055555555555 0.1611111111111111 0.4076388888888889 0.15868055555555557 0.40729166666666666 0.15381944444444443 0.4079861111111111 0.1482638888888889 0.4097222222222222 0.14270833333333333 0.4121527777777778 0.13819444444444443 0.4159722222222222 0.13368055555555555 0.4201388888888889 0.13020833333333334 0.4270833333333333 0.12569444444444444 0.4336805555555555 0.12222222222222222 0.4395833333333333 0.11979166666666667 0.44583333333333336 0.11770833333333333 0.45069444444444445 0.11631944444444445 0.4552083333333333 0.115625 0.4597222222222222 0.11527777777777778 0.46388888888888885 0.11597222222222221 0.4684027777777778 0.11736111111111111 0.471875 0.11840277777777779 0.4753472222222222 0.11944444444444445 0.47708333333333336 0.11979166666666667 0.4798611111111111 0.121875 0.4829861111111111 0.12465277777777778 0.48506944444444444 0.12743055555555555 0.48680555555555555 0.13125 0.4878472222222222 0.13506944444444444 0.4881944444444445 0.13784722222222223 0.48923611111111115 0.14097222222222222 0.4895833333333333 0.1454861111111111 0.4881944444444445 0.1486111111111111 0.4857638888888889 0.15 0.48333333333333334 0.153125 0.48020833333333335 0.15659722222222222 0.478125 0.159375 0.4756944444444445 0.16215277777777776 0.47361111111111115 0.16458333333333333 0.471875 0.1673611111111111 0.4690972222222222 0.16979166666666667 0.46631944444444445 0.17152777777777778 0.46319444444444446 0.1732638888888889 0.459375 0.17534722222222224 0.4552083333333333 0.17743055555555556 0.45 0.17881944444444445 0.44513888888888886 0.1798611111111111 0.4409722222222222 0.18055555555555555
1 0.2722222222222222 0.23715277777777777 0.2690972222222222 0.2388888888888889 0.2611111111111111 0.240625 0.25902777777777775 0.24097222222222223 0.25590277777777776 0.24097222222222223 0.2513888888888889 0.24097222222222223 0.24756944444444443 0.240625 0.24097222222222223 0.23680555555555557 0.23472222222222222 0.23333333333333334 0.23229166666666667 0.23159722222222223 0.23020833333333332 0.22881944444444444 0.228125 0.22430555555555556 0.2263888888888889 0.21909722222222222 0.22534722222222223 0.2138888888888889 0.22534722222222223 0.2076388888888889 0.22534722222222223 0.20104166666666667 0.22569444444444445 0.196875 0.228125 0.18958333333333333 0.23055555555555557 0.18368055555555557 0.23229166666666667 0.18055555555555555 0.23506944444444444 0.17847222222222223 0.2388888888888889 0.17604166666666668 0.24305555555555555 0.1736111111111111 0.2482638888888889 0.17118055555555556 0.25590277777777776 0.16875 0.26145833333333335 0.16770833333333332 0.26493055555555556 0.1673611111111111 0.26875 0.1673611111111111 0.2743055555555555 0.1673611111111111 0.2795138888888889 0.1673611111111111 0.2833333333333333 0.16875 0.2864583333333333 0.17152777777777778 0.2881944444444445 0.1763888888888889 0.29131944444444446 0.18159722222222224 0.2940972222222222 0.1875 0.29583333333333334 0.19375 0.2972222222222222 0.1982638888888889 0.29791666666666666 0.20243055555555556 0.29791666666666666 0.20555555555555557 0.2972222222222222 0.20902777777777776 0.29618055555555556 0.21215277777777777 0.29444444444444445 0.21631944444444443 0.2934027777777778 0.21909722222222222 0.2923611111111111 0.22118055555555557 0.290625 0.2232638888888889 0.28854166666666664 0.22604166666666667 0.2857638888888889 0.22847222222222224 0.28229166666666666 0.23159722222222223 0.27881944444444445 0.23402777777777778
1 0.37986111111111115 0.6454861111111111 0.3770833333333333 0.6340277777777777 0.37569444444444444 0.6270833333333333 0.3746527777777778 0.6239583333333333 0.3704861111111111 0.6166666666666667 0.3684027777777778 0.6149305555555556 0.3663194444444445 0.6131944444444444 0.3607638888888889 0.6125 0.35451388888888885 0.6125 0.3496527777777778 0.6131944444444444 0.3472222222222222 0.6142361111111111 0.34479166666666666 0.615625 0.3420138888888889 0.617013888888889 0.3392361111111111 0.61875 0.3368055555555555 0.6211805555555556 0.334375 0.6239583333333333 0.3315972222222222 0.6270833333333333 0.3295138888888889 0.6298611111111111 0.3277777777777778 0.632986111111111 0.3260416666666667 0.6364583333333333 0.325 0.638888888888889 0.3236111111111111 0.6427083333333333 0.3229166666666667 0.6458333333333334 0.321875 0.648611111111111 0.32083333333333336 0.6513888888888889 0.32013888888888886 0.6538194444444444 0.31979166666666664 0.6555555555555556 0.31979166666666664 0.657986111111111 0.32013888888888886 0.6597222222222222 0.3211805555555555 0.6618055555555556 0.3215277777777778 0.6652777777777777 0.321875 0.6684027777777778 0.32256944444444446 0.671875 0.3236111111111111 0.6746527777777778 0.325 0.6770833333333334 0.3263888888888889 0.679861111111111 0.328125 0.6826388888888889 0.3298611111111111 0.6850694444444444 0.33298611111111115 0.6881944444444444 0.33541666666666664 0.6895833333333333 0.33958333333333335 0.6916666666666667 0.34270833333333334 0.6930555555555556 0.3458333333333333 0.69375 0.3489583333333333 0.6940972222222223 0.35208333333333336 0.6930555555555556 0.3548611111111111 0.6923611111111111 0.3579861111111111 0.6909722222222222 0.3659722222222222 0.685763888888889 0.37083333333333335 0.6819444444444444 0.3770833333333333 0.6732638888888889 0.37916666666666665 0.6684027777777778 0.3795138888888889 0.663888888888889 0.3802083333333333 0.6565972222222223 0.38125 0.6534722222222222
1 0.46770833333333334 0.6277777777777778 0.46319444444444446 0.61875 0.4583333333333333 0.6135416666666667 0.45625 0.6118055555555556 0.45381944444444444 0.6100694444444444 0.4510416666666667 0.6083333333333333 0.4486111111111111 0.6065972222222222 0.4461805555555555 0.6052083333333333 0.44375 0.6038194444444444 0.440625 0.6027777777777777 0.43819444444444444 0.6027777777777777 0.43506944444444445 0.603125 0.43125 0.6045138888888889 0.4253472222222222 0.6052083333333333 0.4201388888888889 0.6065972222222222 0.41631944444444446 0.6100694444444444 0.41388888888888886 0.6138888888888889 0.41180555555555554 0.6184027777777777 0.41041666666666665 0.623263888888889 0.4100694444444445 0.6270833333333333 0.4097222222222222 0.63125 0.409375 0.6357638888888889 0.409375 0.640625 0.4090277777777778 0.6451388888888889 0.409375 0.648263888888889 0.4100694444444445 0.6520833333333333 0.4107638888888889 0.6559027777777777 0.4114583333333333 0.6590277777777778 0.4131944444444445 0.6614583333333334 0.4149305555555555 0.663888888888889 0.4173611111111111 0.6666666666666666 0.42083333333333334 0.6690972222222222 0.42291666666666666 0.671875 0.4256944444444445 0.6739583333333333 0.4284722222222222 0.6767361111111111 0.43125 0.6788194444444444 0.43645833333333334 0.6802083333333333 0.44236111111111115 0.6809027777777777 0.4479166666666667 0.68125 0.45381944444444444 0.6802083333333333 0.4565972222222222 0.678125 0.4628472222222222 0.6743055555555556 0.465625 0.6715277777777777 0.4673611111111111 0.6684027777777778 0.4684027777777778 0.6652777777777777 0.46944444444444444 0.6631944444444444 0.46979166666666666 0.6600694444444444 0.4704861111111111 0.65625 0.46979166666666666 0.6430555555555556 0.46979166666666666 0.6350694444444444 0.4684027777777778 0.6319444444444444
1 0.5635416666666667 0.6190972222222223 0.5579861111111111 0.611111111111111 0.5534722222222223 0.6083333333333333 0.5513888888888889 0.6065972222222222 0.548611111111111 0.6052083333333333 0.5447916666666667 0.6038194444444444 0.5420138888888889 0.6038194444444444 0.5375 0.6052083333333333 0.5333333333333333 0.607638888888889 0.5288194444444445 0.609375 0.5243055555555556 0.6114583333333333 0.5197916666666667 0.6142361111111111 0.5166666666666667 0.617361111111111 0.5149305555555556 0.6215277777777778 0.5128472222222222 0.626736111111111 0.5114583333333333 0.6284722222222222 0.5104166666666666 0.6305555555555556 0.5104166666666666 0.6333333333333333 0.5111111111111112 0.6368055555555556 0.5121527777777778 0.6395833333333333 0.5131944444444445 0.64375 0.5142361111111111 0.6479166666666667 0.5149305555555556 0.6513888888888889 0.5163194444444444 0.6538194444444444 0.5177083333333333 0.6569444444444444 0.5194444444444445 0.6586805555555556 0.521875 0.659375 0.5236111111111111 0.6607638888888889 0.5253472222222222 0.6635416666666667 0.5274305555555555 0.665625 0.5298611111111111 0.6673611111111111 0.5326388888888889 0.66875 0.5371527777777777 0.670138888888889 0.5423611111111111 0.6711805555555556 0.5472222222222223 0.671875 0.5503472222222222 0.6708333333333333 0.5552083333333333 0.670138888888889 0.5604166666666667 0.66875 0.5635416666666667 0.6659722222222223 0.5659722222222222 0.6621527777777777 0.5690972222222223 0.657986111111111 0.571875 0.6538194444444444 0.5736111111111111 0.6496527777777777 0.5743055555555556 0.6465277777777777 0.5743055555555556 0.6434027777777778 0.5743055555555556 0.640625 0.5732638888888889 0.6371527777777778 0.5722222222222223 0.6347222222222223 0.5711805555555556 0.6319444444444444 0.570138888888889 0.6284722222222222 0.5694444444444444 0.6260416666666667 0.5680555555555556 0.6239583333333333
1 0.6420138888888889 0.6649305555555556 0.6395833333333333 0.6583333333333333 0.6378472222222222 0.6569444444444444 0.6354166666666666 0.6552083333333333 0.6322916666666667 0.6527777777777778 0.6291666666666667 0.6506944444444444 0.625 0.6496527777777777 0.6215277777777778 0.6493055555555556 0.617361111111111 0.65 0.6114583333333333 0.6520833333333333 0.6052083333333333 0.654513888888889 0.6003472222222223 0.6565972222222223 0.5947916666666667 0.6597222222222222 0.5909722222222222 0.663888888888889 0.5871527777777777 0.6690972222222222 0.5847222222222223 0.673611111111111 0.5833333333333334 0.6788194444444444 0.5822916666666667 0.6836805555555556 0.58125 0.6888888888888889 0.5809027777777778 0.6944444444444444 0.5822916666666667 0.7003472222222222 0.5840277777777777 0.70625 0.585763888888889 0.711111111111111 0.5875 0.7149305555555556 0.5899305555555556 0.7190972222222223 0.5958333333333333 0.7225694444444444 0.6 0.7253472222222223 0.6055555555555556 0.7274305555555556 0.6114583333333333 0.7288194444444444 0.6197916666666666 0.7295138888888889 0.6239583333333333 0.7298611111111111 0.6284722222222222 0.728125 0.6322916666666667 0.726736111111111 0.6364583333333333 0.7239583333333334 0.6392361111111111 0.7215277777777778 0.6420138888888889 0.71875 0.64375 0.7145833333333333 0.6451388888888889 0.710763888888889 0.6461805555555556 0.7072916666666667 0.6479166666666667 0.7034722222222223 0.648611111111111 0.7006944444444444 0.6496527777777777 0.6975694444444444 0.65 0.6944444444444444 0.6503472222222223 0.690625 0.6510416666666666 0.6871527777777777 0.6510416666666666 0.6833333333333333 0.6503472222222223 0.6802083333333333 0.648611111111111 0.6777777777777777 0.6465277777777777 0.6756944444444444 0.6454861111111111 0.6725694444444444 0.6447916666666667 0.6704861111111111
1 0.43645833333333334 0.7652777777777777 0.43645833333333334 0.759375 0.43645833333333334 0.7559027777777777 0.4361111111111111 0.7527777777777778 0.43506944444444445 0.7489583333333333 0.4340277777777778 0.7454861111111111 0.43125 0.7413194444444444 0.4284722222222222 0.7378472222222222 0.425 0.7340277777777777 0.42118055555555556 0.7315972222222222 0.4173611111111111 0.7295138888888889 0.41354166666666664 0.7288194444444444 0.4083333333333333 0.7288194444444444 0.4027777777777778 0.7291666666666666 0.3972222222222222 0.7305555555555556 0.3923611111111111 0.7319444444444444 0.3878472222222222 0.7336805555555556 0.384375 0.7354166666666667 0.37986111111111115 0.7378472222222222 0.37569444444444444 0.740625 0.371875 0.74375 0.3690972222222222 0.7461805555555556 0.36701388888888886 0.7486111111111111 0.36493055555555554 0.7527777777777778 0.3628472222222222 0.7559027777777777 0.3611111111111111 0.7597222222222223 0.36006944444444444 0.7625 0.35833333333333334 0.7649305555555556 0.35694444444444445 0.7670138888888889 0.3555555555555555 0.7704861111111111 0.35451388888888885 0.773263888888889 0.3534722222222222 0.7767361111111111 0.3524305555555555 0.779513888888889 0.35173611111111114 0.7822916666666667 0.35138888888888886 0.7854166666666667 0.3527777777777778 0.7881944444444444 0.35451388888888885 0.790625 0.3559027777777778 0.795138888888889 0.35625 0.7979166666666667 0.3572916666666667 0.7996527777777778 0.35868055555555556 0.8017361111111111 0.36180555555555555 0.8034722222222223 0.3659722222222222 0.804861111111111 0.3711805555555555 0.8055555555555556 0.37604166666666666 0.8059027777777777 0.378125 0.80625 0.3809027777777778 0.8069444444444444 0.38333333333333336 0.8079861111111111 0.3861111111111111 0.810763888888889 0.38819444444444445 0.8111111111111111 0.390625 0.8118055555555556 0.3934027777777778 0.8114583333333333 0.39895833333333336 0.8100694444444444 0.4010416666666667 0.8086805555555556 0.4059027777777778 0.8055555555555556 0.4114583333333333 0.803125 0.4197916666666667 0.7954861111111111 0.4236111111111111 0.7920138888888889 0.4263888888888889 0.7878472222222223 0.4305555555555555 0.7826388888888889 0.434375 0.7770833333333333 0.43506944444444445 0.7715277777777777
1 0.715625 0.7798611111111111 0.7128472222222223 0.7753472222222223 0.711111111111111 0.773611111111111 0.7083333333333334 0.771875 0.7055555555555556 0.7708333333333334 0.7020833333333333 0.7701388888888889 0.6982638888888889 0.7690972222222222 0.6940972222222223 0.7680555555555556 0.6913194444444444 0.7677083333333333 0.6885416666666667 0.7677083333333333 0.6847222222222222 0.7680555555555556 0.679861111111111 0.7684027777777778 0.6763888888888889 0.76875 0.671875 0.7697916666666667 0.6666666666666666 0.771875 0.6628472222222223 0.7743055555555556 0.6583333333333333 0.7777777777777778 0.6559027777777777 0.78125 0.6538194444444444 0.7861111111111111 0.6520833333333333 0.7899305555555556 0.6510416666666666 0.7940972222222222 0.65 0.7982638888888889 0.6493055555555556 0.8020833333333334 0.648611111111111 0.80625 0.648263888888889 0.8100694444444444 0.648611111111111 0.8149305555555556 0.6503472222222223 0.820486111111111 0.6527777777777778 0.8243055555555556 0.65625 0.8319444444444444 0.6583333333333333 0.8347222222222223 0.6604166666666667 0.8371527777777777 0.6635416666666667 0.8395833333333333 0.6684027777777778 0.8423611111111111 0.675 0.8440972222222223 0.6805555555555556 0.8451388888888889 0.6871527777777777 0.8465277777777778 0.6913194444444444 0.846875 0.6982638888888889 0.8458333333333333 0.7034722222222223 0.8444444444444444 0.7079861111111111 0.8427083333333333 0.711111111111111 0.8409722222222222 0.7145833333333333 0.8375 0.717013888888889 0.8340277777777777 0.7190972222222223 0.8305555555555556 0.7201388888888889 0.8274305555555556 0.721875 0.8243055555555556 0.7232638888888889 0.8211805555555556 0.7243055555555556 0.8180555555555556 0.725 0.815625 0.7256944444444444 0.8125 0.7260416666666667 0.8090277777777778 0.7260416666666667 0.8055555555555556 0.7253472222222223 0.8013888888888889 0.7236111111111111 0.796875 0.7229166666666667 0.7940972222222222 0.7211805555555556 0.790625
1 0.5927083333333333 0.8333333333333334 0.5899305555555556 0.8243055555555556 0.5888888888888889 0.8211805555555556 0.5864583333333333 0.8173611111111111 0.5850694444444444 0.8149305555555556 0.5819444444444444 0.8114583333333333 0.5791666666666667 0.8086805555555556 0.5753472222222222 0.80625 0.5715277777777777 0.804513888888889 0.5677083333333334 0.8024305555555556 0.5638888888888889 0.8017361111111111 0.559375 0.8010416666666667 0.55625 0.8003472222222222 0.5513888888888889 0.7996527777777778 0.5461805555555556 0.7996527777777778 0.5402777777777777 0.8003472222222222 0.5357638888888889 0.8020833333333334 0.5309027777777778 0.804513888888889 0.5274305555555555 0.8069444444444444 0.5243055555555556 0.8097222222222222 0.5215277777777778 0.8131944444444444 0.5197916666666667 0.8173611111111111 0.5184027777777778 0.8208333333333333 0.5180555555555555 0.8236111111111111 0.5180555555555555 0.8270833333333333 0.5180555555555555 0.83125 0.5180555555555555 0.8347222222222223 0.5194444444444445 0.8388888888888889 0.5204861111111111 0.842013888888889 0.5215277777777778 0.8458333333333333 0.5229166666666667 0.8503472222222223 0.5246527777777777 0.8538194444444444 0.5260416666666666 0.8569444444444444 0.528125 0.8597222222222223 0.5305555555555556 0.8621527777777778 0.5329861111111112 0.8649305555555556 0.5361111111111111 0.867361111111111 0.539236111111111 0.8704861111111111 0.5423611111111111 0.873263888888889 0.5472222222222223 0.8756944444444444 0.5524305555555556 0.8784722222222222 0.5576388888888889 0.8805555555555556 0.5631944444444444 0.8819444444444444 0.5663194444444444 0.882986111111111 0.5711805555555556 0.8840277777777777 0.5760416666666667 0.884375 0.5815972222222222 0.8847222222222223 0.5850694444444444 0.8836805555555556 0.5885416666666666 0.8815972222222223 0.5913194444444444 0.8795138888888889 0.59375 0.8774305555555556 0.595486111111111 0.8739583333333333 0.596875 0.8694444444444444 0.5975694444444444 0.8645833333333334 0.595486111111111 0.84375
1 0.434375 0.90625 0.4340277777777778 0.90625 0.4288194444444445 0.9 0.4270833333333333 0.8972222222222223 0.425 0.8954861111111111 0.42291666666666666 0.8934027777777778 0.4204861111111111 0.8899305555555556 0.4180555555555555 0.8864583333333333 0.4166666666666667 0.8833333333333333 0.41631944444444446 0.8777777777777778 0.415625 0.8729166666666667 0.41458333333333336 0.867013888888889 0.415625 0.8635416666666667 0.41875 0.859375 0.4222222222222222 0.8548611111111111 0.425 0.851388888888889 0.42743055555555554 0.8482638888888889 0.4305555555555555 0.8461805555555556 0.43263888888888885 0.8458333333333333 0.4354166666666667 0.8461805555555556 0.4392361111111111 0.8475694444444444 0.4440972222222222 0.8482638888888889 0.4472222222222222 0.8486111111111111 0.45208333333333334 0.8503472222222223 0.45625 0.851736111111111 0.4583333333333333 0.8541666666666666 0.46041666666666664 0.8572916666666667 0.4635416666666667 0.859375 0.4673611111111111 0.8614583333333333 0.47118055555555555 0.8638888888888889 0.4739583333333333 0.8663194444444444 0.47673611111111114 0.8701388888888889 0.4774305555555555 0.873263888888889 0.4784722222222222 0.876736111111111 0.47951388888888885 0.8805555555555556 0.4809027777777778 0.8857638888888889 0.4809027777777778 0.8895833333333333 0.4809027777777778 0.8940972222222222 0.48020833333333335 0.8996527777777777 0.47881944444444446 0.9034722222222222 0.4777777777777778 0.9072916666666667 0.47604166666666664 0.9104166666666667 0.47361111111111115 0.9135416666666667 0.4708333333333333 0.915625 0.4670138888888889 0.9163194444444444 0.46076388888888886 0.9163194444444444 0.4576388888888889 0.9163194444444444 0.4513888888888889 0.9159722222222223 0.446875 0.9149305555555556 0.44166666666666665 0.9118055555555556 0.43819444444444444 0.9097222222222222
1 0.23784722222222224 0.8666666666666667 0.2392361111111111 0.8552083333333333 0.240625 0.851736111111111 0.24305555555555555 0.8486111111111111 0.2454861111111111 0.846875 0.24930555555555556 0.8451388888888889 0.2520833333333333 0.8416666666666667 0.25381944444444443 0.8375 0.2555555555555556 0.8329861111111111 0.2600694444444444 0.8288194444444444 0.26458333333333334 0.8239583333333333 0.2694444444444445 0.8215277777777777 0.2753472222222222 0.8190972222222223 0.28194444444444444 0.820138888888889 0.28611111111111115 0.820138888888889 0.29270833333333335 0.8190972222222223 0.296875 0.8180555555555556 0.3006944444444445 0.81875 0.30625 0.8215277777777777 0.3121527777777778 0.8277777777777777 0.31319444444444444 0.829861111111111 0.3152777777777778 0.8326388888888889 0.31736111111111115 0.835763888888889 0.3184027777777778 0.8395833333333333 0.3190972222222222 0.8434027777777777 0.3194444444444445 0.8461805555555556 0.3184027777777778 0.85 0.3177083333333333 0.8545138888888889 0.31666666666666665 0.859375 0.31493055555555555 0.8631944444444444 0.3125 0.867361111111111 0.31006944444444445 0.8711805555555556 0.3072916666666667 0.8760416666666667 0.30451388888888886 0.8809027777777777 0.3020833333333333 0.8847222222222223 0.2996527777777778 0.8875 0.296875 0.8892361111111111 0.290625 0.8913194444444444 0.2847222222222222 0.8927083333333333 0.27569444444444446 0.8940972222222222 0.26979166666666665 0.8951388888888889 0.26180555555555557 0.8954861111111111 0.25625 0.8954861111111111 0.25243055555555555 0.8947916666666667 0.2486111111111111 0.8916666666666667 0.24479166666666666 0.888888888888889 0.2420138888888889 0.8836805555555556 0.23993055555555556 0.878125 0.2388888888888889 0.8722222222222222
1 0.27708333333333335 0.9472222222222223 0.2833333333333333 0.9388888888888889 0.2881944444444445 0.934375 0.2930555555555555 0.93125 0.2965277777777778 0.929861111111111 0.3013888888888889 0.9302083333333333 0.3072916666666667 0.9309027777777777 0.3121527777777778 0.9329861111111111 0.3170138888888889 0.9347222222222222 0.31979166666666664 0.9354166666666667 0.3229166666666667 0.9364583333333333 0.3263888888888889 0.9381944444444444 0.32881944444444444 0.939236111111111 0.33125 0.9409722222222222 0.3347222222222222 0.94375 0.3402777777777778 0.9475694444444444 0.3454861111111111 0.9517361111111111 0.346875 0.9565972222222222 0.3472222222222222 0.9614583333333333 0.3489583333333333 0.967013888888889 0.3496527777777778 0.9708333333333333 0.3503472222222222 0.9753472222222223 0.3503472222222222 0.9805555555555556 0.3503472222222222 0.9857638888888889 0.34930555555555554 0.990625 0.3476388888888889 0.9989583333333333 0.34305555555555556 0.9989583333333333 0.27395833333333336 0.9989583333333333 0.27291666666666664 0.9951388888888889 0.271875 0.992361111111111 0.27048611111111115 0.9871527777777778 0.2684027777777778 0.9829861111111111 0.2677083333333333 0.9777777777777777 0.2673611111111111 0.9725694444444444 0.26805555555555555 0.967013888888889 0.27048611111111115 0.961111111111111 0.2722222222222222 0.9572916666666667 0.2746527777777778 0.9517361111111111
1 0.8524305555555556 0.6826388888888889 0.8493055555555556 0.6763888888888889 0.8472222222222222 0.6708333333333333 0.8465277777777778 0.6666666666666666 0.8461805555555556 0.6631944444444444 0.8458333333333333 0.6583333333333333 0.8458333333333333 0.6565972222222223 0.8472222222222222 0.6493055555555556 0.8493055555555556 0.6440972222222222 0.851388888888889 0.6385416666666667 0.8548611111111111 0.632986111111111 0.8583333333333333 0.6291666666666667 0.8638888888888889 0.6263888888888889 0.8725694444444444 0.6260416666666667 0.8788194444444444 0.626736111111111 0.882986111111111 0.628125 0.8868055555555556 0.6305555555555556 0.8892361111111111 0.632986111111111 0.8913194444444444 0.6364583333333333 0.8927083333333333 0.6409722222222223 0.8934027777777778 0.6465277777777777 0.8947916666666667 0.6510416666666666 0.8965277777777777 0.6555555555555556 0.898263888888889 0.6600694444444444 0.8993055555555556 0.6635416666666667 0.9 0.6673611111111111 0.8996527777777777 0.6722222222222223 0.898611111111111 0.6784722222222223 0.8972222222222223 0.6847222222222222 0.8961805555555556 0.6885416666666667 0.8944444444444444 0.6930555555555556 0.8930555555555556 0.6958333333333333 0.8899305555555556 0.6979166666666666 0.8881944444444444 0.6982638888888889 0.8850694444444444 0.6989583333333333 0.882986111111111 0.7003472222222222 0.88125 0.701388888888889 0.878125 0.7017361111111111 0.8736111111111111 0.7024305555555556 0.8708333333333333 0.7020833333333333 0.865625 0.6989583333333333 0.8621527777777778 0.6961805555555556 0.8586805555555556 0.6927083333333334 0.8565972222222222 0.6888888888888889 0.8548611111111111 0.6861111111111111
1 0.9493055555555556 0.6861111111111111 0.9388888888888889 0.6829861111111111 0.9333333333333333 0.6805555555555556 0.9302083333333333 0.6784722222222223 0.9274305555555556 0.6756944444444444 0.9253472222222222 0.6722222222222223 0.923611111111111 0.6697916666666667 0.9194444444444444 0.6618055555555556 0.9194444444444444 0.653125 0.9215277777777777 0.6461805555555556 0.9270833333333334 0.6357638888888889 0.9336805555555556 0.6274305555555556 0.9399305555555556 0.6236111111111111 0.9493055555555556 0.623263888888889 0.9545138888888889 0.6243055555555556 0.960763888888889 0.6263888888888889 0.9649305555555556 0.6274305555555556 0.9708333333333333 0.6295138888888889 0.9777777777777777 0.632638888888889 0.9833333333333333 0.6350694444444444 0.9881944444444444 0.6371527777777778 0.9909722222222223 0.6392361111111111 0.9944444444444444 0.6420138888888889 0.9972222222222222 0.6472222222222223 0.9989583333333333 0.6513888888888889 0.9989583333333333 0.6555555555555556 0.9989583333333333 0.6600694444444444 0.9989583333333333 0.6645833333333333 0.9965277777777778 0.6708333333333333 0.9940972222222223 0.675 0.9909722222222223 0.6788194444444444 0.9871527777777778 0.6819444444444444 0.9822916666666667 0.684375 0.978125 0.6850694444444444 0.9736111111111111 0.6850694444444444 0.9701388888888889 0.685763888888889 0.965625 0.6868055555555556 0.959375 0.6878472222222223 0.953125 0.6878472222222223
1 0.9135416666666667 0.6006944444444444 0.9076388888888889 0.5965277777777778 0.9034722222222222 0.5923611111111111 0.9006944444444444 0.5888888888888889 0.898611111111111 0.5850694444444444 0.8961805555555556 0.5815972222222222 0.8944444444444444 0.5774305555555556 0.89375 0.5732638888888889 0.89375 0.5690972222222223 0.8951388888888889 0.5635416666666667 0.898263888888889 0.5583333333333333 0.9017361111111111 0.5541666666666667 0.9055555555555556 0.5503472222222222 0.9097222222222222 0.5472222222222223 0.9166666666666666 0.5444444444444444 0.9232638888888889 0.5423611111111111 0.9302083333333333 0.540625 0.9371527777777777 0.539236111111111 0.9427083333333334 0.539236111111111 0.9489583333333333 0.5399305555555556 0.9545138888888889 0.5416666666666666 0.9597222222222223 0.5444444444444444 0.9652777777777778 0.546875 0.9694444444444444 0.5493055555555556 0.9743055555555556 0.5538194444444444 0.976388888888889 0.5576388888888889 0.9784722222222223 0.5625 0.9798611111111111 0.5680555555555556 0.9798611111111111 0.5732638888888889 0.9791666666666666 0.5777777777777777 0.976388888888889 0.5829861111111111 0.9739583333333334 0.5875 0.970486111111111 0.5913194444444444 0.9673611111111111 0.5930555555555556 0.9628472222222223 0.5961805555555556 0.9576388888888889 0.5989583333333334 0.9517361111111111 0.6010416666666667 0.9489583333333333 0.6027777777777777 0.9440972222222223 0.6048611111111111 0.9409722222222222 0.60625 0.9385416666666667 0.6065972222222222 0.9340277777777778 0.6065972222222222 0.9284722222222223 0.6052083333333333 0.9229166666666667 0.6034722222222223
1 0.89375 0.4465277777777778 0.8875 0.4402777777777778 0.8854166666666666 0.43680555555555556 0.8833333333333333 0.4329861111111111 0.8815972222222223 0.42951388888888886 0.8791666666666667 0.42430555555555555 0.878125 0.4180555555555555 0.8784722222222222 0.41180555555555554 0.8802083333333334 0.40625 0.8819444444444444 0.4017361111111111 0.8840277777777777 0.3975694444444445 0.8857638888888889 0.39375 0.8875 0.390625 0.8892361111111111 0.38819444444444445 0.8927083333333333 0.3840277777777778 0.8975694444444444 0.37986111111111115 0.9041666666666667 0.37604166666666666 0.9086805555555556 0.37430555555555556 0.9145833333333333 0.37256944444444445 0.9204861111111111 0.3711805555555555 0.9270833333333334 0.3711805555555555 0.9319444444444444 0.3732638888888889 0.935763888888889 0.3763888888888889 0.939236111111111 0.3802083333333333 0.9416666666666667 0.384375 0.9444444444444444 0.3892361111111111 0.9461805555555556 0.39375 0.9475694444444444 0.3975694444444445 0.9482638888888889 0.4017361111111111 0.9489583333333333 0.4083333333333333 0.9489583333333333 0.41423611111111114 0.9482638888888889 0.41944444444444445 0.9465277777777777 0.425 0.94375 0.43194444444444446 0.9416666666666667 0.43680555555555556 0.9388888888888889 0.44166666666666665 0.935763888888889 0.44756944444444446 0.934375 0.4503472222222222 0.9256944444444444 0.45381944444444444 0.9163194444444444 0.4552083333333333 0.9097222222222222 0.4552083333333333 0.9048611111111111 0.4534722222222222
1 0.975 0.43263888888888885 0.9833333333333333 0.42256944444444444 0.9892361111111111 0.4166666666666667 0.9927083333333333 0.41354166666666664 0.9989583333333333 0.40959429824561405 0.9989583333333333 0.4791666666666667 0.9902777777777777 0.47881944444444446 0.986111111111111 0.47708333333333336 0.9805555555555556 0.47430555555555554 0.976736111111111 0.4722222222222222 0.9732638888888889 0.46979166666666666 0.9697916666666667 0.46631944444444445 0.9663194444444444 0.46076388888888886 0.965625 0.45555555555555555 0.965625 0.4503472222222222 0.9663194444444444 0.4434027777777778 0.9680555555555556 0.4388888888888889 0.9715277777777778 0.4347222222222222
1 0.9472222222222223 0.1392361111111111 0.940625 0.13819444444444443 0.9350694444444444 0.13402777777777777 0.9319444444444444 0.13125 0.9302083333333333 0.1277777777777778 0.928125 0.12256944444444445 0.9267361111111111 0.11354166666666667 0.9263888888888889 0.10729166666666666 0.9263888888888889 0.10034722222222221 0.9277777777777777 0.09236111111111112 0.93125 0.08055555555555555 0.9381944444444444 0.07222222222222222 0.9423611111111111 0.06840277777777778 0.946875 0.06493055555555556 0.9524305555555556 0.06180555555555556 0.9583333333333334 0.059722222222222225 0.9642361111111111 0.059027777777777776 0.971875 0.059027777777777776 0.976736111111111 0.06006944444444444 0.9815972222222222 0.06180555555555556 0.9857638888888889 0.06458333333333334 0.9881944444444444 0.07048611111111111 0.9892361111111111 0.07152777777777779 0.9916666666666667 0.078125 0.9934027777777777 0.08159722222222222 0.9947916666666666 0.08680555555555555 0.9951388888888889 0.09131944444444445 0.9951388888888889 0.09618055555555555 0.9944444444444444 0.10069444444444445 0.9934027777777777 0.10520833333333333 0.992013888888889 0.109375 0.9909722222222223 0.11423611111111112 0.9895833333333334 0.11770833333333333 0.9885416666666667 0.12118055555555556 0.9864583333333333 0.12430555555555554 0.9833333333333333 0.12708333333333333 0.9788194444444444 0.13090277777777778 0.9756944444444444 0.13333333333333333 0.9729166666666667 0.13541666666666666 0.9694444444444444 0.13680555555555557 0.9649305555555556 0.13784722222222223 0.9590277777777777 0.13784722222222223 0.9510416666666667 0.13819444444444443
1 0.684375 0.049652777777777775 0.6868055555555556 0.04131944444444444 0.6895833333333333 0.03715277777777778 0.6916666666666667 0.034027777777777775 0.69375 0.03090277777777778 0.6972222222222223 0.02777777777777778 0.7003472222222222 0.026041666666666668 0.7045138888888889 0.024305555555555556 0.7090277777777777 0.02222222222222222 0.7142361111111111 0.019791666666666666 0.7184027777777777 0.019791666666666666 0.7246527777777777 0.019791666666666666 0.7291666666666666 0.019791666666666666 0.7329861111111111 0.019444444444444445 0.7371527777777778 0.019444444444444445 0.7427083333333333 0.021875 0.746875 0.025 0.7510416666666667 0.029513888888888888 0.7545138888888889 0.034027777777777775 0.757638888888889 0.03993055555555556 0.759375 0.04583333333333333 0.7600694444444444 0.051388888888888894 0.7604166666666666 0.05416666666666667 0.7604166666666666 0.05416666666666667 0.7600694444444444 0.05694444444444444 0.7590277777777777 0.06180555555555556 0.757986111111111 0.06736111111111112 0.7559027777777777 0.07256944444444445 0.753125 0.078125 0.7506944444444444 0.08229166666666667 0.7475694444444444 0.08645833333333333 0.7434027777777777 0.08819444444444445 0.7402777777777777 0.08819444444444445 0.7371527777777778 0.08819444444444445 0.7354166666666667 0.08923611111111111 0.732638888888889 0.090625 0.7288194444444444 0.09097222222222222 0.7222222222222222 0.09097222222222222 0.7190972222222223 0.09236111111111112 0.7138888888888889 0.09444444444444446 0.7090277777777777 0.09479166666666666 0.7041666666666667 0.09513888888888888 0.7003472222222222 0.09513888888888888 0.6958333333333333 0.09305555555555554 0.6913194444444444 0.08888888888888888 0.6878472222222223 0.08298611111111112 0.6850694444444444 0.075 0.6840277777777778 0.06736111111111112 0.6840277777777778 0.06076388888888889
1 0.2878472222222222 0.07256944444444445 0.28680555555555554 0.06770833333333333 0.28541666666666665 0.0638888888888889 0.2850694444444445 0.06041666666666667 0.284375 0.05486111111111111 0.28368055555555555 0.04826388888888889 0.2829861111111111 0.04375 0.2826388888888889 0.03819444444444444 0.2833333333333333 0.035069444444444445 0.28680555555555554 0.025694444444444447 0.2902777777777778 0.023611111111111114 0.2930555555555555 0.022916666666666665 0.2972222222222222 0.021527777777777778 0.30416666666666664 0.019791666666666666 0.31666666666666665 0.017013888888888887 0.3236111111111111 0.017013888888888887 0.3284722222222222 0.017708333333333333 0.3326388888888889 0.019791666666666666 0.3375 0.021875 0.3420138888888889 0.024305555555555556 0.3465277777777778 0.027083333333333334 0.3489583333333333 0.029861111111111113 0.35173611111111114 0.03229166666666667 0.35451388888888885 0.034722222222222224 0.36041666666666666 0.03888888888888889 0.3631944444444445 0.04027777777777777 0.3652777777777778 0.041666666666666664 0.36770833333333336 0.044097222222222225 0.3697916666666667 0.046875 0.37013888888888885 0.05173611111111111 0.3697916666666667 0.057291666666666664 0.3684027777777778 0.0625 0.36701388888888886 0.06805555555555555 0.365625 0.07222222222222222 0.3638888888888889 0.07569444444444445 0.3621527777777778 0.07847222222222222 0.35868055555555556 0.08923611111111111 0.35694444444444445 0.09375 0.35520833333333335 0.09513888888888888 0.3506944444444445 0.09652777777777778 0.3454861111111111 0.09722222222222222 0.33958333333333335 0.09722222222222222 0.33229166666666665 0.09722222222222222 0.32569444444444445 0.096875 0.31979166666666664 0.09583333333333334 0.31493055555555555 0.09375 0.30486111111111114 0.08854166666666667 0.2996527777777778 0.08784722222222222 0.29756944444444444 0.08715277777777779 0.29375 0.084375 0.2923611111111111 0.08125 0.2902777777777778 0.07673611111111112
1 0.09513888888888888 0.1954861111111111 0.09340277777777778 0.1857638888888889 0.09340277777777778 0.1826388888888889 0.09409722222222222 0.1767361111111111 0.09583333333333334 0.17291666666666666 0.09826388888888889 0.1673611111111111 0.10069444444444445 0.16180555555555556 0.10277777777777779 0.15833333333333333 0.10555555555555556 0.1548611111111111 0.11006944444444446 0.15104166666666666 0.11458333333333333 0.1486111111111111 0.11840277777777779 0.14652777777777776 0.12361111111111112 0.14375 0.128125 0.14131944444444444 0.13125 0.13993055555555556 0.13472222222222224 0.13958333333333334 0.13819444444444443 0.140625 0.13958333333333334 0.14166666666666666 0.1423611111111111 0.14479166666666668 0.14652777777777776 0.14895833333333333 0.15034722222222224 0.15069444444444444 0.15416666666666667 0.15243055555555557 0.1576388888888889 0.1545138888888889 0.15972222222222224 0.1576388888888889 0.1611111111111111 0.16041666666666668 0.1625 0.16458333333333333 0.16319444444444445 0.16770833333333332 0.16284722222222223 0.17083333333333334 0.1625 0.17465277777777777 0.16215277777777776 0.17916666666666667 0.16145833333333334 0.18402777777777776 0.16041666666666668 0.18819444444444444 0.15902777777777777 0.19097222222222224 0.15729166666666666 0.19375 0.15555555555555556 0.19618055555555555 0.15243055555555557 0.2 0.14965277777777777 0.20381944444444444 0.146875 0.20625 0.14375 0.20902777777777776 0.14097222222222222 0.21180555555555555 0.13784722222222223 0.21527777777777776 0.134375 0.21805555555555556 0.12881944444444446 0.21875 0.12256944444444445 0.21875 0.11944444444444445 0.21770833333333334 0.11701388888888889 0.21458333333333332 0.11527777777777778 0.2107638888888889 0.11215277777777778 0.20868055555555556 0.10659722222222222 0.20590277777777777 0.10208333333333333 0.20416666666666666 0.09861111111111112 0.20243055555555556 0.096875 0.19895833333333332
1 0.021527777777777778 0.17430555555555557 0.023958333333333335 0.184375 0.02465277777777778 0.18715277777777778 0.025 0.18993055555555557 0.025694444444444447 0.19270833333333334 0.025694444444444447 0.19930555555555557 0.025694444444444447 0.20520833333333333 0.025 0.21006944444444445 0.023958333333333335 0.21319444444444444 0.022916666666666665 0.2173611111111111 0.020833333333333332 0.2204861111111111 0.015625 0.2232638888888889 0.011458333333333333 0.22430555555555556 0.007291666666666667 0.2267361111111111 0.004861111111111111 0.22881944444444444 0.0024305555555555556 0.23125 0.0 0.2329861111111111 0.0003472222222222222 0.15277777777777776 0.006597222222222222 0.15590277777777778 0.009027777777777777 0.15833333333333333 0.0125 0.16145833333333334 0.014583333333333334 0.1638888888888889 0.016319444444444445 0.16631944444444444
1 0.11770833333333333 0.3020833333333333 0.11770833333333333 0.29930555555555555 0.11840277777777779 0.290625 0.11979166666666667 0.2857638888888889 0.12152777777777778 0.2809027777777778 0.12430555555555554 0.27569444444444446 0.1267361111111111 0.27291666666666664 0.12986111111111112 0.2708333333333333 0.13472222222222224 0.2673611111111111 0.1388888888888889 0.26458333333333334 0.14340277777777777 0.2611111111111111 0.14722222222222223 0.2586805555555556 0.1517361111111111 0.25833333333333336 0.159375 0.2586805555555556 0.16319444444444445 0.259375 0.16666666666666666 0.2607638888888889 0.16979166666666667 0.2621527777777778 0.17430555555555557 0.26458333333333334 0.17881944444444445 0.2677083333333333 0.18229166666666666 0.2701388888888889 0.18541666666666667 0.27395833333333336 0.1888888888888889 0.278125 0.19166666666666668 0.28125 0.19375 0.2847222222222222 0.19479166666666667 0.28923611111111114 0.1954861111111111 0.29444444444444445 0.196875 0.2996527777777778 0.19722222222222224 0.30520833333333336 0.19791666666666666 0.3107638888888889 0.1986111111111111 0.3190972222222222 0.19895833333333332 0.32395833333333335 0.19895833333333332 0.32569444444444445 0.19791666666666666 0.3267361111111111 0.1954861111111111 0.32916666666666666 0.19166666666666668 0.3319444444444445 0.18854166666666666 0.33368055555555554 0.18402777777777776 0.33611111111111114 0.18090277777777777 0.3378472222222222 0.1763888888888889 0.33958333333333335 0.171875 0.3409722222222222 0.1611111111111111 0.3423611111111111 0.15416666666666667 0.3434027777777778 0.15243055555555557 0.3434027777777778 0.14722222222222223 0.3402777777777778 0.14340277777777777 0.3385416666666667 0.1392361111111111 0.33645833333333336 0.13472222222222224 0.3340277777777778 0.13055555555555556 0.3315972222222222 0.12708333333333333 0.32916666666666666 0.12569444444444444 0.3263888888888889 0.12465277777777778 0.32048611111111114 0.12395833333333334 0.3177083333333333 0.12256944444444445 0.3142361111111111 0.12013888888888888 0.3079861111111111
1 0.019791666666666666 0.3892361111111111 0.023958333333333335 0.384375 0.030208333333333334 0.37916666666666665 0.034375 0.37743055555555555 0.04131944444444444 0.3763888888888889 0.04791666666666667 0.37604166666666666 0.05173611111111111 0.37569444444444444 0.05625 0.3753472222222222 0.059722222222222225 0.3753472222222222 0.0625 0.37569444444444444 0.06493055555555556 0.37743055555555555 0.06805555555555555 0.3788194444444445 0.07222222222222222 0.3809027777777778 0.07638888888888888 0.38298611111111114 0.07847222222222222 0.384375 0.08055555555555555 0.38645833333333335 0.08263888888888889 0.39166666666666666 0.08506944444444445 0.3972222222222222 0.0875 0.403125 0.08923611111111111 0.40868055555555555 0.09097222222222222 0.41458333333333336 0.09201388888888888 0.42083333333333334 0.09236111111111112 0.4277777777777778 0.09236111111111112 0.4340277777777778 0.09131944444444445 0.4409722222222222 0.08958333333333333 0.4461805555555555 0.08472222222222221 0.4513888888888889 0.07881944444444446 0.45555555555555555 0.07326388888888888 0.459375 0.06805555555555555 0.4621527777777778 0.06145833333333333 0.46458333333333335 0.05694444444444444 0.4652777777777778 0.04861111111111111 0.465625 0.04375 0.465625 0.03784722222222223 0.4652777777777778 0.034722222222222224 0.4635416666666667 0.03263888888888889 0.46145833333333336 0.03263888888888889 0.46111111111111114 0.02638888888888889 0.4510416666666667 0.02465277777777778 0.4465277777777778 0.02222222222222222 0.44166666666666665 0.01909722222222222 0.4357638888888889 0.016319444444444445 0.4288194444444445 0.014930555555555556 0.42291666666666666 0.014583333333333334 0.4184027777777778 0.013541666666666667 0.41354166666666664 0.013541666666666667 0.40868055555555555 0.01388888888888889 0.4034722222222222 0.015277777777777777 0.3972222222222222 0.016319444444444445 0.39305555555555555
1 0.14479166666666668 0.742361111111111 0.13819444444444443 0.7402777777777777 0.12986111111111112 0.7368055555555556 0.12534722222222222 0.734375 0.12013888888888888 0.73125 0.11770833333333333 0.7274305555555556 0.11388888888888889 0.7215277777777778 0.11180555555555555 0.7184027777777777 0.11006944444444446 0.7138888888888889 0.109375 0.7072916666666667 0.109375 0.7003472222222222 0.109375 0.695138888888889 0.11111111111111112 0.6913194444444444 0.11319444444444444 0.6864583333333333 0.115625 0.6826388888888889 0.11944444444444445 0.679513888888889 0.12395833333333334 0.6767361111111111 0.13125 0.6743055555555556 0.13784722222222223 0.6729166666666667 0.14409722222222224 0.6715277777777777 0.14965277777777777 0.6708333333333333 0.1548611111111111 0.670138888888889 0.1625 0.670138888888889 0.1670138888888889 0.6715277777777777 0.17256944444444444 0.6746527777777778 0.1767361111111111 0.6774305555555556 0.17916666666666667 0.679513888888889 0.1826388888888889 0.6840277777777778 0.1888888888888889 0.69375 0.19340277777777776 0.7010416666666667 0.1954861111111111 0.70625 0.19618055555555555 0.711111111111111 0.19652777777777777 0.715625 0.1954861111111111 0.7208333333333333 0.19375 0.7277777777777777 0.19166666666666668 0.7315972222222222 0.18819444444444444 0.7364583333333333 0.18541666666666667 0.7388888888888889 0.18090277777777777 0.7399305555555556 0.17569444444444443 0.742013888888889 0.17152777777777778 0.7434027777777777 0.1673611111111111 0.7444444444444444 0.16180555555555556 0.7454861111111111 0.15833333333333333 0.7454861111111111 0.15277777777777776 0.74375
1 0.11944444444444445 0.8690972222222223 0.12222222222222222 0.8680555555555556 0.13090277777777778 0.8645833333333334 0.13854166666666667 0.8631944444444444 0.1486111111111111 0.861111111111111 0.15381944444444443 0.8604166666666667 0.16145833333333334 0.8600694444444444 0.16805555555555557 0.8590277777777777 0.17604166666666668 0.859375 0.18159722222222224 0.861111111111111 0.18715277777777778 0.8645833333333334 0.190625 0.867361111111111 0.19375 0.8708333333333333 0.196875 0.8756944444444444 0.19756944444444444 0.8802083333333334 0.19756944444444444 0.8847222222222223 0.19756944444444444 0.8850694444444444 0.19756944444444444 0.8902777777777777 0.19722222222222224 0.898263888888889 0.19583333333333333 0.9038194444444444 0.19409722222222223 0.90625 0.190625 0.9104166666666667 0.18680555555555556 0.9149305555555556 0.18125 0.9194444444444444 0.1763888888888889 0.9225694444444444 0.17118055555555556 0.9229166666666667 0.1642361111111111 0.9225694444444444 0.15729166666666666 0.921875 0.15034722222222224 0.9211805555555556 0.14618055555555556 0.9194444444444444 0.13854166666666667 0.9163194444444444 0.1326388888888889 0.9131944444444444 0.12430555555555554 0.9086805555555556 0.12083333333333333 0.904513888888889 0.11840277777777779 0.8996527777777777 0.11631944444444445 0.89375 0.11631944444444445 0.8875 0.11631944444444445 0.882986111111111 0.11666666666666667 0.8791666666666667 0.11770833333333333 0.8736111111111111
1 0.07986111111111112 0.829861111111111 0.07395833333333333 0.8409722222222222 0.07013888888888889 0.8444444444444444 0.06458333333333334 0.8479166666666667 0.05590277777777777 0.8496527777777777 0.04930555555555556 0.8503472222222223 0.04479166666666667 0.8506944444444444 0.03958333333333333 0.8503472222222223 0.03263888888888889 0.8482638888888889 0.02777777777777778 0.8451388888888889 0.022569444444444444 0.8395833333333333 0.017361111111111112 0.8326388888888889 0.01388888888888889 0.826388888888889 0.011458333333333333 0.8190972222222223 0.010416666666666666 0.810763888888889 0.010069444444444443 0.8027777777777777 0.011458333333333333 0.796875 0.013194444444444444 0.7930555555555556 0.014930555555555556 0.7885416666666667 0.016666666666666666 0.784375 0.01909722222222222 0.7805555555555556 0.021180555555555553 0.778125 0.024305555555555556 0.7760416666666666 0.027083333333333334 0.7746527777777777 0.03298611111111111 0.773263888888889 0.04027777777777777 0.7725694444444444 0.04513888888888889 0.7715277777777777 0.050694444444444445 0.7711805555555556 0.059027777777777776 0.7722222222222223 0.06527777777777778 0.7743055555555556 0.06597222222222222 0.7756944444444444 0.06770833333333333 0.7784722222222222 0.07048611111111111 0.78125 0.07291666666666667 0.7850694444444444 0.07465277777777778 0.789236111111111 0.07708333333333334 0.795138888888889 0.07881944444444446 0.7996527777777778 0.08055555555555555 0.804861111111111 0.08194444444444444 0.8111111111111111 0.08194444444444444 0.8170138888888889 0.08090277777777778 0.8229166666666666
1 0.007638888888888889 0.9145833333333333 0.01111111111111111 0.913888888888889 0.015972222222222224 0.9159722222222223 0.022916666666666665 0.9184027777777778 0.029861111111111113 0.9204861111111111 0.034722222222222224 0.9222222222222223 0.03680555555555556 0.925 0.03923611111111111 0.9274305555555556 0.04201388888888889 0.9305555555555556 0.044097222222222225 0.9329861111111111 0.04652777777777777 0.9371527777777777 0.04826388888888889 0.9420138888888889 0.04861111111111111 0.9479166666666666 0.04791666666666667 0.9538194444444444 0.04618055555555556 0.9583333333333334 0.04479166666666667 0.9631944444444444 0.04444444444444444 0.9652777777777778 0.044097222222222225 0.9677083333333333 0.044097222222222225 0.9711805555555556 0.04375 0.9729166666666667 0.043055555555555555 0.9743055555555556 0.040625 0.9774305555555556 0.03819444444444444 0.9805555555555556 0.034027777777777775 0.9833333333333333 0.03125 0.9864583333333333 0.02847222222222222 0.9899305555555556 0.024305555555555556 0.9930555555555556 0.01875 0.9951388888888889 0.012847222222222223 0.9947916666666666 0.0003472222222222222 0.99375 0.0010416666666666667 0.9173611111111111 0.0038194444444444443 0.915625
1 0.17534722222222224 0.967013888888889 0.1875 0.967013888888889 0.1923611111111111 0.96875 0.19652777777777777 0.970486111111111 0.20243055555555556 0.9729166666666667 0.20625 0.9756944444444444 0.2111111111111111 0.98125 0.215625 0.9868055555555556 0.21944444444444444 0.99375 0.2222017973856209 0.9989583333333333 0.22118055555555557 0.9989583333333333 0.1482638888888889 0.9989583333333333 0.14722222222222223 0.9927083333333333 0.14722222222222223 0.9871527777777778 0.1486111111111111 0.9833333333333333 0.15069444444444444 0.9798611111111111 0.1545138888888889 0.9760416666666667 0.1576388888888889 0.9729166666666667 0.16319444444444445 0.970486111111111 0.16979166666666667 0.96875
1 0.06725993377483444 0.08174668874172185 0.06070640176600441 0.08588576158940397 0.05760209713024282 0.08899006622516556 0.05484271523178808 0.09071467991169978 0.0510485651214128 0.09347406181015452 0.04690949227373068 0.09657836644591611 0.04449503311258278 0.09830298013245034 0.040700883002207505 0.09899282560706402 0.037251655629139076 0.09933774834437087 0.029318432671081678 0.09830298013245034 0.021730132450331126 0.0972682119205298 0.01690121412803532 0.09692328918322296 0.013107064017660043 0.09657836644591611 0.007243377483443708 0.09519867549668874 0.0020695364238410593 0.09243929359823398 0.0006898454746136866 0.09105960264900663 0.0003449227373068433 0.03380242825607064 0.009312913907284769 0.02207505518763797 0.014486754966887417 0.01793598233995585 0.022419977924944812 0.014486754966887417 0.030353200883002206 0.012417218543046359 0.03621688741721854 0.01069260485651214 0.041390728476821195 0.00862306843267108 0.04518487858719646 0.007588300220750552 0.052773178807947026 0.007933222958057396 0.05760209713024282 0.00862306843267108 0.06105132450331126 0.01069260485651214 0.06484547461368653 0.013107064017660043 0.0686396247240618 0.016556291390728475 0.07208885209713024 0.019660596026490066 0.07553807947019868 0.023799668874172186 0.08036699779249448 0.029318432671081678 0.08312637969094923 0.033457505518763794 0.08485099337748345 0.038286423841059604 0.08657560706401765 0.043115342163355413 0.0869205298013245 0.048289183222958054 0.08588576158940397 0.05587748344370861 0.08381622516556292 0.06243101545253863 0.08174668874172185 0.06725993377483444 0.07760761589403974 0.07139900662251655 0.07484823399558499 0.0741583885209713 0.07070916114790288 0.07795253863134659
0 0.5241917122040074 0.380464480874317 0.5313069216757742 0.3793260473588343 0.535006830601093 0.3793260473588343 0.5381375227686703 0.37818761384335164 0.5421220400728598 0.3770491803278689 0.5443989071038252 0.3761953551912569 0.5463911657559198 0.3753415300546449 0.548952641165756 0.3733492714025502 0.5512295081967213 0.3710724043715848 0.5515141165755921 0.3696493624772314 0.5500910746812387 0.36765710382513667 0.5475295992714027 0.366518670309654 0.5443989071038252 0.36623406193078334 0.5352914389799637 0.3670878870673953 0.5278916211293261 0.3685109289617487 0.524476320582878 0.3696493624772314 0.5224840619307833 0.3707877959927141 0.5196379781420766 0.37192622950819676 0.5176457194899818 0.3739184881602915 0.5162226775956285 0.37562613843351556 0.5153688524590164 0.37818761384335164 0.5196379781420766 0.37961065573770497
0 0.6963797814207651 0.23246812386156654 0.7023565573770493 0.23218351548269583 0.7054872495446266 0.23132969034608383 0.7080487249544627 0.2304758652094718 0.7097563752276869 0.22962204007285977 0.7123178506375228 0.2284836065573771 0.7154485428051003 0.22592213114754103 0.7177254098360656 0.2239298724954463 0.720002276867031 0.22136839708561024 0.7217099271402551 0.21909153005464485 0.723417577413479 0.2165300546448088 0.7237021857923498 0.21482240437158476 0.7239867941712205 0.21254553734061937 0.720002276867031 0.2108378870673953 0.7168715846994537 0.21026867030965396 0.7134562841530055 0.21026867030965396 0.7097563752276869 0.21055327868852464 0.7049180327868853 0.21169171220400734 0.6995104735883425 0.2131147540983607 0.6960951730418945 0.21453779599271405 0.692964480874317 0.2162454462659381 0.6886953551912569 0.21909153005464485 0.6855646630236795 0.2216530054644809 0.6838570127504554 0.224214480874317 0.6830031876138434 0.22592213114754103 0.6830031876138434 0.22819899817850642 0.6852800546448088 0.22933743169398912 0.6892645719489983 0.22990664845173045 0.6926798724954464 0.23104508196721316
0 0.25523679417122047 0.2165300546448088 0.2623520036429873 0.21567622950819676 0.26491347905282336 0.21396857923497273 0.26861338797814216 0.21169171220400734 0.27259790528233163 0.2085610200364299 0.27544398907103834 0.20486111111111116 0.2771516393442624 0.20201502732240442 0.2774362477231331 0.20030737704918036 0.2777208561020037 0.19746129326047365 0.27829007285974505 0.19404599271402556 0.27829007285974505 0.19176912568306015 0.275728597449909 0.1900614754098361 0.27288251366120225 0.18949225865209476 0.2691826047358835 0.18977686703096544 0.2657673041894354 0.1914845173041895 0.26206739526411665 0.19347677595628418 0.25950591985428056 0.1943306010928962 0.2569444444444445 0.19603825136612024 0.25295992714025506 0.19916894353369768 0.2515368852459017 0.20144581056466307 0.2501138433515483 0.20400728597449913 0.24897540983606561 0.20713797814207655 0.24783697632058294 0.21112249544626596 0.2469831511839709 0.21482240437158476 0.24783697632058294 0.21709927140255011 0.24982923497267764 0.2176684881602915 0.2523907103825137 0.21709927140255011
0 0.3522882513661203 0.6639344262295083 0.3537112932604736 0.6571038251366121 0.3537112932604736 0.6525500910746813 0.3548497267759564 0.6485655737704918 0.35684198542805107 0.6462887067395264 0.3574112021857924 0.6437272313296903 0.3574112021857924 0.6403119307832423 0.35570355191256836 0.638888888888889 0.3539959016393443 0.638888888888889 0.3522882513661203 0.6403119307832423 0.35029599271402556 0.641450364298725 0.3485883424408015 0.6440118397085611 0.34688069216757744 0.6471425318761385 0.34517304189435344 0.6505578324225866 0.34375000000000006 0.653688524590164 0.3431807832422587 0.6559653916211293 0.3426115664845174 0.6576730418943535 0.3423269581056467 0.6610883424408016 0.3423269581056467 0.6647882513661203 0.3423269581056467 0.6662112932604737 0.3434653916211294 0.6690573770491803 0.34517304189435344 0.6713342440801457 0.3477345173041895 0.6716188524590164 0.3494421675774136 0.6690573770491803
0 0.43994763205828785 0.6539731329690347 0.4339708561020037 0.6408811475409837 0.431978597449909 0.6343351548269581 0.43084016393442626 0.6317736794171221 0.43027094717668496 0.6286429872495447 0.4305555555555556 0.62665072859745 0.43226320582877964 0.6246584699453552 0.43482468123861573 0.6249430783242259 0.43738615664845176 0.6263661202185793 0.4405168488160292 0.6297814207650274 0.44336293260473597 0.6349043715846995 0.44507058287796003 0.638888888888889 0.44649362477231336 0.6411657559198543 0.4484858834244081 0.6448656648451732 0.44933970856102007 0.6477117486338798 0.4499089253187615 0.6516962659380693 0.4499089253187615 0.6565346083788708 0.4499089253187615 0.6608037340619308 0.4482012750455374 0.6630806010928961 0.4462090163934427 0.6633652094717669 0.4447859744990893 0.6619421675774135 0.4430783242258653 0.6593806921675774
0 0.539275956284153 0.6462887067395264 0.5347222222222222 0.6411657559198543 0.5335837887067396 0.6383196721311476 0.5327299635701276 0.6354735883424408 0.5315915300546449 0.6286429872495447 0.5313069216757742 0.6269353369763206 0.5318761384335156 0.624089253187614 0.5335837887067396 0.6232354280510018 0.5361452641165756 0.6235200364298726 0.5387067395264117 0.6255122950819673 0.5409836065573771 0.6289275956284154 0.5429758652094718 0.6320582877959927 0.5449681238615666 0.6354735883424408 0.5466757741347906 0.6386042805100183 0.5483834244080146 0.6428734061930784 0.549806466302368 0.6462887067395264 0.55066029143898 0.649419398907104 0.5509448998178507 0.65198087431694 0.5486680327868854 0.6522654826958106 0.5463911657559198 0.6522654826958106 0.5443989071038252 0.6511270491803279 0.5429758652094718 0.6505578324225866
0 0.39156420765027333 0.786316029143898 0.3983948087431695 0.7806238615664846 0.40494080145719497 0.7726548269581056 0.406648451730419 0.769808743169399 0.4080714936247724 0.7666780510018216 0.41006375227686714 0.7635473588342442 0.4112021857923498 0.7601320582877961 0.41177140255009115 0.7570013661202186 0.41205601092896177 0.7524476320582879 0.41205601092896177 0.748747723132969 0.41148679417122047 0.746186247723133 0.40920992714025506 0.7456170309653917 0.40693306010928965 0.7481785063752278 0.40494080145719497 0.7515938069216759 0.4020947176684882 0.7544398907103826 0.39867941712204014 0.7578551912568307 0.3964025500910748 0.7607012750455374 0.39412568306010937 0.7635473588342442 0.39156420765027333 0.7661088342440803 0.3890027322404372 0.7695241347905283 0.38644125683060115 0.7729394353369764 0.38387978142076506 0.7757855191256832 0.3816029143897997 0.7794854280510018 0.3798952641165757 0.7826161202185793 0.37847222222222227 0.7860314207650274 0.37847222222222227 0.7883082877959927 0.38103369763205835 0.7894467213114755 0.3830259562841531 0.7894467213114755 0.3867258652094719 0.7888775045537341
0 0.6747495446265938 0.8201844262295083 0.6730418943533698 0.8147768670309655 0.6721880692167578 0.8122153916211293 0.6721880692167578 0.8090846994535519 0.6719034608378871 0.8048155737704918 0.6719034608378871 0.8014002732240437 0.6730418943533698 0.7979849726775956 0.6744649362477232 0.795138888888889 0.6761725865209472 0.7911543715846995 0.6781648451730419 0.7883082877959927 0.6804417122040074 0.7851775956284154 0.6824339708561021 0.7834699453551913 0.6855646630236795 0.7848929872495447 0.6869877049180328 0.7874544626593808 0.6878415300546449 0.7925774134790529 0.6889799635701276 0.7959927140255009 0.6898337887067395 0.8002618397085611 0.6904030054644809 0.8045309653916212 0.6906876138433516 0.8088000910746813 0.6906876138433516 0.8119307832422588 0.6898337887067395 0.8161999089253188 0.6886953551912569 0.8213228597449909 0.6872723132969035 0.824738160291439 0.6858492714025501 0.8281534608378871 0.6844262295081969 0.8290072859744991 0.6827185792349727 0.8295765027322405 0.6793032786885246 0.8275842440801457 0.6781648451730419 0.8261612021857924 0.6767418032786885 0.823030510018215
0 0.31557377049180335 0.981841985428051 0.30589708561020046 0.9744421675774135 0.30362021857923505 0.9724499089253188 0.30134335154826963 0.9698884335154827 0.2996357012750456 0.966188524590164 0.29821265938069225 0.9630578324225866 0.2962204007285975 0.9582194899817851 0.2959357923497269 0.9548041894353371 0.301912568306011 0.9553734061930784 0.3047586520947177 0.9562272313296903 0.3073201275045538 0.9570810564663024 0.30959699453551914 0.9582194899817851 0.31244307832422596 0.9604963570127505 0.31585837887067403 0.9633424408014571 0.31841985428051006 0.966188524590164 0.32098132969034615 0.9701730418943534 0.3241120218579236 0.9741575591985429 0.32610428051001833 0.9778574681238617 0.327242714025501 0.9824112021857924 0.32752732240437166 0.9841188524590164 0.3255350637522769 0.9852572859744991 0.3241120218579236 0.9861111111111112 0.32098132969034615 0.9852572859744991 0.3189890710382514 0.9838342440801457
0 0.9622040072859745 0.6610883424408016 0.951388888888889 0.6576730418943535 0.9476889799635703 0.6559653916211293 0.9437044626593808 0.6542577413479054 0.9419968123861566 0.6531193078324227 0.9397199453551913 0.6508424408014573 0.9380122950819673 0.6488501821493625 0.9377276867030966 0.6468579234972679 0.9402891621129327 0.6460040983606559 0.9445582877959927 0.6457194899817851 0.9479735883424408 0.6460040983606559 0.9508196721311476 0.6468579234972679 0.9536657559198543 0.6477117486338798 0.9579348816029145 0.6488501821493625 0.9633424408014571 0.6502732240437159 0.9684653916211293 0.6525500910746813 0.9721653005464481 0.654542349726776 0.9744421675774135 0.6568192167577414 0.9752959927140256 0.6605191256830601 0.9735883424408015 0.6613729508196722 0.9704576502732241 0.6613729508196722 0.967042349726776 0.6610883424408016
0 0.951388888888889 0.10667122040072866 0.955658014571949 0.09414845173041898 0.9573656648451732 0.09016393442622955 0.9590733151183971 0.08731785063752281 0.9610655737704918 0.08304872495446271 0.9627732240437159 0.081056466302368 0.9641962659380693 0.08134107468123866 0.9653346994535519 0.08361794171220406 0.9653346994535519 0.08674863387978146 0.9653346994535519 0.09044854280510023 0.96448087431694 0.09614071038251372 0.9633424408014571 0.10097905282331517 0.9619193989071039 0.10439435336976326 0.9596425318761385 0.1083788706739527 0.9573656648451732 0.11094034608378875 0.9550887978142076 0.11435564663023684 0.9522427140255009 0.11634790528233156 0.9502504553734062 0.11663251366120224 0.9508196721311476 0.1115095628415301
0 0.159608378870674 0.8956056466302369 0.14936247723132973 0.8933287795992714 0.14480874316939893 0.8921903460837888 0.14253187613843357 0.8913365209471766 0.14053961748633884 0.890198087431694 0.1368397085610201 0.8873520036429874 0.13370901639344268 0.8839367030965393 0.1314321493624773 0.8802367941712205 0.13200136612021862 0.8782445355191257 0.13627049180327874 0.8779599271402551 0.13940118397085616 0.8779599271402551 0.14224726775956287 0.8773907103825137 0.14509335154826963 0.8776753187613843 0.14793943533697637 0.8785291438979964 0.1510701275045538 0.8790983606557378 0.15448542805100188 0.8799521857923498 0.15875455373406197 0.8813752276867032 0.1630236794171221 0.8839367030965393 0.16786202185792354 0.8864981785063752 0.17156193078324228 0.8887750455373407 0.17469262295081972 0.8913365209471766 0.17668488160291443 0.8947518214936248 0.17412340619307837 0.8958902550091075 0.1695696721311476 0.8964594717668489 0.16558515482695815 0.8964594717668489
0 0.03893442622950825 0.8201844262295083 0.03466530054644813 0.810792349726776 0.03466530054644813 0.8059540072859745 0.03466530054644813 0.8016848816029145 0.03580373406193083 0.7971311475409837 0.03751138433515488 0.7945696721311476 0.04121129326047364 0.795138888888889 0.0437727686703097 0.7965619307832423 0.04633424408014577 0.7985541894353371 0.050318761384335206 0.8033925318761385 0.051741803278688575 0.8073770491803279 0.0525956284153006 0.811646174863388 0.053164845173041944 0.8144922586520947 0.05344945355191262 0.8196152094717669 0.05231102003642992 0.8241689435336976 0.050318761384335206 0.8267304189435337 0.04775728597449914 0.8278688524590164 0.045480418943533746 0.8275842440801457 0.04405737704918038 0.8264458105646632 0.041495901639344315 0.8244535519125684
0 0.43738615664845176 0.16131602914389806 0.4453551912568307 0.15647768670309656 0.4490551001821494 0.15448542805100188 0.4524704007285975 0.15249316939890714 0.45730874316939896 0.15050091074681243 0.45958561020036437 0.14907786885245905 0.4601548269581057 0.14822404371584702 0.4610086520947177 0.14623178506375234 0.4610086520947177 0.14480874316939893 0.4593010018214937 0.14395491803278693 0.4564549180327869 0.14367030965391628 0.4527550091074682 0.1442395264116576 0.44933970856102007 0.14566256830601096 0.4453551912568307 0.14737021857923502 0.4422244990892532 0.1487932604735884 0.43880919854280515 0.1510701275045538 0.4365323315118398 0.15249316939890714 0.4336862477231331 0.15448542805100188 0.43169398907103834 0.15647768670309656 0.431124772313297 0.15818533697632062 0.43140938069216767 0.16074681238615668 0.4334016393442624 0.16188524590163939
0 0.327242714025501 0.06739526411657563 0.31984289617486344 0.06369535519125688 0.316712204007286 0.061987704918032835 0.31415072859744997 0.06028005464480879 0.3113046448087432 0.05857240437158475 0.30874316939890717 0.05658014571949003 0.30646630236794176 0.05344945355191262 0.3047586520947177 0.05060336976320588 0.30362021857923505 0.04747267759562846 0.30276639344262307 0.0437727686703097 0.30248178506375234 0.04121129326047364 0.30276639344262307 0.03950364298724959 0.30589708561020046 0.03950364298724959 0.31187386156648456 0.040072859744990946 0.3164275956284153 0.04121129326047364 0.3212659380692168 0.04291894353369768 0.32525045537340624 0.04462659380692172 0.32895036429872504 0.046903460837887115 0.3326502732240438 0.04889571948998184 0.3363501821493626 0.05202641165755925 0.3389116575591986 0.05487249544626598 0.3417577413479053 0.058287795992714074 0.34488843351548276 0.06227231329690351 0.34631147540983614 0.0645491803278689 0.34659608378870677 0.06540300546448093 0.3443192167577414 0.06597222222222227 0.34005009107468126 0.0668260473588343 0.3357809653916212 0.06711065573770497 0.33065801457194904 0.0668260473588343
0 0.16679318488529013 0.31144568151147095 0.16616059379217274 0.3059632253711201 0.15603913630229418 0.29584176788124156 0.14802631578947364 0.28825067476383265 0.14655026990553305 0.2912027665317139 0.15287618083670712 0.2992155870445344 0.15962381916329285 0.3053306342780027
0 0.010964912280701754 0.9442476383265856 0.018766869095816464 0.9488866396761133 0.029099190283400807 0.9543690958164641 0.030364372469635626 0.9558451417004048 0.028044871794871792 0.9606950067476383 0.018345141700404858 0.9602732793522267 0.011597503373819162 0.9594298245614035 0.010543184885290149 0.9585863697705802
0 0.1775472334682861 0.9986504723346828 0.16869095816464239 0.9916919703103912 0.16700404858299592 0.9891616059379217 0.16721491228070173 0.987685560053981 0.1714321862348178 0.9864203778677463 0.17543859649122806 0.986631241565452 0.18302968960863694 0.9895833333333333 0.19146423751686908 0.9956983805668016 0.19504892037786772 0.9986504723346828
0 0.25936234817813764 0.870023616734143 0.26126012145748984 0.8624325236167341 0.26948380566801616 0.8514676113360323 0.2796052631578947 0.8413461538461537 0.28677462887989197 0.8394483805668016 0.29436572199730093 0.8394483805668016 0.2939439946018893 0.8455634278002698 0.28951585695006743 0.8533653846153846 0.2821356275303643 0.8605347503373818 0.272857624831309 0.872132253711201 0.26526653171390013 0.8740300269905532
0 0.3194585020242915 0.3681680161943319 0.32662786774628877 0.36352901484480427 0.3397014170040486 0.36268556005398106 0.3504554655870445 0.3605769230769231 0.36015519568151144 0.35931174089068824 0.3641616059379217 0.3605769230769231 0.35762483130904177 0.3645833333333333 0.34391869095816463 0.36858974358974356 0.3272604588394062 0.3700657894736842 0.3207236842105263 0.3704875168690958
0 0.5678559379217274 0.2741228070175438 0.5663798920377867 0.26758603238866396 0.5655364372469636 0.2587297570850202 0.5697537112010795 0.24797570850202427 0.576712213225371 0.2361673414304993 0.5824055330634278 0.2340587044534413 0.5847250337381916 0.23743252361673411 0.5830381241565451 0.2481865721997301 0.5794534412955465 0.2561993927125506 0.5765013495276653 0.2656882591093117 0.5701754385964912 0.2726467611336032
0 0.638917004048583 0.3205128205128205 0.6446103238866396 0.3143977732793522 0.657051282051282 0.31123481781376516 0.6661184210526315 0.3103913630229419 0.6743421052631579 0.3103913630229419 0.6758181511470984 0.313554318488529 0.6703356950067475 0.3188259109311741 0.6566295546558704 0.3211454116059379 0.6486167341430499 0.3226214574898785
0 0.6165654520917678 0.7146170715249662 0.6108721322537112 0.7072368421052632 0.6072874493927125 0.6973262483130903 0.6070765856950067 0.6775050607287448 0.6093960863697705 0.6682270580296895 0.6125590418353576 0.6640097840755735 0.6180414979757085 0.6726551956815113 0.6226804993252362 0.6884699730094467 0.6216261808367071 0.7059716599190282
0 0.9124072199730093 0.5741818488529015 0.9130398110661269 0.5718623481781376 0.9221069500674763 0.5668016194331983 0.9330718623481781 0.5623734817813765 0.9442476383265856 0.5625843454790823 0.9547908232118758 0.5651147098515519 0.9613275978407556 0.5699645748987854 0.952471322537112 0.5741818488529015 0.938554318488529 0.5792425775978407 0.9221069500674763 0.5794534412955465
0 0.9130398110661269 0.4371204453441295 0.9081899460188934 0.4297402159244264 0.9060813090418354 0.4143471659919028 0.9096659919028339 0.4004301619433198 0.9138832658569499 0.39389338731443996 0.9174679487179487 0.3915738866396761 0.9227395411605938 0.398110661268556 0.9252699055330634 0.41012989203778677 0.9240047233468285 0.41919703103913625 0.9210526315789472 0.4272098515519568 0.9147267206477732 0.4356443994601889
0 0.9883181511470984 0.45061572199730093 0.9921136977058028 0.44471153846153844 0.9989583333333333 0.44014844804318476 0.9989583333333333 0.4512483130904183 0.9929571524966261 0.45251349527665313 0.989794197031039 0.4523026315789473
0 0.722208164642375 0.13938090418353574 0.7114541160593791 0.13432017543859648 0.7247385290148447 0.13031376518218624 0.7312753036437247 0.1290485829959514 0.7416076248313089 0.12968117408906882 0.7487769905533063 0.13136808367071523 0.754470310391363 0.13453103913630227 0.7487769905533063 0.13558535762483132 0.7466683535762483 0.1366396761133603 0.7403424426450742 0.13874831309041832 0.7359143049932524 0.13917004048582993 0.7285340755735492 0.14064608636977058
0 0.7165136534839925 0.034722222222222224 0.7203389830508474 0.03766478342749529 0.7221045197740114 0.039430320150659136 0.7241643126177024 0.041195856873822975 0.725635593220339 0.04266713747645951 0.7276953860640301 0.04619821092278719 0.7291666666666666 0.04943502824858757 0.7300494350282486 0.05267184557438795 0.7306379472693032 0.055614406779661014 0.7309322033898304 0.06385357815442562 0.7309322033898304 0.06679613935969869 0.7297551789077212 0.06915018832391714 0.7274011299435028 0.07268126177024482 0.7247528248587571 0.07709510357815443 0.7229872881355932 0.07827212806026365 0.7212217514124294 0.07827212806026365 0.7153366290018833 0.07415254237288135 0.7123940677966102 0.06973870056497175 0.710334274952919 0.0673846516007533 0.7088629943502824 0.06414783427495292 0.7076859698681732 0.059439736346516 0.7076859698681732 0.05649717514124294 0.7091572504708098 0.051789077212806026 0.7100400188323917 0.04560969868173258 0.711217043314501 0.03972457627118644 0.7129825800376648 0.037076271186440676
0 0.4195108077360637 0.23677474402730375 0.42413253697383385 0.23606370875995447 0.42662116040955633 0.24281854379977247 0.42733219567690556 0.24530716723549487 0.42733219567690556 0.2556171786120591 0.42733219567690556 0.2598833902161547 0.42626564277588164 0.26414960182025027 0.42377701934015927 0.2680602957906712 0.4195108077360637 0.27765927189988626 0.41844425483503983 0.2805034129692833 0.41595563139931735 0.2837030716723549 0.41168941979522183 0.28085893060295786 0.40671217292377704 0.2705489192263936 0.4084897610921502 0.26023890784982934 0.40884527872582477 0.2541951080773606 0.41062286689419797 0.24495164960182023 0.413467007963595 0.24032992036405004
0 0.11934885290148448 0.17332995951417005 0.12103576248313089 0.1703778677462888 0.12398785425101214 0.16658232118758434 0.12567476383265858 0.1640519568151147 0.1282051282051282 0.16194331983805668 0.13073549257759784 0.16109986504723345 0.13453103913630227 0.15983468286099864 0.13917004048582993 0.15899122807017543 0.14127867746288797 0.16025641025641024 0.1425438596491228 0.1644736842105263 0.1425438596491228 0.16869095816464239 0.14212213225371118 0.17332995951417005 0.14212213225371118 0.17839068825910928 0.14127867746288797 0.18387314439946018 0.13874831309041832 0.1876686909581646 0.1366396761133603 0.19062078272604585 0.13200067476383265 0.1935728744939271 0.1277834008097166 0.1948380566801619 0.1218792172739541 0.19525978407557354 0.12019230769230768 0.19230769230769232 0.11639676113360323 0.18724696356275303 0.1151315789473684 0.18429487179487178 0.11555330634278002 0.17923414304993252
0 0.050249413145539906 0.3961267605633803 0.05501760563380282 0.3986942488262911 0.056117957746478875 0.40126173708920193 0.05758509389671362 0.4041960093896714 0.05868544600938967 0.40786384976525825 0.060152582159624414 0.41336561032863856 0.061252934272300476 0.4196009389671362 0.06235328638497653 0.42510269953051644 0.06235328638497653 0.43207159624413144 0.06235328638497653 0.43794014084507044 0.060152582159624414 0.44087441314553993 0.0579518779342723 0.4412411971830986 0.05501760563380282 0.43757335680751175 0.050616197183098594 0.43023767605633806 0.048782276995305164 0.4258362676056338 0.04731514084507042 0.4196009389671362 0.04694835680751174 0.4118984741784038 0.04694835680751174 0.40456279342723006 0.04694835680751174 0.40016138497652587
0 0.1290085817524842 0.6978319783197832 0.13211382113821138 0.6964205058717253 0.1357836495031617 0.6964205058717253 0.13917118337850046 0.6955736224028908 0.14481707317073172 0.6938798554652214 0.14848690153568203 0.6938798554652214 0.15385049683830174 0.6950090334236676 0.15864950316169826 0.6969850948509485 0.16316621499548328 0.6992434507678411 0.17022357723577236 0.7023486901535683 0.17332881662149954 0.7060185185185186 0.17699864498644985 0.7127935862691961 0.17812782294489612 0.7190040650406504 0.17078816621499548 0.721262420957543 0.1668360433604336 0.721827009936766 0.1623193315266486 0.7221093044263776 0.1563911472448058 0.7221093044263776 0.14933378500451672 0.719286359530262 0.14481707317073172 0.7164634146341464 0.13917118337850046 0.7136404697380307 0.13521906052393856 0.7091237579042458 0.13154923215898826 0.7060185185185186 0.12844399277326107 0.7031955736224028
0 0.43413978494623656 0.8723118279569892 0.4344758064516129 0.8682795698924731 0.4361559139784946 0.8679435483870968 0.438508064516129 0.8676075268817204 0.4411962365591398 0.8682795698924731 0.4452284946236559 0.8702956989247312 0.4489247311827957 0.8713037634408601 0.45329301075268813 0.8729838709677419 0.45564516129032256 0.875 0.4576612903225806 0.8773521505376344 0.46068548387096775 0.8813844086021505 0.4620295698924731 0.8837365591397849 0.46337365591397844 0.8911290322580645 0.46337365591397844 0.8951612903225806 0.4596774193548387 0.8951612903225806 0.45598118279569894 0.8944892473118279 0.4543010752688172 0.8938172043010753 0.4519489247311828 0.8921370967741935 0.4495967741935484 0.8904569892473118 0.4475806451612903 0.8887768817204301 0.4445564516129032 0.886760752688172 0.44186827956989244 0.884744623655914 0.4398521505376344 0.8827284946236559 0.4381720430107527 0.8810483870967741 0.43548387096774194 0.8773521505376344
0 0.5416666666666666 0.8138440860215054 0.5450268817204301 0.814516129032258 0.5493951612903225 0.8175403225806452 0.5540994623655914 0.8205645161290323 0.5601478494623656 0.8245967741935484 0.5611559139784946 0.8276209677419355 0.5625 0.8316532258064516 0.5651881720430108 0.8366935483870968 0.5668682795698924 0.8410618279569892 0.5678763440860215 0.8461021505376344 0.5688844086021505 0.8514784946236559 0.5692204301075268 0.8545026881720429 0.5692204301075268 0.8588709677419355 0.5641801075268817 0.8592069892473119 0.5557795698924731 0.8531586021505376 0.5540994623655914 0.8518145161290323 0.5510752688172043 0.8487903225806452 0.5473790322580645 0.8447580645161291 0.5450268817204301 0.8403897849462365 0.543010752688172 0.8363575268817204 0.540994623655914 0.8319892473118279 0.5396505376344085 0.8269489247311828 0.5393145161290323 0.8172043010752688
