1 0.5746527777777778 0.2204861111111111 0.5680555555555556 0.21770833333333334 0.565625 0.21527777777777776 0.5631944444444444 0.21284722222222224 0.5597222222222222 0.20902777777777776 0.5576388888888889 0.20416666666666666 0.5565972222222223 0.20069444444444443 0.55625 0.19618055555555555 0.55625 0.1923611111111111 0.55625 0.18819444444444444 0.5569444444444444 0.18472222222222223 0.5586805555555556 0.1798611111111111 0.560763888888889 0.17534722222222224 0.5638888888888889 0.17083333333333334 0.5680555555555556 0.16597222222222224 0.5729166666666666 0.16180555555555556 0.5770833333333333 0.15833333333333333 0.5815972222222222 0.15659722222222222 0.5878472222222223 0.15520833333333334 0.5934027777777777 0.15520833333333334 0.5996527777777777 0.15555555555555556 0.6052083333333333 0.15659722222222222 0.611111111111111 0.15902777777777777 0.6138888888888889 0.16041666666666668 0.6177083333333333 0.16458333333333333 0.6194444444444444 0.16909722222222223 0.6194444444444444 0.175 0.61875 0.18194444444444444 0.6177083333333333 0.1857638888888889 0.617361111111111 0.18784722222222222 0.6166666666666667 0.19270833333333334 0.615625 0.19722222222222224 0.6135416666666667 0.2017361111111111 0.6104166666666667 0.20590277777777777 0.6065972222222222 0.209375 0.6003472222222223 0.21354166666666666 0.595486111111111 0.21597222222222223 0.5892361111111111 0.21944444444444444 0.5836805555555556 0.22118055555555557
1 0.8138888888888889 0.2777777777777778 0.8097222222222222 0.2722222222222222 0.8090277777777778 0.26805555555555555 0.8090277777777778 0.2635416666666667 0.8097222222222222 0.25972222222222224 0.8114583333333333 0.25416666666666665 0.8131944444444444 0.25069444444444444 0.8152777777777778 0.24618055555555557 0.8173611111111111 0.2423611111111111 0.8194444444444444 0.2392361111111111 0.8236111111111111 0.23506944444444444 0.826388888888889 0.2326388888888889 0.829861111111111 0.23090277777777776 0.8347222222222223 0.22881944444444444 0.8392361111111111 0.22708333333333333 0.8451388888888889 0.22534722222222223 0.85 0.22395833333333334 0.8545138888888889 0.22291666666666668 0.8579861111111111 0.22222222222222224 0.8635416666666667 0.22222222222222224 0.8684027777777777 0.22256944444444443 0.8722222222222222 0.2236111111111111 0.875 0.22569444444444445 0.878125 0.228125 0.8815972222222223 0.23229166666666667 0.8847222222222223 0.23715277777777777 0.8871527777777778 0.24131944444444445 0.8878472222222222 0.24722222222222223 0.8878472222222222 0.25104166666666666 0.8861111111111111 0.2555555555555556 0.882986111111111 0.26180555555555557 0.8763888888888889 0.27118055555555554 0.8722222222222222 0.2743055555555555 0.8680555555555556 0.2774305555555555 0.8642361111111111 0.28055555555555556 0.8604166666666667 0.2826388888888889 0.8552083333333333 0.284375 0.8465277777777778 0.2857638888888889 0.8413194444444444 0.2857638888888889 0.8350694444444444 0.2847222222222222 0.8256944444444444 0.28194444444444444 0.8215277777777777 0.2809027777777778
1 0.47291666666666665 0.3284722222222222 0.46770833333333334 0.32256944444444446 0.4670138888888889 0.31875 0.4670138888888889 0.31354166666666666 0.46805555555555556 0.30833333333333335 0.4690972222222222 0.3034722222222222 0.471875 0.2986111111111111 0.4753472222222222 0.29444444444444445 0.47951388888888885 0.2899305555555555 0.4829861111111111 0.2871527777777778 0.4881944444444445 0.2833333333333333 0.4913194444444445 0.28194444444444444 0.49444444444444446 0.28020833333333334 0.49895833333333334 0.2795138888888889 0.5041666666666667 0.2784722222222222 0.5090277777777777 0.2777777777777778 0.5138888888888888 0.27708333333333335 0.5194444444444445 0.27569444444444446 0.5229166666666667 0.27569444444444446 0.5277777777777778 0.27638888888888885 0.5340277777777778 0.2784722222222222 0.5395833333333333 0.2815972222222222 0.5430555555555556 0.28541666666666665 0.5444444444444444 0.290625 0.5447916666666667 0.2965277777777778 0.5434027777777778 0.3020833333333333 0.540625 0.30833333333333335 0.5378472222222223 0.3128472222222222 0.5336805555555556 0.31736111111111115 0.5288194444444445 0.3211805555555555 0.521875 0.3253472222222222 0.5138888888888888 0.3295138888888889 0.5055555555555555 0.33298611111111115 0.4982638888888889 0.3347222222222222 0.4934027777777778 0.3350694444444445 0.4878472222222222 0.3340277777777778 0.4822916666666667 0.3315972222222222
1 0.5774305555555556 0.384375 0.5739583333333333 0.378125 0.5729166666666666 0.3729166666666667 0.5743055555555556 0.36701388888888886 0.5774305555555556 0.36180555555555555 0.5819444444444444 0.35694444444444445 0.586111111111111 0.35381944444444446 0.590625 0.3506944444444445 0.5947916666666667 0.34861111111111115 0.6 0.3465277777777778 0.6059027777777778 0.3451388888888889 0.6107638888888889 0.34444444444444444 0.6166666666666667 0.34375 0.6211805555555556 0.3434027777777778 0.6253472222222223 0.34305555555555556 0.6298611111111111 0.34305555555555556 0.6357638888888889 0.3440972222222222 0.6395833333333333 0.3454861111111111 0.6430555555555556 0.3472222222222222 0.6461805555555556 0.3496527777777778 0.6489583333333333 0.35208333333333336 0.6506944444444444 0.3565972222222222 0.6513888888888889 0.3625 0.6513888888888889 0.36701388888888886 0.65 0.3722222222222222 0.6472222222222223 0.3767361111111111 0.6430555555555556 0.3815972222222222 0.6364583333333333 0.38576388888888885 0.63125 0.3871527777777778 0.6229166666666667 0.3888888888888889 0.617013888888889 0.38958333333333334 0.6097222222222223 0.3909722222222222 0.6045138888888889 0.39131944444444444 0.5993055555555556 0.39131944444444444 0.5916666666666667 0.39166666666666666 0.5871527777777777 0.39166666666666666 0.5833333333333334 0.3909722222222222
1 0.3375 0.3732638888888889 0.3371527777777778 0.3680555555555555 0.340625 0.3597222222222222 0.3440972222222222 0.35451388888888885 0.3472222222222222 0.3506944444444445 0.35381944444444446 0.34479166666666666 0.3597222222222222 0.3409722222222222 0.36493055555555554 0.3371527777777778 0.37013888888888885 0.334375 0.3770833333333333 0.3315972222222222 0.3836805555555555 0.3298611111111111 0.3909722222222222 0.328125 0.39548611111111115 0.3277777777777778 0.40208333333333335 0.3277777777777778 0.4090277777777778 0.3277777777777778 0.41354166666666664 0.328125 0.4204861111111111 0.3295138888888889 0.42604166666666665 0.33125 0.43125 0.3340277777777778 0.4354166666666667 0.3371527777777778 0.4395833333333333 0.33958333333333335 0.4420138888888889 0.34305555555555556 0.44375 0.3489583333333333 0.4440972222222222 0.35451388888888885 0.44305555555555554 0.36041666666666666 0.44166666666666665 0.36493055555555554 0.4392361111111111 0.36944444444444446 0.4371527777777778 0.3736111111111111 0.43506944444444445 0.3784722222222222 0.4322916666666667 0.38263888888888886 0.42743055555555554 0.384375 0.41944444444444445 0.3871527777777778 0.41458333333333336 0.3892361111111111 0.4125 0.3902777777777778 0.4097222222222222 0.3920138888888889 0.40520833333333334 0.3944444444444445 0.4010416666666667 0.3965277777777778 0.3965277777777778 0.39895833333333336 0.3927083333333333 0.3996527777777778 0.3861111111111111 0.4 0.37604166666666666 0.4003472222222222 0.36875 0.4003472222222222 0.36493055555555554 0.3993055555555555 0.359375 0.39791666666666664 0.3559027777777778 0.3958333333333333 0.35138888888888886 0.39305555555555555 0.34791666666666665 0.390625 0.3451388888888889 0.3868055555555555 0.34270833333333334 0.38229166666666664
1 0.632638888888889 0.08541666666666667 0.6347222222222223 0.071875 0.6357638888888889 0.06805555555555555 0.6378472222222222 0.06319444444444444 0.6399305555555556 0.06006944444444444 0.6430555555555556 0.05694444444444444 0.6461805555555556 0.05555555555555556 0.6503472222222223 0.05381944444444444 0.6538194444444444 0.05347222222222223 0.6600694444444444 0.053125 0.6666666666666666 0.05277777777777778 0.671875 0.05277777777777778 0.6760416666666667 0.05347222222222223 0.6819444444444444 0.05555555555555556 0.6854166666666667 0.057291666666666664 0.6881944444444444 0.06076388888888889 0.690625 0.06458333333333334 0.6916666666666667 0.06909722222222221 0.6930555555555556 0.07430555555555556 0.6930555555555556 0.07777777777777778 0.6923611111111111 0.08298611111111112 0.6902777777777778 0.08819444444444445 0.6878472222222223 0.09131944444444445 0.6836805555555556 0.09513888888888888 0.6777777777777777 0.09930555555555555 0.6704861111111111 0.10208333333333333 0.6635416666666667 0.10243055555555555 0.6576388888888889 0.10104166666666667 0.6510416666666666 0.09930555555555555 0.6447916666666667 0.09652777777777778 0.6402777777777777 0.09340277777777778
1 0.4965277777777778 0.20625 0.4888888888888889 0.20625 0.4864583333333333 0.20590277777777777 0.48194444444444445 0.2013888888888889 0.4805555555555555 0.19895833333333332 0.47881944444444446 0.19340277777777776 0.4777777777777778 0.1888888888888889 0.47708333333333336 0.1829861111111111 0.47673611111111114 0.178125 0.47673611111111114 0.17222222222222222 0.4774305555555555 0.16458333333333333 0.47881944444444446 0.15902777777777777 0.4809027777777778 0.15416666666666667 0.4826388888888889 0.14965277777777777 0.4847222222222222 0.1454861111111111 0.4878472222222222 0.14097222222222222 0.4909722222222222 0.13680555555555557 0.4947916666666667 0.13402777777777777 0.49895833333333334 0.13125 0.5034722222222222 0.12881944444444446 0.5097222222222222 0.12604166666666666 0.5149305555555556 0.12465277777777778 0.5194444444444445 0.12395833333333334 0.5260416666666666 0.12395833333333334 0.53125 0.125 0.5354166666666667 0.12881944444444446 0.5371527777777777 0.13506944444444444 0.5375 0.14166666666666666 0.5375 0.1482638888888889 0.5364583333333334 0.15347222222222223 0.5350694444444444 0.15833333333333333 0.5336805555555556 0.16319444444444445 0.5322916666666667 0.16770833333333332 0.5302083333333333 0.17256944444444444 0.528125 0.1767361111111111 0.5253472222222222 0.18159722222222224 0.5225694444444444 0.18715277777777778 0.5197916666666667 0.19270833333333334 0.5163194444444444 0.1982638888888889 0.5128472222222222 0.20069444444444443 0.5090277777777777 0.20243055555555556 0.5048611111111111 0.2045138888888889 0.503125 0.20520833333333333
1 0.371875 0.2482638888888889 0.3663194444444445 0.24375 0.3638888888888889 0.24097222222222223 0.3614583333333333 0.23715277777777777 0.35868055555555556 0.23229166666666667 0.35833333333333334 0.22569444444444445 0.35868055555555556 0.21944444444444444 0.36006944444444444 0.21284722222222224 0.36180555555555555 0.20590277777777777 0.36493055555555554 0.1986111111111111 0.3680555555555555 0.19097222222222224 0.3704861111111111 0.1861111111111111 0.3736111111111111 0.18229166666666666 0.378125 0.17777777777777776 0.3815972222222222 0.17569444444444443 0.3854166666666667 0.17430555555555557 0.3902777777777778 0.17291666666666666 0.3944444444444445 0.17291666666666666 0.3975694444444445 0.1732638888888889 0.4010416666666667 0.17604166666666668 0.4048611111111111 0.178125 0.4076388888888889 0.18125 0.409375 0.18333333333333332 0.41111111111111115 0.18472222222222223 0.41354166666666664 0.18715277777777778 0.4152777777777778 0.19027777777777777 0.4159722222222222 0.19409722222222223 0.41631944444444446 0.1982638888888889 0.4166666666666667 0.20277777777777778 0.41701388888888885 0.20659722222222224 0.4166666666666667 0.2111111111111111 0.4159722222222222 0.21597222222222223 0.4152777777777778 0.22118055555555557 0.41354166666666664 0.22604166666666667 0.41180555555555554 0.23090277777777776 0.41041666666666665 0.234375 0.4090277777777778 0.2375 0.40555555555555556 0.24166666666666667 0.4003472222222222 0.24618055555555557 0.39548611111111115 0.24965277777777778 0.38958333333333334 0.25104166666666666 0.38506944444444446 0.25104166666666666 0.3795138888888889 0.2503472222222222
1 0.25902777777777775 0.275 0.25 0.27395833333333336 0.246875 0.2722222222222222 0.24340277777777777 0.2701388888888889 0.24097222222222223 0.2684027777777778 0.23784722222222224 0.2652777777777778 0.23506944444444444 0.26284722222222223 0.23229166666666667 0.25833333333333336 0.23055555555555557 0.2548611111111111 0.22847222222222224 0.2513888888888889 0.2267361111111111 0.24791666666666667 0.22604166666666667 0.24340277777777777 0.22604166666666667 0.2388888888888889 0.22604166666666667 0.23784722222222224 0.22604166666666667 0.2357638888888889 0.22708333333333333 0.2298611111111111 0.23020833333333332 0.22256944444444443 0.23472222222222222 0.21597222222222223 0.24097222222222223 0.21145833333333333 0.24930555555555556 0.20694444444444443 0.2520833333333333 0.20625 0.25729166666666664 0.20590277777777777 0.2642361111111111 0.20625 0.26875 0.20729166666666668 0.271875 0.20902777777777776 0.2743055555555555 0.2107638888888889 0.2760416666666667 0.2125 0.2760416666666667 0.2125 0.2777777777777778 0.21597222222222223 0.27881944444444445 0.2201388888888889 0.2798611111111111 0.225 0.28055555555555556 0.2298611111111111 0.28125 0.23368055555555556 0.28194444444444444 0.2375 0.28194444444444444 0.24097222222222223 0.28194444444444444 0.24583333333333332 0.28125 0.25104166666666666 0.2795138888888889 0.2552083333333333 0.278125 0.2600694444444444 0.2767361111111111 0.2635416666666667 0.27569444444444446 0.2670138888888889 0.27361111111111114 0.26875 0.2708333333333333 0.2701388888888889 0.26805555555555555 0.271875 0.26458333333333334 0.27326388888888886
1 0.5864583333333333 0.043055555555555555 0.5795138888888889 0.03993055555555556 0.5770833333333333 0.034027777777777775 0.5767361111111111 0.030555555555555555 0.576388888888889 0.02638888888888889 0.5770833333333333 0.020833333333333332 0.578125 0.015625 0.5795138888888889 0.009722222222222222 0.5805555555555556 0.005208333333333333 0.5819444444444444 0.0 0.6295138888888889 0.0003472222222222222 0.626736111111111 0.012152777777777778 0.6260416666666667 0.014583333333333334 0.625 0.018055555555555554 0.623263888888889 0.022569444444444444 0.6215277777777778 0.027083333333333334 0.6197916666666666 0.029861111111111113 0.6180555555555556 0.03298611111111111 0.6152777777777777 0.03611111111111111 0.6125 0.03819444444444444 0.6083333333333333 0.03993055555555556 0.60625 0.04097222222222222 0.6038194444444444 0.04201388888888889 0.6003472222222223 0.043055555555555555 0.5975694444444444 0.043402777777777776 0.5927083333333333 0.043402777777777776
1 0.8520833333333333 0.029166666666666667 0.851388888888889 0.019444444444444445 0.851736111111111 0.016319444444444445 0.8527777777777777 0.0125 0.8538194444444444 0.009375 0.8552083333333333 0.00625 0.8569444444444444 0.0038194444444444443 0.8583333333333333 0.0017361111111111112 0.859375 0.0003472222222222222 0.9256944444444444 0.0006944444444444444 0.9267361111111111 0.0059027777777777785 0.9270833333333334 0.009027777777777777 0.9260416666666667 0.011805555555555557 0.9239583333333333 0.015625 0.9222222222222223 0.01909722222222222 0.9211805555555556 0.022916666666666665 0.9190972222222222 0.027083333333333334 0.9170138888888889 0.03090277777777778 0.9149305555555556 0.03333333333333333 0.9131944444444444 0.034375 0.9072916666666667 0.03819444444444444 0.9027777777777778 0.040625 0.898263888888889 0.043055555555555555 0.8954861111111111 0.04479166666666667 0.890625 0.04722222222222223 0.8864583333333333 0.04826388888888889 0.8805555555555556 0.049652777777777775 0.8763888888888889 0.049652777777777775 0.8715277777777778 0.04791666666666667 0.8652777777777777 0.043402777777777776 0.861111111111111 0.04027777777777777 0.8548611111111111 0.034375
1 0.9239583333333333 0.22604166666666667 0.9128472222222223 0.22222222222222224 0.9107638888888889 0.2204861111111111 0.9090277777777778 0.21805555555555556 0.9076388888888889 0.215625 0.9065972222222223 0.21215277777777777 0.9059027777777777 0.2076388888888889 0.9059027777777777 0.20243055555555556 0.9059027777777777 0.1986111111111111 0.90625 0.1951388888888889 0.9076388888888889 0.19166666666666668 0.9097222222222222 0.18819444444444444 0.9121527777777777 0.18472222222222223 0.915625 0.18055555555555555 0.9190972222222222 0.1767361111111111 0.9229166666666667 0.1732638888888889 0.925 0.17222222222222222 0.929513888888889 0.171875 0.935763888888889 0.17152777777777778 0.9402777777777778 0.171875 0.945138888888889 0.17256944444444444 0.9479166666666666 0.1736111111111111 0.9506944444444444 0.175 0.9534722222222223 0.17708333333333334 0.9552083333333333 0.1798611111111111 0.9569444444444444 0.18368055555555557 0.9583333333333334 0.18819444444444444 0.9590277777777777 0.19340277777777776 0.959375 0.1986111111111111 0.9597222222222223 0.20347222222222222 0.9590277777777777 0.20902777777777776 0.9569444444444444 0.21284722222222224 0.9534722222222223 0.2173611111111111 0.9496527777777778 0.22118055555555557 0.9458333333333333 0.22395833333333334 0.9427083333333334 0.22569444444444445 0.9364583333333333 0.22743055555555555
1 0.8652777777777777 0.3277777777777778 0.8729166666666667 0.328125 0.8760416666666667 0.328125 0.8777777777777778 0.328125 0.8805555555555556 0.328125 0.884375 0.3298611111111111 0.8871527777777778 0.33125 0.8895833333333333 0.33229166666666665 0.8920138888888889 0.3347222222222222 0.8934027777777778 0.3375 0.8944444444444444 0.3423611111111111 0.8944444444444444 0.34930555555555554 0.89375 0.35520833333333335 0.8909722222222223 0.3597222222222222 0.8868055555555556 0.3628472222222222 0.882638888888889 0.3659722222222222 0.8788194444444444 0.3684027777777778 0.8743055555555556 0.37013888888888885 0.871875 0.3704861111111111 0.867013888888889 0.371875 0.8628472222222222 0.37256944444444445 0.8579861111111111 0.37256944444444445 0.8541666666666666 0.3729166666666667 0.8489583333333334 0.371875 0.8451388888888889 0.37013888888888885 0.840625 0.36770833333333336 0.8364583333333333 0.365625 0.8340277777777777 0.3625 0.83125 0.3565972222222222 0.8305555555555556 0.35173611111111114 0.8309027777777778 0.3472222222222222 0.8336805555555556 0.340625 0.8381944444444444 0.3347222222222222 0.8434027777777777 0.3298611111111111 0.8465277777777778 0.328125 0.851736111111111 0.3267361111111111 0.85625 0.3260416666666667 0.8597222222222223 0.3263888888888889
1 0.8170138888888889 0.45069444444444445 0.8145833333333333 0.4444444444444445 0.8131944444444444 0.4409722222222222 0.8121527777777777 0.43680555555555556 0.8125 0.43125 0.814236111111111 0.42673611111111115 0.8170138888888889 0.4222222222222222 0.820138888888889 0.41875 0.825 0.415625 0.8288194444444444 0.4125 0.8322916666666667 0.41041666666666665 0.8371527777777777 0.4083333333333333 0.8413194444444444 0.40729166666666666 0.8461805555555556 0.40625 0.8503472222222223 0.40625 0.8552083333333333 0.40625 0.8628472222222222 0.40729166666666666 0.8680555555555556 0.4083333333333333 0.8729166666666667 0.4090277777777778 0.8774305555555556 0.41041666666666665 0.8815972222222223 0.4121527777777778 0.8861111111111111 0.4149305555555555 0.8895833333333333 0.41701388888888885 0.8920138888888889 0.42083333333333334 0.8930555555555556 0.4253472222222222 0.8916666666666667 0.42951388888888886 0.8892361111111111 0.4347222222222222 0.8857638888888889 0.43993055555555555 0.8833333333333333 0.44305555555555554 0.8802083333333334 0.4461805555555555 0.876736111111111 0.44895833333333335 0.8725694444444444 0.4510416666666667 0.8694444444444444 0.453125 0.8628472222222222 0.4565972222222222 0.859375 0.4576388888888889 0.85625 0.4590277777777778 0.851736111111111 0.46076388888888886 0.8465277777777778 0.4618055555555555 0.8423611111111111 0.4618055555555555 0.8385416666666666 0.46076388888888886 0.8347222222222223 0.4597222222222222 0.8319444444444444 0.4590277777777778 0.8291666666666667 0.45798611111111115 0.8232638888888889 0.4569444444444445 0.820486111111111 0.45555555555555555
1 0.9472222222222223 0.43506944444444445 0.94375 0.4336805555555555 0.9395833333333333 0.43020833333333336 0.9347222222222222 0.4277777777777778 0.9309027777777777 0.425 0.9277777777777777 0.42083333333333334 0.9263888888888889 0.41631944444444446 0.9267361111111111 0.4114583333333333 0.9288194444444444 0.40625 0.9309027777777777 0.4024305555555555 0.9336805555555556 0.39895833333333336 0.935763888888889 0.396875 0.939236111111111 0.3944444444444445 0.9416666666666667 0.3934027777777778 0.9434027777777777 0.3923611111111111 0.9472222222222223 0.3909722222222222 0.9503472222222222 0.38958333333333334 0.9534722222222223 0.3878472222222222 0.9569444444444444 0.38576388888888885 0.961111111111111 0.3836805555555555 0.9649305555555556 0.3819444444444445 0.96875 0.38055555555555554 0.9725694444444444 0.3795138888888889 0.9746527777777777 0.3795138888888889 0.9795138888888889 0.3795138888888889 0.9836805555555556 0.37986111111111115 0.9871527777777778 0.3809027777777778 0.9909722222222223 0.38229166666666664 0.9958333333333333 0.3836805555555555 0.9989583333333333 0.3851010101010101 0.9989583333333333 0.42673611111111115 0.9913194444444444 0.43263888888888885 0.9868055555555556 0.4347222222222222 0.9822916666666667 0.43506944444444445 0.9756944444444444 0.43506944444444445 0.9694444444444444 0.4357638888888889 0.9649305555555556 0.4361111111111111 0.9625 0.4361111111111111 0.9590277777777777 0.4361111111111111 0.954861111111111 0.4357638888888889
1 0.8465277777777778 0.4857638888888889 0.8472222222222222 0.4829861111111111 0.8503472222222223 0.47604166666666664 0.8541666666666666 0.4715277777777778 0.857638888888889 0.4673611111111111 0.861111111111111 0.46388888888888885 0.865625 0.46145833333333336 0.8701388888888889 0.46041666666666664 0.8753472222222223 0.4597222222222222 0.8795138888888889 0.459375 0.8840277777777777 0.4590277777777778 0.8885416666666667 0.4583333333333333 0.8916666666666667 0.4583333333333333 0.8958333333333334 0.459375 0.8993055555555556 0.46111111111111114 0.903125 0.4628472222222222 0.90625 0.4666666666666667 0.9083333333333333 0.4704861111111111 0.909375 0.475 0.9100694444444444 0.48020833333333335 0.9104166666666667 0.4840277777777778 0.9097222222222222 0.48923611111111115 0.9083333333333333 0.4930555555555555 0.90625 0.4982638888888889 0.9041666666666667 0.5024305555555555 0.9017361111111111 0.5059027777777778 0.8975694444444444 0.5083333333333333 0.8899305555555556 0.5104166666666666 0.8840277777777777 0.5121527777777778 0.8784722222222222 0.5135416666666667 0.8760416666666667 0.5135416666666667 0.873263888888889 0.5131944444444445 0.86875 0.5118055555555555 0.865625 0.5100694444444445 0.8628472222222222 0.5083333333333333 0.8604166666666667 0.50625 0.8579861111111111 0.503125 0.8559027777777778 0.5006944444444444 0.853125 0.4972222222222222 0.851388888888889 0.4947916666666667 0.8496527777777777 0.49201388888888886 0.8482638888888889 0.4888888888888889
1 0.9284722222222223 0.5805555555555556 0.9253472222222222 0.5791666666666667 0.9190972222222222 0.5756944444444444 0.9149305555555556 0.5729166666666666 0.9125 0.5697916666666667 0.9107638888888889 0.5670138888888889 0.9083333333333333 0.5638888888888889 0.9065972222222223 0.5604166666666667 0.9059027777777777 0.5565972222222223 0.90625 0.5517361111111111 0.9083333333333333 0.5465277777777777 0.9107638888888889 0.5416666666666666 0.9125 0.5378472222222223 0.9145833333333333 0.5336805555555556 0.9173611111111111 0.5291666666666667 0.9211805555555556 0.5236111111111111 0.9239583333333333 0.5208333333333334 0.9274305555555556 0.5184027777777778 0.9305555555555556 0.5166666666666667 0.934375 0.5149305555555556 0.9378472222222223 0.5135416666666667 0.9416666666666667 0.5125 0.9440972222222223 0.5121527777777778 0.9489583333333333 0.5121527777777778 0.9538194444444444 0.5125 0.9576388888888889 0.5142361111111111 0.961111111111111 0.5163194444444444 0.9638888888888889 0.5184027777777778 0.9677083333333333 0.5208333333333334 0.9701388888888889 0.5246527777777777 0.9715277777777778 0.528125 0.9725694444444444 0.5329861111111112 0.9725694444444444 0.5368055555555556 0.9725694444444444 0.5416666666666666 0.9715277777777778 0.5475694444444444 0.96875 0.554513888888889 0.965625 0.5604166666666667 0.9618055555555556 0.570138888888889 0.9590277777777777 0.5743055555555556 0.9576388888888889 0.576388888888889 0.9555555555555556 0.5788194444444444 0.953125 0.5809027777777778 0.9510416666666667 0.5826388888888889 0.9486111111111111 0.5833333333333334 0.945138888888889 0.584375 0.9416666666666667 0.5850694444444444 0.9378472222222223 0.5854166666666667 0.9336805555555556 0.5850694444444444 0.93125 0.5836805555555556
1 0.6607638888888889 0.4826388888888889 0.653125 0.4809027777777778 0.6496527777777777 0.4784722222222222 0.646875 0.47673611111111114 0.6447916666666667 0.4746527777777778 0.64375 0.4725694444444445 0.642361111111111 0.4704861111111111 0.640625 0.4673611111111111 0.638888888888889 0.46458333333333335 0.6378472222222222 0.46076388888888886 0.6371527777777778 0.4565972222222222 0.6371527777777778 0.453125 0.6378472222222222 0.4493055555555555 0.6392361111111111 0.44548611111111114 0.6416666666666667 0.4413194444444445 0.6447916666666667 0.4371527777777778 0.6489583333333333 0.4329861111111111 0.6520833333333333 0.4315972222222222 0.6555555555555556 0.43125 0.6600694444444444 0.43125 0.663888888888889 0.43194444444444446 0.6673611111111111 0.43263888888888885 0.6715277777777777 0.4329861111111111 0.6753472222222222 0.4336805555555555 0.6788194444444444 0.43506944444444445 0.6822916666666666 0.43680555555555556 0.684375 0.4395833333333333 0.6864583333333333 0.4440972222222222 0.6881944444444444 0.44826388888888885 0.6899305555555556 0.45243055555555556 0.690625 0.45625 0.6909722222222222 0.46111111111111114 0.6909722222222222 0.465625 0.6899305555555556 0.46875 0.6878472222222223 0.4725694444444445 0.6854166666666667 0.47673611111111114 0.6829861111111111 0.48020833333333335 0.6802083333333333 0.48125 0.6763888888888889 0.4826388888888889 0.671875 0.48368055555555556 0.6680555555555556 0.48368055555555556
1 0.55 0.48333333333333334 0.5385416666666667 0.4753472222222222 0.5354166666666667 0.47291666666666665 0.5326388888888889 0.4708333333333333 0.5298611111111111 0.46875 0.5246527777777777 0.46111111111111114 0.521875 0.453125 0.521875 0.45 0.5222222222222223 0.4465277777777778 0.5232638888888889 0.44236111111111115 0.5243055555555556 0.4392361111111111 0.5260416666666666 0.4361111111111111 0.5288194444444445 0.4340277777777778 0.5329861111111112 0.43125 0.5364583333333334 0.42986111111111114 0.540625 0.42951388888888886 0.546875 0.42916666666666664 0.5520833333333334 0.42951388888888886 0.5572916666666666 0.4309027777777778 0.5618055555555556 0.43194444444444446 0.5673611111111111 0.4340277777777778 0.5739583333333333 0.43645833333333334 0.578125 0.4388888888888889 0.5822916666666667 0.44166666666666665 0.586111111111111 0.44513888888888886 0.5895833333333333 0.4493055555555555 0.5913194444444444 0.45381944444444444 0.5927083333333333 0.4590277777777778 0.5940972222222223 0.4635416666666667 0.5944444444444444 0.4666666666666667 0.5944444444444444 0.46875 0.5934027777777777 0.4725694444444445 0.5916666666666667 0.4756944444444445 0.5899305555555556 0.47881944444444446 0.5875 0.4815972222222222 0.5850694444444444 0.4840277777777778 0.5815972222222222 0.48541666666666666 0.5760416666666667 0.4871527777777778 0.5725694444444444 0.4871527777777778 0.5673611111111111 0.4871527777777778 0.5614583333333333 0.4864583333333333 0.5576388888888889 0.4857638888888889
1 0.4684027777777778 0.5743055555555556 0.4618055555555555 0.58125 0.4583333333333333 0.5829861111111111 0.45416666666666666 0.586111111111111 0.4496527777777778 0.5878472222222223 0.44166666666666665 0.5881944444444444 0.4361111111111111 0.5871527777777777 0.43263888888888885 0.586111111111111 0.4284722222222222 0.584375 0.4246527777777778 0.5833333333333334 0.42083333333333334 0.5822916666666667 0.4184027777777778 0.5805555555555556 0.4152777777777778 0.5774305555555556 0.4125 0.5746527777777778 0.4107638888888889 0.5732638888888889 0.4076388888888889 0.5708333333333333 0.40520833333333334 0.5690972222222223 0.4027777777777778 0.5670138888888889 0.3996527777777778 0.5645833333333333 0.39861111111111114 0.5625 0.396875 0.5590277777777778 0.3944444444444445 0.5541666666666667 0.39305555555555555 0.5479166666666667 0.3927083333333333 0.5430555555555556 0.3927083333333333 0.5381944444444444 0.39375 0.5333333333333333 0.3958333333333333 0.5277777777777778 0.39826388888888886 0.5232638888888889 0.40138888888888885 0.5204861111111111 0.40625 0.5180555555555555 0.4121527777777778 0.5159722222222222 0.4173611111111111 0.5152777777777778 0.42291666666666666 0.5149305555555556 0.4288194444444445 0.5145833333333333 0.4340277777777778 0.5145833333333333 0.43819444444444444 0.515625 0.4434027777777778 0.5173611111111112 0.44895833333333335 0.5194444444444445 0.45381944444444444 0.5225694444444444 0.45798611111111115 0.5253472222222222 0.4625 0.5291666666666667 0.46631944444444445 0.5336805555555556 0.46944444444444444 0.538888888888889 0.47118055555555555 0.5440972222222222 0.4722222222222222 0.5489583333333333 0.47291666666666665 0.5552083333333333 0.4732638888888889 0.5611111111111111 0.47291666666666665 0.565625
1 0.5652777777777778 0.586111111111111 0.5638888888888889 0.5774305555555556 0.5645833333333333 0.5736111111111111 0.5659722222222222 0.570486111111111 0.56875 0.5666666666666667 0.5722222222222223 0.5638888888888889 0.5756944444444444 0.5618055555555556 0.5805555555555556 0.5600694444444444 0.5868055555555556 0.5586805555555556 0.5909722222222222 0.5586805555555556 0.5947916666666667 0.5579861111111111 0.5982638888888889 0.5579861111111111 0.6020833333333333 0.5576388888888889 0.6072916666666667 0.5590277777777778 0.6118055555555556 0.560763888888889 0.6166666666666667 0.5631944444444444 0.6208333333333333 0.5670138888888889 0.623263888888889 0.5715277777777777 0.625 0.5756944444444444 0.6260416666666667 0.579861111111111 0.6260416666666667 0.5840277777777777 0.6246527777777777 0.5881944444444444 0.6225694444444444 0.5909722222222222 0.6190972222222223 0.5947916666666667 0.6166666666666667 0.5961805555555556 0.6149305555555556 0.5972222222222222 0.6107638888888889 0.5996527777777777 0.6045138888888889 0.601388888888889 0.5982638888888889 0.601736111111111 0.5930555555555556 0.601388888888889 0.5878472222222223 0.6003472222222223 0.5822916666666667 0.5989583333333334 0.5777777777777777 0.5972222222222222 0.5732638888888889 0.5940972222222223 0.56875 0.5916666666666667
1 0.7881944444444444 0.6479166666666667 0.782986111111111 0.642361111111111 0.7809027777777777 0.6395833333333333 0.7798611111111111 0.6378472222222222 0.7788194444444444 0.6347222222222223 0.7784722222222222 0.632638888888889 0.7791666666666667 0.6295138888888889 0.7802083333333333 0.6253472222222223 0.7815972222222223 0.621875 0.782986111111111 0.61875 0.784375 0.6149305555555556 0.7857638888888889 0.6121527777777778 0.7881944444444444 0.6097222222222223 0.7913194444444444 0.607638888888889 0.795138888888889 0.6055555555555556 0.7989583333333333 0.6041666666666666 0.8055555555555556 0.6027777777777777 0.8083333333333333 0.6024305555555556 0.8118055555555556 0.601736111111111 0.8159722222222222 0.601736111111111 0.8215277777777777 0.603125 0.825 0.6041666666666666 0.8295138888888889 0.6059027777777778 0.834375 0.607638888888889 0.8375 0.6097222222222223 0.8413194444444444 0.6118055555555556 0.8444444444444444 0.6149305555555556 0.8486111111111111 0.6184027777777777 0.8520833333333333 0.6229166666666667 0.8527777777777777 0.626736111111111 0.8520833333333333 0.6298611111111111 0.8496527777777777 0.632638888888889 0.8465277777777778 0.6357638888888889 0.84375 0.6385416666666667 0.8399305555555556 0.642361111111111 0.8354166666666667 0.6458333333333334 0.8315972222222222 0.648611111111111 0.8270833333333333 0.6503472222222223 0.821875 0.6524305555555556 0.8166666666666667 0.6534722222222222 0.8114583333333333 0.6534722222222222 0.8055555555555556 0.653125 0.7975694444444444 0.6513888888888889 0.7930555555555556 0.65
1 0.9538194444444444 0.6652777777777777 0.9524305555555556 0.6565972222222223 0.9520833333333333 0.6517361111111111 0.9524305555555556 0.6451388888888889 0.9541666666666667 0.640625 0.95625 0.6364583333333333 0.9583333333333334 0.6333333333333333 0.9638888888888889 0.6295138888888889 0.9673611111111111 0.6270833333333333 0.9725694444444444 0.6256944444444444 0.9753472222222223 0.6253472222222223 0.9784722222222223 0.6253472222222223 0.9829861111111111 0.625 0.9878472222222222 0.625 0.9913194444444444 0.625 0.9958333333333333 0.625 0.9989583333333333 0.6263888888888889 0.9989583333333333 0.696875 0.9902777777777777 0.6947916666666667 0.9878472222222222 0.69375 0.984375 0.6927083333333334 0.9805555555555556 0.6916666666666667 0.9774305555555556 0.6902777777777778 0.9739583333333334 0.689236111111111 0.9701388888888889 0.6868055555555556 0.9666666666666667 0.6840277777777778 0.9649305555555556 0.68125 0.9631944444444444 0.6784722222222223 0.960763888888889 0.675 0.9579861111111111 0.671875 0.95625 0.6694444444444444
1 0.8416666666666667 0.7225694444444444 0.8378472222222223 0.7270833333333333 0.8322916666666667 0.7305555555555556 0.8274305555555556 0.7319444444444444 0.821875 0.73125 0.8170138888888889 0.7305555555555556 0.8128472222222223 0.7305555555555556 0.8006944444444444 0.7298611111111111 0.795138888888889 0.7288194444444444 0.790625 0.7274305555555556 0.7836805555555556 0.7256944444444444 0.7802083333333333 0.7243055555555556 0.7767361111111111 0.7225694444444444 0.7704861111111111 0.7180555555555556 0.7621527777777778 0.7072916666666667 0.7607638888888889 0.7017361111111111 0.7607638888888889 0.6975694444444444 0.7618055555555556 0.6930555555555556 0.763888888888889 0.6878472222222223 0.7670138888888889 0.6829861111111111 0.773611111111111 0.6788194444444444 0.7822916666666667 0.6746527777777778 0.7895833333333333 0.6729166666666667 0.7989583333333333 0.6729166666666667 0.8052083333333333 0.6739583333333333 0.8114583333333333 0.6763888888888889 0.8184027777777777 0.679861111111111 0.8236111111111111 0.6822916666666666 0.8270833333333333 0.6850694444444444 0.8302083333333333 0.6885416666666667 0.8340277777777777 0.6923611111111111 0.8371527777777777 0.695138888888889 0.8409722222222222 0.6975694444444444 0.8440972222222223 0.7003472222222222 0.8451388888888889 0.703125 0.845486111111111 0.7065972222222222 0.845486111111111 0.7100694444444444 0.845486111111111 0.7142361111111111 0.845486111111111 0.717013888888889
1 0.7513888888888889 0.8034722222222223 0.748263888888889 0.7947916666666667 0.7475694444444444 0.7916666666666666 0.7475694444444444 0.7881944444444444 0.7475694444444444 0.784375 0.7493055555555556 0.7798611111111111 0.7513888888888889 0.7770833333333333 0.7545138888888889 0.7739583333333333 0.7586805555555556 0.7708333333333334 0.7635416666666667 0.7680555555555556 0.7684027777777778 0.7663194444444444 0.773263888888889 0.7649305555555556 0.778125 0.7635416666666667 0.782986111111111 0.7628472222222222 0.7885416666666667 0.7625 0.7940972222222222 0.7635416666666667 0.7979166666666667 0.7659722222222223 0.8006944444444444 0.7690972222222222 0.803125 0.7725694444444444 0.804513888888889 0.7767361111111111 0.8052083333333333 0.7805555555555556 0.80625 0.7847222222222222 0.8065972222222223 0.7899305555555556 0.80625 0.79375 0.804513888888889 0.7982638888888889 0.8020833333333334 0.8027777777777777 0.7979166666666667 0.8065972222222223 0.7934027777777778 0.8100694444444444 0.788888888888889 0.8131944444444444 0.7833333333333333 0.814236111111111 0.7760416666666666 0.814236111111111 0.7680555555555556 0.8138888888888889 0.7635416666666667 0.8135416666666667 0.7597222222222223 0.8128472222222223 0.7572916666666667 0.8114583333333333 0.7545138888888889 0.8086805555555556
1 0.5225694444444444 0.6659722222222223 0.5170138888888889 0.6513888888888889 0.5166666666666667 0.6475694444444444 0.5159722222222222 0.6440972222222222 0.515625 0.6395833333333333 0.5149305555555556 0.6354166666666666 0.5149305555555556 0.6309027777777777 0.5152777777777778 0.6270833333333333 0.5166666666666667 0.623263888888889 0.5180555555555555 0.6204861111111111 0.5194444444444445 0.6184027777777777 0.5208333333333334 0.6163194444444444 0.5243055555555556 0.6135416666666667 0.5274305555555555 0.6114583333333333 0.5298611111111111 0.6100694444444444 0.5322916666666667 0.6097222222222223 0.5357638888888889 0.6097222222222223 0.540625 0.6097222222222223 0.5440972222222222 0.6100694444444444 0.548611111111111 0.6125 0.5534722222222223 0.6152777777777777 0.5572916666666666 0.617361111111111 0.560763888888889 0.6201388888888889 0.5635416666666667 0.6239583333333333 0.5666666666666667 0.6295138888888889 0.56875 0.6336805555555556 0.5708333333333333 0.6385416666666667 0.5725694444444444 0.64375 0.5732638888888889 0.6475694444444444 0.5732638888888889 0.6517361111111111 0.5732638888888889 0.6576388888888889 0.5732638888888889 0.6631944444444444 0.5722222222222223 0.6677083333333333 0.5708333333333333 0.6711805555555556 0.56875 0.6743055555555556 0.5649305555555556 0.678125 0.5611111111111111 0.6805555555555556 0.5555555555555556 0.6829861111111111 0.5493055555555556 0.6833333333333333 0.54375 0.6829861111111111 0.538888888888889 0.6822916666666666 0.5340277777777778 0.6805555555555556 0.5302083333333333 0.6777777777777777 0.5256944444444445 0.6729166666666667
1 0.41458333333333336 0.6770833333333334 0.4100694444444445 0.6670138888888889 0.40625 0.65625 0.40520833333333334 0.6510416666666666 0.40520833333333334 0.6472222222222223 0.40520833333333334 0.642361111111111 0.40555555555555556 0.6385416666666667 0.4059027777777778 0.634375 0.40694444444444444 0.6305555555555556 0.40868055555555555 0.6270833333333333 0.41041666666666665 0.6246527777777777 0.4128472222222222 0.6215277777777778 0.415625 0.6184027777777777 0.4180555555555555 0.6166666666666667 0.42083333333333334 0.615625 0.4239583333333333 0.6149305555555556 0.4270833333333333 0.6152777777777777 0.4329861111111111 0.6166666666666667 0.4371527777777778 0.6184027777777777 0.4413194444444445 0.6211805555555556 0.44548611111111114 0.6253472222222223 0.4486111111111111 0.6298611111111111 0.4513888888888889 0.634375 0.453125 0.6385416666666667 0.4552083333333333 0.642361111111111 0.4569444444444445 0.646875 0.45868055555555554 0.6524305555555556 0.4597222222222222 0.6583333333333333 0.46076388888888886 0.6649305555555556 0.46111111111111114 0.670138888888889 0.46041666666666664 0.675 0.45868055555555554 0.6809027777777777 0.4569444444444445 0.6836805555555556 0.45625 0.6850694444444444 0.45416666666666666 0.6885416666666667 0.4496527777777778 0.69375 0.4465277777777778 0.6961805555555556 0.4420138888888889 0.6972222222222223 0.43645833333333334 0.6972222222222223 0.42986111111111114 0.696875 0.4256944444444445 0.695486111111111 0.421875 0.6923611111111111 0.4197916666666667 0.6885416666666667 0.41701388888888885 0.6847222222222222 0.415625 0.68125
1 0.4444444444444445 0.8197916666666667 0.4347222222222222 0.814236111111111 0.43020833333333336 0.8121527777777777 0.4263888888888889 0.8097222222222222 0.4239583333333333 0.8072916666666666 0.42118055555555556 0.8041666666666667 0.4190972222222222 0.8006944444444444 0.4180555555555555 0.796875 0.415625 0.7864583333333334 0.4173611111111111 0.773263888888889 0.41944444444444445 0.7690972222222222 0.42291666666666666 0.7642361111111111 0.4263888888888889 0.7607638888888889 0.4309027777777778 0.759375 0.4361111111111111 0.7586805555555556 0.4413194444444445 0.7586805555555556 0.44548611111111114 0.759375 0.45 0.7607638888888889 0.4545138888888889 0.7631944444444444 0.45868055555555554 0.7645833333333333 0.4621527777777778 0.765625 0.4659722222222222 0.7670138888888889 0.46944444444444444 0.76875 0.4722222222222222 0.7711805555555556 0.475 0.7743055555555556 0.47708333333333336 0.7770833333333333 0.4798611111111111 0.7805555555555556 0.4822916666666667 0.784375 0.48368055555555556 0.7899305555555556 0.4847222222222222 0.796875 0.48506944444444444 0.8 0.48506944444444444 0.8034722222222223 0.48368055555555556 0.8072916666666666 0.4815972222222222 0.8121527777777777 0.471875 0.820138888888889 0.46944444444444444 0.8211805555555556 0.4666666666666667 0.821875 0.4618055555555555 0.8225694444444444 0.45729166666666665 0.8229166666666666 0.4548611111111111 0.8222222222222223 0.45069444444444445 0.8215277777777777 0.4479166666666667 0.8208333333333333
1 0.8020833333333334 0.888888888888889 0.7934027777777778 0.8854166666666666 0.7909722222222223 0.884375 0.7878472222222223 0.8822916666666667 0.7847222222222222 0.8795138888888889 0.7826388888888889 0.876736111111111 0.7805555555555556 0.8736111111111111 0.779513888888889 0.8697916666666666 0.7791666666666667 0.8663194444444444 0.779513888888889 0.8618055555555556 0.7809027777777777 0.857638888888889 0.7826388888888889 0.8538194444444444 0.784375 0.8503472222222223 0.7864583333333334 0.8472222222222222 0.7885416666666667 0.8451388888888889 0.7930555555555556 0.8416666666666667 0.7979166666666667 0.8388888888888889 0.8038194444444444 0.8371527777777777 0.8104166666666667 0.835763888888889 0.8163194444444444 0.8350694444444444 0.8222222222222223 0.8347222222222223 0.828125 0.8354166666666667 0.8347222222222223 0.8364583333333333 0.8409722222222222 0.8378472222222223 0.8451388888888889 0.8395833333333333 0.8489583333333334 0.8413194444444444 0.8527777777777777 0.8434027777777777 0.8555555555555556 0.845486111111111 0.8579861111111111 0.8486111111111111 0.859375 0.8524305555555556 0.8604166666666667 0.8565972222222222 0.8607638888888889 0.8583333333333333 0.861111111111111 0.8600694444444444 0.8614583333333333 0.8635416666666667 0.8604166666666667 0.867013888888889 0.859375 0.8711805555555556 0.8569444444444444 0.8760416666666667 0.8538194444444444 0.8805555555555556 0.8506944444444444 0.8833333333333333 0.8472222222222222 0.8854166666666666 0.8416666666666667 0.8875 0.8368055555555556 0.8895833333333333 0.8302083333333333 0.8913194444444444 0.8225694444444444 0.8916666666666667 0.8163194444444444 0.8913194444444444 0.8097222222222222 0.8895833333333333
1 0.5854166666666667 0.9552083333333333 0.5791666666666667 0.9461805555555556 0.5774305555555556 0.9416666666666667 0.5770833333333333 0.9395833333333333 0.5770833333333333 0.9371527777777777 0.5774305555555556 0.934375 0.5788194444444444 0.9309027777777777 0.58125 0.9267361111111111 0.584375 0.9232638888888889 0.5885416666666666 0.9197916666666667 0.5930555555555556 0.9177083333333333 0.5982638888888889 0.9170138888888889 0.6048611111111111 0.9170138888888889 0.6090277777777777 0.9173611111111111 0.6128472222222222 0.91875 0.617013888888889 0.9204861111111111 0.6201388888888889 0.921875 0.6243055555555556 0.923611111111111 0.6291666666666667 0.9260416666666667 0.6336805555555556 0.928125 0.6371527777777778 0.9309027777777777 0.6395833333333333 0.9347222222222222 0.6413194444444444 0.9381944444444444 0.6430555555555556 0.9413194444444444 0.6440972222222222 0.9461805555555556 0.6451388888888889 0.9517361111111111 0.6454861111111111 0.95625 0.6447916666666667 0.961111111111111 0.6430555555555556 0.9645833333333333 0.6381944444444444 0.9690972222222223 0.6336805555555556 0.9708333333333333 0.626736111111111 0.971875 0.6204861111111111 0.971875 0.6138888888888889 0.9711805555555556 0.6083333333333333 0.9697916666666667 0.6034722222222223 0.9684027777777777 0.6003472222222223 0.9666666666666667 0.5961805555555556 0.9638888888888889 0.5930555555555556 0.961111111111111 0.5902777777777778 0.9586805555555556
1 0.9743055555555556 0.8538194444444444 0.9701388888888889 0.8440972222222223 0.9701388888888889 0.8409722222222222 0.9711805555555556 0.8368055555555556 0.9722222222222222 0.8336805555555556 0.9743055555555556 0.8288194444444444 0.978125 0.8236111111111111 0.9815972222222222 0.8197916666666667 0.9847222222222223 0.8159722222222222 0.9878472222222222 0.8138888888888889 0.9916666666666667 0.8125 0.9951388888888889 0.8125 0.9989583333333333 0.8116185897435898 0.9989583333333333 0.878125 0.9895833333333334 0.8715277777777778 0.9871527777777778 0.8694444444444444 0.9836805555555556 0.867013888888889 0.9805555555555556 0.8642361111111111 0.9788194444444444 0.861111111111111 0.9770833333333333 0.8583333333333333
1 0.9038194444444444 0.9847222222222223 0.8989583333333333 0.9753472222222223 0.8975694444444444 0.9715277777777778 0.8940972222222222 0.9663194444444444 0.8913194444444444 0.9572916666666667 0.8909722222222223 0.9524305555555556 0.8916666666666667 0.9465277777777777 0.8947916666666667 0.9402777777777778 0.8989583333333333 0.9350694444444444 0.9055555555555556 0.9305555555555556 0.909375 0.928125 0.9166666666666666 0.925 0.9208333333333333 0.9243055555555556 0.9243055555555556 0.925 0.9270833333333334 0.9263888888888889 0.9305555555555556 0.9277777777777777 0.9350694444444444 0.9291666666666667 0.939236111111111 0.9319444444444444 0.9420138888888889 0.9340277777777778 0.945138888888889 0.9371527777777777 0.9479166666666666 0.9399305555555556 0.9510416666666667 0.9434027777777777 0.9541666666666667 0.9465277777777777 0.9569444444444444 0.9493055555555556 0.9590277777777777 0.9527777777777777 0.961111111111111 0.9565972222222222 0.9625 0.9600694444444444 0.9638888888888889 0.9649305555555556 0.9645833333333333 0.9708333333333333 0.9652777777777778 0.976388888888889 0.9652777777777778 0.9822916666666667 0.9652777777777778 0.9864583333333333 0.9652777777777778 0.9913194444444444 0.9652777777777778 0.9989583333333333 0.9621527777777777 0.9989583333333333 0.9197916666666667 0.9989583333333333 0.914236111111111 0.9958333333333333 0.9118055555555556 0.9940972222222223 0.9086805555555556 0.9916666666666667 0.9065972222222223 0.9888888888888889
1 0.7569444444444444 0.9958333333333333 0.751736111111111 0.9847222222222223 0.7510416666666667 0.9819444444444444 0.75 0.9784722222222223 0.7493055555555556 0.975 0.748263888888889 0.9711805555555556 0.748263888888889 0.9673611111111111 0.7486111111111111 0.9635416666666666 0.75 0.9600694444444444 0.7513888888888889 0.95625 0.753125 0.9534722222222223 0.75625 0.9506944444444444 0.7611111111111111 0.9486111111111111 0.7666666666666667 0.9465277777777777 0.7725694444444444 0.9458333333333333 0.7777777777777778 0.9461805555555556 0.7826388888888889 0.9489583333333333 0.7871527777777777 0.9517361111111111 0.7920138888888889 0.9545138888888889 0.7972222222222223 0.9579861111111111 0.8010416666666667 0.9618055555555556 0.8041666666666667 0.9663194444444444 0.8059027777777777 0.970486111111111 0.8076388888888889 0.9746527777777777 0.809375 0.9795138888888889 0.8100694444444444 0.984375 0.810763888888889 0.9895833333333334 0.8114583333333333 0.9940972222222223 0.8124305555555555 0.9989583333333333 0.7607638888888889 0.9989583333333333
1 0.2013888888888889 0.971875 0.21041666666666667 0.9628472222222223 0.2142361111111111 0.960763888888889 0.21770833333333334 0.959375 0.21979166666666666 0.959375 0.2236111111111111 0.960763888888889 0.22777777777777777 0.9625 0.23090277777777776 0.9642361111111111 0.23402777777777778 0.967013888888889 0.2375 0.9694444444444444 0.240625 0.9729166666666667 0.24409722222222224 0.976388888888889 0.24722222222222223 0.9805555555555556 0.2520833333333333 0.9868055555555556 0.2545138888888889 0.992361111111111 0.25659722222222225 0.9958333333333333 0.25729166666666664 0.9989583333333333 0.20069444444444443 0.9989583333333333 0.19791666666666666 0.9930555555555556 0.19652777777777777 0.9875 0.19652777777777777 0.9819444444444444 0.19722222222222224 0.9774305555555556
1 0.08472222222222221 0.954861111111111 0.08020833333333334 0.9503472222222222 0.078125 0.9472222222222223 0.07638888888888888 0.9430555555555556 0.075 0.9381944444444444 0.07430555555555556 0.9340277777777778 0.07361111111111111 0.929513888888889 0.07291666666666667 0.9260416666666667 0.07256944444444445 0.9215277777777777 0.07222222222222222 0.9166666666666666 0.07222222222222222 0.9121527777777777 0.07222222222222222 0.9072916666666667 0.07256944444444445 0.903125 0.07361111111111111 0.8993055555555556 0.07534722222222222 0.8927083333333333 0.07708333333333334 0.8885416666666667 0.07951388888888888 0.8850694444444444 0.08194444444444444 0.8822916666666667 0.08506944444444445 0.8791666666666667 0.08888888888888888 0.8763888888888889 0.09340277777777778 0.873263888888889 0.09652777777777778 0.8715277777777778 0.09861111111111112 0.8711805555555556 0.10381944444444445 0.8711805555555556 0.11111111111111112 0.8725694444444444 0.11458333333333333 0.8739583333333333 0.11770833333333333 0.8760416666666667 0.12118055555555556 0.8784722222222222 0.12395833333333334 0.8819444444444444 0.12638888888888888 0.8864583333333333 0.1284722222222222 0.8916666666666667 0.13020833333333334 0.896875 0.13159722222222223 0.9013888888888889 0.13229166666666667 0.9059027777777777 0.1326388888888889 0.9107638888888889 0.1326388888888889 0.9163194444444444 0.1326388888888889 0.921875 0.1326388888888889 0.9270833333333334 0.13229166666666667 0.9315972222222223 0.13090277777777778 0.9371527777777777 0.12986111111111112 0.9423611111111111 0.1284722222222222 0.9465277777777777 0.1267361111111111 0.9493055555555556 0.12361111111111112 0.953125 0.11909722222222222 0.9569444444444444 0.11493055555555555 0.9583333333333334 0.11076388888888888 0.9600694444444444 0.10590277777777778 0.960763888888889 0.09756944444444444 0.9604166666666667 0.09166666666666666 0.959375
1 0.2517361111111111 0.7503472222222223 0.24965277777777778 0.7440972222222223 0.24930555555555556 0.740625 0.24930555555555556 0.7375 0.2503472222222222 0.7336805555555556 0.2513888888888889 0.7295138888888889 0.25277777777777777 0.726736111111111 0.2555555555555556 0.7236111111111111 0.25902777777777775 0.7211805555555556 0.2621527777777778 0.7184027777777777 0.2652777777777778 0.7166666666666667 0.2694444444444445 0.7149305555555556 0.27291666666666664 0.7135416666666666 0.27881944444444445 0.7128472222222223 0.2864583333333333 0.7128472222222223 0.2972222222222222 0.7145833333333333 0.3038194444444445 0.717013888888889 0.3079861111111111 0.7208333333333333 0.31006944444444445 0.7239583333333334 0.3107638888888889 0.7291666666666666 0.31145833333333334 0.7336805555555556 0.31145833333333334 0.7381944444444444 0.3111111111111111 0.7427083333333333 0.3090277777777778 0.7461805555555556 0.30520833333333336 0.7496527777777777 0.30173611111111115 0.753125 0.2982638888888889 0.7559027777777777 0.2947916666666667 0.759375 0.29131944444444446 0.7611111111111111 0.28611111111111115 0.7618055555555556 0.27638888888888885 0.7625 0.27118055555555554 0.7618055555555556 0.265625 0.7597222222222223 0.2621527777777778 0.7586805555555556 0.25833333333333336 0.7572916666666667 0.25590277777777776 0.7555555555555556 0.2534722222222222 0.7534722222222222
1 0.21840277777777778 0.6614583333333334 0.21631944444444443 0.6534722222222222 0.21666666666666667 0.6496527777777777 0.21770833333333334 0.64375 0.21909722222222222 0.6413194444444444 0.22152777777777777 0.6368055555555556 0.22430555555555556 0.632986111111111 0.2267361111111111 0.6309027777777777 0.2298611111111111 0.6291666666666667 0.234375 0.6274305555555556 0.23819444444444443 0.6256944444444444 0.24340277777777777 0.625 0.24930555555555556 0.625 0.25590277777777776 0.6260416666666667 0.2607638888888889 0.6277777777777778 0.2638888888888889 0.6295138888888889 0.2677083333333333 0.6333333333333333 0.27118055555555554 0.6371527777777778 0.27395833333333336 0.6413194444444444 0.275 0.64375 0.2767361111111111 0.6493055555555556 0.278125 0.6552083333333333 0.2791666666666667 0.6607638888888889 0.2795138888888889 0.6649305555555556 0.2795138888888889 0.6684027777777778 0.27708333333333335 0.6715277777777777 0.275 0.6746527777777778 0.2722222222222222 0.678125 0.26979166666666665 0.679861111111111 0.26666666666666666 0.6815972222222223 0.2635416666666667 0.6826388888888889 0.2600694444444444 0.6836805555555556 0.2555555555555556 0.684375 0.2486111111111111 0.6847222222222222 0.24479166666666666 0.6840277777777778 0.23993055555555556 0.6822916666666666 0.2357638888888889 0.6805555555555556 0.23333333333333334 0.679861111111111 0.22916666666666666 0.6774305555555556 0.22743055555555555 0.6763888888888889 0.22465277777777776 0.6729166666666667 0.22291666666666668 0.6708333333333333 0.21909722222222222 0.665625
1 0.3072916666666667 0.6416666666666667 0.2996527777777778 0.6399305555555556 0.29583333333333334 0.6381944444444444 0.29201388888888885 0.6357638888888889 0.28958333333333336 0.6340277777777777 0.28611111111111115 0.6305555555555556 0.284375 0.6274305555555556 0.28229166666666666 0.6229166666666667 0.28194444444444444 0.61875 0.28194444444444444 0.615625 0.2826388888888889 0.611111111111111 0.2829861111111111 0.607638888888889 0.2833333333333333 0.601388888888889 0.2840277777777778 0.5958333333333333 0.2850694444444445 0.5909722222222222 0.28680555555555554 0.5878472222222223 0.28888888888888886 0.584375 0.2909722222222222 0.58125 0.2934027777777778 0.5788194444444444 0.296875 0.5753472222222222 0.3 0.5739583333333333 0.30451388888888886 0.5722222222222223 0.30763888888888885 0.5715277777777777 0.3125 0.5711805555555556 0.3152777777777778 0.5711805555555556 0.3184027777777778 0.5722222222222223 0.3229166666666667 0.5746527777777778 0.3260416666666667 0.5767361111111111 0.3298611111111111 0.5788194444444444 0.33368055555555554 0.5836805555555556 0.3368055555555555 0.592013888888889 0.3375 0.5965277777777778 0.3378472222222222 0.601388888888889 0.3378472222222222 0.6065972222222222 0.3378472222222222 0.6104166666666667 0.3368055555555555 0.6145833333333334 0.33541666666666664 0.6190972222222223 0.33368055555555554 0.625 0.3315972222222222 0.6302083333333334 0.32881944444444444 0.6336805555555556 0.3263888888888889 0.6361111111111111 0.32395833333333335 0.6381944444444444 0.321875 0.6395833333333333 0.31805555555555554 0.6416666666666667 0.3142361111111111 0.6430555555555556
1 0.12604166666666666 0.6711805555555556 0.11979166666666667 0.6684027777777778 0.11805555555555555 0.6666666666666666 0.11597222222222221 0.664236111111111 0.11458333333333333 0.6614583333333334 0.11319444444444444 0.6569444444444444 0.11180555555555555 0.6520833333333333 0.11145833333333334 0.6472222222222223 0.11111111111111112 0.64375 0.11111111111111112 0.6392361111111111 0.11111111111111112 0.6333333333333333 0.11111111111111112 0.6277777777777778 0.1125 0.625 0.115625 0.6201388888888889 0.11770833333333333 0.6163194444444444 0.12083333333333333 0.6128472222222222 0.12395833333333334 0.6100694444444444 0.1277777777777778 0.6086805555555556 0.13020833333333334 0.6079861111111111 0.13368055555555555 0.6069444444444444 0.13715277777777776 0.60625 0.1420138888888889 0.6055555555555556 0.14375 0.6055555555555556 0.14618055555555556 0.60625 0.14895833333333333 0.607638888888889 0.1513888888888889 0.6086805555555556 0.15520833333333334 0.6107638888888889 0.1579861111111111 0.6135416666666667 0.1611111111111111 0.6177083333333333 0.16354166666666667 0.621875 0.16458333333333333 0.6270833333333333 0.165625 0.6322916666666667 0.165625 0.6375 0.16527777777777777 0.6416666666666667 0.16354166666666667 0.6472222222222223 0.16215277777777776 0.6513888888888889 0.15972222222222224 0.6552083333333333 0.15659722222222222 0.6597222222222222 0.15381944444444443 0.6631944444444444 0.15104166666666666 0.6663194444444444 0.1482638888888889 0.6680555555555556 0.1451388888888889 0.670138888888889 0.1423611111111111 0.6708333333333333 0.13958333333333334 0.6711805555555556 0.13715277777777776 0.671875 0.13333333333333333 0.6722222222222223 0.12986111111111112 0.6722222222222223
1 0.20381944444444444 0.5677083333333334 0.1982638888888889 0.5652777777777778 0.19652777777777777 0.5621527777777777 0.19409722222222223 0.5597222222222222 0.1920138888888889 0.5576388888888889 0.1888888888888889 0.554861111111111 0.18715277777777778 0.5527777777777777 0.1861111111111111 0.5506944444444444 0.184375 0.5472222222222223 0.1826388888888889 0.5420138888888889 0.18159722222222224 0.5378472222222223 0.18159722222222224 0.534375 0.18159722222222224 0.5298611111111111 0.18229166666666666 0.5267361111111112 0.18402777777777776 0.5208333333333334 0.18541666666666667 0.5173611111111112 0.18715277777777778 0.5138888888888888 0.18958333333333333 0.5107638888888889 0.1923611111111111 0.5086805555555556 0.19583333333333333 0.5072916666666667 0.20069444444444443 0.5055555555555555 0.20590277777777777 0.5045138888888888 0.20972222222222223 0.5038194444444445 0.21319444444444444 0.5038194444444445 0.21840277777777778 0.5048611111111111 0.22152777777777777 0.5065972222222223 0.225 0.509375 0.22708333333333333 0.5121527777777778 0.2295138888888889 0.5159722222222222 0.23159722222222223 0.5201388888888888 0.2329861111111111 0.5236111111111111 0.23368055555555556 0.5298611111111111 0.23368055555555556 0.5350694444444444 0.2329861111111111 0.5413194444444444 0.23159722222222223 0.5461805555555556 0.2298611111111111 0.5493055555555556 0.22743055555555555 0.5520833333333334 0.22465277777777776 0.5569444444444444 0.2232638888888889 0.5600694444444444 0.2201388888888889 0.5628472222222223 0.21770833333333334 0.5638888888888889 0.2142361111111111 0.5652777777777778 0.21041666666666667 0.5666666666666667
1 0.275 0.4704861111111111 0.275 0.4583333333333333 0.2767361111111111 0.4545138888888889 0.27881944444444445 0.4510416666666667 0.2815972222222222 0.44756944444444446 0.284375 0.4440972222222222 0.2878472222222222 0.440625 0.2909722222222222 0.43819444444444444 0.2954861111111111 0.4354166666666667 0.3003472222222222 0.4329861111111111 0.30625 0.43125 0.31319444444444444 0.43020833333333336 0.31875 0.43020833333333336 0.3243055555555555 0.43020833333333336 0.3302083333333333 0.4315972222222222 0.3340277777777778 0.4336805555555555 0.3385416666666667 0.43645833333333334 0.3423611111111111 0.4388888888888889 0.3454861111111111 0.4420138888888889 0.34791666666666665 0.4444444444444445 0.34930555555555554 0.4472222222222222 0.35104166666666664 0.45208333333333334 0.35138888888888886 0.45625 0.35138888888888886 0.4597222222222222 0.35138888888888886 0.4649305555555555 0.3503472222222222 0.46805555555555556 0.34930555555555554 0.4708333333333333 0.34791666666666665 0.47291666666666665 0.3458333333333333 0.4753472222222222 0.3420138888888889 0.47881944444444446 0.33819444444444446 0.4809027777777778 0.3333333333333333 0.48333333333333334 0.32881944444444444 0.4857638888888889 0.3253472222222222 0.4871527777777778 0.3215277777777778 0.48854166666666665 0.31875 0.48923611111111115 0.31493055555555555 0.4902777777777778 0.3111111111111111 0.4909722222222222 0.30625 0.49166666666666664 0.30243055555555554 0.4913194444444445 0.296875 0.4902777777777778 0.29270833333333335 0.48923611111111115 0.2878472222222222 0.48680555555555555 0.2833333333333333 0.4840277777777778 0.2798611111111111 0.4809027777777778 0.2767361111111111 0.47638888888888886
1 0.04375 0.45729166666666665 0.04097222222222222 0.4503472222222222 0.03993055555555556 0.4486111111111111 0.03923611111111111 0.44375 0.03923611111111111 0.4409722222222222 0.03923611111111111 0.4375 0.04027777777777777 0.4336805555555555 0.041666666666666664 0.4305555555555555 0.044097222222222225 0.4263888888888889 0.04652777777777777 0.4222222222222222 0.04861111111111111 0.4190972222222222 0.052083333333333336 0.41631944444444446 0.05486111111111111 0.41354166666666664 0.057986111111111106 0.41111111111111115 0.06145833333333333 0.40868055555555555 0.0638888888888889 0.40729166666666666 0.06840277777777778 0.40694444444444444 0.07048611111111111 0.4076388888888889 0.07326388888888888 0.4097222222222222 0.07604166666666666 0.4107638888888889 0.078125 0.4128472222222222 0.07881944444444446 0.4149305555555555 0.08020833333333334 0.4180555555555555 0.08194444444444444 0.42256944444444444 0.08263888888888889 0.425 0.08263888888888889 0.43020833333333336 0.08263888888888889 0.4340277777777778 0.08263888888888889 0.43993055555555555 0.08159722222222222 0.4427083333333333 0.07951388888888888 0.44583333333333336 0.07743055555555554 0.4486111111111111 0.07465277777777778 0.45243055555555556 0.07256944444444445 0.4548611111111111 0.06944444444444445 0.4569444444444445 0.06631944444444444 0.45798611111111115 0.0638888888888889 0.45868055555555554 0.06041666666666667 0.4597222222222222 0.057291666666666664 0.4597222222222222 0.05347222222222223 0.4597222222222222 0.04791666666666667 0.4597222222222222
1 0.06770833333333333 0.35173611111111114 0.06076388888888889 0.34305555555555556 0.05763888888888889 0.3378472222222222 0.05590277777777777 0.3340277777777778 0.05486111111111111 0.3295138888888889 0.05520833333333333 0.3260416666666667 0.057291666666666664 0.32048611111111114 0.058680555555555555 0.31666666666666665 0.06041666666666667 0.3128472222222222 0.0625 0.31006944444444445 0.065625 0.30763888888888885 0.06979166666666667 0.30520833333333336 0.07430555555555556 0.30416666666666664 0.08020833333333334 0.303125 0.08715277777777779 0.3027777777777778 0.09027777777777778 0.3027777777777778 0.09513888888888888 0.30451388888888886 0.09861111111111112 0.3059027777777778 0.10138888888888889 0.3079861111111111 0.10416666666666667 0.31006944444444445 0.10798611111111112 0.3128472222222222 0.11145833333333334 0.315625 0.11493055555555555 0.31805555555555554 0.11631944444444445 0.32048611111111114 0.11770833333333333 0.32569444444444445 0.11944444444444445 0.3298611111111111 0.12152777777777778 0.3340277777777778 0.12291666666666666 0.3371527777777778 0.12395833333333334 0.3409722222222222 0.12430555555555554 0.34444444444444444 0.12430555555555554 0.34791666666666665 0.12361111111111112 0.35173611111111114 0.12222222222222222 0.35520833333333335 0.11979166666666667 0.35833333333333334 0.11736111111111111 0.3611111111111111 0.11423611111111112 0.3628472222222222 0.11006944444444446 0.3638888888888889 0.10486111111111111 0.36493055555555554 0.10034722222222221 0.3652777777777778 0.09652777777777778 0.3652777777777778 0.09097222222222222 0.36423611111111115 0.08715277777777779 0.3628472222222222 0.08472222222222221 0.3611111111111111 0.08159722222222222 0.35833333333333334 0.07847222222222222 0.35625 0.07430555555555556 0.35451388888888885
1 0.2708333333333333 0.15520833333333334 0.265625 0.14583333333333334 0.26145833333333335 0.13784722222222223 0.2607638888888889 0.13472222222222224 0.2600694444444444 0.13090277777777778 0.2600694444444444 0.12534722222222222 0.2604166666666667 0.12013888888888888 0.26145833333333335 0.11597222222222221 0.26180555555555557 0.1125 0.2625 0.10868055555555554 0.2638888888888889 0.10416666666666667 0.265625 0.10069444444444445 0.26979166666666665 0.09722222222222222 0.2743055555555555 0.09409722222222222 0.2784722222222222 0.09270833333333334 0.2840277777777778 0.09166666666666666 0.28854166666666664 0.09166666666666666 0.2930555555555555 0.09305555555555554 0.29618055555555556 0.09479166666666666 0.3 0.09756944444444444 0.3038194444444445 0.10034722222222221 0.3065972222222222 0.10277777777777779 0.3097222222222222 0.10763888888888888 0.3125 0.11284722222222222 0.3152777777777778 0.11840277777777779 0.3170138888888889 0.12361111111111112 0.3184027777777778 0.1284722222222222 0.31979166666666664 0.1329861111111111 0.3211805555555555 0.13784722222222223 0.3215277777777778 0.14305555555555557 0.321875 0.14722222222222223 0.321875 0.15034722222222224 0.32083333333333336 0.15416666666666667 0.3184027777777778 0.15729166666666666 0.315625 0.16041666666666668 0.3121527777777778 0.1642361111111111 0.3097222222222222 0.16666666666666666 0.30694444444444446 0.1701388888888889 0.30486111111111114 0.17152777777777778 0.30243055555555554 0.17222222222222222 0.2989583333333333 0.17291666666666666 0.2951388888888889 0.17291666666666666 0.2902777777777778 0.17152777777777778 0.2871527777777778 0.1704861111111111 0.28229166666666666 0.1673611111111111 0.27569444444444446 0.16284722222222223
1 0.11076388888888888 0.09548611111111112 0.12048611111111111 0.08819444444444445 0.1267361111111111 0.08680555555555555 0.1326388888888889 0.08680555555555555 0.13541666666666666 0.08784722222222222 0.13993055555555556 0.09027777777777778 0.14340277777777777 0.09236111111111112 0.14722222222222223 0.09583333333333334 0.15 0.09930555555555555 0.15277777777777776 0.10451388888888888 0.15555555555555556 0.10902777777777778 0.15694444444444444 0.11319444444444444 0.15833333333333333 0.11701388888888889 0.159375 0.12152777777777778 0.16006944444444443 0.1267361111111111 0.15972222222222224 0.13159722222222223 0.15902777777777777 0.1361111111111111 0.1579861111111111 0.140625 0.15659722222222222 0.14479166666666668 0.1548611111111111 0.14965277777777777 0.153125 0.153125 0.15 0.15659722222222222 0.146875 0.159375 0.14340277777777777 0.16145833333333334 0.1392361111111111 0.16354166666666667 0.13506944444444444 0.1642361111111111 0.13159722222222223 0.1642361111111111 0.12743055555555555 0.16319444444444445 0.12326388888888888 0.16180555555555556 0.11979166666666667 0.16006944444444443 0.11597222222222221 0.15694444444444444 0.11284722222222222 0.15277777777777776 0.11041666666666666 0.14895833333333333 0.10694444444444445 0.1420138888888889 0.10347222222222222 0.1326388888888889 0.10243055555555555 0.12881944444444446 0.10138888888888889 0.12395833333333334 0.10138888888888889 0.11805555555555555 0.103125 0.1125 0.10486111111111111 0.10729166666666666 0.10659722222222222 0.10347222222222222
1 0.041666666666666664 0.22395833333333334 0.03298611111111111 0.23020833333333332 0.03125 0.23194444444444443 0.02847222222222222 0.23402777777777778 0.023958333333333335 0.23645833333333333 0.021527777777777778 0.23680555555555557 0.016319444444444445 0.23680555555555557 0.01388888888888889 0.23680555555555557 0.010416666666666666 0.2361111111111111 0.007291666666666667 0.23506944444444444 0.0038194444444444443 0.234375 0.0 0.23125 0.0 0.165625 0.004166666666666667 0.1638888888888889 0.007291666666666667 0.1638888888888889 0.01111111111111111 0.16458333333333333 0.014583333333333334 0.16631944444444444 0.017708333333333333 0.16770833333333332 0.021180555555555553 0.16979166666666667 0.025347222222222222 0.17222222222222222 0.028819444444444446 0.17534722222222224 0.03298611111111111 0.17881944444444445 0.035763888888888894 0.18229166666666666 0.03923611111111111 0.18680555555555556 0.041666666666666664 0.19166666666666668 0.043402777777777776 0.19722222222222224 0.04513888888888889 0.20347222222222222 0.04548611111111111 0.20868055555555556 0.04548611111111111 0.21319444444444444 0.04479166666666667 0.21805555555555556
1 0.36701388888888886 0.078125 0.3628472222222222 0.06979166666666667 0.3614583333333333 0.06631944444444444 0.36006944444444444 0.06284722222222222 0.3590277777777778 0.057986111111111106 0.3579861111111111 0.053125 0.3572916666666667 0.04756944444444444 0.35694444444444445 0.043055555555555555 0.35833333333333334 0.03819444444444444 0.36006944444444444 0.035069444444444445 0.36354166666666665 0.03194444444444445 0.36666666666666664 0.029861111111111113 0.3697916666666667 0.027430555555555555 0.3729166666666667 0.025694444444444447 0.3777777777777778 0.025 0.38229166666666664 0.02465277777777778 0.38576388888888885 0.025 0.3902777777777778 0.027083333333333334 0.3940972222222222 0.029166666666666667 0.39791666666666664 0.03194444444444445 0.4017361111111111 0.035416666666666666 0.4048611111111111 0.03854166666666667 0.4079861111111111 0.043055555555555555 0.4107638888888889 0.04791666666666667 0.4128472222222222 0.05347222222222223 0.41423611111111114 0.059375 0.415625 0.06701388888888889 0.4159722222222222 0.07291666666666667 0.41631944444444446 0.07881944444444446 0.4159722222222222 0.084375 0.41458333333333336 0.08993055555555556 0.4131944444444445 0.09375 0.41111111111111115 0.09652777777777778 0.4090277777777778 0.09895833333333333 0.4059027777777778 0.10173611111111111 0.40208333333333335 0.10520833333333333 0.39861111111111114 0.10625 0.3951388888888889 0.10659722222222222 0.3909722222222222 0.10590277777777778 0.3868055555555555 0.10381944444444445 0.3840277777777778 0.10173611111111111 0.3809027777777778 0.09826388888888889 0.3777777777777778 0.09340277777777778 0.3753472222222222 0.08958333333333333 0.3722222222222222 0.08541666666666667
1 0.3079861111111111 0.04861111111111111 0.3 0.04479166666666667 0.29756944444444444 0.04375 0.2951388888888889 0.042361111111111106 0.2923611111111111 0.04097222222222222 0.28923611111111114 0.03888888888888889 0.28680555555555554 0.03680555555555556 0.2847222222222222 0.034722222222222224 0.2829861111111111 0.03229166666666667 0.28194444444444444 0.029513888888888888 0.28125 0.025347222222222222 0.28125 0.020833333333333332 0.28194444444444444 0.015972222222222224 0.28368055555555555 0.011805555555555557 0.28541666666666665 0.007986111111111112 0.28888888888888886 0.0045138888888888885 0.29201388888888885 0.0024305555555555556 0.29791666666666666 0.0 0.3253472222222222 0.0010416666666666667 0.33125 0.009027777777777777 0.33298611111111115 0.012847222222222223 0.3347222222222222 0.018055555555555554 0.33611111111111114 0.023263888888888886 0.3368055555555555 0.02847222222222222 0.3368055555555555 0.03229166666666667 0.33611111111111114 0.035416666666666666 0.334375 0.03888888888888889 0.3315972222222222 0.04201388888888889 0.32881944444444444 0.04444444444444444 0.3263888888888889 0.046875 0.3243055555555555 0.04930555555555556 0.3215277777777778 0.05173611111111111 0.3194444444444445 0.05277777777777778 0.3152777777777778 0.05243055555555556 0.3111111111111111 0.050694444444444445
1 0.014930555555555556 0.3767361111111111 0.023611111111111114 0.36736111111111114 0.025347222222222222 0.3631944444444445 0.02638888888888889 0.35694444444444445 0.026736111111111113 0.35104166666666664 0.02638888888888889 0.3458333333333333 0.024305555555555556 0.33819444444444446 0.021875 0.33298611111111115 0.019444444444444445 0.328125 0.017013888888888887 0.32569444444444445 0.01423611111111111 0.3236111111111111 0.010416666666666666 0.32048611111111114 0.0045138888888888885 0.3163194444444445 0.0024305555555555556 0.3152777777777778 0.0006944444444444444 0.3142361111111111 0.0010416666666666667 0.38298611111111114 0.0027777777777777775 0.38229166666666664 0.007291666666666667 0.3802083333333333 0.010416666666666666 0.378125
0 0.43008167907361455 0.6660721670802316 0.4303401571546733 0.6611610835401158 0.43008167907361455 0.6588347808105872 0.4290477667493796 0.6559915219189414 0.4280138544251447 0.6528897849462366 0.427755376344086 0.6503050041356494 0.42672146401985106 0.6466863110008272 0.42491211745244 0.6420337055417701 0.4233612489660877 0.6386734904880066 0.4223273366418528 0.6353132754342432 0.42206885856079407 0.6296267576509512 0.42206885856079407 0.6275589330024814 0.42258581472291146 0.6254911083540117 0.42491211745244 0.6267834987593053 0.4264629859387924 0.6304021918941274 0.42878928866832094 0.6363471877584781 0.4295647229114971 0.6389319685690654 0.42982320099255583 0.6425506617038875 0.4303401571546733 0.6469447890818859 0.4308571133167908 0.6495295698924732 0.4318910256410256 0.6518558726220017 0.43292493796526055 0.65625 0.43421732837055416 0.6609026054590571 0.4352512406947891 0.6660721670802316 0.4352512406947891 0.6683984698097603 0.43292493796526055 0.6709832506203475 0.43137406947890816 0.6720171629445824 0.4295647229114971 0.6709832506203475 0.4295647229114971 0.6691739040529363
0 0.30316894127377997 0.4667855665839537 0.3122156741108354 0.4621329611248966 0.3148004549214226 0.4610990488006617 0.3160928453267163 0.4603236145574855 0.32048697270471466 0.457997311827957 0.3241056658395368 0.45696339950372206 0.3266904466501241 0.45515405293631095 0.3261734904880066 0.45386166253101734 0.3241056658395368 0.4530862282878412 0.3222963192721257 0.4530862282878412 0.31867762613730355 0.4536031844499586 0.31686827956989244 0.45567100909842845 0.3142834987593052 0.4577388337468982 0.31144023986765923 0.45980665839536805 0.3096308933002481 0.46058209263854427 0.3065291563275434 0.4616160049627791 0.30394437551695613 0.4621329611248966 0.3008426385442515 0.46316687344913154 0.297482423490488 0.4649762200165426 0.2956730769230769 0.46756100082712987 0.29955024813895786 0.4680779569892473
0 0.9316934121621622 0.20798141891891891 0.9338048986486487 0.20323057432432431 0.936620213963964 0.1979518581081081 0.9378519144144144 0.19548845720720723 0.9396114864864865 0.19232122747747749 0.9401393581081081 0.190209740990991 0.9401393581081081 0.18880208333333334 0.9387317004504504 0.18845016891891891 0.9367961711711712 0.18880208333333334 0.9348606418918919 0.1905616554054054 0.9336289414414414 0.19249718468468469 0.9329251126126127 0.19443271396396397 0.9320453265765766 0.19672015765765766 0.9309895833333334 0.19953547297297297 0.929757882882883 0.20199887387387389 0.9281742680180181 0.204638231981982 0.9269425675675677 0.20710163288288289 0.9262387387387387 0.209740990990991 0.9264146959459459 0.21132460585585586 0.9272944819819819 0.21132460585585586 0.9292300112612613 0.209740990990991
0 0.37699237699237703 0.37201143451143454 0.39734927234927236 0.36594767844767845 0.4018970893970894 0.36443173943173945 0.40796084546084543 0.36161642411642414 0.41185897435897434 0.35988392238392236 0.4166233541233541 0.3575017325017325 0.4203049203049203 0.35598579348579346 0.423553361053361 0.35425329175329173 0.42571898821898824 0.35295391545391547 0.4248527373527374 0.35252079002079006 0.423553361053361 0.3523042273042273 0.41965523215523215 0.35295391545391547 0.4172730422730423 0.35382016632016633 0.41424116424116425 0.3551195426195426 0.41034303534303534 0.35663548163548164 0.4049289674289674 0.3585845460845461 0.4010308385308385 0.3601004851004851 0.3962664587664587 0.36161642411642414 0.39171864171864174 0.3629158004158004 0.38760395010395016 0.3642151767151767 0.3821898821898822 0.3657311157311157 0.37590956340956344 0.3674636174636175 0.3702789327789328 0.36897955647955644 0.3635654885654886 0.3700623700623701 0.3575017325017325 0.3711451836451837 0.35555266805266805 0.3733108108108108 0.35771829521829523 0.3748267498267498 0.3626992376992377 0.3741770616770617 0.36811330561330563 0.3737439362439362 0.37266112266112267 0.37287768537768534
0 0.6604226705091258 0.4460854947166186 0.6634245917387127 0.4460854947166186 0.6658261287223823 0.44968780019212296 0.6682276657060519 0.4547910662824207 0.6688280499519692 0.45749279538904897 0.6691282420749279 0.4595941402497598 0.6691282420749279 0.4619956772334294 0.6688280499519692 0.46469740634005763 0.6682276657060519 0.4673991354466859 0.6667267050912584 0.469200288184438 0.6649255523535061 0.47250240153698364 0.6619236311239193 0.469200288184438 0.6607228626320845 0.46649855907780974 0.659221902017291 0.4628962536023054 0.659221902017291 0.4604947166186359 0.6586215177713737 0.45749279538904897 0.6586215177713737 0.45389048991354464 0.6586215177713737 0.45058837656099904 0.6586215177713737 0.44848703170028814
0 0.7802589852008456 0.693930584918957 0.7822410147991543 0.6919485553206483 0.7855443974630021 0.6917283298097251 0.7906095842142353 0.6934901338971106 0.7932522903453135 0.6956923890063424 0.795014094432699 0.6967935165609583 0.7978770260747005 0.6981148696264975 0.7998590556730091 0.6989957716701902 0.8049242424242423 0.7016384778012684 0.806906272022551 0.7020789288231148 0.8124119097956306 0.7027396053558843 0.8170366455250175 0.7045014094432698 0.8227625088090204 0.7060429880197321 0.8273872445384073 0.708245243128964 0.8269467935165609 0.7115486257928118 0.8196793516560957 0.7108879492600423 0.8179175475687103 0.709566596194503 0.8148343904157858 0.7086856941508104 0.8093287526427061 0.7073643410852714 0.8051444679351655 0.7067036645525017 0.8000792811839322 0.7038407329105003 0.7980972515856236 0.7029598308668076 0.7945736434108527 0.7014182522903453 0.792591613812544 0.7007575757575757 0.787746652572234 0.698775546159267 0.7855443974630021 0.6978946441155743 0.7833421423537702 0.6972339675828046 0.782020789288231 0.6965732910500352
0 0.23339598997493732 0.9974154135338346 0.22752192982456138 0.9903665413533834 0.2200814536340852 0.9829260651629073 0.21616541353383456 0.9747023809523809 0.21185776942355888 0.9723527568922304 0.21224937343358394 0.9774436090225563 0.21538220551378445 0.9841008771929824 0.21890664160401002 0.9915413533834586 0.22282268170426062 0.9970238095238095 0.225 0.9989583333333333 0.23333333333333334 0.9989583333333333
0 0.09902263374485595 0.8924897119341563 0.10459533607681755 0.8933470507544582 0.10459533607681755 0.9006344307270233 0.10588134430727023 0.9246399176954732 0.10588134430727023 0.9374999999999999 0.102880658436214 0.937071330589849 0.09987997256515775 0.9207818930041152 0.09987997256515775 0.9079218106995884
0 0.5981435127242386 0.9367177722152691 0.6014027951606173 0.940107425949103 0.6032279933249896 0.9421933667083855 0.606226533166458 0.944409678765123 0.6094858156028369 0.9472778473091364 0.6110502711722987 0.9483208176887776 0.6149614100959533 0.9504067584480601 0.6162651230705048 0.951188986232791 0.6186118064246975 0.9524926992073425 0.6248696287025448 0.9535356695869837 0.6265644555694618 0.953796412181894 0.6269555694618273 0.951188986232791 0.6236962870254484 0.94610450563204 0.6203066332916145 0.9436274509803921 0.6156132665832291 0.9411503963287442 0.6128754693366709 0.9395859407592825 0.6098769294952023 0.9375 0.6071391322486441 0.9352836879432623 0.6040102211097204 0.9338496036712557 0.6006205673758864 0.9330673758865248 0.5985346266166041 0.9322851481017939 0.5960575719649561 0.9318940342094284 0.596709428452232 0.9350229453483521
0 0.42780014641288433 0.5559114202049781 0.43359565641776476 0.5600292825768668 0.43954367984382625 0.5614019033674963 0.4422889214250854 0.5615544167886773 0.44533918984870663 0.5620119570522206 0.44808443142996585 0.5620119570522206 0.45143972669594923 0.5620119570522206 0.4551000488042948 0.5610968765251342 0.4535749145924841 0.5578940946803319 0.45143972669594923 0.5559114202049781 0.4499145924841386 0.5539287457296243 0.44808443142996585 0.5522510980966325 0.4450341630063445 0.5504209370424598 0.44335651537335286 0.5493533430941924 0.441373840897999 0.5478282088823817 0.43954367984382625 0.546608101512933 0.436493411420205 0.5447779404587603 0.43451073694485115 0.5432528062469497 0.4314604685212299 0.5418801854563201 0.4282576866764275 0.5414226451927769 0.4252074182528062 0.5411176183504148 0.42246217667154706 0.5411176183504148 0.4191068814055637 0.5411176183504148 0.41712420693020985 0.5412701317715959 0.41559907271839924 0.5414226451927769 0.4142264519277697 0.5426427525622254 0.41529404587603713 0.5461505612493899 0.41712420693020985 0.5475231820400196 0.4204795021961933 0.5501159102000976 0.4232247437774524 0.5522510980966325 0.4252074182528062 0.5537762323084432
