1 0.67992875 0.3662803125 0.6597763541666667 0.35763697916666665 0.65293625 0.34881677083333334 0.6496972916666667 0.3401834375 0.649520625 0.3317290625 0.6511339583333334 0.32398187500000003 0.6583288541666668 0.3185815625 0.6702141666666667 0.31695854166666665 0.6912720833333333 0.3192923958333333 0.7090890625 0.33172104166666666 0.7132310416666667 0.34144760416666664 0.7132376041666666 0.34846802083333334 0.7096263541666666 0.35746083333333334 0.7015384375 0.3619609375 0.6885708333333334 0.3668125
1 0.8913075 0.587354375 0.8716790625 0.5958221874999999 0.8481103124999999 0.5997788541666667 0.8291921875 0.5986896875000001 0.8149842708333334 0.59095625 0.8079465625 0.5776436458333334 0.8095865624999999 0.5625170833333333 0.8243245833333332 0.5468632291666666 0.8437880208333334 0.5382095833333334 0.8637459375 0.5328220833333334 0.8772615625 0.5322783333333333 0.8889395833333332 0.5355108333333334 0.8972269791666666 0.5412792708333334 0.9024608333333333 0.5495580208333333 0.904268125 0.5564009375 0.9053509375 0.5661166666666666 0.901571875 0.5765565625
1 0.8203307291666667 0.229664375 0.8019738541666667 0.2377703125 0.7794769791666667 0.24154895833333334 0.7670437499999999 0.23902104166666666 0.7589542708333333 0.23182166666666668 0.7576941666666667 0.2217469791666667 0.7593070833333333 0.20932145833333332 0.7746140625 0.19402875 0.7965676041666666 0.18285437499999999 0.8113258333333333 0.18178177083333333 0.8242954166666667 0.18502770833333332 0.8313117708333333 0.19042427083333333 0.83454375 0.20068072916666668 0.8361686458333334 0.21363625 0.8345468749999999 0.21994385416666665
1 0.5827363541666667 0.48705302083333335 0.5633016666666666 0.48886239583333335 0.5447510416666667 0.48435541666666665 0.5357598958333334 0.47805333333333333 0.53125 0.4703203125 0.5308928125 0.46131645833333335 0.5314296875 0.45159916666666666 0.5368308333333334 0.44566520833333334 0.5465461458333334 0.44278677083333334 0.5593266666666667 0.44278520833333335 0.5803933333333333 0.4519632291666667 0.5906528125 0.4597014583333333 0.5922746875 0.46833468749999996 0.59353875 0.47842604166666663 0.5892144791666667 0.48400781249999997
1 0.9299548958333334 0.3966986458333333 0.9115919791666667 0.3938172916666666 0.895750625 0.38698791666666665 0.8910705208333333 0.3814034375 0.889271875 0.3722201041666667 0.8919769791666667 0.3616030208333333 0.8980902083333333 0.3529598958333333 0.9072794791666666 0.34683458333333334 0.9213073958333333 0.34378593749999997 0.9364370833333333 0.34485791666666665 0.9508315625 0.35062031250000003 0.9574941666666666 0.35655677083333337 0.96108375 0.36466395833333337 0.9621683333333333 0.3745598958333333 0.9616325 0.3826644791666666 0.953170625 0.390761875 0.9423707291666666 0.3949009375
1 1.0 0.8616557291666667 0.988489375 0.8727207291666667 0.9794832291666666 0.8850298958333334 0.9794842708333333 0.8923813541666666 0.9818805208333334 0.9006344791666667 0.9854820833333334 0.9069304166666666 0.9943248958333334 0.9111303125 1.0 0.9123813541666668
1 0.045568124999999994 0.0 0.0432709375 0.013371770833333333 0.03729385416666667 0.031041250000000003 0.03262416666666666 0.03701604166666667 0.02352125 0.04013333333333333 0.01416875 0.040129791666666664 0.008194791666666666 0.03857635416666667 0.0017070833333333335 0.03440927083333333 0.0 0.03241458333333333 0.0 0.0
1 0.4691941666666667 0.6363201041666666 0.4594615625 0.6273126041666667 0.447591875 0.6120197916666666 0.4445247916666667 0.6012088541666666 0.4445266666666667 0.5851891666666666 0.44776947916666665 0.5754723958333333 0.4591060416666667 0.5695382291666667 0.4697242708333333 0.5682787499999999 0.4861051041666667 0.5736789583333334 0.5001483333333333 0.5879055208333334 0.5060861458333333 0.6028339583333333 0.5071745833333333 0.6217351041666667 0.5044613541666666 0.6332538541666667 0.497265625 0.6390204166666666 0.4834085416666667 0.6422539583333333
1 0.7791666666666667 0.6849061458333333 0.7726726041666667 0.6807753125 0.76781125 0.6714205208333334 0.7670890625 0.6643962499999999 0.7670841666666667 0.6516165625 0.7703302083333334 0.6422584375 0.7768081250000001 0.63380125 0.7849063541666667 0.6303838541666666 0.7910279166666666 0.6294717708333334 0.7978701041666666 0.631458125 0.8048904166666666 0.6391973958333333 0.8083108333333333 0.64603875 0.8088534374999999 0.6535965625000001 0.8083119791666667 0.664398125 0.8050676041666667 0.672683125 0.8005661458333333 0.6775415625 0.7942628125 0.6822090625 0.786168125 0.6850985416666667
1 0.8644312500000001 0.46060395833333334 0.8505705208333333 0.4717705208333333 0.832564375 0.4735623958333333 0.812584375 0.4681613541666667 0.8030498958333333 0.45555395833333334 0.8008946874999999 0.4438625 0.8001697916666667 0.43018125 0.8014340625 0.4193825 0.8165421875 0.40066479166666663 0.8287993749999999 0.39507447916666666 0.841391875 0.3950791666666667 0.8516534375 0.397426875 0.8611923958333333 0.402635625 0.8673059375 0.41452666666666665 0.8705509374999999 0.42604166666666665 0.8738003125 0.4395441666666667
1 0.1229609375 0.2183725 0.12254125 0.23522625000000003 0.11583697916666667 0.24883229166666665 0.10806739583333333 0.25423822916666666 0.09964020833333334 0.2572564583333333 0.08408572916666666 0.25595979166666666 0.07113458333333332 0.24948447916666666 0.06335125 0.24321145833333332 0.058381666666666665 0.23522260416666668 0.05816875 0.2147009375 0.061406875 0.19850958333333332 0.07523770833333333 0.18856281249999998 0.08883843749999999 0.18468708333333334 0.1015840625 0.18596989583333334 0.11087364583333333 0.19051614583333334 0.11993781249999999 0.20153062500000002
1 0.3396254166666666 0.1055375 0.3286746875 0.094588125 0.3214710416666666 0.0780915625 0.3210298958333333 0.06818072916666668 0.3279241666666667 0.05558510416666666 0.33541666666666664 0.05062833333333334 0.34547208333333335 0.05108854166666667 0.3619728125 0.05648385416666667 0.375626875 0.0704271875 0.38221958333333333 0.08873718750000001 0.3835734375 0.10178635416666666 0.37877354166666666 0.1113790625 0.36528083333333333 0.11753947916666667 0.3549170833333333 0.11617875
1 0.8812085416666666 0.6845601041666666 0.867893125 0.6813226041666667 0.8633911458333333 0.6732152083333334 0.8614080208333333 0.6638644791666667 0.8612285416666666 0.6552083333333333 0.8698672916666667 0.6445944791666667 0.8930903125 0.6332569791666667 0.9060480208333334 0.6300116666666666 0.9197251041666666 0.6309266666666667 0.9299815625 0.6359517708333333 0.9359294791666667 0.6454919791666666 0.9359284375 0.6575566666666667 0.9299807291666667 0.668716875 0.9191967708333333 0.6759220833333334 0.9029805208333334 0.683839375
1 0.8867585416666667 0.326678125 0.8748716666666667 0.32344781250000004 0.8660503125000001 0.3167876041666667 0.8606552083333334 0.30922697916666664 0.8590383333333332 0.2984213541666667 0.8611964583333334 0.29031427083333333 0.87703125 0.27953041666666667 0.8979119791666667 0.27574072916666664 0.9126671875 0.277550625 0.9216704166666666 0.28600864583333335 0.9240165625 0.3005828125 0.921676875 0.3102990625 0.9173490624999999 0.3175073958333333 0.9067355208333333 0.32398333333333335
1 0.0 0.13761916666666665 0.012874583333333333 0.1435525 0.023786458333333333 0.15291510416666665 0.026655625000000002 0.16278197916666667 0.026126145833333333 0.17317489583333331 0.017546979166666664 0.1814978125 0.005336354166666666 0.185133125 0.0 0.18588458333333333
1 0.4034886458333334 0.6503596875 0.393765625 0.658645625 0.379726875 0.6597154166666667 0.3644326041666667 0.6499914583333334 0.3565041666666667 0.6373997916666667 0.3525497916666666 0.6240789583333334 0.3525434375 0.6087810416666667 0.35957072916666666 0.6006789583333333 0.3676698958333333 0.5958193749999999 0.37360750000000004 0.5949261458333334 0.38189489583333336 0.5954539583333334 0.3926909375 0.6030176041666666 0.401696875 0.616883125 0.4061921875 0.6294788541666667 0.4072644791666667 0.6386626041666666
1 0.23749833333333334 0.18923114583333334 0.22774406249999998 0.1955378125 0.19757489583333332 0.19928208333333333 0.176890625 0.188784375 0.17043854166666667 0.1743771875 0.1737467708333333 0.15923218749999998 0.18678447916666666 0.14798947916666666 0.19982458333333333 0.14154031250000002 0.21647239583333333 0.13987708333333335 0.23088572916666666 0.14467906249999998 0.23928395833333335 0.1505315625 0.2430341666666667 0.16103833333333334 0.24347072916666665 0.17528708333333334 0.24258656250000002 0.18248375
1 0.5825836458333333 0.5689952083333334 0.5780876041666667 0.5772727083333333 0.5651264583333333 0.5816005208333334 0.5559420833333333 0.5824998958333333 0.5451517708333333 0.5783542708333334 0.5370492708333334 0.5716918750000001 0.5312896874999999 0.5506359375 0.5321978125 0.541645 0.5365019791666668 0.5351613541666667 0.5473111458333333 0.5308382291666667 0.5564878125 0.5308404166666667 0.5694384375 0.5367770833333334 0.5786319791666668 0.5457755208333332 0.5840267708333333 0.5567584375
1 0.6629434375 0.8219113541666666 0.6444038541666667 0.8219097916666667 0.6292722916666666 0.8136386458333333 0.6260362500000001 0.8030139583333333 0.6254964583333333 0.795999375 0.63305375 0.7841158333333333 0.643499375 0.7779976041666666 0.6600623958333334 0.7758406250000001 0.6784216666666667 0.7758398958333333 0.6902978125 0.7819542708333334 0.694623125 0.791145 0.6951629166666666 0.8012126041666666 0.6904860416666666 0.8094978125 0.68507375 0.8170621874999999
1 0.531973125 0.08476416666666667 0.5200922916666666 0.07072708333333333 0.5112796875 0.05487802083333333 0.5107358333333333 0.045698229166666667 0.5141526041666666 0.036159166666666666 0.52332625 0.03237635416666666 0.5346753125 0.033459687499999995 0.5524917708333333 0.0435465625 0.5658053125 0.059375 0.5685178125 0.06964270833333333 0.5685125000000001 0.08206166666666667 0.5595195833333333 0.08997927083333333 0.5474575 0.09286260416666667
1 0.48511489583333334 0.9509673958333333 0.47146937499999997 0.9442158333333333 0.461131875 0.9310172916666667 0.46066854166666665 0.9217085416666666 0.46352760416666666 0.9112123958333334 0.4719217708333333 0.9041620833333333 0.48872781249999997 0.9019164583333333 0.5029705208333334 0.9067167708333332 0.5182730208333334 0.9167627083333334 0.5220230208333334 0.9239583333333333 0.5233835416666667 0.9301153125 0.52383125 0.9374594791666666 0.5209702083333333 0.9446566666666667 0.5160228124999999 0.9503675 0.5056720833333334 0.9530710416666667 0.4995248958333333 0.9532101041666666
1 0.6289739583333334 0.188936875 0.6192467708333333 0.19628135416666667 0.6069175 0.19988208333333332 0.5943414583333334 0.19853541666666666 0.5862416666666667 0.19343083333333333 0.5821978125 0.18398666666666666 0.5862426041666667 0.17138322916666665 0.6007770833333334 0.15112614583333334 0.6160743750000001 0.142736875 0.6312476041666667 0.141235 0.6457844791666666 0.14813104166666669 0.6507425 0.15892854166666667 0.6483394791666667 0.17063260416666667
1 0.9699660416666667 0.5175146875 0.9604116666666667 0.5212934375 0.9469227083333334 0.5234532291666667 0.9359272916666667 0.5229166666666667 0.9299857291666667 0.5198610416666667 0.9253057291666666 0.5131889583333333 0.9256671875 0.5034783333333334 0.9328663541666666 0.4917729166666666 0.9393515625000001 0.48349864583333335 0.9586352083333334 0.4726909375 0.9717463541666667 0.4689242708333333 0.9836442708333333 0.4678403125 1.0 0.47040447916666667 1.0 0.4902588541666667 0.9982196875 0.49375 0.9910285416666667 0.5063640625 0.982925625 0.51427375
1 0.46911593749999997 0.4971929166666667 0.4624010416666666 0.5054238541666667 0.4554345833333333 0.5135777083333334 0.44425614583333334 0.5162714583333333 0.4329295833333333 0.5168153125 0.4262535416666667 0.5119511458333333 0.4208790625 0.5042103125 0.4188915625 0.49664697916666667 0.42051093749999996 0.4826197916666667 0.43020833333333336 0.4676675 0.4435603125 0.4583146875 0.4491192708333333 0.4556159375 0.46099249999999997 0.4534503125 0.46855864583333334 0.45507791666666664 0.47451322916666666 0.4599322916666667 0.47829656249999997 0.4664067708333333 0.4793792708333333 0.4752357291666666 0.47704166666666664 0.484230625
1 0.17593177083333333 0.6759764583333333 0.19609364583333333 0.662106875 0.21175989583333335 0.6572584375 0.2338934375 0.6588673958333333 0.2574719791666667 0.6685885416666667 0.2644925 0.6739978125 0.27006520833333336 0.6905444791666666 0.2639521875 0.7069328125 0.25063416666666666 0.7186291666666667 0.2348016666666667 0.7245704166666667 0.20077333333333333 0.7245695833333333 0.17773770833333333 0.7197159375 0.1723257291666667 0.713779375 0.16945197916666668 0.7051322916666667 0.1689103125 0.693971875 0.1710703125 0.6840690625000001
1 0.6230888541666667 0.7201897916666666 0.6068876041666668 0.7261443750000001 0.5809651041666667 0.7284767708333334 0.5609817708333333 0.7225361458333333 0.5474838541666667 0.7126440625 0.5410080208333333 0.6976977083333333 0.5422620833333334 0.6878006249999999 0.5498316666666666 0.677538125 0.567459375 0.6678146875 0.5869154166666667 0.6629521875 0.6144396875000001 0.6674546874999999 0.6297427083333333 0.6798848958333333 0.6376692708333334 0.6949902083333334 0.638386875 0.7034541666666667 0.6355086458333333 0.7120953125
1 0.7668750000000001 0.3205526041666667 0.7693891666666667 0.3102997916666667 0.782535625 0.29536427083333333 0.8019729166666667 0.28942229166666666 0.8154721875 0.29139729166666667 0.8260935416666667 0.29752927083333336 0.8352732291666667 0.31246229166666667 0.8363521875 0.3275803125 0.8309560416666667 0.3383761458333333 0.8214067708333334 0.3453958333333333 0.8041320833333334 0.35134333333333334 0.7909988541666666 0.3526009375 0.7836099999999999 0.3513338541666667 0.7747993750000001 0.34612447916666667 0.7711951041666667 0.3421601041666667 0.7684915625 0.336401875
1 0.09510125 0.0 0.09954010416666666 0.011633958333333333 0.1160334375 0.02992614583333333 0.13537552083333332 0.034565625 0.14709083333333334 0.029470104166666667 0.14723364583333334 0.016117812500000002 0.14528760416666667 0.004878020833333333 0.1432804166666667 0.0
1 0.49932010416666667 0.81255625 0.47267770833333334 0.8084163541666667 0.4539621875 0.7958151041666667 0.45018427083333334 0.7877114583333333 0.4499986458333333 0.7774558333333333 0.45486 0.7673773958333334 0.46187875 0.7607166666666667 0.4782589583333333 0.7580175 0.4922965625 0.7619738541666667 0.5115593749999999 0.7709696875 0.5218213541666666 0.7787132291666666 0.5268614583333333 0.7904142708333333 0.5288360416666666 0.8013871874999999 0.525246875 0.8087811458333333 0.51714125 0.8109320833333334
1 0.14473885416666665 0.5245531250000001 0.13033927083333333 0.5261690625 0.10549625 0.5177083333333333 0.08965885416666668 0.5110555208333333 0.08318697916666666 0.5036670833333333 0.07995125 0.4943154166666667 0.08119625000000001 0.4840596875 0.089293125 0.4754144791666667 0.09902083333333334 0.4712734375 0.10875270833333334 0.4705625 0.125495625 0.474883125 0.14259812500000002 0.48368947916666666 0.14871333333333334 0.49125989583333335 0.15229281249999999 0.5024082291666666 0.15301958333333332 0.5121414583333334 0.15249302083333335 0.5196969791666667
1 0.10595052083333334 0.6558679166666667 0.09424760416666667 0.6657676041666666 0.0688665625 0.6682889583333333 0.0465475 0.6650477083333333 0.03376822916666666 0.6571289583333333 0.028196041666666668 0.6484879166666667 0.0276459375 0.6371447916666667 0.029804166666666666 0.6299426041666667 0.042222916666666666 0.6213079166666666 0.054826562499999995 0.617528125 0.07480229166666666 0.6171595833333333 0.09154968749999999 0.6198671875 0.10180770833333333 0.6241783333333333 0.10540947916666667 0.6288691666666666 0.10937291666666667 0.6348122916666666
1 0.6679264583333333 0.4421916666666667 0.650211875 0.44157229166666667 0.6417725 0.4381316666666667 0.6365665625 0.4322916666666667 0.6354689583333334 0.42028270833333337 0.6356465625 0.4137927083333333 0.64375 0.406785 0.6523861458333333 0.4017402083333333 0.6691251041666667 0.4002975 0.6837133333333333 0.4033641666666667 0.6907353125 0.4087614583333333 0.6932539583333334 0.4148853125 0.69397125 0.42352968750000003 0.691810625 0.43144333333333335 0.6853310416666667 0.43864197916666664 0.681546875 0.4411596875
1 0.08204958333333333 0.09874822916666666 0.07267447916666667 0.10905906250000001 0.06809239583333333 0.12739260416666667 0.07121854166666666 0.14395625 0.08402541666666667 0.15655333333333335 0.10047958333333334 0.1549921875 0.11371854166666666 0.14832552083333334 0.11933958333333333 0.13957750000000002 0.120899375 0.12468395833333333 0.12079427083333334 0.11332791666666667 0.11871416666666666 0.10655833333333334 0.1155834375 0.10176541666666666 0.10579760416666667 0.09614416666666667 0.09277197916666666 0.09488739583333333 0.08933416666666667 0.09519885416666667
1 0.7091265625 0.5437990625 0.6909467708333333 0.5405582291666666 0.6709817708333333 0.5324521875 0.6655929166666666 0.5189523958333333 0.6671991666666667 0.5086911458333333 0.6774647916666667 0.49825614583333333 0.6961691666666667 0.49501791666666667 0.7210310416666666 0.4968194791666667 0.7323521875 0.5027573958333333 0.7390221875 0.5095952083333334 0.74260625 0.5166232291666667 0.7442442708333333 0.5225553125 0.7442425 0.5292162499999999 0.7368477083333332 0.538215 0.726946875 0.5430772916666666
1 0.0 0.2318594791666667 0.006436666666666666 0.23712052083333335 0.0149828125 0.24926625 0.017825208333333335 0.25676760416666666 0.018731666666666664 0.26545874999999997 0.016324270833333335 0.27026395833333333 0.012575625 0.2731204166666667 0.006733958333333333 0.27537239583333334 0.0 0.27751572916666667
1 0.9241177083333334 0.9882576041666666 0.915109375 0.9966697916666667 0.9064728125 1.0 0.8778583333333334 1.0 0.8675507291666666 0.9903552083333333 0.8665004166666667 0.9826990625 0.8734125 0.9705604166666667 0.8862935416666667 0.9534582291666667 0.9002546875 0.9462561458333333 0.9132928125 0.9455064583333334 0.922900625 0.9485046874999999 0.9295100000000001 0.95435875 0.933125 0.9615585416666667 0.9355035416666666 0.9701091666666667 0.9319080208333334 0.9809035416666667
1 0.35322010416666666 0.3129880208333333 0.34912375 0.32486333333333334 0.34479166666666666 0.3317803125 0.33248927083333335 0.3369671875 0.3134803125 0.33134322916666664 0.30246 0.3226984375 0.29425052083333336 0.3097496875 0.2884215625 0.2915951041666667 0.2875523958333333 0.2801521875 0.2929585416666667 0.2728028125 0.3024640625 0.26783385416666666 0.3123959375 0.26459781250000003 0.32407020833333333 0.2650375 0.332275625 0.2689228125 0.34847125 0.28533989583333336 0.3523608333333333 0.29743010416666665
1 0.9358298958333333 0.8504964583333333 0.928339375 0.8549903125 0.9140914583333333 0.857368125 0.9060900000000001 0.8546168749999999 0.9020833333333333 0.8449908333333334 0.9017155208333333 0.8366162500000001 0.9024742708333334 0.82537375 0.9109627083333333 0.8097408333333332 0.9182106250000001 0.8036192708333334 0.9283407291666667 0.7998679166666667 0.9375913541666667 0.79987 0.9413385416666666 0.803623125 0.9439647916666666 0.8119966666666667 0.9450962500000001 0.826115625 0.942216875 0.8416198958333333 0.9399760416666666 0.8467476041666667
1 0.5541139583333333 0.30931177083333333 0.5424464583333334 0.3162290625 0.5299151041666667 0.31709177083333334 0.512631875 0.3170935416666667 0.5061542708333333 0.31190239583333335 0.5020481250000001 0.3028330208333333 0.501403125 0.292889375 0.5035621874999999 0.28123729166666667 0.5158651041666666 0.2652480208333333 0.5338007291666667 0.2522876041666667 0.5519453124999999 0.2462428125 0.563825 0.2470959375 0.5772091666666667 0.2516380208333333 0.5839097916666667 0.25920624999999997 0.5862853124999999 0.26719604166666666 0.5832695833333333 0.2840365625 0.5729025 0.29764958333333336 0.5642547916666667 0.3039146875
1 0.4983311458333333 0.17259322916666667 0.48572729166666667 0.17798729166666666 0.47012645833333333 0.17903624999999998 0.45917114583333335 0.17843375 0.44657958333333336 0.1721278125 0.43728125 0.16013166666666667 0.4332201041666667 0.15158604166666667 0.43442614583333333 0.14078239583333335 0.4429691666666667 0.12984072916666667 0.457073125 0.11678427083333333 0.4717809375 0.10973927083333333 0.4944248958333333 0.10973822916666666 0.5073253125 0.1145409375 0.5194751041666666 0.12713375 0.521875 0.14212729166666668 0.5212772916666667 0.15204083333333335 0.5172258333333334 0.159536875
1 0.6612433333333333 0.6307342708333333 0.6502608333333334 0.6370383333333333 0.6348096875 0.6370349999999999 0.6245441666666667 0.6334424999999999 0.6184232291666666 0.6264247916666666 0.6169792708333334 0.614540625 0.6270515625 0.5970767708333333 0.6378646875 0.587354375 0.6461407291666668 0.5824972916666666 0.6574680208333333 0.5810614583333333 0.665584375 0.5810525 0.6735078125 0.5869911458333333 0.6778294791666667 0.5938390625000001 0.6783454166666666 0.59977875 0.6779860416666667 0.6127303125
1 0.0008294791666666666 0.6565883333333333 0.010912291666666666 0.6664792708333334 0.02189510416666667 0.6819630208333333 0.025130625 0.6961866666666666 0.02117364583333333 0.7064415625 0.014695208333333333 0.7170713541666667 0.009286770833333334 0.7203072916666666 0.0038890624999999997 0.7204803125 0.0 0.7195863541666667 0.0 0.6572172916666666
1 0.2585134375 0.519519375 0.24213770833333334 0.5229359375 0.22718145833333334 0.5211423958333333 0.2115125 0.5153813541666666 0.2028796875 0.50619375 0.20110104166666665 0.4963002083333333 0.20215885416666665 0.48603822916666667 0.20701854166666667 0.47847822916666666 0.21783822916666665 0.47145458333333334 0.2270132291666667 0.46821520833333335 0.24644843749999998 0.46821093750000004 0.265510625 0.4730827083333333 0.27687562499999996 0.48297427083333333 0.27903645833333335 0.4930613541666667 0.27939125 0.500791875 0.2763365625 0.5105196875 0.27454072916666666 0.5130345833333333
0 0.7887817534076829 0.328357342007435 0.7990435254027263 0.32622754027261464 0.8021414188351922 0.32545306691449816 0.805239312267658 0.32429135687732347 0.8093052973977695 0.3221615551425031 0.8118223358116481 0.32061260842627015 0.814920229244114 0.3180955700123916 0.8156947026022305 0.31674024163568776 0.8135649008674102 0.315578531598513 0.8106606257744734 0.315578531598513 0.8031095105328377 0.31732109665427516 0.7903307001239157 0.3231296468401487 0.7878136617100372 0.3246785935563817 0.785877478314746 0.32680839529120204
0 0.6867448884758365 0.3448149008674102 0.6708681846344486 0.3419106257744734 0.6671894361833953 0.34113615241635686 0.6648660161090459 0.34036167905824044 0.6638979244114004 0.3388127323420074 0.6637043060718711 0.3366829306071872 0.6662213444857498 0.33513398389095417 0.669900092936803 0.33474674721189596 0.6782256815365552 0.33648931226765805 0.6873257434944239 0.3391999690210657 0.6906172552664189 0.34036167905824044 0.6933279120198266 0.34210424411400253 0.6933279120198266 0.3450085192069393 0.6911981102850062 0.34558937422552666
0 0.784134913258984 0.22283534696406446 0.8002052354399009 0.21392890334572492 0.8096925340768277 0.21025015489467164 0.813371282527881 0.20850758983890957 0.8151138475836431 0.205990551425031 0.8155010842627014 0.20347351301115243 0.8139521375464684 0.20269903965303596 0.810079770755886 0.2028926579925651 0.8060137856257745 0.20444160470879805 0.7982690520446097 0.2077331164807931 0.7791008364312267 0.21857574349442382 0.7763901796778191 0.22031830855018592 0.7763901796778191 0.22206087360594798 0.779294454770756 0.2232225836431227
0 0.5293331784386618 0.2944741325898389 0.5384332403965304 0.2906017657992565 0.5477269206939283 0.2855676889714994 0.5550844175960348 0.278403810408922 0.5616674411400248 0.2712399318463445 0.5614738228004957 0.2694973667905824 0.5589567843866171 0.26872289343246597 0.555471654275093 0.27162716852540275 0.5498567224287485 0.27879104708798025 0.5423056071871127 0.2836315055762082 0.5368842936802973 0.28653578066914503 0.5299140334572491 0.2888592007434944 0.5239118649318464 0.2915698574969021 0.5225565365551426 0.2950549876084263 0.5272033767038414 0.29563584262701365
0 0.5697994114002479 0.47240938661710036 0.5653461895910782 0.46950511152416363 0.562054677819083 0.46814978314745975 0.5529546158612144 0.4666008364312268 0.5461779739776952 0.46524550805452297 0.5415311338289963 0.46234123296158613 0.5444354089219331 0.45885610285006195 0.5496631040892194 0.4590497211895911 0.555471654275093 0.46214761462205706 0.5628291511771996 0.4640837980173483 0.5680568463444858 0.4658263630731103 0.5750271065675341 0.46911787484510536 0.5758015799256506 0.47163491325898393 0.573284541511772 0.4727966232961586
0 0.5887740086741017 0.7001045539033458 0.571735594795539 0.698942843866171 0.5663142812887237 0.698942843866171 0.5637972428748451 0.698942843866171 0.5643780978934324 0.6958449504337051 0.571735594795539 0.6933279120198266 0.5808356567534078 0.6913917286245354 0.592646375464684 0.6896491635687733 0.6060060408921933 0.689261926889715 0.6114273543990087 0.6911981102850062 0.6104592627013631 0.6950704770755887 0.6075549876084263 0.6968130421313508 0.6021336741016109 0.6985556071871127
0 0.4472146326654523 0.49294171220400723 0.45518366727383114 0.48060868245294475 0.46087583485124467 0.47131147540983603 0.4627732240437158 0.4661885245901639 0.4610655737704918 0.46486035215543414 0.45859896782027926 0.4656193078324226 0.45195810564663025 0.47928051001821487 0.4424711596842744 0.4933211900425015 0.4388661202185792 0.4982544019429265 0.4382969034608379 0.5028081360048573 0.4409532483302975 0.5011004857316332 0.44341985428051 0.49749544626593806
0 0.48041894353369763 0.6164617486338797 0.476054948391014 0.6081132361870066 0.4716909532483303 0.6010928961748634 0.4659987856709168 0.5957802064359441 0.4656193078324226 0.5916059502125075 0.47074225865209474 0.5906572556162719 0.47472677595628415 0.5965391621129326 0.4790907710989678 0.6028005464480873 0.48326502732240434 0.6090619307832423 0.4853521554341226 0.61513357619915 0.4847829386763813 0.6191180935033394 0.48231633272616875 0.6194975713418336
0 0.1273148148148148 0.5066029143897997 0.12010473588342441 0.502238919247116 0.11270491803278687 0.4971159684274438 0.10625379477838494 0.4942698846387371 0.10132058287795993 0.49161353976927746 0.10056162720097146 0.4880085003035823 0.10492562234365513 0.4878187613843351 0.10891013964784456 0.4887674559805707 0.11346387370977534 0.490854584092289 0.12048421372191864 0.49578779599271405 0.12674559805707347 0.4997723132969034 0.13319672131147542 0.5041363084395871 0.13395567698846386 0.5075516089860351 0.13129933211900424 0.5083105646630236
0 0.2578551912568306 0.5005312689738919 0.23850182149362478 0.4976851851851852 0.22540983606557374 0.49654675166970247 0.21801001821493624 0.4967364905889496 0.21459471766848814 0.49540831815421976 0.21497419550698238 0.4938904068002428 0.21744080145719488 0.49237249544626593 0.22408166363084395 0.49218275652701876 0.24476320582877958 0.4942698846387371 0.2589936247723133 0.49635701275045535 0.2677216150576806 0.49844414086217365 0.2665831815421979 0.5005312689738919
0 0.2007437765634487 0.17380085003035822 0.20985124468731026 0.17038554948391013 0.21725106253794776 0.16848816029143895 0.22294323011536127 0.1664010321797207 0.22427140255009106 0.16431390406800245 0.22256375227686703 0.16317547055251974 0.21782027929568912 0.1626062537947784 0.21231785063752276 0.1629857316332726 0.19827717061323616 0.1673497267759563 0.1912568306010929 0.170195810564663 0.19277474195506983 0.17285215543412263
0 0.35557073466909533 0.09164389799635701 0.34589404978749244 0.08215695203400122 0.34190953248330297 0.07684426229508197 0.3402018822100789 0.07229052823315119 0.34171979356405585 0.07077261687917426 0.3441863995142684 0.07115209471766848 0.3506375227686703 0.07684426229508197 0.35746812386156646 0.0857619914996964 0.36145264116575593 0.0905054644808743 0.36126290224650875 0.09373102610807528 0.35860655737704916 0.0939207650273224
0 0.8794928606597735 0.3038835548990645 0.8891863613983259 0.3046528803545051 0.8974950763170851 0.3037296898079764 0.9059576563269325 0.3023449039881831 0.9098042836041358 0.3000369276218612 0.9108813392417527 0.29649803052683404 0.908881093057607 0.29557483998030526 0.9047267355982275 0.29880600689315606 0.8970334810438207 0.3000369276218612 0.8830317577548005 0.3000369276218612 0.8774926144756278 0.29926760216642045 0.8739537173806007 0.30019079271294924 0.8750307730182175 0.30280649926144754
0 0.6043346774193548 0.18128360215053763 0.6147513440860215 0.1737231182795699 0.6231518817204301 0.16733870967741934 0.627016129032258 0.16297043010752688 0.625 0.16129032258064516 0.6199596774193548 0.16498655913978494 0.6147513440860215 0.16868279569892472 0.6070228494623656 0.17338709677419353 0.6006384408602151 0.17708333333333334 0.6004704301075268 0.1807795698924731
0 0.09022671568627455 0.12918709150326796 0.08971609477124186 0.12357026143790849 0.09124795751633989 0.11744281045751634 0.09380106209150328 0.11284722222222222 0.09788602941176473 0.11233660130718955 0.09788602941176473 0.12152777777777778 0.0963541666666667 0.12510212418300654 0.0963541666666667 0.1286764705882353 0.09584354575163401 0.13276143790849673 0.09482230392156867 0.1358251633986928
0 0.912326388888889 0.6546160130718953 0.8878165849673202 0.6638071895424836 0.8821997549019608 0.664828431372549 0.8811785130718953 0.6607434640522876 0.8857741013071896 0.6566584967320261 0.9087520424836601 0.6489991830065359 0.912326388888889 0.6479779411764706
0 0.8296058006535947 0.4488357843137255 0.8296058006535947 0.4381127450980392 0.8306270424836601 0.43096405228758167 0.8316482843137255 0.42943218954248363 0.834201388888889 0.42687908496732024 0.8382863562091504 0.427389705882353 0.8398182189542484 0.43249591503267976 0.8382863562091504 0.4401552287581699 0.8362438725490196 0.4518995098039216 0.8311376633986928 0.4554738562091503
0 0.4549757972665148 0.15433988230827636 0.4734837699316629 0.14164531131359145 0.4872461085801063 0.13369637433561118 0.4976865034168565 0.1306117122247532 0.4961441723614275 0.13547598709187544 0.48736474943052394 0.1448486142748671 0.47561930523917995 0.15327211465451782 0.4631620159453303 0.15766182611996962 0.45699269172361423 0.15647541761579345
0 0.6394712140175219 0.6212192323738005 0.6448164372131832 0.6196547768043388 0.6469023779724655 0.6174384647476011 0.6500312891113892 0.6153525239883187 0.6522476011681267 0.6126147267417605 0.6536816854401335 0.6106591572799333 0.6556372549019608 0.6090947017104714 0.6581143095536087 0.6068783896537338 0.6598091364205256 0.6041405924071755 0.6607217355027117 0.6004901960784313 0.660982478097622 0.5976220275344181 0.6611128493950772 0.5944931163954943 0.6612432206925323 0.5937108886107635 0.6577231956612432 0.5947538589904047 0.6521172298706717 0.5973612849395077 0.6474238631622862 0.6017939090529829 0.6453379224030037 0.6041405924071755 0.642078639966625 0.6063569044639132 0.636994159365874 0.6135273258239466 0.6354297037964122 0.6157436378806841 0.6341259908218607 0.6192636629119732
0 0.18029448621553884 0.7031641604010024 0.18953634085213034 0.700501253132832 0.19486215538847115 0.699404761904762 0.200031328320802 0.6981516290726817 0.20551378446115287 0.6968984962406015 0.21099624060150374 0.6962719298245614 0.21381578947368418 0.6959586466165413 0.21726190476190474 0.6959586466165413 0.22337092731829572 0.6951754385964912 0.22791353383458646 0.6948621553884711 0.23104636591478694 0.6943922305764411 0.23668546365914786 0.694235588972431 0.24169799498746866 0.694078947368421 0.25422932330827064 0.6936090225563909 0.25532581453634084 0.6931390977443609 0.2557957393483709 0.6911027568922304 0.2523496240601503 0.6904761904761904 0.24780701754385964 0.6901629072681704 0.24279448621553884 0.6900062656641605 0.23668546365914786 0.6898496240601503 0.23073308270676693 0.6898496240601503 0.22556390977443608 0.6900062656641605 0.22039473684210525 0.6907894736842105 0.21506892230576438 0.6911027568922304 0.20833333333333334 0.6918859649122807 0.2006578947368421 0.6929824561403508 0.1958020050125313 0.6931390977443609 0.19298245614035087 0.6936090225563909 0.18890977443609022 0.694235588972431 0.18389724310776942 0.6953320802005012 0.1799812030075188 0.6962719298245614 0.17763157894736842 0.6979949874686716 0.17622180451127817 0.7011278195488722 0.17794486215538846 0.7033208020050126
