1 0.786521592442645 0.22941970310391363 0.7898954116059379 0.212972334682861 0.7924257759784076 0.20833333333333331 0.7970647773279352 0.20242914979757082 0.8012820512820512 0.19694669365721998 0.8059210526315789 0.1927294197031039 0.8114035087719298 0.18809041835357623 0.8168859649122806 0.18429487179487178 0.8244770580296895 0.18134278002699053 0.8291160593792172 0.17965587044534412 0.8345985155195681 0.17923414304993252 0.8409244264507422 0.17965587044534412 0.844298245614035 0.18134278002699053 0.8485155195681511 0.18429487179487178 0.8523110661268555 0.18724696356275303 0.8552631578947367 0.19104251012145748 0.8573717948717948 0.19652496626180835 0.8577935222672064 0.20116396761133604 0.8577935222672064 0.2062246963562753 0.858215249662618 0.21212887989203777 0.858215249662618 0.21929824561403508 0.8556848852901484 0.22435897435897434 0.8485155195681511 0.23448043184885287 0.8438765182186234 0.23911943319838053 0.840080971659919 0.24207152496626178 0.8362854251012145 0.24460188933873142 0.8329116059379217 0.24671052631578944 0.8274291497975708 0.2496626180836707 0.8223684210526315 0.2521929824561403 0.8156207827260459 0.25430161943319834 0.8126686909581645 0.25472334682861 0.810138326585695 0.25472334682861 0.8067645074224021 0.25345816464237514 0.8029689608636976 0.2521929824561403 0.7995951417004048 0.2500843454790823 0.796221322537112 0.24671052631578944 0.7936909581646423 0.2433367071524966 0.7903171390013495 0.23996288798920376 0.7882085020242915 0.23490215924426447
1 0.892375168690958 0.37871120107962214 0.8868927125506072 0.3711201079622132 0.8852058029689608 0.3690114709851552 0.8814102564102563 0.3647941970310391 0.8788798920377867 0.3614203778677462 0.8776147098515519 0.35762483130904177 0.876349527665317 0.3529858299595141 0.8755060728744939 0.34708164642375167 0.8755060728744939 0.3415991902834008 0.8759278002699055 0.33442982456140347 0.8780364372469636 0.3276821862348178 0.8801450742240216 0.32304318488529016 0.883940620782726 0.3188259109311741 0.888157894736842 0.3154520917678812 0.8915317139001349 0.31376518218623484 0.9012314439946019 0.31460863697705804 0.9134615384615384 0.3196693657219973 0.9168353576248313 0.32093454790823206 0.9202091767881241 0.32388663967611336 0.9235829959514169 0.3272604588394062 0.9261133603238866 0.330634278002699 0.9286437246963561 0.3348515519568151 0.9311740890688258 0.3390688259109311 0.9332827260458838 0.3428643724696356 0.9349696356275302 0.34623819163292846 0.9366565452091767 0.3496120107962213 0.9383434547908232 0.35382928475033737 0.9404520917678811 0.3588900134952766 0.9408738191632928 0.3643724696356275 0.9408738191632928 0.3698549257759784 0.9396086369770579 0.37575910931174084 0.9379217273954115 0.384193657219973 0.9358130904183535 0.38841093117408904 0.9332827260458838 0.39178475033738186 0.9307523616734142 0.3934716599190283 0.9261133603238866 0.3934716599190283 0.9193657219973008 0.3930499325236167 0.9147267206477732 0.39178475033738186 0.9105094466936572 0.39009784075573545 0.9058704453441295 0.38756747638326583 0.9008097165991902 0.38503711201079616 0.8974358974358974 0.3833502024291498
1 0.641025641025641 0.5005904183535762 0.6363866396761133 0.49426450742240213 0.6342780026990553 0.4904689608636977 0.6330128205128205 0.4866734143049932 0.6330128205128205 0.48203441295546556 0.6334345479082321 0.47613022941970307 0.6359649122807017 0.4681174089068826 0.6401821862348177 0.457995951417004 0.6435560053981106 0.4520917678812415 0.6481950067476383 0.44787449392712547 0.6557860998650472 0.444078947368421 0.663377192982456 0.44112685560053977 0.6701248313090418 0.4390182186234818 0.6743421052631579 0.43775303643724695 0.6785593792172739 0.4364878542510121 0.6827766531713899 0.4356443994601889 0.689102564102564 0.4352226720647773 0.6945850202429149 0.4352226720647773 0.6975371120107962 0.4360661268556005 0.7017543859649122 0.4373313090418353 0.7055499325236168 0.43943994601889336 0.7080802968960863 0.44154858299595134 0.7118758434547908 0.44450067476383265 0.7144062078272604 0.44745276653171384 0.7173582995951417 0.4516700404858299 0.7203103913630229 0.4567307692307692 0.7207321187584345 0.4655870445344129 0.7194669365721997 0.4706477732793522 0.7169365721997301 0.47570850202429144 0.7148279352226721 0.48119095816464236 0.712719298245614 0.4849865047233468 0.7101889338731444 0.48920377867746284 0.7063933873144399 0.49342105263157887 0.7034412955465587 0.49552968960863697 0.6983805668016194 0.4989035087719298 0.6945850202429149 0.5010121457489878 0.6907894736842105 0.5035425101214575 0.6853070175438596 0.5056511470985154 0.6802462887989204 0.507338056680162 0.6722334682860999 0.5090249662618083 0.666751012145749 0.50944669365722 0.661268556005398 0.50944669365722 0.6566295546558704 0.50944669365722 0.650725371120108 0.5077597840755735 0.6477732793522267 0.5056511470985154 0.6443994601889338 0.503964237516869
1 0.9227395411605938 0.49510796221322534 0.9227395411605938 0.4913124156545209 0.9256916329284749 0.483721322537112 0.9286437246963561 0.4795040485829959 0.9320175438596491 0.4765519568151147 0.9370782726045884 0.474021592442645 0.9421390013495275 0.47275641025641024 0.9476214574898785 0.47191295546558704 0.9547908232118758 0.4714912280701754 0.9606950067476383 0.4714912280701754 0.9665991902834007 0.47191295546558704 0.9712381916329283 0.47275641025641024 0.975877192982456 0.47486504723346823 0.9805161943319837 0.4765519568151147 0.9851551956815113 0.4786605937921727 0.9889507422402158 0.48034750337381915 0.9923245614035087 0.4828778677462887 0.9948549257759783 0.48582995951417 0.9961201079622132 0.48836032388663964 0.997385290148448 0.4913124156545209 0.9978070175438596 0.4963731443994602 0.997385290148448 0.5001686909581646 0.9956983805668016 0.5048076923076923 0.9923245614035087 0.5090249662618083 0.9881072874493927 0.5123987854251012 0.983468286099865 0.5145074224021592 0.9779858299595141 0.5161943319838056 0.97165991902834 0.517881241565452 0.967442645074224 0.517881241565452 0.9623819163292847 0.517881241565452 0.957742914979757 0.5166160593792173 0.9522604588394061 0.5153508771929824 0.9476214574898785 0.5140856950067476 0.9425607287449391 0.5123987854251012 0.9362348178137652 0.5098684210526315 0.9328609986504722 0.5077597840755735 0.9290654520917678 0.5052294197031039 0.9256916329284749 0.5022773279352226
1 0.4554655870445344 0.5280026990553306 0.46179149797570845 0.5170377867746289 0.46432186234817807 0.5149291497975708 0.4672739541160594 0.5123987854251012 0.4710695006747638 0.5107118758434548 0.47486504723346823 0.50944669365722 0.47697368421052627 0.5090249662618083 0.4807692307692307 0.5086032388663967 0.4845647773279352 0.5081815114709851 0.48709514170040485 0.5077597840755735 0.4904689608636977 0.5090249662618083 0.49257759784075567 0.5115553306342779 0.49552968960863697 0.515772604588394 0.49763832658569496 0.5191464237516868 0.5001686909581646 0.5237854251012145 0.5022773279352226 0.5280026990553306 0.5026990553306343 0.531798245614035 0.5026990553306343 0.5351720647773279 0.5026990553306343 0.5389676113360323 0.501855600539811 0.54360661268556 0.5010121457489878 0.5474021592442644 0.499746963562753 0.5507759784075573 0.49848178137651816 0.5541497975708503 0.4963731443994602 0.5587887989203779 0.49426450742240213 0.5634278002699056 0.4921558704453441 0.56722334682861 0.49004723346828605 0.5701754385964912 0.48709514170040485 0.5739709851551956 0.48329959514170034 0.5777665317139001 0.4790823211875843 0.581140350877193 0.47528677462887986 0.5828272604588393 0.47022604588394057 0.5828272604588393 0.46390013495276644 0.5807186234817813 0.46094804318488525 0.5769230769230769 0.45883940620782726 0.5739709851551956 0.4571524966261808 0.569331983805668 0.45588731443994596 0.5642712550607286 0.45504385964912275 0.561740890688259 0.45377867746288797 0.5587887989203779 0.45293522267206476 0.5541497975708503 0.4520917678812415 0.5482456140350876 0.4516700404858299 0.5427631578947367 0.4516700404858299 0.5377024291497976 0.45251349527665313 0.531798245614035
1 0.3415991902834008 0.49004723346828605 0.3382253711201079 0.4896255060728745 0.33358636977058026 0.48836032388663964 0.3297908232118758 0.4866734143049932 0.3276821862348178 0.48329959514170034 0.3272604588394062 0.4807692307692307 0.32683873144399456 0.47823886639676105 0.32683873144399456 0.4773954116059379 0.32599527665317135 0.47022604588394057 0.32599527665317135 0.46390013495276644 0.32599527665317135 0.4571524966261808 0.32683873144399456 0.44998313090418346 0.3289473684210526 0.44365721997300944 0.3323211875843455 0.4373313090418353 0.3365384615384615 0.43269230769230765 0.34117746288798917 0.42805330634278 0.34539473684210525 0.42425775978407554 0.3500337381916329 0.4208839406207827 0.3559379217273954 0.41919703103913625 0.3643724696356275 0.4187753036437247 0.3715418353576248 0.41919703103913625 0.3782894736842105 0.4208839406207827 0.38461538461538464 0.42257085020242907 0.39009784075573545 0.42467948717948717 0.39515856950067474 0.42678812415654516 0.400219298245614 0.43100539811066124 0.40359311740890685 0.4360661268556005 0.40443657219973006 0.4428137651821862 0.40443657219973006 0.4487179487179487 0.4031713900134953 0.45335695006747634 0.40106275303643724 0.4592611336032388 0.398110661268556 0.4651653171390013 0.39515856950067474 0.47191295546558704 0.3913630229419703 0.4765519568151147 0.38798920377867746 0.4799257759784075 0.3833502024291498 0.483721322537112 0.37955465587044535 0.48625168690958165 0.3732287449392712 0.4896255060728745 0.3673245614035087 0.4908906882591093 0.3614203778677462 0.4913124156545209 0.3559379217273954 0.4917341430499325 0.3508771929824561 0.4917341430499325 0.34581646423751683 0.4908906882591093
1 0.31756072874493924 0.33358636977058026 0.31081309041835353 0.3314777327935223 0.30870445344129555 0.3293690958164642 0.3053306342780027 0.32683873144399456 0.3032219973009446 0.3247300944669365 0.3011133603238866 0.3217780026990553 0.2994264507422402 0.3184041835357625 0.29858299595141696 0.3129217273954116 0.2981612685560054 0.3091261808367071 0.2981612685560054 0.3049089068825911 0.2990047233468286 0.2990047233468286 0.2998481781376518 0.29436572199730093 0.30069163292847506 0.2905701754385965 0.30195681511470984 0.2855094466936572 0.3032219973009446 0.2817139001349528 0.3049089068825911 0.27834008097165985 0.3065958164642375 0.27496626180836703 0.3082827260458839 0.27117071524966263 0.31081309041835353 0.26610998650472334 0.31376518218623484 0.26273616734143046 0.31713900134952766 0.26104925775978405 0.3213562753036437 0.26020580296896084 0.32599527665317135 0.258940620782726 0.330634278002699 0.2580971659919028 0.33527327935222667 0.2580971659919028 0.33991228070175433 0.25851889338731443 0.34202091767881243 0.2597840755735492 0.34708164642375167 0.2623144399460189 0.3496120107962213 0.2644230769230769 0.3521423751686909 0.26864035087719296 0.35382928475033737 0.2737010796221322 0.35382928475033737 0.2791835357624831 0.35382928475033737 0.284665991902834 0.35382928475033737 0.29014844804318485 0.3529858299595141 0.2964743589743589 0.3517206477732793 0.3023785425101214 0.35129892037786775 0.30954790823211875 0.3504554655870445 0.3158738191632928 0.34834682860998645 0.3196693657219973 0.34623819163292846 0.32346491228070173 0.3428643724696356 0.326417004048583 0.3386470985155195 0.3289473684210526 0.33400809716599184 0.33105600539811064 0.330634278002699 0.3323211875843455 0.3247300944669365 0.33358636977058026
1 0.9459345479082321 0.1775472334682861 0.9438259109311741 0.17628205128205127 0.9353913630229419 0.1707995951417004 0.9324392712550608 0.16869095816464239 0.9290654520917678 0.1648954116059379 0.9273785425101214 0.16109986504723345 0.9265350877192982 0.1577260458839406 0.9265350877192982 0.15393049932523617 0.9265350877192982 0.14929149797570848 0.9265350877192982 0.14465249662618082 0.9282219973009446 0.13917004048582993 0.9303306342780026 0.1336875843454791 0.9341261808367071 0.129470310391363 0.9404520917678811 0.12609649122807015 0.9455128205128205 0.12525303643724695 0.9509952766531714 0.12525303643724695 0.9568994601889338 0.12609649122807015 0.9606950067476383 0.1277834008097166 0.9661774628879891 0.13031376518218624 0.9703947368421051 0.13284412955465585 0.9750337381916327 0.1362179487179487 0.9788292847503374 0.14043522267206476 0.9822031039136301 0.14338731443994598 0.9847334682860998 0.14633940620782723 0.9881072874493927 0.1505566801619433 0.989794197031039 0.15519568151147095 0.9906376518218623 0.15941295546558704 0.9906376518218623 0.1627867746288799 0.9906376518218623 0.1653171390013495 0.9906376518218623 0.16953441295546556 0.9902159244264507 0.17332995951417005 0.9889507422402158 0.17670377867746287 0.9864203778677463 0.17965587044534412 0.9817813765182186 0.18345141700404857 0.9754554655870444 0.18640350877192982 0.9703947368421051 0.18724696356275303 0.9644905533063427 0.18682523616734142 0.9594298245614035 0.1855600539811066 0.9531039136302294 0.18345141700404857
1 0.9881072874493927 0.2699055330634278 0.9843117408906882 0.2631578947368421 0.9830465587044533 0.2597840755735492 0.9822031039136301 0.2564102564102564 0.9822031039136301 0.25261470985155193 0.9822031039136301 0.24797570850202427 0.9830465587044533 0.24418016194331982 0.9847334682860998 0.2412280701754386 0.9868421052631577 0.23743252361673411 0.9889507422402158 0.2340587044534413 0.9919028340080971 0.23068488529014844 0.9940114709851551 0.2285762483130904 0.9989583333333333 0.22733953272604582 0.9986504723346828 0.2855094466936572 0.9965418353576248 0.2838225371120108 0.9923245614035087 0.2779183535762483
1 0.21634615384615383 0.2640013495276653 0.20285087719298245 0.2623144399460189 0.19736842105263155 0.2606275303643725 0.19230769230769232 0.25936234817813764 0.18935560053981107 0.258940620782726 0.185138326585695 0.2559885290148448 0.18345141700404857 0.25303643724696356 0.18218623481781376 0.24797570850202427 0.18134278002699053 0.242914979757085 0.18134278002699053 0.23911943319838053 0.18176450742240213 0.23490215924426447 0.18260796221322537 0.2298414304993252 0.18387314439946018 0.22562415654520915 0.185138326585695 0.22182860998650472 0.18809041835357623 0.21803306342780024 0.19104251012145748 0.21508097165991902 0.1931511470985155 0.21339406207827258 0.19736842105263155 0.21086369770580296 0.20158569500674764 0.20875506072874492 0.20495951417004046 0.2079116059379217 0.20917678812415652 0.2074898785425101 0.21381578947368418 0.2070681511470985 0.21845479082321184 0.2070681511470985 0.22225033738191632 0.2079116059379217 0.22646761133603238 0.20917678812415652 0.2302631578947368 0.21044197031039136 0.23448043184885287 0.21128542510121454 0.23827597840755735 0.21339406207827258 0.24038461538461536 0.21508097165991902 0.2437584345479082 0.21761133603238866 0.24586707152496626 0.22056342780026988 0.24797570850202427 0.22478070175438597 0.2496626180836707 0.23068488529014844 0.2505060728744939 0.2353238866396761 0.2500843454790823 0.2412280701754386 0.24839743589743588 0.24628879892037783 0.24544534412955465 0.2500843454790823 0.24080634278002697 0.2559885290148448 0.23658906882591094 0.2597840755735492 0.23279352226720645 0.26104925775978405 0.22688933873144398 0.2631578947368421 0.2226720647773279 0.2640013495276653
1 0.6684379217273954 0.6136133603238866 0.6701248313090418 0.6106612685560054 0.6722334682860999 0.6064439946018892 0.6743421052631579 0.6013832658569501 0.6760290148448043 0.5984311740890688 0.6815114709851552 0.5963225371120108 0.6874156545209176 0.5950573549257759 0.6933198380566802 0.5959008097165992 0.6962719298245613 0.5980094466936572 0.7000674763832658 0.6005398110661269 0.7034412955465587 0.6047570850202428 0.7063933873144399 0.6102395411605938 0.7085020242914979 0.6153002699055331 0.7097672064777327 0.6212044534412955 0.7106106612685559 0.627108636977058 0.7118758434547908 0.6313259109311741 0.712719298245614 0.63554318488529 0.7131410256410255 0.6431342780026991 0.712719298245614 0.6477732793522267 0.7114541160593791 0.6519905533063427 0.7097672064777327 0.6566295546558704 0.7076585695006747 0.6625337381916329 0.7055499325236168 0.666751012145749 0.7025978407557355 0.6722334682860999 0.6996457489878541 0.677294197031039 0.6958502024291497 0.6815114709851552 0.6895242914979757 0.6836201079622132 0.6819331983805667 0.6815114709851552 0.6768724696356275 0.6777159244264507 0.6739203778677463 0.6713900134952766 0.6722334682860999 0.6650641025641025 0.6705465587044533 0.6600033738191633 0.6688596491228069 0.6562078272604588 0.6680161943319837 0.652834008097166 0.6663292847503374 0.6486167341430499 0.6650641025641025 0.6439777327935222 0.664642375168691 0.638917004048583 0.6642206477732793 0.6338562753036437 0.6642206477732793 0.6283738191632928 0.6642206477732793 0.6233130904183535
1 0.581140350877193 0.6962719298245613 0.5773448043184886 0.684885290148448 0.575657894736842 0.6806680161943319 0.5752361673414305 0.675185560053981 0.5752361673414305 0.6701248313090418 0.5752361673414305 0.6637989203778677 0.5760796221322536 0.6583164642375168 0.5786099865047233 0.6540991902834007 0.581140350877193 0.650725371120108 0.5845141700404858 0.6481950067476383 0.5870445344129555 0.6465080971659918 0.5899966261808366 0.6456646423751686 0.5950573549257759 0.6456646423751686 0.6005398110661269 0.6456646423751686 0.6047570850202428 0.647351551956815 0.6102395411605938 0.6498819163292847 0.6136133603238866 0.652834008097166 0.6148785425101214 0.6578947368421052 0.6169871794871794 0.6629554655870445 0.6190958164642375 0.6684379217273954 0.6199392712550608 0.6739203778677463 0.6212044534412955 0.6802462887989204 0.6220479082321188 0.6857287449392712 0.6220479082321188 0.6903677462887988 0.6220479082321188 0.6962719298245613 0.6220479082321188 0.7017543859649122 0.6186740890688258 0.7055499325236168 0.6157219973009447 0.7097672064777327 0.6148785425101214 0.7131410256410255 0.6136133603238866 0.7169365721997301 0.6110829959514169 0.7198886639676112 0.6077091767881241 0.7219973009446694 0.6034919028340081 0.7228407557354924 0.6013832658569501 0.7211538461538461 0.5984311740890688 0.7173582995951417 0.5963225371120108 0.7139844804318488 0.5929487179487178 0.7097672064777327 0.5891531713900134 0.7068151147098515 0.5857793522267206 0.7025978407557355
1 0.5035425101214575 0.7135627530364371 0.5048076923076923 0.7030195681511471 0.5056511470985154 0.6992240215924426 0.507338056680162 0.6954284750337382 0.5098684210526315 0.6920546558704452 0.5132422402159244 0.6878373819163293 0.5161943319838056 0.6857287449392712 0.5195681511470984 0.6844635627530363 0.5229419703103914 0.6836201079622132 0.5271592442645073 0.6831983805668016 0.5343286099865047 0.6840418353576249 0.5372807017543859 0.6861504723346828 0.5406545209176787 0.6895242914979757 0.5431848852901484 0.6928981106612685 0.5474021592442644 0.6975371120107962 0.5503542510121456 0.7025978407557355 0.552041160593792 0.7076585695006747 0.5537280701754386 0.7139844804318488 0.555414979757085 0.7182017543859648 0.5566801619433197 0.7219973009446694 0.5571018893387314 0.7283232118758434 0.5558367071524966 0.7333839406207827 0.5507759784075573 0.7397098515519568 0.5461369770580297 0.7451923076923077 0.5427631578947367 0.7485661268556004 0.5398110661268556 0.7523616734143049 0.5360155195681511 0.756578947368421 0.529689608636977 0.7599527665317137 0.5246288798920378 0.760796221322537 0.517881241565452 0.7578441295546557 0.5136639676113359 0.7532051282051281 0.5098684210526315 0.7477226720647773 0.5077597840755735 0.742661943319838 0.5056511470985154 0.7376012145748987 0.5043859649122806 0.7316970310391362 0.5043859649122806 0.7249493927125505 0.5043859649122806 0.7194669365721997
1 0.7713394062078273 0.7300101214574898 0.7709176788124156 0.7232624831309041 0.7709176788124156 0.7198886639676112 0.772604588394062 0.7122975708502024 0.7738697705802969 0.7080802968960863 0.7755566801619432 0.7038630229419702 0.7780870445344129 0.6992240215924426 0.7814608636977057 0.6954284750337382 0.7856781376518218 0.6924763832658569 0.7894736842105262 0.6903677462887988 0.7936909581646423 0.6895242914979757 0.7995951417004048 0.6886808367071525 0.8042341430499325 0.6912112010796221 0.8084514170040485 0.6937415654520918 0.8126686909581645 0.6958502024291497 0.8168859649122806 0.6983805668016194 0.8215249662618083 0.7017543859649122 0.8248987854251012 0.7055499325236168 0.8274291497975708 0.7110323886639676 0.8291160593792172 0.7182017543859648 0.8291160593792172 0.7274797570850201 0.8270074224021592 0.7359143049932524 0.8227901484480431 0.744770580296896 0.8177294197031039 0.7506747638326584 0.8118252361673414 0.7548920377867746 0.8063427800269906 0.7561572199730093 0.800438596491228 0.756578947368421 0.7957995951417003 0.7557354925775978 0.7903171390013495 0.7536268556005398 0.784412955465587 0.7515182186234817 0.7801956815114709 0.7485661268556004 0.7772435897435896 0.744770580296896 0.77471322537112 0.74055330634278
1 0.9130398110661269 0.6439777327935222 0.9227395411605938 0.6448211875843454 0.9269568151147098 0.6460863697705803 0.9315958164642375 0.647351551956815 0.9362348178137652 0.650725371120108 0.9400303643724696 0.6540991902834007 0.9434041835357624 0.6587381916329283 0.9463562753036437 0.6637989203778677 0.9484649122807017 0.6701248313090418 0.9493083670715249 0.6747638326585695 0.9497300944669365 0.6815114709851552 0.9497300944669365 0.6899460188933872 0.9488866396761133 0.6962719298245613 0.9467780026990552 0.7025978407557355 0.9438259109311741 0.7114541160593791 0.9404520917678811 0.719045209176788 0.9370782726045884 0.7245276653171389 0.9332827260458838 0.728744939271255 0.9294871794871794 0.7338056680161943 0.9206309041835358 0.7397098515519568 0.9113529014844803 0.742661943319838 0.902074898785425 0.7422402159244263 0.8944838056680162 0.7392881241565451 0.8890013495276653 0.7350708502024291 0.883940620782726 0.7283232118758434 0.87972334682861 0.7198886639676112 0.8776147098515519 0.7089237516869095 0.876349527665317 0.6983805668016194 0.8771929824561403 0.6903677462887988 0.8788798920377867 0.6815114709851552 0.8822537112010795 0.6722334682860999 0.8864709851551956 0.6650641025641025 0.892375168690958 0.6587381916329283 0.8982793522267206 0.652834008097166 0.9033400809716599 0.6481950067476383 0.9079790823211875 0.6448211875843454
1 0.8333333333333333 0.6406039136302294 0.8244770580296895 0.6317476383265856 0.8219466936572198 0.6287955465587044 0.8198380566801619 0.6258434547908232 0.8177294197031039 0.6224696356275303 0.8168859649122806 0.6186740890688258 0.8173076923076922 0.6119264507422402 0.8194163292847503 0.6056005398110661 0.8227901484480431 0.6005398110661269 0.8257422402159244 0.5975877192982455 0.8291160593792172 0.5959008097165992 0.8329116059379217 0.5950573549257759 0.8379723346828609 0.5963225371120108 0.8426113360323887 0.5971659919028339 0.8472503373819164 0.5988529014844804 0.8523110661268555 0.6005398110661269 0.85610661268556 0.6026484480431848 0.8607456140350876 0.6051788124156545 0.864541160593792 0.6081309041835358 0.867914979757085 0.6110829959514169 0.8708670715249662 0.6148785425101214 0.8733974358974358 0.6174089068825911 0.8750843454790823 0.6203609986504723 0.8788798920377867 0.6241565452091767 0.87972334682861 0.627108636977058 0.8801450742240216 0.6300607287449391 0.8801450742240216 0.6330128205128205 0.8788798920377867 0.6376518218623481 0.8771929824561403 0.641025641025641 0.8750843454790823 0.6443994601889338 0.8704453441295547 0.6481950067476383 0.8649628879892037 0.649460188933873 0.8607456140350876 0.6498819163292847 0.8577935222672064 0.649460188933873 0.8535762483130903 0.6481950067476383 0.8480937921727395 0.6465080971659918
1 0.30954790823211875 0.6621120107962213 0.29689608636977055 0.6595816464237516 0.2922570850202429 0.6587381916329283 0.28846153846153844 0.657051282051282 0.28255735492577594 0.6540991902834007 0.2796052631578947 0.6515688259109311 0.2787618083670715 0.6465080971659918 0.2787618083670715 0.6406039136302294 0.2800269905533063 0.6351214574898785 0.2871963562753036 0.6262651821862347 0.2973178137651821 0.6190958164642375 0.30069163292847506 0.6178306342780027 0.3065958164642375 0.6157219973009447 0.31123481781376516 0.6136133603238866 0.3154520917678812 0.6119264507422402 0.3213562753036437 0.6102395411605938 0.32683873144399456 0.6093960863697705 0.330634278002699 0.6089743589743589 0.33611673414304993 0.6098178137651822 0.34117746288798917 0.6110829959514169 0.3449730094466936 0.6123481781376517 0.3496120107962213 0.613191632928475 0.3559379217273954 0.6144568151147098 0.35973346828609987 0.6157219973009447 0.3631072874493927 0.6182523616734142 0.36563765182186236 0.6207827260458838 0.3681680161943319 0.6245782726045884 0.36943319838056676 0.6304824561403508 0.36858974358974356 0.63554318488529 0.36563765182186236 0.641025641025641 0.36184210526315785 0.6465080971659918 0.35931174089068824 0.649460188933873 0.35382928475033737 0.6532557354925775 0.3479251012145749 0.6562078272604588 0.3432860998650472 0.6574730094466936 0.3382253711201079 0.65915991902834 0.3323211875843455 0.6604251012145749 0.3272604588394062 0.6621120107962213 0.32346491228070173 0.6625337381916329 0.31798245614035087 0.6629554655870445
1 0.4065452091767881 0.7966430499325236 0.3972672064777328 0.7979082321187583 0.3905195681511471 0.796221322537112 0.3867240215924426 0.7936909581646423 0.384193657219973 0.7894736842105262 0.3833502024291498 0.7839912280701753 0.38250674763832654 0.7785087719298246 0.38250674763832654 0.7738697705802969 0.3833502024291498 0.7700742240215923 0.38503711201079616 0.7671221322537111 0.38588056680161936 0.7629048582995951 0.38756747638326583 0.7582658569500674 0.3896761133603238 0.7536268556005398 0.3930499325236167 0.7498313090418354 0.3985323886639676 0.7460357624831307 0.40401484480431843 0.7435053981106612 0.40949730094466935 0.7418184885290148 0.4149797570850202 0.7409750337381916 0.4204622132253711 0.7409750337381916 0.42510121457489874 0.7409750337381916 0.4297402159244264 0.742661943319838 0.4331140350877193 0.7451923076923077 0.4364878542510121 0.7485661268556004 0.43943994601889336 0.7523616734143049 0.44070512820512814 0.7557354925775978 0.44070512820512814 0.760796221322537 0.44028340080971656 0.7662786774628879 0.43943994601889336 0.7713394062078273 0.4373313090418353 0.7768218623481781 0.4352226720647773 0.7806174089068826 0.4314271255060728 0.7869433198380567 0.4263663967611336 0.7911605937921726 0.4204622132253711 0.7941126855600539 0.4145580296896086 0.7966430499325236
1 0.29267881241565447 0.8194163292847503 0.29858299595141696 0.8135121457489878 0.3023785425101214 0.8105600539811065 0.30617408906882587 0.8088731443994601 0.3099696356275304 0.8076079622132253 0.3154520917678812 0.8071862348178137 0.32009109311740885 0.8084514170040485 0.32304318488529016 0.8097165991902833 0.3255735492577598 0.8118252361673414 0.3255735492577598 0.8122469635627529 0.3255735492577598 0.8122469635627529 0.3272604588394062 0.8151990553306342 0.328525641025641 0.8185728744939271 0.3297908232118758 0.8211032388663967 0.3323211875843455 0.8257422402159244 0.33442982456140347 0.830381241565452 0.3356950067476383 0.8358636977058028 0.3365384615384615 0.8417678812415654 0.3365384615384615 0.8472503373819164 0.33696018893387314 0.8531545209176787 0.33696018893387314 0.8590587044534412 0.3390688259109311 0.870023616734143 0.3390688259109311 0.874240890688259 0.3390688259109311 0.87972334682861 0.3386470985155195 0.8856275303643724 0.33738191632928477 0.8932186234817813 0.3356950067476383 0.8978576248313089 0.3314777327935223 0.9033400809716599 0.3255735492577598 0.9071356275303643 0.32009109311740885 0.9075573549257759 0.31123481781376516 0.9062921727395411 0.30575236167341424 0.9037618083670715 0.30069163292847506 0.9003879892037786 0.2964743589743589 0.8949055330634277 0.2922570850202429 0.8898448043184886 0.28888326585695007 0.8843623481781376 0.28761808367071523 0.8793016194331983 0.2859311740890688 0.8729757085020242 0.28424426450742235 0.864541160593792 0.28297908232118757 0.8599021592442644 0.28255735492577594 0.8544197031039136 0.2821356275303643 0.8480937921727395 0.28255735492577594 0.840080971659919 0.2850877192982456 0.8320681511470984 0.28761808367071523 0.8265856950067475
1 0.5372807017543859 0.8999662618083669 0.5347503373819164 0.8890013495276653 0.5347503373819164 0.8826754385964912 0.5364372469635627 0.8767712550607286 0.5402327935222672 0.8708670715249662 0.5440283400809717 0.865806342780027 0.5499325236167341 0.8611673414304993 0.557523616734143 0.8577935222672064 0.5663798920377867 0.8548414304993252 0.5760796221322536 0.8535762483130903 0.5828272604588393 0.8531545209176787 0.5895748987854251 0.8531545209176787 0.5963225371120108 0.8535762483130903 0.6013832658569501 0.8556848852901484 0.6060222672064778 0.8594804318488528 0.6093960863697705 0.8636977058029689 0.6119264507422402 0.8683367071524966 0.6144568151147098 0.8738191632928474 0.6165654520917678 0.8805668016194331 0.6174089068825911 0.8890013495276653 0.6165654520917678 0.8953272604588393 0.6127699055330634 0.902074898785425 0.6064439946018892 0.9075573549257759 0.5988529014844804 0.9109311740890688 0.5921052631578946 0.9130398110661269 0.5828272604588393 0.9143049932523616 0.5760796221322536 0.9147267206477732 0.5680668016194332 0.9147267206477732 0.5625843454790823 0.9138832658569499 0.5566801619433197 0.9126180836707152 0.5511977058029689 0.9100877192982455 0.545715249662618 0.9075573549257759
1 0.6907894736842105 0.8388157894736842 0.6937415654520918 0.8206815114709851 0.6966936572199729 0.8135121457489878 0.700910931174089 0.8067645074224021 0.7051282051282051 0.8021255060728745 0.7097672064777327 0.8000168690958165 0.7160931174089068 0.7991734143049932 0.7228407557354924 0.800438596491228 0.7291666666666666 0.8038124156545209 0.7346491228070174 0.8084514170040485 0.7388663967611335 0.8130904183535762 0.7422402159244263 0.8194163292847503 0.7451923076923077 0.8270074224021592 0.7473009446693657 0.8371288798920378 0.7477226720647773 0.8472503373819164 0.7473009446693657 0.8544197031039136 0.744770580296896 0.8632759784075573 0.7413967611336031 0.8704453441295547 0.7371794871794871 0.8771929824561403 0.732962213225371 0.8826754385964912 0.7279014844804318 0.888157894736842 0.7224190283400809 0.8915317139001349 0.7139844804318488 0.8927968960863697 0.7076585695006747 0.892375168690958 0.7034412955465587 0.8890013495276653 0.7000674763832658 0.8843623481781376 0.6971153846153846 0.8776147098515519 0.6945850202429149 0.8704453441295547 0.6933198380566802 0.8636977058029689 0.6928981106612685 0.8586369770580297 0.6920546558704452 0.851889338731444
1 0.8324898785425101 0.9315958164642375 0.8324898785425101 0.9286437246963561 0.8354419703103914 0.9210526315789472 0.8383940620782725 0.9181005398110661 0.8417678812415654 0.9147267206477732 0.8447199730094467 0.9126180836707152 0.8489372469635627 0.9105094466936572 0.8523110661268555 0.9084008097165992 0.8573717948717948 0.9062921727395411 0.8628542510121456 0.9046052631578946 0.867914979757085 0.9046052631578946 0.8733974358974358 0.9058704453441295 0.8759278002699055 0.9075573549257759 0.8767712550607286 0.9096659919028339 0.8776147098515519 0.9138832658569499 0.878458164642375 0.9176788124156545 0.8793016194331983 0.9206309041835358 0.8805668016194331 0.9256916329284749 0.8809885290148447 0.9311740890688258 0.8809885290148447 0.9349696356275302 0.8793016194331983 0.9396086369770579 0.8780364372469636 0.9429824561403508 0.8750843454790823 0.94804318488529 0.8708670715249662 0.9522604588394061 0.8674932523616733 0.9556342780026991 0.8636977058029689 0.9590080971659918 0.8594804318488528 0.9628036437246963 0.8556848852901484 0.9640688259109311 0.8502024291497975 0.9640688259109311 0.8434547908232118 0.9623819163292847 0.8379723346828609 0.959851551956815 0.8354419703103914 0.9573211875843454 0.8333333333333333 0.953525641025641 0.8320681511470984 0.9488866396761133 0.8312246963562752 0.9438259109311741 0.8312246963562752 0.9370782726045884
1 0.9611167341430498 0.904183535762483 0.9585863697705802 0.8999662618083669 0.9539473684210525 0.892375168690958 0.9514170040485829 0.8856275303643724 0.9497300944669365 0.8793016194331983 0.9493083670715249 0.8725539811066126 0.9509952766531714 0.8666497975708501 0.9552125506072874 0.8611673414304993 0.9594298245614035 0.858215249662618 0.9644905533063427 0.8577935222672064 0.9725033738191633 0.8586369770580297 0.977142375168691 0.8603238866396761 0.9796727395411605 0.8615890688259108 0.9822031039136301 0.864541160593792 0.9843117408906882 0.8666497975708501 0.9868421052631577 0.8691801619433197 0.9906376518218623 0.8725539811066126 0.9931680161943319 0.8750843454790823 0.9961201079622132 0.8780364372469636 0.9978070175438596 0.8801450742240216 0.9986504723346828 0.9143049932523616 0.9956983805668016 0.9168353576248313 0.9931680161943319 0.9176788124156545 0.9881072874493927 0.9193657219973008 0.9817813765182186 0.9197874493927125 0.977142375168691 0.9189439946018892 0.9750337381916327 0.9176788124156545 0.9712381916329283 0.9151484480431848 0.9682860998650471 0.9126180836707152
1 0.328525641025641 0.979251012145749 0.326417004048583 0.9703947368421051 0.32599527665317135 0.9665991902834007 0.32599527665317135 0.9615384615384615 0.3276821862348178 0.957742914979757 0.3314777327935223 0.9547908232118758 0.33738191632928477 0.9509952766531714 0.342442645074224 0.9484649122807017 0.3479251012145749 0.9467780026990552 0.3555161943319838 0.9442476383265856 0.36184210526315785 0.9425607287449391 0.3681680161943319 0.9417172739541161 0.3753373819163292 0.9412955465587044 0.3782894736842105 0.9412955465587044 0.384193657219973 0.9429824561403508 0.38756747638326583 0.9450910931174088 0.3896761133603238 0.9493083670715249 0.3905195681511471 0.9543690958164641 0.3905195681511471 0.961960188933873 0.3896761133603238 0.9699730094466936 0.3871457489878542 0.9750337381916327 0.384193657219973 0.9796727395411605 0.3791329284750337 0.9847334682860998 0.37280701754385964 0.9889507422402158 0.36690283400809715 0.9910593792172739 0.3580465587044534 0.9923245614035087 0.3517206477732793 0.9923245614035087 0.344551282051282 0.9910593792172739 0.33991228070175433 0.989794197031039 0.33442982456140347 0.9872638326585694 0.33105600539811064 0.9843117408906882
1 0.4710695006747638 0.9699730094466936 0.4790823211875843 0.9615384615384615 0.4828778677462887 0.9594298245614035 0.4866734143049932 0.9585863697705802 0.4929993252361673 0.9585863697705802 0.4989035087719298 0.959851551956815 0.501855600539811 0.9606950067476383 0.5035425101214575 0.9611167341430498 0.5035425101214575 0.9611167341430498 0.5077597840755735 0.9657557354925774 0.5111336032388664 0.969551282051282 0.5145074224021592 0.9741902834008097 0.5166160593792173 0.9779858299595141 0.5187246963562753 0.9843117408906882 0.5199898785425101 0.9889507422402158 0.5204116059379217 0.9948549257759783 0.5208333333333333 0.9986504723346828 0.46432186234817807 0.9986504723346828 0.46390013495276644 0.9885290148448043 0.4647435897435897 0.9813596491228069 0.46685222672064774 0.9750337381916327
1 0.6068657219973008 0.9606950067476383 0.6136133603238866 0.9560560053981106 0.6178306342780027 0.9560560053981106 0.6207827260458838 0.9560560053981106 0.625 0.957742914979757 0.6296390013495277 0.961960188933873 0.6342780026990553 0.9661774628879891 0.6372300944669365 0.9703947368421051 0.638917004048583 0.975877192982456 0.6393387314439946 0.9800944669365721 0.6393387314439946 0.9859986504723346 0.638917004048583 0.9910593792172739 0.6384952766531714 0.9931680161943319 0.6384952766531714 0.9986504723346828 0.6360323886639668 0.9989583333333333 0.5802968960863697 0.9989583333333333 0.5802968960863697 0.9978070175438596 0.5807186234817813 0.9914811066126855 0.5853576248313089 0.983468286099865 0.5904183535762483 0.9762989203778677 0.5946356275303643 0.9712381916329283 0.5980094466936572 0.967442645074224 0.6030701754385964 0.9628036437246963
1 0.7734480431848852 0.9902159244264507 0.7810391363022942 0.9809379217273954 0.7848346828609986 0.9762989203778677 0.7890519568151146 0.9725033738191633 0.7932692307692306 0.97165991902834 0.7979082321187583 0.97165991902834 0.8029689608636976 0.9741902834008097 0.8088731443994601 0.9800944669365721 0.8130904183535762 0.9851551956815113 0.8156207827260459 0.9910593792172739 0.8168859649122806 0.9952766531713899 0.8177294197031039 0.9986504723346828 0.7709176788124156 0.9986504723346828 0.7713394062078273 0.9948549257759783
1 0.9746120107962213 0.7789304993252361 0.9708164642375168 0.7709176788124156 0.9720816464237516 0.7633265856950067 0.9746120107962213 0.756578947368421 0.9784075573549257 0.750253036437247 0.9826248313090418 0.7439271255060728 0.9868421052631577 0.7388663967611335 0.9919028340080971 0.7346491228070174 0.9956983805668016 0.7316970310391362 0.9989583333333333 0.7292520664642375 0.9989583333333333 0.732962213225371 0.9986504723346828 0.7814608636977057 0.9910593792172739 0.7839912280701753 0.9868421052631577 0.7835695006747637 0.9826248313090418 0.7827260458839406
1 0.09235829959514169 0.9830465587044533 0.10543184885290148 0.9784075573549257 0.11217948717948717 0.9775641025641024 0.11808367071524965 0.9767206477732793 0.12483130904183536 0.9779858299595141 0.1286268556005398 0.9788292847503374 0.13242240215924425 0.9805161943319837 0.1357962213225371 0.983468286099865 0.13959176788124156 0.9868421052631577 0.14380904183535761 0.9906376518218623 0.14718286099865047 0.9956983805668016 0.1497183798170641 0.9989583333333333 0.07085020242914979 0.9986504723346828 0.07633265856950068 0.9910593792172739 0.08054993252361672 0.9881072874493927 0.08392375168690958 0.985576923076923
1 0.010121457489878543 0.9590080971659918 0.012651821862348176 0.9606950067476383 0.01939946018893387 0.9649122807017544 0.02235155195681511 0.9682860998650471 0.024460188933873143 0.9720816464237516 0.02656882591093117 0.9779858299595141 0.026990553306342778 0.9838900134952766 0.02656882591093117 0.989794197031039 0.025303643724696352 0.9944331983805667 0.02403846153846154 0.997385290148448 0.02207215755735478 0.9989583333333333 0.016025641025641024 0.9989583333333333 0.0004217273954116059 0.9982287449392712 0.0 0.9518387314439944 0.0012651821862348178 0.9522604588394061 0.005060728744939271 0.9547908232118758
1 0.020664642375168688 0.872132253711201 0.030364372469635626 0.864541160593792 0.03415991902834008 0.8636977058029689 0.04090755735492577 0.8632759784075573 0.0501855600539811 0.8636977058029689 0.056089743589743585 0.864541160593792 0.06030701754385965 0.8653846153846153 0.06663292847503373 0.8666497975708501 0.07169365721997299 0.867914979757085 0.07801956815114709 0.8704453441295547 0.08265856950067475 0.8729757085020242 0.08687584345479081 0.8755060728744939 0.09024966261808368 0.8776147098515519 0.09362348178137651 0.8809885290148447 0.09657557354925775 0.8860492577597839 0.09826248313090417 0.8911099865047233 0.09868421052631578 0.8961707152496625 0.09868421052631578 0.9012314439946019 0.09784075573549257 0.9058704453441295 0.09615384615384616 0.9096659919028339 0.09362348178137651 0.9138832658569499 0.09109311740890688 0.915991902834008 0.08687584345479081 0.9168353576248313 0.08181511470985155 0.9176788124156545 0.07717611336032389 0.9185222672064776 0.06958502024291496 0.9193657219973008 0.06325910931174089 0.9193657219973008 0.0569331983805668 0.9181005398110661 0.05271592442645074 0.9164136302294196 0.04554655870445344 0.9130398110661269 0.03795546558704453 0.9096659919028339 0.03120782726045884 0.9058704453441295 0.02656882591093117 0.9016531713900134 0.024460188933873143 0.8982793522267206 0.023195006747638323 0.8927968960863697 0.02235155195681511 0.888157894736842 0.021086369770580298 0.8814102564102563 0.020664642375168688 0.8771929824561403
1 0.21128542510121454 0.8375506072874493 0.2062246963562753 0.8464068825910931 0.20285087719298245 0.8506241565452091 0.19947705802968957 0.8548414304993252 0.19568151147098514 0.8573717948717948 0.18851214574898784 0.8590587044534412 0.18092105263157893 0.8586369770580297 0.17417341430499322 0.85610661268556 0.1707995951417004 0.8535762483130903 0.16995614035087717 0.8527327935222672 0.16911268556005396 0.8506241565452091 0.16742577597840755 0.8426113360323887 0.16700404858299592 0.8388157894736842 0.16616059379217274 0.8333333333333333 0.16573886639676114 0.8253205128205128 0.16573886639676114 0.8185728744939271 0.16658232118758434 0.8122469635627529 0.16826923076923075 0.8076079622132253 0.1716430499325236 0.8017037786774629 0.17543859649122806 0.796221322537112 0.18092105263157893 0.7903171390013495 0.185138326585695 0.7869433198380567 0.19104251012145748 0.7831477732793523 0.19736842105263155 0.7801956815114709 0.2058029689608637 0.7780870445344129 0.21086369770580296 0.7785087719298246 0.21381578947368418 0.7827260458839406 0.21550269905533062 0.786521592442645 0.21676788124156543 0.7915823211875843 0.21592442645074222 0.7966430499325236 0.21381578947368418 0.8017037786774629 0.21381578947368418 0.8067645074224021 0.21381578947368418 0.8109817813765182 0.21465924426450742 0.8185728744939271 0.21465924426450742 0.8240553306342779 0.21465924426450742 0.8248987854251012 0.21423751686909578 0.8270074224021592 0.21339406207827258 0.8316464237516868
1 0.06916329284750337 0.768387314439946 0.061150472334682855 0.7662786774628879 0.053981106612685556 0.7633265856950067 0.04849865047233468 0.7591093117408907 0.04554655870445344 0.7536268556005398 0.04175101214574898 0.7456140350877193 0.04090755735492577 0.7376012145748987 0.04090755735492577 0.728744939271255 0.04090755735492577 0.7207321187584345 0.0430161943319838 0.7148279352226721 0.04681174089068826 0.7080802968960863 0.05229419703103913 0.7013326585695006 0.058620107962213217 0.6945850202429149 0.06325910931174089 0.6916329284750337 0.0704284750337382 0.6899460188933872 0.07633265856950068 0.6895242914979757 0.08434547908232119 0.6903677462887988 0.08940620782726044 0.6924763832658569 0.09362348178137651 0.6962719298245613 0.09784075573549257 0.7000674763832658 0.10079284750337382 0.7047064777327935 0.10374493927125505 0.7114541160593791 0.10501012145748988 0.7194669365721997 0.10501012145748988 0.728744939271255 0.10416666666666666 0.7363360323886639 0.10163630229419703 0.746879217273954 0.09826248313090417 0.7523616734143049 0.09573211875843454 0.7570006747638326 0.09193657219973009 0.7616396761133603 0.085610661268556 0.7645917678812416 0.08181511470985155 0.7658569500674763 0.07380229419703103 0.7688090418353576
1 0.10416666666666666 0.5794534412955465 0.09573211875843454 0.5773448043184886 0.09151484480431847 0.5727058029689609 0.08940620782726044 0.56722334682861 0.08898448043184885 0.5592105263157894 0.08982793522267206 0.552041160593792 0.09235829959514169 0.5465587044534412 0.09657557354925775 0.5398110661268556 0.10079284750337382 0.5347503373819164 0.10754048582995951 0.5288461538461539 0.11344466936572199 0.5246288798920378 0.11934885290148448 0.521255060728745 0.127361673414305 0.5183029689608636 0.1336875843454791 0.5161943319838056 0.14043522267206476 0.5149291497975708 0.14549595141700405 0.5145074224021592 0.15097840755735492 0.5153508771929824 0.15519568151147095 0.5174595141700404 0.15899122807017543 0.5220985155195681 0.16109986504723345 0.5280026990553306 0.16236504723346826 0.5364372469635627 0.1632085020242915 0.541497975708502 0.1644736842105263 0.5474021592442644 0.1644736842105263 0.5524628879892037 0.16236504723346826 0.5571018893387314 0.1581477732793522 0.5625843454790823 0.15266531713900136 0.5668016194331983 0.14465249662618082 0.5718623481781376 0.13874831309041832 0.5752361673414305 0.1349527665317139 0.5769230769230769 0.13031376518218624 0.5790317139001349 0.127361673414305 0.5794534412955465 0.12356612685560053 0.5798751686909581 0.11639676113360323 0.5802968960863697
1 0.21170715249662617 0.38588056680161936 0.20200742240215921 0.3997975708502024 0.19694669365721998 0.40401484480431843 0.19146423751686908 0.40781039136302294 0.185138326585695 0.41076248313090413 0.17881241565452088 0.41329284750337375 0.17459514170040485 0.4137145748987854 0.1720647773279352 0.4137145748987854 0.16826923076923075 0.4128711201079622 0.1640519568151147 0.41118421052631576 0.16067813765182185 0.4090755735492577 0.1577260458839406 0.40485829959514164 0.15603913630229418 0.40106275303643724 0.15435222672064777 0.39178475033738186 0.15266531713900136 0.38588056680161936 0.15224358974358973 0.3808198380566801 0.15224358974358973 0.37449392712550605 0.15350877192982454 0.3681680161943319 0.15561740890688258 0.35973346828609987 0.15856950067476383 0.3521423751686909 0.16194331983805668 0.344551282051282 0.1648954116059379 0.3386470985155195 0.16911268556005396 0.33274291497975705 0.17417341430499322 0.3281039136302294 0.18049932523616735 0.32599527665317135 0.18682523616734142 0.32430836707152494 0.19399460188933873 0.32388663967611336 0.1982118758434548 0.32430836707152494 0.20158569500674764 0.32515182186234814 0.20538124156545207 0.32683873144399456 0.20917678812415652 0.330634278002699 0.21339406207827258 0.3356950067476383 0.21508097165991902 0.34202091767881243 0.21634615384615383 0.3500337381916329 0.21761133603238866 0.3588900134952766 0.21761133603238866 0.36521592442645073 0.21718960863697703 0.3715418353576248 0.21550269905533062 0.3774460188933873
1 0.012230094466936571 0.3867240215924426 0.00927800269905533 0.3698549257759784 0.009699730094466934 0.3609986504723347 0.010964912280701754 0.3529858299595141 0.01560391363022942 0.3441295546558704 0.0215080971659919 0.33611673414304993 0.02656882591093117 0.33274291497975705 0.03205128205128205 0.330634278002699 0.03795546558704453 0.3293690958164642 0.04512483130904184 0.3314777327935223 0.048920377867746286 0.33400809716599184 0.051450742240215924 0.33949055330634276 0.053559379217273946 0.3449730094466936 0.056089743589743585 0.3500337381916329 0.058198380566801614 0.3550944669365722 0.06030701754385965 0.36184210526315785 0.06157219973009446 0.36690283400809715 0.06241565452091768 0.37280701754385964 0.06241565452091768 0.38503711201079616 0.06199392712550607 0.3934716599190283 0.06072874493927125 0.3972672064777328 0.05651147098515519 0.4023279352226721 0.053559379217273946 0.4057017543859649 0.04934210526315789 0.4082321187584345 0.04470310391363022 0.4099190283400809 0.04048582995951417 0.41076248313090413 0.03542510121457489 0.41118421052631576 0.026990553306342778 0.41034075573549256 0.02361673414304993 0.4090755735492577 0.01982118758434548 0.4057017543859649 0.016869095816464237 0.400219298245614
1 0.10796221322537111 0.27834008097165985 0.10163630229419703 0.2715924426450742 0.1003711201079622 0.26779689608636975 0.10079284750337382 0.2640013495276653 0.10290148448043185 0.26020580296896084 0.10458839406207826 0.25472334682861 0.10627530364372469 0.24881916329284748 0.10754048582995951 0.24502361673414302 0.11007085020242914 0.24038461538461536 0.11302294197031038 0.2370107962213225 0.11597503373819161 0.2340587044534413 0.11934885290148448 0.23195006747638322 0.1218792172739541 0.23110661268556004 0.12609649122807015 0.2302631578947368 0.13242240215924425 0.2302631578947368 0.1366396761133603 0.23068488529014844 0.14043522267206476 0.23321524966261806 0.14380904183535761 0.2370107962213225 0.14549595141700405 0.24164979757085017 0.14633940620782723 0.24628879892037783 0.14633940620782723 0.2500843454790823 0.14591767881241563 0.25387989203778677 0.14507422402159242 0.2576754385964912 0.1425438596491228 0.26104925775978405 0.1408569500674764 0.26526653171390013 0.13874831309041832 0.26864035087719296 0.1366396761133603 0.272857624831309 0.13326585695006746 0.27538798920377866 0.13073549257759784 0.2766531713900135 0.12651821862348178 0.2787618083670715 0.11934885290148448 0.2808704453441295
1 0.028255735492577594 0.21465924426450742 0.030364372469635626 0.21845479082321184 0.03500337381916329 0.22520242914979755 0.036690283400809716 0.23068488529014844 0.038377192982456135 0.2370107962213225 0.03879892037786774 0.2433367071524966 0.03879892037786774 0.2505060728744939 0.038377192982456135 0.25683198380566796 0.03711201079622132 0.26357962213225367 0.03542510121457489 0.26948380566801616 0.033316464237516864 0.27454453441295545 0.02994264507422402 0.2779183535762483 0.025303643724696352 0.2796052631578947 0.018134278002699053 0.2796052631578947 0.012230094466936571 0.2787618083670715 0.008434547908232119 0.2770748987854251 0.004217273954116059 0.2737010796221322 0.0008434547908232118 0.270748987854251 0.0012651821862348178 0.20875506072874492 0.004217273954116059 0.2058029689608637 0.0075910931174089065 0.20453778677462886 0.01138663967611336 0.20411605937921726 0.017712550607287447 0.20538124156545207 0.02361673414304993 0.20833333333333331
1 0.15266531713900136 0.1366396761133603 0.1497132253711201 0.13242240215924425 0.14549595141700405 0.12314439946018892 0.14423076923076922 0.1151315789473684 0.14549595141700405 0.10796221322537111 0.14929149797570848 0.10374493927125505 0.15266531713900136 0.0999493927125506 0.15688259109311742 0.09784075573549257 0.16152159244264508 0.09699730094466937 0.16826923076923075 0.09741902834008095 0.17417341430499322 0.09868421052631578 0.17965587044534412 0.099527665317139 0.18471659919028338 0.1003711201079622 0.18851214574898784 0.10163630229419703 0.1931511470985155 0.10332321187584344 0.19947705802968957 0.10585357624831308 0.20369433198380565 0.10754048582995951 0.2079116059379217 0.10922739541160592 0.21086369770580296 0.11049257759784074 0.21423751686909578 0.11344466936572199 0.21718960863697703 0.11639676113360323 0.21887651821862347 0.12019230769230768 0.22014170040485828 0.12567476383265858 0.2209851551956815 0.13073549257759784 0.2209851551956815 0.1362179487179487 0.21929824561403508 0.14338731443994598 0.21634615384615383 0.14802631578947364 0.212972334682861 0.15224358974358973 0.20917678812415652 0.1564608636977058 0.20453778677462886 0.1581477732793522 0.19652496626180835 0.15941295546558704 0.18935560053981107 0.15856950067476383 0.18387314439946018 0.15688259109311742 0.17839068825910928 0.15477395411605938 0.17332995951417005 0.15140013495276652 0.16826923076923075 0.14676113360323886 0.1636302294197031 0.14423076923076922 0.1577260458839406 0.14001349527665316
1 0.22604588394062075 0.03879892037786774 0.22520242914979755 0.04048582995951417 0.21718960863697703 0.050607287449392704 0.21423751686909578 0.053559379217273946 0.21086369770580296 0.056089743589743585 0.2058029689608637 0.059041835357624826 0.2007422402159244 0.06072874493927125 0.19652496626180835 0.06072874493927125 0.19062078272604585 0.06030701754385965 0.18471659919028338 0.05735492577597841 0.17965587044534412 0.05524628879892037 0.17332995951417005 0.051450742240215924 0.1707995951417004 0.04807692307692308 0.16953441295546556 0.0430161943319838 0.16953441295546556 0.03458164642375169 0.16995614035087717 0.027834008097165987 0.1707995951417004 0.013495276653171389 0.17290823211875841 0.008012820512820512 0.17670377867746287 0.0004217273954116059 0.1779689608636977 0.0004217273954116059 0.228997975708502 0.0 0.23068488529014844 0.005060728744939271 0.23110661268556004 0.009699730094466934 0.23152834008097165 0.013495276653171389 0.23152834008097165 0.020664642375168688 0.23110661268556004 0.028255735492577594 0.22941970310391363 0.03289473684210526
1 0.3348515519568151 0.03500337381916329 0.3323211875843455 0.03289473684210526 0.32430836707152494 0.02403846153846154 0.32093454790823206 0.020664642375168688 0.31756072874493924 0.016025641025641024 0.31460863697705804 0.009699730094466934 0.3125 0.005060728744939271 0.3103913630229419 0.0008434547908232118 0.31376518218623484 0.0008434547908232118 0.3715418353576248 0.0 0.3715418353576248 0.0012651821862348178 0.37280701754385964 0.008434547908232119 0.3732287449392712 0.013073549257759783 0.3732287449392712 0.01982118758434548 0.3732287449392712 0.026147098515519565 0.37280701754385964 0.030364372469635626 0.3719635627530364 0.033738191632928474 0.36943319838056676 0.03753373819163293 0.36563765182186236 0.03879892037786774 0.36015519568151144 0.03879892037786774 0.3555161943319838 0.03879892037786774 0.3508771929824561 0.03879892037786774 0.3449730094466936 0.039220647773279355 0.34117746288798917 0.038377192982456135
1 0.8708406949352179 0.04118816254416965 0.8649514134275618 0.0548071260306243 0.8612706124852767 0.05811984687868084 0.8568536513545346 0.061064487632508865 0.8491239693757361 0.06474528857479392 0.8406581272084804 0.06695376914016493 0.8347688457008245 0.06732184923439344 0.8277753239104829 0.06695376914016493 0.8215179623085984 0.0640091283863369 0.8159967608951708 0.05922408716136635 0.8123159599528856 0.05223056537102477 0.8090032391048292 0.04192432273262666 0.8108436395759716 0.034930800942285074 0.8141563604240283 0.02683303886925798 0.8196775618374558 0.01689487632508837 0.8244626030624264 0.00953327444051829 0.829247644287397 0.004012073027090729 0.8329284452296819 0.0003312720848056872 0.8770980565371024 0.0006993521790341913 0.8800426972909304 0.00327591283863372 0.8804107773851589 0.008060954063604273 0.8804107773851589 0.015054475853945851 0.879674617196702 0.021679917550058925 0.878202296819788 0.02646495877502948 0.876729976442874 0.031250000000000035 0.8745214958775028 0.036403121319199094
0 0.8139521375464684 0.2280630421313507 0.8199543060718711 0.21993107187112765 0.8280862763320942 0.21218633828996283 0.8315714064436184 0.20947568153655516 0.8335075898389096 0.20695864312267662 0.8340884448574969 0.20502245972738542 0.8321522614622057 0.2048288413878563 0.8302160780669146 0.20560331474597277 0.8282798946716233 0.20753949814126396 0.8257628562577448 0.20947568153655516 0.8238266728624536 0.21141186493184635 0.8216968711276332 0.21354166666666669 0.8193734510532839 0.21567146840148702 0.8168564126394052 0.21876936183395293 0.8143393742255267 0.22109278190830237 0.8114350991325898 0.22380343866171007 0.8102733890954152 0.22554600371747213 0.8094989157372987 0.2272885687732342 0.809886152416357 0.22845027881040894 0.8118223358116481 0.22845027881040894
