1 0.5929129464285714 0.4292224702380952 0.5831473214285714 0.41666666666666663 0.5747767857142857 0.4041108630952381 0.5729166666666666 0.40039062499999994 0.5724516369047618 0.39713541666666663 0.5719866071428571 0.39341517857142855 0.5715215773809523 0.3892299107142857 0.5710565476190476 0.38411458333333326 0.5710565476190476 0.3794642857142857 0.5710565476190476 0.3762090773809524 0.5715215773809523 0.37248883928571425 0.5738467261904762 0.3664434523809524 0.576171875 0.3636532738095238 0.5789620535714285 0.36179315476190477 0.5826822916666666 0.36039806547619047 0.5882626488095237 0.36039806547619047 0.5943080357142857 0.36039806547619047 0.5998883928571428 0.36039806547619047 0.6040736607142857 0.36039806547619047 0.6087239583333334 0.36179315476190477 0.6143043154761904 0.36458333333333326 0.618954613095238 0.3664434523809524 0.6249999999999999 0.3692336309523809 0.6301153273809523 0.37248883928571425 0.6356956845238095 0.3766741071428571 0.6412760416666665 0.38132440476190477 0.6454613095238095 0.3859747023809524 0.6487165178571428 0.39109002976190477 0.6510416666666665 0.39667038690476186 0.6524367559523809 0.40457589285714285 0.6533668154761904 0.41155133928571425 0.6533668154761904 0.4180617559523809 0.6524367559523809 0.42457217261904756 0.6505766369047618 0.42968749999999994 0.6496465773809523 0.4334077380952381 0.6477864583333333 0.43712797619047616 0.646391369047619 0.4403831845238095 0.6412760416666665 0.44596354166666663 0.6375558035714285 0.44689360119047616 0.6319754464285714 0.44689360119047616 0.6263950892857142 0.44689360119047616 0.6212797619047618 0.44596354166666663 0.617094494047619 0.44456845238095233 0.6124441964285714 0.44270833333333326 0.609188988095238 0.44131324404761896 0.6017485119047618 0.43712797619047616 0.5980282738095237 0.43480282738095233
1 0.45944940476190477 0.4306175595238095 0.44921874999999994 0.42271205357142855 0.44596354166666663 0.41899181547619047 0.44363839285714285 0.41666666666666663 0.44084821428571425 0.41341145833333326 0.4389880952380952 0.4096912202380952 0.43852306547619047 0.40504092261904756 0.4389880952380952 0.39946056547619047 0.44084821428571425 0.39481026785714285 0.44410342261904756 0.3901599702380952 0.44689360119047616 0.38690476190476186 0.4515438988095238 0.3831845238095238 0.4599144345238095 0.3794642857142857 0.47340029761904756 0.37853422619047616 0.48316592261904756 0.3794642857142857 0.49107142857142855 0.38225446428571425 0.49804687499999994 0.3864397321428571 0.5031622023809523 0.39062499999999994 0.5087425595238095 0.3957403273809524 0.5138578869047619 0.40225074404761896 0.5161830357142857 0.4073660714285714 0.5175781249999999 0.41480654761904756 0.5180431547619047 0.42038690476190477 0.5171130952380952 0.4255022321428571 0.5147879464285714 0.43015252976190477 0.511532738095238 0.43387276785714285 0.5087425595238095 0.43480282738095233 0.5031622023809523 0.43573288690476186 0.4961867559523809 0.4366629464285714 0.49014136904761896 0.43712797619047616 0.4840959821428571 0.43712797619047616 0.4794456845238095 0.43712797619047616 0.47479538690476186 0.43712797619047616 0.46921502976190477 0.43573288690476186 0.4645647321428571 0.43387276785714285
1 0.4808407738095238 0.5003720238095238 0.48502604166666663 0.49479166666666663 0.492001488095238 0.49014136904761896 0.4989769345238095 0.48595610119047616 0.5050223214285714 0.48270089285714285 0.511532738095238 0.4794456845238095 0.5189732142857142 0.47712053571428564 0.5254836309523809 0.4757254464285714 0.5305989583333333 0.4757254464285714 0.5347842261904762 0.4757254464285714 0.5417596726190476 0.47851562499999994 0.5464099702380951 0.4808407738095238 0.5501302083333334 0.4840959821428571 0.5538504464285714 0.48828124999999994 0.5571056547619048 0.49479166666666663 0.5589657738095237 0.5003720238095238 0.5594308035714285 0.5068824404761905 0.5594308035714285 0.5110677083333333 0.5552455357142857 0.5175781249999999 0.5501302083333334 0.5222284226190476 0.5440848214285714 0.5259486607142857 0.5385044642857142 0.529203869047619 0.5329241071428571 0.5315290178571428 0.5268787202380952 0.5333891369047618 0.5189732142857142 0.5352492559523809 0.509672619047619 0.537109375 0.5013020833333333 0.537109375 0.49711681547619047 0.537109375 0.48967633928571425 0.5366443452380951 0.48456101190476186 0.5347842261904762 0.47991071428571425 0.5324590773809523 0.47712053571428564 0.5301339285714285 0.47526041666666663 0.5250186011904762 0.47479538690476186 0.5199032738095238 0.47526041666666663 0.5133928571428571 0.47758556547619047 0.5064174107142857
1 0.3669084821428571 0.5459449404761904 0.3683035714285714 0.5394345238095237 0.3706287202380952 0.5347842261904762 0.37248883928571425 0.5305989583333333 0.37388392857142855 0.5278087797619047 0.37713913690476186 0.5264136904761905 0.3831845238095238 0.5259486607142857 0.39481026785714285 0.5259486607142857 0.40318080357142855 0.5264136904761905 0.41062127976190477 0.5268787202380952 0.41666666666666663 0.5278087797619047 0.42178199404761896 0.5287388392857142 0.4306175595238095 0.5305989583333333 0.43619791666666663 0.5333891369047618 0.4403831845238095 0.5361793154761904 0.44549851190476186 0.5403645833333334 0.45061383928571425 0.5454799107142857 0.4529389880952381 0.5519903273809523 0.45340401785714285 0.5589657738095237 0.45107886904761896 0.5650111607142857 0.4473586309523809 0.5691964285714285 0.44131324404761896 0.5715215773809523 0.43480282738095233 0.5743117559523809 0.4306175595238095 0.5757068452380951 0.42410714285714285 0.5771019345238095 0.41620163690476186 0.5771019345238095 0.40922619047619047 0.5766369047619048 0.40364583333333326 0.5757068452380951 0.3962053571428571 0.5733816964285714 0.38690476190476186 0.5710565476190476 0.38132440476190477 0.568266369047619 0.37527901785714285 0.5640811011904762 0.37109374999999994 0.5608258928571428 0.36737351190476186 0.5557105654761904
1 0.26134672619047616 0.5743117559523809 0.25158110119047616 0.568266369047619 0.24739583333333331 0.5636160714285714 0.24507068452380948 0.5575706845238095 0.24414062499999997 0.5496651785714285 0.24414062499999997 0.540829613095238 0.24693080357142855 0.5305989583333333 0.25158110119047616 0.5217633928571428 0.2571614583333333 0.5152529761904762 0.26320684523809523 0.5106026785714285 0.26971726190476186 0.5073474702380952 0.27390252976190477 0.5054873511904762 0.2785528273809524 0.5040922619047619 0.2827380952380952 0.5036272321428571 0.28738839285714285 0.5036272321428571 0.29296875 0.5040922619047619 0.2985491071428571 0.5064174107142857 0.30319940476190477 0.5087425595238095 0.3083147321428571 0.5124627976190476 0.31249999999999994 0.5161830357142857 0.31529017857142855 0.5222284226190476 0.31575520833333326 0.5287388392857142 0.314360119047619 0.5347842261904762 0.3120349702380952 0.540829613095238 0.30877976190476186 0.5478050595238095 0.30412946428571425 0.5543154761904762 0.2994791666666667 0.5589657738095237 0.29343377976190477 0.5636160714285714 0.28924851190476186 0.5668712797619048 0.283203125 0.5696614583333334 0.2785528273809524 0.5715215773809523 0.2734375 0.5733816964285714 0.26785714285714285 0.5743117559523809
1 0.40085565476190477 0.28459821428571425 0.4041108630952381 0.2771577380952381 0.4073660714285714 0.2720424107142857 0.4096912202380952 0.2701822916666667 0.4124813988095238 0.2687872023809524 0.41620163690476186 0.2673921130952381 0.42131696428571425 0.2669270833333333 0.4292224702380952 0.2673921130952381 0.4389880952380952 0.26832217261904756 0.44456845238095233 0.26971726190476186 0.45061383928571425 0.2720424107142857 0.4571242559523809 0.275297619047619 0.46223958333333326 0.27948288690476186 0.46642485119047616 0.283203125 0.4696800595238095 0.28599330357142855 0.47293526785714285 0.2897135416666667 0.4757254464285714 0.29436383928571425 0.47851562499999994 0.2999441964285714 0.48037574404761896 0.304594494047619 0.4822358630952381 0.31017485119047616 0.48316592261904756 0.3162202380952381 0.48316592261904756 0.3218005952380952 0.48177083333333326 0.32877604166666663 0.47898065476190477 0.33528645833333326 0.47479538690476186 0.33947172619047616 0.47014508928571425 0.3413318452380952 0.4645647321428571 0.3413318452380952 0.4585193452380952 0.3404017857142857 0.45247395833333326 0.3390066964285714 0.44782366071428564 0.33854166666666663 0.44270833333333326 0.3371465773809524 0.43573288690476186 0.33528645833333326 0.43015252976190477 0.3329613095238095 0.42596726190476186 0.3301711309523809 0.4222470238095238 0.32691592261904756 0.41852678571428564 0.3231956845238095 0.41434151785714285 0.3180803571428571 0.4110863095238095 0.31249999999999994 0.4073660714285714 0.3059895833333333 0.40550595238095233 0.30180431547619047 0.40364583333333326 0.2966889880952381
1 0.22693452380952378 0.3273809523809524 0.23018973214285712 0.31854538690476186 0.23437499999999997 0.314360119047619 0.23716517857142855 0.3134300595238095 0.24460565476190474 0.3120349702380952 0.25297619047619047 0.31017485119047616 0.2585565476190476 0.3097098214285714 0.265531994047619 0.3097098214285714 0.27250744047619047 0.3106398809523809 0.2790178571428571 0.3120349702380952 0.285063244047619 0.31389508928571425 0.29064360119047616 0.31575520833333326 0.2938988095238095 0.3176153273809524 0.2985491071428571 0.3208705357142857 0.3022693452380952 0.32505580357142855 0.3059895833333333 0.32970610119047616 0.30691964285714285 0.33482142857142855 0.30738467261904756 0.34086681547619047 0.30738467261904756 0.34830729166666663 0.30552455357142855 0.3552827380952381 0.302734375 0.3608630952380952 0.2980840773809524 0.36551339285714285 0.2925037202380952 0.36876860119047616 0.2841331845238095 0.3706287202380952 0.27622767857142855 0.37109374999999994 0.26785714285714285 0.37109374999999994 0.26041666666666663 0.3692336309523809 0.25158110119047616 0.36551339285714285 0.24460565476190474 0.36132812499999994 0.23949032738095238 0.3571428571428571 0.23484002976190474 0.3510974702380952 0.23158482142857142 0.34598214285714285 0.22879464285714282 0.33947172619047616 0.22739955357142855 0.33249627976190477
1 0.4766555059523809 0.19670758928571427 0.47991071428571425 0.19531249999999997 0.48270089285714285 0.19531249999999997 0.48595610119047616 0.19438244047619044 0.49014136904761896 0.1939174107142857 0.49711681547619047 0.19670758928571427 0.5031622023809523 0.1999627976190476 0.5082775297619047 0.20321800595238093 0.5133928571428571 0.20647321428571427 0.5185081845238095 0.2097284226190476 0.5222284226190476 0.2134486607142857 0.5264136904761905 0.21856398809523808 0.5296688988095238 0.2232142857142857 0.5319940476190476 0.22786458333333331 0.5347842261904762 0.2329799107142857 0.5366443452380951 0.23809523809523808 0.5385044642857142 0.2427455357142857 0.5403645833333334 0.24693080357142855 0.540829613095238 0.25344122023809523 0.538969494047619 0.2576264880952381 0.537109375 0.2608816964285714 0.5338541666666666 0.2646019345238095 0.5301339285714285 0.26785714285714285 0.5250186011904762 0.2701822916666667 0.5180431547619047 0.2706473214285714 0.5106026785714285 0.2687872023809524 0.501767113095238 0.2646019345238095 0.49711681547619047 0.26181175595238093 0.47712053571428564 0.24693080357142855 0.4724702380952381 0.24228050595238093 0.46921502976190477 0.23670014880952378 0.46549479166666663 0.22972470238095238 0.4627046130952381 0.22274925595238093 0.46177455357142855 0.21809895833333331 0.4613095238095238 0.21205357142857142 0.46177455357142855 0.20833333333333331 0.46409970238095233 0.20414806547619044 0.46735491071428564 0.20089285714285712 0.46921502976190477 0.19949776785714285 0.47154017857142855 0.19856770833333331
1 0.26134672619047616 0.2790178571428571 0.2511160714285714 0.27948288690476186 0.24460565476190474 0.27808779761904756 0.2390252976190476 0.27622767857142855 0.23390997023809523 0.2720424107142857 0.2292596726190476 0.26785714285714285 0.22507440476190474 0.26320684523809523 0.22274925595238093 0.2594866071428571 0.21995907738095238 0.2525111607142857 0.21902901785714282 0.24460565476190474 0.21902901785714282 0.23763020833333331 0.22135416666666663 0.23111979166666663 0.22460937499999997 0.22693452380952378 0.22832961309523808 0.22181919642857142 0.23251488095238093 0.2194940476190476 0.23623511904761904 0.21856398809523808 0.2404203869047619 0.21763392857142855 0.24739583333333331 0.21716889880952378 0.2548363095238095 0.21716889880952378 0.26181175595238093 0.21856398809523808 0.2687872023809524 0.22135416666666663 0.2734375 0.22646949404761904 0.2766927083333333 0.23251488095238093 0.27948288690476186 0.24181547619047616 0.2804129464285714 0.24925595238095236 0.28087797619047616 0.25530133928571425 0.27948288690476186 0.2622767857142857 0.2766927083333333 0.2659970238095238 0.27250744047619047 0.2701822916666667 0.2692522321428571 0.2743675595238095
1 0.31575520833333326 0.23530505952380948 0.3134300595238095 0.2329799107142857 0.3106398809523809 0.2292596726190476 0.30877976190476186 0.22600446428571427 0.3064546130952381 0.22181919642857142 0.30412946428571425 0.21856398809523808 0.3022693452380952 0.2134486607142857 0.3022693452380952 0.20786830357142855 0.3050595238095238 0.20507812499999997 0.30738467261904756 0.20321800595238093 0.31017485119047616 0.20182291666666663 0.31296502976190477 0.2013578869047619 0.31715029761904756 0.2013578869047619 0.3218005952380952 0.2013578869047619 0.32645089285714285 0.20228794642857142 0.33249627976190477 0.20414806547619044 0.3371465773809524 0.20554315476190474 0.34319196428571425 0.20740327380952378 0.34784226190476186 0.2097284226190476 0.35295758928571425 0.21298363095238093 0.35900297619047616 0.21670386904761904 0.363188244047619 0.22042410714285712 0.3669084821428571 0.22460937499999997 0.3706287202380952 0.22972470238095238 0.37248883928571425 0.23577008928571427 0.372953869047619 0.24321056547619044 0.3720238095238095 0.2487909226190476 0.3696986607142857 0.25158110119047616 0.3664434523809524 0.25297619047619047 0.363188244047619 0.25344122023809523 0.3571428571428571 0.25344122023809523 0.35295758928571425 0.25204613095238093 0.3473772321428571 0.24925595238095236 0.34319196428571425 0.24739583333333331 0.33854166666666663 0.246000744047619 0.3329613095238095 0.24414062499999997 0.32877604166666663 0.2427455357142857 0.32366071428571425 0.2404203869047619
1 0.6059337797619048 0.2585565476190476 0.5966331845238095 0.25158110119047616 0.5933779761904762 0.24832589285714282 0.5915178571428571 0.2427455357142857 0.589657738095238 0.23763020833333331 0.5887276785714285 0.23251488095238093 0.5873325892857142 0.22507440476190474 0.5873325892857142 0.21809895833333331 0.587797619047619 0.2111235119047619 0.5901227678571428 0.20275297619047616 0.5938430059523809 0.19531249999999997 0.597563244047619 0.18926711309523808 0.6012834821428571 0.18508184523809523 0.6050037202380951 0.1841517857142857 0.6096540178571428 0.1832217261904762 0.6180245535714285 0.18601190476190474 0.6231398809523809 0.18833705357142855 0.626860119047619 0.1915922619047619 0.6291852678571428 0.19531249999999997 0.6296502976190476 0.2013578869047619 0.6296502976190476 0.20647321428571427 0.6301153273809523 0.21065848214285712 0.6305803571428571 0.21577380952380948 0.6319754464285714 0.22042410714285712 0.6329055059523809 0.22414434523809523 0.6338355654761904 0.22832961309523808 0.6347656249999999 0.23251488095238093 0.6347656249999999 0.23763020833333331 0.6338355654761904 0.24228050595238093 0.6305803571428571 0.2487909226190476 0.6273251488095237 0.25204613095238093 0.6226748511904762 0.25437127976190477 0.6184895833333334 0.2562313988095238 0.6143043154761904 0.2576264880952381
1 0.7514880952380951 0.2980840773809524 0.7352120535714285 0.2883184523809524 0.7310267857142857 0.2827380952380952 0.7287016369047618 0.27762276785714285 0.7282366071428571 0.27250744047619047 0.7296316964285714 0.2659970238095238 0.7324218749999999 0.25902157738095233 0.736142113095238 0.25437127976190477 0.7417224702380951 0.2501860119047619 0.7473028273809523 0.24786086309523808 0.7575334821428571 0.24507068452380948 0.7691592261904762 0.24228050595238093 0.7747395833333333 0.24135044642857142 0.7835751488095237 0.24181547619047616 0.7910156249999999 0.24321056547619044 0.7975260416666665 0.246000744047619 0.8021763392857142 0.24786086309523808 0.8068266369047618 0.2511160714285714 0.8105468749999999 0.2562313988095238 0.8128720238095237 0.2622767857142857 0.8147321428571428 0.2701822916666667 0.8151971726190476 0.27762276785714285 0.8142671130952379 0.2841331845238095 0.8100818452380951 0.2897135416666667 0.8054315476190476 0.2938988095238095 0.8012462797619047 0.2966889880952381 0.7933407738095237 0.2994791666666667 0.7863653273809523 0.3013392857142857 0.7803199404761904 0.30180431547619047 0.7724144345238095 0.30180431547619047 0.7649739583333333 0.30180431547619047 0.7566034226190476 0.30040922619047616
1 0.646391369047619 0.146484375 0.6468563988095237 0.1353236607142857 0.648251488095238 0.12834821428571427 0.6491815476190476 0.12509300595238096 0.6519717261904762 0.12137276785714285 0.6552269345238095 0.11765252976190474 0.6598772321428571 0.11439732142857141 0.6654575892857142 0.11114211309523808 0.6715029761904762 0.10928199404761904 0.6784784226190476 0.10788690476190474 0.6877790178571428 0.10788690476190474 0.6961495535714285 0.10835193452380952 0.7031249999999999 0.11114211309523808 0.7096354166666665 0.11346726190476189 0.7142857142857142 0.11579241071428571 0.7203311011904762 0.11904761904761904 0.7259114583333333 0.12323288690476189 0.7310267857142857 0.1278831845238095 0.734281994047619 0.1329985119047619 0.736142113095238 0.13811383928571427 0.7366071428571428 0.1427641369047619 0.7366071428571428 0.146484375 0.7356770833333333 0.15206473214285712 0.7347470238095237 0.15811011904761904 0.7333519345238095 0.1622953869047619 0.7305617559523809 0.16648065476190474 0.7282366071428571 0.16927083333333331 0.7240513392857142 0.17252604166666663 0.7198660714285714 0.17531622023809523 0.7161458333333333 0.17764136904761904 0.7105654761904762 0.1804315476190476 0.7045200892857142 0.18275669642857142 0.7007998511904762 0.1832217261904762 0.6901041666666665 0.1832217261904762 0.6845238095238095 0.1832217261904762 0.677548363095238 0.1818266369047619 0.6724330357142857 0.1804315476190476 0.6663876488095237 0.17717633928571427 0.6626674107142857 0.1743861607142857 0.6584821428571428 0.1706659226190476 0.6552269345238095 0.1669456845238095 0.6524367559523809 0.16183035714285712 0.6496465773809523 0.1571800595238095 0.648251488095238 0.15206473214285712
1 0.5022321428571428 0.10928199404761904 0.5050223214285714 0.09905133928571427 0.5073474702380952 0.09393601190476189 0.5106026785714285 0.0902157738095238 0.5133928571428571 0.08789062499999999 0.5175781249999999 0.08603050595238095 0.5240885416666666 0.08510044642857142 0.5287388392857142 0.08510044642857142 0.5343191964285714 0.08603050595238095 0.5375744047619048 0.08742559523809522 0.5422247023809523 0.08975074404761904 0.546875 0.0916108630952381 0.5510602678571428 0.09300595238095237 0.5561755952380951 0.09486607142857142 0.5594308035714285 0.09672619047619047 0.5626860119047618 0.0999813988095238 0.5650111607142857 0.10370163690476189 0.5668712797619048 0.10881696428571427 0.5668712797619048 0.11439732142857141 0.5654761904761904 0.11997767857142856 0.5626860119047618 0.12416294642857141 0.5589657738095237 0.1278831845238095 0.5533854166666666 0.13206845238095238 0.548735119047619 0.1343936011904762 0.5436197916666666 0.13625372023809523 0.5375744047619048 0.1376488095238095 0.5278087797619047 0.1376488095238095 0.5189732142857142 0.13578869047619044 0.5133928571428571 0.13253348214285712 0.5082775297619047 0.12741815476190474 0.5045572916666666 0.12183779761904762 0.5022321428571428 0.11579241071428571
1 0.7617187499999999 0.14322916666666666 0.763578869047619 0.13485863095238093 0.7645089285714285 0.13067336309523808 0.7663690476190476 0.12648809523809523 0.7686941964285714 0.12369791666666666 0.7710193452380951 0.12183779761904762 0.7742745535714285 0.12044270833333331 0.7770647321428571 0.11997767857142856 0.7807849702380951 0.11997767857142856 0.7859002976190476 0.11997767857142856 0.7891555059523809 0.12044270833333331 0.792875744047619 0.12137276785714285 0.7975260416666665 0.12369791666666666 0.8021763392857142 0.12695312499999997 0.8058965773809523 0.12974330357142855 0.8100818452380951 0.13346354166666666 0.8142671130952379 0.13718377976190474 0.8170572916666665 0.14229910714285712 0.8203124999999999 0.14834449404761904 0.822172619047619 0.15531994047619044 0.8226376488095237 0.16322544642857142 0.8217075892857142 0.16973586309523808 0.8189174107142857 0.17531622023809523 0.8147321428571428 0.17903645833333331 0.8082217261904762 0.18229166666666663 0.7998511904761904 0.18275669642857142 0.7863653273809523 0.1818266369047619 0.7793898809523809 0.17857142857142855 0.7728794642857142 0.17299107142857142 0.7686941964285714 0.16741071428571427 0.765438988095238 0.1609002976190476 0.7631138392857142 0.15438988095238093
1 0.8649553571428571 0.23018973214285712 0.8575148809523809 0.22972470238095238 0.8537946428571428 0.22646949404761904 0.8510044642857142 0.22274925595238093 0.8496093749999999 0.21763392857142855 0.8491443452380951 0.21205357142857142 0.8496093749999999 0.20507812499999997 0.851469494047619 0.19903273809523808 0.8533296130952379 0.19438244047619044 0.8561197916666665 0.18833705357142855 0.8589099702380951 0.18368675595238093 0.8621651785714285 0.17950148809523808 0.8663504464285713 0.17578124999999997 0.8691406249999999 0.17392113095238093 0.8742559523809523 0.17252604166666663 0.8784412202380951 0.1720610119047619 0.8826264880952379 0.17252604166666663 0.8868117559523809 0.17392113095238093 0.8909970238095237 0.1767113095238095 0.8937872023809523 0.17996651785714285 0.8951822916666665 0.18461681547619044 0.8961123511904762 0.18973214285714285 0.8956473214285713 0.1939174107142857 0.8947172619047618 0.19856770833333331 0.8928571428571428 0.2036830357142857 0.8900669642857142 0.20926339285714282 0.8872767857142857 0.21437872023809523 0.8844866071428571 0.21809895833333331 0.8816964285714285 0.22135416666666663 0.8751860119047618 0.22693452380952378
1 0.9379650297619047 0.33854166666666663 0.9286644345238095 0.34598214285714285 0.9235491071428571 0.3473772321428571 0.9175037202380951 0.34830729166666663 0.9114583333333333 0.3487723214285714 0.9030877976190476 0.34830729166666663 0.8947172619047618 0.34644717261904756 0.8863467261904762 0.34319196428571425 0.8798363095238095 0.3390066964285714 0.8751860119047618 0.33342633928571425 0.8733258928571428 0.32691592261904756 0.8733258928571428 0.3180803571428571 0.8751860119047618 0.3106398809523809 0.8784412202380951 0.304594494047619 0.8821614583333333 0.3013392857142857 0.8896019345238095 0.2994791666666667 0.8998325892857142 0.29901413690476186 0.9058779761904762 0.2994791666666667 0.9123883928571428 0.3008742559523809 0.9179687499999999 0.3022693452380952 0.9235491071428571 0.30412946428571425 0.9263392857142857 0.30552455357142855 0.9300595238095237 0.30738467261904756 0.9337797619047618 0.3106398809523809 0.9365699404761904 0.31575520833333326 0.9388950892857142 0.32133556547619047 0.9398251488095237 0.32645089285714285 0.9402901785714285 0.3315662202380952
1 0.8840215773809523 0.36551339285714285 0.890531994047619 0.3762090773809524 0.8919270833333333 0.37853422619047616 0.8942522321428571 0.382719494047619 0.8961123511904762 0.3859747023809524 0.8975074404761904 0.3892299107142857 0.8993675595238095 0.39481026785714285 0.9007626488095237 0.3989955357142857 0.9016927083333333 0.40318080357142855 0.9026227678571428 0.40783110119047616 0.9030877976190476 0.41434151785714285 0.9035528273809523 0.41992187499999994 0.9035528273809523 0.42317708333333326 0.9026227678571428 0.4268973214285714 0.900297619047619 0.43015252976190477 0.8975074404761904 0.4320126488095238 0.8928571428571428 0.43294270833333326 0.8858816964285713 0.43247767857142855 0.8803013392857142 0.43015252976190477 0.8770461309523809 0.4268973214285714 0.8728608630952379 0.42178199404761896 0.8691406249999999 0.41620163690476186 0.8654203869047618 0.41201636904761896 0.8621651785714285 0.4073660714285714 0.8593749999999999 0.40318080357142855 0.8565848214285713 0.3962053571428571 0.8542596726190476 0.3892299107142857 0.8523995535714285 0.3831845238095238 0.8510044642857142 0.3748139880952381 0.8500744047619047 0.36597842261904756 0.851469494047619 0.3622581845238095 0.8551897321428571 0.3599330357142857 0.8584449404761904 0.35900297619047616 0.8635602678571428 0.35807291666666663 0.8682105654761904 0.35807291666666663 0.8742559523809523 0.35807291666666663 0.8789062499999999 0.36039806547619047
1 0.372953869047619 0.1427641369047619 0.36272321428571425 0.13718377976190474 0.3585379464285714 0.1329985119047619 0.35202752976190477 0.12695312499999997 0.3497023809523809 0.12462797619047618 0.34784226190476186 0.11904761904761904 0.34784226190476186 0.11532738095238095 0.3487723214285714 0.10928199404761904 0.3510974702380952 0.10416666666666666 0.3538876488095238 0.0999813988095238 0.3585379464285714 0.09626116071428571 0.36411830357142855 0.09440104166666666 0.3734188988095238 0.09440104166666666 0.37992931547619047 0.09486607142857142 0.3831845238095238 0.09626116071428571 0.3887648809523809 0.09812127976190475 0.39341517857142855 0.09951636904761904 0.3976004464285714 0.10184151785714285 0.40039062499999994 0.10277157738095237 0.40318080357142855 0.10370163690476189 0.4073660714285714 0.10556175595238095 0.4124813988095238 0.11114211309523808 0.41480654761904756 0.11486235119047619 0.4171316964285714 0.12137276785714285 0.41852678571428564 0.12741815476190474 0.41852678571428564 0.1329985119047619 0.41852678571428564 0.13718377976190474 0.4157366071428571 0.13997395833333334 0.41155133928571425 0.14369419642857142 0.40643601190476186 0.146484375 0.3999255952380952 0.14787946428571427 0.39388020833333326 0.14787946428571427 0.38829985119047616 0.14787946428571427 0.38225446428571425 0.14694940476190474
1 0.5840773809523809 0.08742559523809522 0.5771019345238095 0.07626488095238095 0.5752418154761904 0.06882440476190475 0.5733816964285714 0.06045386904761904 0.5724516369047618 0.05394345238095237 0.5715215773809523 0.04743303571428571 0.5710565476190476 0.04185267857142857 0.5715215773809523 0.03487723214285714 0.5733816964285714 0.028831845238095236 0.576171875 0.024181547619047616 0.5789620535714285 0.019531249999999997 0.5850074404761904 0.014415922619047618 0.5887276785714285 0.014415922619047618 0.5938430059523809 0.014415922619047618 0.5984933035714285 0.015345982142857142 0.6026785714285714 0.01720610119047619 0.6050037202380951 0.019066220238095236 0.609188988095238 0.02278645833333333 0.6115141369047618 0.026506696428571428 0.6133742559523809 0.030691964285714284 0.6147693452380951 0.03441220238095238 0.6166294642857142 0.03859747023809523 0.6180245535714285 0.04417782738095238 0.618954613095238 0.05068824404761904 0.6194196428571428 0.056268601190476185 0.6194196428571428 0.06045386904761904 0.618954613095238 0.06742931547619047 0.617094494047619 0.0720796130952381 0.6147693452380951 0.07765997023809522 0.6129092261904762 0.08277529761904762 0.6105840773809523 0.08789062499999999 0.6082589285714285 0.09207589285714285 0.6050037202380951 0.09393601190476189 0.5989583333333334 0.09486607142857142 0.5938430059523809 0.09486607142857142 0.589657738095238 0.09440104166666666
1 0.24925595238095236 0.07393973214285714 0.24786086309523808 0.0706845238095238 0.24693080357142855 0.06649925595238095 0.24646577380952378 0.06231398809523809 0.24739583333333331 0.05766369047619047 0.25065104166666663 0.0548735119047619 0.25344122023809523 0.04975818452380952 0.25669642857142855 0.04882812499999999 0.2646019345238095 0.046968005952380945 0.26971726190476186 0.046502976190476185 0.27390252976190477 0.046502976190476185 0.27808779761904756 0.04743303571428571 0.2827380952380952 0.04836309523809523 0.2883184523809524 0.05022321428571428 0.29343377976190477 0.05161830357142857 0.2980840773809524 0.053013392857142856 0.302734375 0.05394345238095237 0.30691964285714285 0.05533854166666666 0.3111049107142857 0.05766369047619047 0.31389508928571425 0.05952380952380952 0.31529017857142855 0.06184895833333333 0.3176153273809524 0.06649925595238095 0.31901041666666663 0.07021949404761904 0.3204055059523809 0.07440476190476189 0.3208705357142857 0.07952008928571427 0.3208705357142857 0.08277529761904762 0.3204055059523809 0.08789062499999999 0.31854538690476186 0.09254092261904762 0.314360119047619 0.09812127976190475 0.30877976190476186 0.10230654761904762 0.3022693452380952 0.10323660714285714 0.29575892857142855 0.10323660714285714 0.2901785714285714 0.10323660714285714 0.28227306547619047 0.10184151785714285 0.2757626488095238 0.09951636904761904 0.26785714285714285 0.09579613095238095 0.2622767857142857 0.09254092261904762 0.2585565476190476 0.08928571428571427 0.25437127976190477 0.08370535714285714 0.25204613095238093 0.07952008928571427
1 0.0818452380952381 0.40550595238095233 0.08417038690476189 0.40085565476190477 0.08789062499999999 0.3962053571428571 0.0916108630952381 0.39341517857142855 0.09486607142857142 0.39202008928571425 0.0999813988095238 0.39062499999999994 0.10881696428571427 0.3892299107142857 0.1195126488095238 0.3892299107142857 0.12741815476190474 0.38969494047619047 0.1343936011904762 0.39109002976190477 0.14090401785714285 0.3929501488095238 0.14694940476190474 0.3962053571428571 0.1525297619047619 0.3999255952380952 0.15624999999999997 0.40364583333333326 0.15997023809523808 0.40876116071428564 0.1622953869047619 0.4138764880952381 0.1636904761904762 0.41759672619047616 0.16415550595238093 0.42131696428571425 0.1636904761904762 0.42457217261904756 0.16043526785714285 0.42875744047619047 0.1571800595238095 0.43387276785714285 0.1548549107142857 0.43573288690476186 0.15159970238095238 0.4375930059523809 0.14880952380952378 0.43945312499999994 0.1427641369047619 0.43991815476190477 0.13578869047619044 0.4403831845238095 0.12974330357142855 0.4403831845238095 0.12183779761904762 0.4403831845238095 0.11625744047619047 0.4403831845238095 0.1097470238095238 0.4403831845238095 0.10323660714285714 0.4389880952380952 0.09812127976190475 0.43619791666666663 0.09300595238095237 0.43108258928571425 0.08835565476190475 0.42503720238095233 0.08417038690476189 0.41759672619047616 0.08277529761904762 0.41341145833333326
1 0.09254092261904762 0.3273809523809524 0.08649553571428571 0.32645089285714285 0.07905505952380952 0.32273065476190477 0.07440476190476189 0.3176153273809524 0.07161458333333333 0.3092447916666667 0.07161458333333333 0.30040922619047616 0.07393973214285714 0.29296875 0.07952008928571427 0.28738839285714285 0.08789062499999999 0.28227306547619047 0.09533110119047619 0.28087797619047616 0.10463169642857141 0.2799479166666667 0.11300223214285714 0.2799479166666667 0.11997767857142856 0.28087797619047616 0.12695312499999997 0.28366815476190477 0.13253348214285712 0.2883184523809524 0.13718377976190474 0.2938988095238095 0.13997395833333334 0.30040922619047616 0.13997395833333334 0.3059895833333333 0.13904389880952378 0.3120349702380952 0.13671875 0.3176153273809524 0.13020833333333331 0.3218005952380952 0.12416294642857141 0.3245907738095238 0.11625744047619047 0.3259858630952381 0.10881696428571427 0.32691592261904756 0.10184151785714285 0.32691592261904756
1 0.12090773809523808 0.5110677083333333 0.10788690476190474 0.509672619047619 0.10323660714285714 0.5082775297619047 0.09905133928571427 0.5068824404761905 0.09579613095238095 0.49990699404761896 0.09533110119047619 0.49525669642857134 0.09812127976190475 0.49014136904761896 0.10184151785714285 0.4854910714285714 0.10556175595238095 0.48177083333333326 0.11021205357142856 0.47898065476190477 0.11486235119047619 0.47619047619047616 0.1195126488095238 0.4743303571428571 0.12323288690476189 0.4724702380952381 0.12834821428571427 0.4696800595238095 0.13485863095238093 0.4682849702380952 0.14043898809523808 0.4682849702380952 0.1450892857142857 0.4682849702380952 0.14973958333333334 0.4682849702380952 0.15438988095238093 0.4682849702380952 0.15997023809523808 0.4682849702380952 0.16415550595238093 0.4682849702380952 0.17020089285714285 0.4682849702380952 0.17299107142857142 0.46921502976190477 0.17624627976190474 0.47200520833333326 0.17810639880952378 0.47526041666666663 0.17810639880952378 0.47991071428571425 0.17717633928571427 0.48502604166666663 0.17485119047619044 0.48874627976190477 0.16973586309523808 0.49339657738095233 0.16648065476190474 0.4975818452380952 0.16322544642857142 0.5013020833333333 0.1571800595238095 0.5054873511904762 0.15159970238095238 0.5082775297619047 0.146484375 0.5101376488095238 0.1413690476190476 0.511532738095238 0.13671875 0.5124627976190476 0.12741815476190474 0.5124627976190476
1 0.07998511904761904 0.5417596726190476 0.08277529761904762 0.5385044642857142 0.08603050595238095 0.5357142857142857 0.08928571428571427 0.5338541666666666 0.09393601190476189 0.5324590773809523 0.09858630952380952 0.5319940476190476 0.10323660714285714 0.5319940476190476 0.10835193452380952 0.5329241071428571 0.11393229166666666 0.5343191964285714 0.11904761904761904 0.5361793154761904 0.12369791666666666 0.5385044642857142 0.12834821428571427 0.5412946428571428 0.13253348214285712 0.5431547619047618 0.13671875 0.5459449404761904 0.14043898809523808 0.548735119047619 0.14322916666666666 0.5529203869047618 0.14555431547619044 0.556640625 0.14694940476190474 0.5617559523809523 0.1474144345238095 0.56640625 0.14787946428571427 0.5719866071428571 0.14787946428571427 0.576171875 0.14601934523809523 0.5794270833333334 0.1427641369047619 0.5822172619047618 0.13950892857142855 0.5845424107142857 0.13392857142857142 0.5859375 0.12462797619047618 0.5864025297619048 0.11765252976190474 0.5868675595238095 0.10928199404761904 0.5859375 0.10277157738095237 0.5840773809523809 0.09486607142857142 0.579892113095238 0.08789062499999999 0.5733816964285714 0.08324032738095237 0.5668712797619048 0.08091517857142856 0.560360863095238 0.07998511904761904 0.5529203869047618
1 0.21530877976190474 0.6003534226190476 0.22832961309523808 0.6045386904761904 0.23530505952380948 0.6063988095238095 0.24181547619047616 0.6082589285714285 0.24553571428571427 0.6101190476190476 0.24786086309523808 0.6124441964285714 0.2487909226190476 0.6161644345238095 0.24925595238095236 0.6208147321428571 0.24739583333333331 0.6259300595238095 0.2427455357142857 0.6315104166666665 0.23716517857142855 0.6356956845238095 0.23018973214285712 0.638485863095238 0.22135416666666663 0.6408110119047618 0.21391369047619044 0.6422061011904762 0.20647321428571427 0.6436011904761904 0.1962425595238095 0.6436011904761904 0.18833705357142855 0.6431361607142857 0.18136160714285712 0.6398809523809523 0.17578124999999997 0.6356956845238095 0.1706659226190476 0.6296502976190476 0.16787574404761904 0.6222098214285714 0.16741071428571427 0.6161644345238095 0.16741071428571427 0.6115141369047618 0.16973586309523808 0.607328869047619 0.1743861607142857 0.6045386904761904 0.18368675595238093 0.6026785714285714 0.1915922619047619 0.6012834821428571 0.19810267857142855 0.5998883928571428 0.20554315476190474 0.5989583333333334
1 0.13113839285714285 0.7375372023809523 0.11486235119047619 0.7300967261904762 0.10928199404761904 0.7268415178571428 0.10323660714285714 0.7221912202380951 0.09672619047619047 0.7161458333333333 0.09207589285714285 0.7087053571428571 0.09114583333333331 0.7021949404761904 0.09254092261904762 0.6961495535714285 0.09486607142857142 0.6910342261904762 0.09765624999999999 0.6877790178571428 0.10091145833333331 0.6845238095238095 0.10556175595238095 0.6821986607142857 0.1097470238095238 0.6794084821428571 0.11625744047619047 0.6780133928571428 0.1278831845238095 0.6780133928571428 0.13578869047619044 0.6780133928571428 0.1441592261904762 0.6789434523809523 0.15066964285714285 0.6808035714285714 0.15764508928571427 0.6831287202380951 0.1622953869047619 0.685453869047619 0.16648065476190474 0.6887090773809523 0.1706659226190476 0.6928943452380951 0.1743861607142857 0.6975446428571428 0.17764136904761904 0.7040550595238095 0.17903645833333331 0.7105654761904762 0.17950148809523808 0.7180059523809523 0.17903645833333331 0.7240513392857142 0.17717633928571427 0.7277715773809523 0.17299107142857142 0.7319568452380951 0.1669456845238095 0.7356770833333333 0.16276041666666663 0.7375372023809523 0.15857514880952378 0.7384672619047618 0.15299479166666666 0.7393973214285714 0.14694940476190474 0.7393973214285714 0.14043898809523808 0.7389322916666665
1 0.31296502976190477 0.7328869047619048 0.29761904761904756 0.7305617559523809 0.2925037202380952 0.7287016369047618 0.2897135416666667 0.7268415178571428 0.28738839285714285 0.7217261904761904 0.28599330357142855 0.714750744047619 0.28599330357142855 0.706845238095238 0.2864583333333333 0.6989397321428571 0.28738839285714285 0.6924293154761904 0.2897135416666667 0.6863839285714285 0.2915736607142857 0.6803385416666665 0.29343377976190477 0.6747581845238095 0.2980840773809524 0.6663876488095237 0.302734375 0.658017113095238 0.30691964285714285 0.6538318452380951 0.31249999999999994 0.6496465773809523 0.3180803571428571 0.646391369047619 0.3231956845238095 0.6440662202380951 0.3301711309523809 0.6431361607142857 0.3343563988095238 0.6431361607142857 0.34086681547619047 0.6436011904761904 0.34458705357142855 0.6449962797619048 0.34830729166666663 0.6473214285714285 0.3510974702380952 0.6496465773809523 0.35435267857142855 0.6529017857142857 0.35760788690476186 0.6575520833333333 0.3594680059523809 0.6631324404761904 0.3608630952380952 0.6705729166666665 0.36132812499999994 0.6770833333333333 0.36132812499999994 0.6845238095238095 0.3608630952380952 0.6914992559523809 0.35900297619047616 0.697079613095238 0.3552827380952381 0.7045200892857142 0.35063244047619047 0.7110305059523809 0.34458705357142855 0.7161458333333333 0.33947172619047616 0.7217261904761904 0.33482142857142855 0.7254464285714285 0.32970610119047616 0.7282366071428571 0.32366071428571425 0.7310267857142857 0.3180803571428571 0.7324218749999999
1 0.5305989583333333 0.7473028273809523 0.5189732142857142 0.7477678571428571 0.5133928571428571 0.745907738095238 0.5082775297619047 0.7431175595238095 0.5031622023809523 0.7393973214285714 0.49804687499999994 0.734281994047619 0.4938616071428571 0.7291666666666665 0.49014136904761896 0.7217261904761904 0.4878162202380952 0.7133556547619048 0.4864211309523809 0.7054501488095237 0.48595610119047616 0.6989397321428571 0.4854910714285714 0.6919642857142857 0.4854910714285714 0.6840587797619048 0.48735119047619047 0.6766183035714285 0.48967633928571425 0.6715029761904762 0.49246651785714285 0.667782738095238 0.49572172619047616 0.6645275297619048 0.5003720238095238 0.6626674107142857 0.5087425595238095 0.6617373511904762 0.5152529761904762 0.6612723214285714 0.5203683035714285 0.6617373511904762 0.5245535714285714 0.6631324404761904 0.529203869047619 0.6654575892857142 0.5338541666666666 0.6687127976190476 0.5375744047619048 0.6733630952380951 0.5412946428571428 0.6780133928571428 0.5450148809523809 0.6845238095238095 0.5478050595238095 0.6919642857142857 0.5496651785714285 0.6984747023809523 0.550595238095238 0.7059151785714285 0.5510602678571428 0.7119605654761904 0.5510602678571428 0.7180059523809523 0.550595238095238 0.7249813988095237 0.5492001488095237 0.7310267857142857 0.5473400297619048 0.7352120535714285 0.5436197916666666 0.7403273809523809 0.5403645833333334 0.7435825892857142
1 0.41015624999999994 0.8393787202380951 0.39388020833333326 0.8365885416666665 0.39109002976190477 0.8347284226190476 0.3864397321428571 0.8314732142857142 0.38411458333333326 0.8291480654761904 0.38085937499999994 0.8240327380952379 0.3789992559523809 0.8207775297619047 0.37713913690476186 0.8161272321428571 0.37574404761904756 0.812406994047619 0.37527901785714285 0.8077566964285713 0.37527901785714285 0.8031063988095237 0.37760416666666663 0.7970610119047618 0.38085937499999994 0.7933407738095237 0.3845796130952381 0.7900855654761904 0.3901599702380952 0.7877604166666665 0.3985305059523809 0.7863653273809523 0.4096912202380952 0.7868303571428571 0.41666666666666663 0.7882254464285714 0.4222470238095238 0.7905505952380951 0.4268973214285714 0.7933407738095237 0.4320126488095238 0.7989211309523809 0.4352678571428571 0.8040364583333333 0.4375930059523809 0.8110119047619047 0.4389880952380952 0.8170572916666665 0.4389880952380952 0.8235677083333333 0.4375930059523809 0.8291480654761904 0.43480282738095233 0.8333333333333333 0.43154761904761896 0.8361235119047618 0.4268973214285714 0.8379836309523809 0.4208519345238095 0.8389136904761904
1 0.2897135416666667 0.8463541666666665 0.27948288690476186 0.8393787202380951 0.2766927083333333 0.8347284226190476 0.27390252976190477 0.8277529761904762 0.2734375 0.8207775297619047 0.27390252976190477 0.8128720238095237 0.2757626488095238 0.8082217261904762 0.2785528273809524 0.8045014880952379 0.2827380952380952 0.8021763392857142 0.2883184523809524 0.8007812499999999 0.2962239583333333 0.8003162202380951 0.30412946428571425 0.8003162202380951 0.3120349702380952 0.8007812499999999 0.3208705357142857 0.802641369047619 0.32645089285714285 0.8049665178571428 0.3315662202380952 0.8082217261904762 0.33621651785714285 0.812406994047619 0.34086681547619047 0.8170572916666665 0.34458705357142855 0.8217075892857142 0.3473772321428571 0.8272879464285713 0.34923735119047616 0.8333333333333333 0.3501674107142857 0.8389136904761904 0.3501674107142857 0.8444940476190476 0.34923735119047616 0.8491443452380951 0.3441220238095238 0.8551897321428571 0.33854166666666663 0.8570498511904762 0.3306361607142857 0.8575148809523809 0.32273065476190477 0.8570498511904762 0.314360119047619 0.8551897321428571 0.30552455357142855 0.8523995535714285
1 0.44689360119047616 0.8458891369047618 0.45340401785714285 0.8412388392857142 0.45758928571428564 0.8398437499999999 0.4645647321428571 0.8389136904761904 0.47293526785714285 0.8389136904761904 0.4780505952380952 0.8403087797619047 0.4822358630952381 0.8421688988095237 0.48688616071428564 0.8449590773809523 0.49107142857142855 0.8477492559523809 0.49525669642857134 0.8510044642857142 0.49944196428571425 0.8556547619047618 0.5031622023809523 0.8603050595238095 0.5064174107142857 0.8668154761904762 0.5087425595238095 0.8728608630952379 0.5106026785714285 0.8803013392857142 0.511532738095238 0.8872767857142857 0.511532738095238 0.8942522321428571 0.509672619047619 0.8993675595238095 0.5054873511904762 0.9035528273809523 0.49944196428571425 0.9068080357142857 0.49432663690476186 0.9077380952380951 0.48874627976190477 0.9058779761904762 0.48316592261904756 0.9030877976190476 0.47526041666666663 0.9007626488095237 0.46316964285714285 0.8928571428571428 0.46037946428571425 0.8909970238095237 0.4561941964285714 0.8877418154761904 0.45107886904761896 0.8830915178571428 0.44782366071428564 0.8789062499999999 0.44456845238095233 0.8728608630952379 0.44270833333333326 0.8682105654761904 0.44224330357142855 0.8635602678571428 0.44224330357142855 0.8575148809523809 0.44270833333333326 0.8533296130952379
1 0.5887276785714285 0.8965773809523809 0.5715215773809523 0.8891369047619047 0.5673363095238095 0.8863467261904762 0.5645461309523809 0.8835565476190476 0.5617559523809523 0.8784412202380951 0.5598958333333334 0.8733258928571428 0.558500744047619 0.8686755952380951 0.558500744047619 0.8635602678571428 0.5594308035714285 0.8584449404761904 0.5617559523809523 0.8537946428571428 0.5650111607142857 0.8491443452380951 0.5691964285714285 0.8454241071428571 0.5747767857142857 0.8421688988095237 0.5808221726190476 0.8398437499999999 0.5864025297619048 0.8389136904761904 0.5947730654761904 0.8384486607142857 0.6012834821428571 0.8384486607142857 0.6082589285714285 0.8393787202380951 0.615234375 0.8407738095238095 0.6217447916666666 0.841703869047619 0.6277901785714285 0.8435639880952379 0.6329055059523809 0.8458891369047618 0.6375558035714285 0.8486793154761904 0.6417410714285714 0.851469494047619 0.6468563988095237 0.8556547619047618 0.6491815476190476 0.8603050595238095 0.6501116071428571 0.8677455357142857 0.6491815476190476 0.8737909226190476 0.6445312499999999 0.8789062499999999 0.6408110119047618 0.8830915178571428 0.6361607142857142 0.8882068452380951 0.6315104166666665 0.8923921130952379 0.6236049107142857 0.8965773809523809 0.617094494047619 0.8984374999999999 0.6096540178571428 0.8993675595238095 0.6008184523809523 0.8984374999999999
1 0.6045386904761904 0.7026599702380951 0.6115141369047618 0.6933593749999999 0.6143043154761904 0.6919642857142857 0.6194196428571428 0.6914992559523809 0.6245349702380951 0.6914992559523809 0.6296502976190476 0.6924293154761904 0.6343005952380951 0.6938244047619048 0.6394159226190476 0.6961495535714285 0.6445312499999999 0.6989397321428571 0.6496465773809523 0.7017299107142857 0.6542968749999999 0.704985119047619 0.6584821428571428 0.7082403273809523 0.6622023809523809 0.7114955357142857 0.6654575892857142 0.7142857142857142 0.6691778273809523 0.7175409226190476 0.6728980654761904 0.7212611607142857 0.6761532738095237 0.7231212797619048 0.6784784226190476 0.7259114583333333 0.6789434523809523 0.7305617559523809 0.6789434523809523 0.7375372023809523 0.677548363095238 0.7426525297619048 0.6738281249999999 0.7477678571428571 0.6696428571428571 0.7505580357142857 0.6631324404761904 0.7505580357142857 0.6519717261904762 0.7486979166666665 0.6440662202380951 0.7463727678571428 0.636625744047619 0.7435825892857142 0.6296502976190476 0.7398623511904762 0.6231398809523809 0.736142113095238 0.6166294642857142 0.7324218749999999 0.6115141369047618 0.7277715773809523 0.6082589285714285 0.7235863095238095 0.6050037202380951 0.7180059523809523
1 0.6119791666666666 0.6394159226190476 0.6105840773809523 0.6291852678571428 0.6119791666666666 0.6263950892857142 0.6143043154761904 0.6222098214285714 0.617094494047619 0.6180245535714285 0.6194196428571428 0.6147693452380951 0.6222098214285714 0.6129092261904762 0.6263950892857142 0.6105840773809523 0.6319754464285714 0.609188988095238 0.6370907738095237 0.6077938988095237 0.6426711309523809 0.6077938988095237 0.6487165178571428 0.6077938988095237 0.6538318452380951 0.6096540178571428 0.6584821428571428 0.6115141369047618 0.6645275297619048 0.6138392857142857 0.667782738095238 0.6166294642857142 0.6710379464285714 0.6217447916666666 0.6728980654761904 0.626860119047619 0.6728980654761904 0.6319754464285714 0.6710379464285714 0.6356956845238095 0.667782738095238 0.6398809523809523 0.6645275297619048 0.6426711309523809 0.6598772321428571 0.6459263392857142 0.6547619047619048 0.6487165178571428 0.6487165178571428 0.6505766369047618 0.6422061011904762 0.6515066964285714 0.6361607142857142 0.6515066964285714 0.628720238095238 0.6505766369047618 0.6217447916666666 0.6487165178571428 0.6166294642857142 0.646391369047619
1 0.7277715773809523 0.6036086309523809 0.7142857142857142 0.5970982142857142 0.7096354166666665 0.5929129464285714 0.7040550595238095 0.5873325892857142 0.7003348214285714 0.5822172619047618 0.6984747023809523 0.5766369047619048 0.6980096726190476 0.5691964285714285 0.6989397321428571 0.5622209821428571 0.7031249999999999 0.5575706845238095 0.7091703869047618 0.5547805059523809 0.7212611607142857 0.5543154761904762 0.7300967261904762 0.5543154761904762 0.7384672619047618 0.5552455357142857 0.7454427083333333 0.556640625 0.7524181547619048 0.5589657738095237 0.7579985119047618 0.5617559523809523 0.763578869047619 0.5654761904761904 0.7682291666666665 0.5696614583333334 0.7724144345238095 0.5747767857142857 0.775204613095238 0.5784970238095237 0.7789248511904762 0.5836123511904762 0.7803199404761904 0.5887276785714285 0.7807849702380951 0.5943080357142857 0.7803199404761904 0.6008184523809523 0.7779947916666665 0.60546875 0.7719494047619048 0.607328869047619 0.7631138392857142 0.6077938988095237 0.7570684523809523 0.6082589285714285 0.7514880952380951 0.6082589285714285 0.7445126488095237 0.607328869047619 0.7366071428571428 0.60546875
1 0.6914992559523809 0.6556919642857142 0.6989397321428571 0.6449962797619048 0.7031249999999999 0.6408110119047618 0.7073102678571428 0.6380208333333333 0.7138206845238095 0.6361607142857142 0.7240513392857142 0.6356956845238095 0.7305617559523809 0.6361607142857142 0.736142113095238 0.6380208333333333 0.7421874999999999 0.6408110119047618 0.7473028273809523 0.6440662202380951 0.7519531249999999 0.6473214285714285 0.7552083333333333 0.6510416666666665 0.7579985119047618 0.6556919642857142 0.7589285714285714 0.6608072916666665 0.7589285714285714 0.6682477678571428 0.7579985119047618 0.6747581845238095 0.7561383928571428 0.6808035714285714 0.7533482142857142 0.687313988095238 0.7496279761904762 0.6919642857142857 0.7426525297619048 0.6956845238095237 0.7370721726190476 0.6956845238095237 0.7291666666666665 0.6947544642857142 0.7240513392857142 0.6933593749999999 0.7170758928571428 0.6896391369047618 0.7105654761904762 0.6859188988095237 0.704985119047619 0.6826636904761904 0.7017299107142857 0.6798735119047618 0.6980096726190476 0.6761532738095237 0.6947544642857142 0.6710379464285714 0.6933593749999999 0.6673177083333333
1 0.8440290178571428 0.6031436011904762 0.8444940476190476 0.5891927083333334 0.8468191964285713 0.5831473214285714 0.8510044642857142 0.5766369047619048 0.8542596726190476 0.5733816964285714 0.8598400297619047 0.5724516369047618 0.8672805059523809 0.5733816964285714 0.8747209821428571 0.576171875 0.8816964285714285 0.5794270833333334 0.8877418154761904 0.5845424107142857 0.8923921130952379 0.5915178571428571 0.8979724702380951 0.6022135416666666 0.9007626488095237 0.6110491071428571 0.9012276785714285 0.6198846726190476 0.8998325892857142 0.628720238095238 0.8970424107142857 0.6343005952380951 0.8919270833333333 0.6375558035714285 0.8835565476190476 0.6403459821428571 0.8775111607142857 0.6408110119047618 0.8677455357142857 0.638485863095238 0.8621651785714285 0.6361607142857142 0.8542596726190476 0.6301153273809523 0.8500744047619047 0.6254650297619048 0.8472842261904762 0.6203497023809523 0.8440290178571428 0.6129092261904762
1 0.9030877976190476 0.538969494047619 0.890531994047619 0.529203869047619 0.8858816964285713 0.5222284226190476 0.8821614583333333 0.5161830357142857 0.8812313988095237 0.5101376488095238 0.8816964285714285 0.5022321428571428 0.8835565476190476 0.49665178571428564 0.8863467261904762 0.49246651785714285 0.8900669642857142 0.49014136904761896 0.8970424107142857 0.48874627976190477 0.9035528273809523 0.48874627976190477 0.9095982142857142 0.4892113095238095 0.9128534226190476 0.4906063988095238 0.9165736607142857 0.492001488095238 0.9221540178571428 0.49479166666666663 0.9277343749999999 0.49804687499999994 0.9333147321428571 0.5022321428571428 0.9388950892857142 0.5059523809523809 0.9435453869047618 0.5101376488095238 0.9472656249999999 0.5152529761904762 0.9514508928571428 0.5245535714285714 0.9533110119047618 0.531063988095238 0.9547061011904762 0.538969494047619 0.9547061011904762 0.5492001488095237 0.9523809523809523 0.556640625 0.9468005952380951 0.5612909226190476 0.9384300595238095 0.560360863095238 0.9319196428571428 0.5580357142857142 0.9235491071428571 0.5552455357142857 0.9175037202380951 0.5510602678571428
1 0.9058779761904762 0.7338169642857142 0.8937872023809523 0.724516369047619 0.8891369047619047 0.7203311011904762 0.8835565476190476 0.7138206845238095 0.8784412202380951 0.7063802083333333 0.8761160714285713 0.697079613095238 0.8751860119047618 0.6868489583333333 0.8761160714285713 0.6798735119047618 0.8793712797619047 0.6733630952380951 0.8830915178571428 0.6691778273809523 0.8914620535714285 0.6668526785714285 0.9012276785714285 0.6668526785714285 0.9091331845238095 0.6682477678571428 0.9175037202380951 0.6705729166666665 0.9263392857142857 0.6752232142857142 0.9328497023809523 0.6794084821428571 0.9384300595238095 0.6840587797619048 0.9430803571428571 0.6887090773809523 0.9472656249999999 0.6942894345238095 0.9509858630952379 0.7021949404761904 0.9523809523809523 0.714750744047619 0.9523809523809523 0.7226562499999999 0.9514508928571428 0.7291666666666665 0.9477306547619047 0.736142113095238 0.9426153273809523 0.7403273809523809 0.9365699404761904 0.7412574404761904 0.9281994047619047 0.7403273809523809 0.9202938988095237 0.7389322916666665
1 0.7194010416666665 0.7519531249999999 0.7217261904761904 0.7463727678571428 0.7249813988095237 0.7412574404761904 0.7291666666666665 0.7366071428571428 0.7347470238095237 0.7338169642857142 0.7417224702380951 0.7324218749999999 0.7500930059523809 0.7324218749999999 0.7584635416666665 0.7338169642857142 0.7668340773809523 0.7380022321428571 0.7756696428571428 0.7435825892857142 0.7821800595238095 0.7500930059523809 0.7877604166666665 0.7570684523809523 0.7910156249999999 0.763578869047619 0.7933407738095237 0.7705543154761904 0.7933407738095237 0.7793898809523809 0.792875744047619 0.7863653273809523 0.7910156249999999 0.792875744047619 0.7877604166666665 0.7989211309523809 0.783110119047619 0.8021763392857142 0.7756696428571428 0.8031063988095237 0.7672991071428571 0.802641369047619 0.7612537202380951 0.8003162202380951 0.7510230654761904 0.794735863095238 0.7449776785714285 0.7919456845238095 0.7407924107142857 0.7896205357142857 0.7356770833333333 0.784970238095238 0.7314918154761904 0.7803199404761904 0.7282366071428571 0.7756696428571428 0.7240513392857142 0.7691592261904762
1 0.8361235119047618 0.7798549107142857 0.8426339285714285 0.7779947916666665 0.8482142857142857 0.7779947916666665 0.8528645833333333 0.7803199404761904 0.8575148809523809 0.7821800595238095 0.8630952380952379 0.7854352678571428 0.8691406249999999 0.7896205357142857 0.8723958333333333 0.7952008928571428 0.8742559523809523 0.8017113095238095 0.8747209821428571 0.8086867559523809 0.8751860119047618 0.8165922619047618 0.8751860119047618 0.8226376488095237 0.8733258928571428 0.8328683035714285 0.8700706845238095 0.8403087797619047 0.8663504464285713 0.8454241071428571 0.8603050595238095 0.8486793154761904 0.8547247023809523 0.8491443452380951 0.8472842261904762 0.8482142857142857 0.8403087797619047 0.8440290178571428 0.8347284226190476 0.8389136904761904 0.8300781249999999 0.8333333333333333 0.8258928571428571 0.8282180059523809 0.8212425595238095 0.8193824404761904 0.8189174107142857 0.8105468749999999 0.8189174107142857 0.8045014880952379 0.8207775297619047 0.7965959821428571 0.8231026785714285 0.7910156249999999 0.8272879464285713 0.7845052083333333
1 0.13485863095238093 0.8347284226190476 0.13904389880952378 0.831938244047619 0.14183407738095238 0.8310081845238095 0.1450892857142857 0.8296130952380951 0.14834449404761904 0.8291480654761904 0.15578497023809523 0.8296130952380951 0.16136532738095238 0.831938244047619 0.16741071428571427 0.8342633928571428 0.1720610119047619 0.8361235119047618 0.17764136904761904 0.8407738095238095 0.1818266369047619 0.8463541666666665 0.18601190476190474 0.8551897321428571 0.18880208333333331 0.8621651785714285 0.19066220238095238 0.8691406249999999 0.19205729166666663 0.8747209821428571 0.19345238095238093 0.8812313988095237 0.1939174107142857 0.8868117559523809 0.1939174107142857 0.8909970238095237 0.1929873511904762 0.8942522321428571 0.18880208333333331 0.8979724702380951 0.18229166666666663 0.9021577380952379 0.17717633928571427 0.9040178571428571 0.1720610119047619 0.9063430059523809 0.16555059523809523 0.9072730654761904 0.15764508928571427 0.9058779761904762 0.15020461309523808 0.9026227678571428 0.1441592261904762 0.8989025297619047 0.13904389880952378 0.8947172619047618 0.13625372023809523 0.8914620535714285 0.13346354166666666 0.8863467261904762 0.13113839285714285 0.880766369047619 0.1292782738095238 0.8733258928571428 0.12834821428571427 0.8663504464285713 0.12741815476190474 0.8598400297619047 0.12695312499999997 0.8542596726190476 0.12695312499999997 0.8500744047619047 0.12741815476190474 0.8449590773809523 0.1278831845238095 0.8403087797619047
1 0.29761904761904756 0.9505208333333333 0.2855282738095238 0.9612165178571428 0.2818080357142857 0.9644717261904762 0.2771577380952381 0.9672619047619047 0.2715773809523809 0.9709821428571428 0.2673921130952381 0.9737723214285713 0.26367187499999994 0.9760974702380951 0.25809151785714285 0.9765624999999999 0.24972098214285712 0.9760974702380951 0.24646577380952378 0.9742373511904762 0.24460565476190474 0.9705171130952379 0.24414062499999997 0.9630766369047618 0.24414062499999997 0.9556361607142857 0.24553571428571427 0.9481956845238095 0.24786086309523808 0.9440104166666665 0.24925595238095236 0.9398251488095237 0.25158110119047616 0.9342447916666665 0.25390624999999994 0.9281994047619047 0.25809151785714285 0.9240141369047618 0.265531994047619 0.9188988095238095 0.2706473214285714 0.9161086309523809 0.2757626488095238 0.9133184523809523 0.28087797619047616 0.9109933035714285 0.28459821428571425 0.9095982142857142 0.2897135416666667 0.9082031249999999 0.2952938988095238 0.9082031249999999 0.3022693452380952 0.9109933035714285 0.3064546130952381 0.9147135416666665 0.30738467261904756 0.9193638392857142 0.3083147321428571 0.9268043154761904 0.3078497023809524 0.9337797619047618 0.30552455357142855 0.939360119047619 0.3022693452380952 0.9444754464285713
1 0.7175409226190476 0.9337797619047618 0.714750744047619 0.9458705357142857 0.7124255952380951 0.9528459821428571 0.7101004464285714 0.9584263392857142 0.7073102678571428 0.9626116071428571 0.7021949404761904 0.9663318452380951 0.697079613095238 0.9681919642857142 0.6919642857142857 0.968656994047619 0.6868489583333333 0.9667968749999999 0.6817336309523809 0.9644717261904762 0.6784784226190476 0.9621465773809523 0.675688244047619 0.9579613095238095 0.6747581845238095 0.9537760416666665 0.6738281249999999 0.9468005952380951 0.6733630952380951 0.9402901785714285 0.6733630952380951 0.9333147321428571 0.6747581845238095 0.9254092261904762 0.6761532738095237 0.919828869047619 0.677548363095238 0.9151785714285713 0.6789434523809523 0.9095982142857142 0.6812686011904762 0.9044828869047618 0.6845238095238095 0.9007626488095237 0.6877790178571428 0.8989025297619047 0.6924293154761904 0.8975074404761904 0.7012648809523809 0.8979724702380951 0.7059151785714285 0.900297619047619 0.7096354166666665 0.9044828869047618 0.7124255952380951 0.910063244047619 0.7142857142857142 0.9151785714285713 0.7161458333333333 0.9212239583333333 0.7170758928571428 0.9281994047619047
1 0.7710193452380951 0.9728422619047618 0.765438988095238 0.9626116071428571 0.7631138392857142 0.9584263392857142 0.7626488095238095 0.9514508928571428 0.7621837797619048 0.9440104166666665 0.7621837797619048 0.9384300595238095 0.7626488095238095 0.9323846726190476 0.7645089285714285 0.9258742559523809 0.7672991071428571 0.919828869047619 0.7700892857142857 0.9151785714285713 0.7728794642857142 0.9095982142857142 0.7756696428571428 0.9068080357142857 0.7807849702380951 0.9054129464285713 0.7886904761904762 0.9068080357142857 0.7961309523809523 0.9095982142857142 0.8017113095238095 0.9147135416666665 0.8068266369047618 0.9216889880952379 0.8096168154761904 0.9272693452380951 0.8119419642857142 0.9323846726190476 0.8142671130952379 0.939360119047619 0.8165922619047618 0.9486607142857142 0.8175223214285713 0.9561011904761904 0.8175223214285713 0.9644717261904762 0.8175223214285713 0.9728422619047618 0.8161272321428571 0.9812127976190476 0.8128720238095237 0.9872581845238094 0.8100818452380951 0.9919084821428571 0.8077566964285713 0.9946986607142857 0.8031063988095237 0.9965587797619047 0.7956659226190476 0.9970238095238094 0.7900855654761904 0.9960937499999999 0.7845052083333333 0.993768601190476 0.7803199404761904 0.9905133928571427 0.7779947916666665 0.9863281249999999 0.7747395833333333 0.9802827380952379
1 0.890531994047619 0.9723772321428571 0.8919270833333333 0.9658668154761904 0.8951822916666665 0.9593563988095237 0.8998325892857142 0.9514508928571428 0.9054129464285713 0.9449404761904762 0.9128534226190476 0.9384300595238095 0.9207589285714285 0.9323846726190476 0.9286644345238095 0.9281994047619047 0.9356398809523809 0.9268043154761904 0.9421502976190476 0.9268043154761904 0.9458705357142857 0.929594494047619 0.9486607142857142 0.9342447916666665 0.9514508928571428 0.9398251488095237 0.9542410714285713 0.9454055059523809 0.9565662202380951 0.9505208333333333 0.9584263392857142 0.9570312499999999 0.9579613095238095 0.9635416666666665 0.9556361607142857 0.9723772321428571 0.9528459821428571 0.9802827380952379 0.9509858630952379 0.9853980654761904 0.9481956845238095 0.9919084821428571 0.9407552083333333 0.9984188988095237 0.8942522321428571 0.9974888392857142 0.8928571428571428 0.9942336309523809 0.8919270833333333 0.9909784226190476 0.8909970238095237 0.9853980654761904 0.890531994047619 0.9793526785714285
1 0.9449404761904762 0.8598400297619047 0.9407552083333333 0.8398437499999999 0.9407552083333333 0.8333333333333333 0.9416852678571428 0.8268229166666665 0.9435453869047618 0.8212425595238095 0.9458705357142857 0.8142671130952379 0.9486607142857142 0.8091517857142857 0.9528459821428571 0.8040364583333333 0.9565662202380951 0.8012462797619047 0.9612165178571428 0.7998511904761904 0.9663318452380951 0.7993861607142857 0.9733072916666665 0.7998511904761904 0.978422619047619 0.8017113095238095 0.9826078869047618 0.8045014880952379 0.9877232142857142 0.8077566964285713 0.9928385416666665 0.812406994047619 0.9956287202380951 0.8161272321428571 0.9984188988095237 0.8207775297619047 0.997953869047619 0.8826264880952379 0.9974888392857142 0.8858816964285713 0.9956287202380951 0.8891369047619047 0.9933035714285713 0.8914620535714285 0.9877232142857142 0.8923921130952379 0.9798177083333333 0.8923921130952379 0.9756324404761904 0.8914620535714285 0.9705171130952379 0.8891369047619047 0.9663318452380951 0.8863467261904762 0.9635416666666665 0.8835565476190476 0.9598214285714285 0.8798363095238095 0.9561011904761904 0.8756510416666665 0.9528459821428571 0.871000744047619 0.9481956845238095 0.8640252976190476
1 0.9849330357142857 0.41062127976190477 0.9788876488095237 0.40550595238095233 0.9760974702380951 0.40225074404761896 0.9742373511904762 0.3985305059523809 0.9737723214285713 0.3929501488095238 0.9737723214285713 0.38829985119047616 0.9756324404761904 0.38364955357142855 0.9779575892857142 0.37992931547619047 0.9816778273809523 0.37574404761904756 0.9867931547619047 0.37155877976190477 0.9914434523809523 0.3692336309523809 0.9946986607142857 0.36737351190476186 0.9989583333333333 0.3660956101190475 0.9989583333333333 0.4157366071428571 0.9914434523809523 0.41434151785714285
1 0.9830729166666665 0.02464657738095238 0.9760974702380951 0.026041666666666664 0.9705171130952379 0.026506696428571428 0.9607514880952379 0.026506696428571428 0.9561011904761904 0.02511160714285714 0.9509858630952379 0.02232142857142857 0.9440104166666665 0.016741071428571428 0.939360119047619 0.010695684523809524 0.9370349702380951 0.005115327380952381 0.9356398809523809 0.0009300595238095238 0.9984188988095237 0.0 0.9988839285714285 0.010230654761904762 0.993768601190476 0.01767113095238095 0.9919084821428571 0.01999627976190476 0.9877232142857142 0.023251488095238092
1 0.8077566964285713 0.015811011904761904 0.7970610119047618 0.019531249999999997 0.7942708333333333 0.020461309523809524 0.7900855654761904 0.020926339285714284 0.7845052083333333 0.01999627976190476 0.7784598214285714 0.018136160714285712 0.775204613095238 0.015811011904761904 0.773344494047619 0.01255580357142857 0.7710193452380951 0.008370535714285714 0.7691592261904762 0.004185267857142857 0.7677641369047618 0.0 0.8231026785714285 0.0004650297619047619 0.8193824404761904 0.005115327380952381 0.8161272321428571 0.007905505952380952
1 0.509672619047619 0.013485863095238092 0.5031622023809523 0.023716517857142856 0.49711681547619047 0.02743675595238095 0.49107142857142855 0.03162202380952381 0.48502604166666663 0.03394717261904761 0.47991071428571425 0.0353422619047619 0.47293526785714285 0.0353422619047619 0.46409970238095233 0.0353422619047619 0.4585193452380952 0.03487723214285714 0.45340401785714285 0.03255208333333333 0.4487537202380952 0.027901785714285712 0.44456845238095233 0.020461309523809524 0.4431733630952381 0.013020833333333332 0.44224330357142855 0.006045386904761904 0.44224330357142855 0.0 0.5166480654761905 0.0009300595238095238 0.5138578869047619 0.008835565476190474
1 0.02464657738095238 0.3390066964285714 0.016741071428571428 0.3376116071428571 0.013950892857142856 0.33668154761904756 0.011625744047619046 0.33528645833333326 0.008835565476190474 0.3315662202380952 0.006975446428571428 0.3273809523809524 0.005580357142857142 0.3218005952380952 0.005580357142857142 0.31529017857142855 0.005580357142857142 0.3111049107142857 0.006975446428571428 0.3050595238095238 0.010230654761904762 0.2985491071428571 0.013485863095238092 0.2925037202380952 0.01767113095238095 0.2864583333333333 0.021391369047619048 0.28366815476190477 0.026506696428571428 0.28227306547619047 0.033482142857142856 0.28227306547619047 0.03952752976190476 0.2827380952380952 0.04417782738095238 0.28459821428571425 0.04743303571428571 0.28785342261904756 0.04882812499999999 0.2911086309523809 0.04975818452380952 0.2980840773809524 0.04975818452380952 0.304594494047619 0.04882812499999999 0.31017485119047616 0.04743303571428571 0.3148251488095238 0.04557291666666666 0.3208705357142857 0.043247767857142856 0.32691592261904756 0.03952752976190476 0.33203124999999994 0.036272321428571425 0.33528645833333326 0.03022693452380952 0.33854166666666663
1 0.06742931547619047 0.7714843749999999 0.06975446428571427 0.7691592261904762 0.07254464285714285 0.7668340773809523 0.07672991071428571 0.765438988095238 0.08231026785714285 0.7649739583333333 0.09114583333333331 0.7649739583333333 0.09905133928571427 0.7659040178571428 0.10556175595238095 0.7682291666666665 0.11114211309523808 0.7705543154761904 0.11579241071428571 0.7742745535714285 0.11997767857142856 0.7798549107142857 0.12230282738095237 0.784970238095238 0.12369791666666666 0.7910156249999999 0.12416294642857141 0.7970610119047618 0.12276785714285714 0.8012462797619047 0.11765252976190474 0.8058965773809523 0.11300223214285714 0.8082217261904762 0.10649181547619047 0.8091517857142857 0.0999813988095238 0.8096168154761904 0.09440104166666666 0.8096168154761904 0.08789062499999999 0.8086867559523809 0.08138020833333331 0.8068266369047618 0.07393973214285714 0.8040364583333333 0.06975446428571427 0.8017113095238095 0.06696428571428571 0.7970610119047618 0.06510416666666666 0.7919456845238095 0.06417410714285714 0.7868303571428571 0.0646391369047619 0.7807849702380951
1 0.023251488095238092 0.8942522321428571 0.03022693452380952 0.9035528273809523 0.03255208333333333 0.9091331845238095 0.0353422619047619 0.9137834821428571 0.036737351190476185 0.9170386904761904 0.03766741071428571 0.9226190476190476 0.03766741071428571 0.9281994047619047 0.036272321428571425 0.9333147321428571 0.033482142857142856 0.9365699404761904 0.030691964285714284 0.9388950892857142 0.025576636904761904 0.9402901785714285 0.019066220238095236 0.9416852678571428 0.012090773809523808 0.9421502976190476 0.0009300595238095238 0.9426153273809523 0.0004650297619047619 0.9314546130952379 0.0004650297619047619 0.8812313988095237 0.008835565476190474 0.8863467261904762 0.013950892857142856 0.8891369047619047
0 0.709107545045045 0.14991554054054054 0.6955588400900901 0.15026745495495497 0.6922156531531533 0.14938766891891891 0.6879926801801802 0.14762809684684683 0.6763795045045046 0.14340512387387389 0.671804617117117 0.1414695945945946 0.6696931306306306 0.1393581081081081 0.6716286599099099 0.13847832207207209 0.6753237612612613 0.13865427927927926 0.689576295045045 0.1393581081081081 0.7020692567567567 0.14217342342342343 0.7124507319819819 0.14622043918918917 0.7136824324324323 0.14798001126126126 0.7129786036036037 0.14903575450450451
0 0.6265836148648649 0.42370495495495497 0.6195453265765766 0.41121199324324326 0.6075802364864865 0.39871903153153154 0.5943834459459459 0.3853462837837838 0.5917440878378379 0.38253096846846846 0.5899845157657657 0.381299268018018 0.5894566441441441 0.38006756756756754 0.5894566441441441 0.37865990990990994 0.5913921734234234 0.3781320382882883 0.5935036599099099 0.37865990990990994 0.5950872747747747 0.37989161036036034 0.6042370495495496 0.39009712837837834 0.619017454954955 0.4062851914414415 0.6276393581081081 0.41807432432432434 0.629222972972973 0.4205377252252252 0.6308065878378379 0.42352899774774777 0.6325661599099099 0.42616835585585583 0.6337978603603603 0.428807713963964 0.6332699887387387 0.43091920045045046 0.6320382882882883 0.4314470720720721 0.630982545045045 0.43091920045045046 0.6281672297297297 0.42722409909909914
0 0.49056869369369366 0.4170185810810811 0.47983530405405406 0.41367539414414417 0.4661106418918919 0.4103322072072072 0.46382319819819817 0.409276463963964 0.4615357545045045 0.4082207207207207 0.4588963963963964 0.40593327702702703 0.45784065315315314 0.40434966216216217 0.458544481981982 0.4031179617117117 0.46065596846846846 0.4025900900900901 0.46276745495495497 0.40241413288288286 0.46470298423423423 0.4031179617117117 0.46716638513513514 0.40452561936936937 0.4735008445945946 0.4075168918918919 0.4872255067567568 0.41121199324324326 0.4914484797297297 0.41244369369369366 0.4954954954954955 0.41385135135135137 0.4977829391891892 0.41525900900900903 0.4983108108108108 0.4175464527027027 0.49707911036036034 0.41825028153153154 0.4944397522522523 0.41877815315315314
0 0.6293989301801802 0.6325661599099099 0.6390765765765766 0.631862331081081 0.643651463963964 0.6322142454954955 0.6478744369369369 0.6320382882882883 0.6508657094594594 0.6313344594594594 0.6529771959459459 0.6297508445945946 0.652273367117117 0.6285191441441441 0.650513795045045 0.6272874436936937 0.6485782657657657 0.6264076576576577 0.6455869932432433 0.6262317004504504 0.6401323198198199 0.6262317004504504 0.6336219031531533 0.6262317004504504 0.6290470157657657 0.626759572072072 0.6262317004504504 0.6281672297297297 0.6239442567567567 0.630102759009009 0.6230644707207207 0.6316863738738739 0.6228885135135136 0.6334459459459459 0.6257038288288289 0.6343257319819819 0.6276393581081081 0.6341497747747747
0 0.6915118243243243 0.9433065878378379 0.6937992680180181 0.9316934121621622 0.6939752252252253 0.9271185247747747 0.6939752252252253 0.9232474662162162 0.6936233108108109 0.9193764076576577 0.6936233108108109 0.917088963963964 0.6945030968468469 0.9158572635135136 0.6957347972972973 0.9163851351351351 0.6974943693693694 0.9186725788288289 0.6983741554054054 0.9227195945945946 0.6983741554054054 0.9265906531531533 0.6974943693693694 0.9308136261261261 0.6967905405405406 0.935740427927928 0.6967905405405406 0.9373240427927928 0.6967905405405406 0.9382038288288289 0.6966145833333334 0.9445382882882883 0.6960867117117117 0.9482333896396397 0.6943271396396397 0.9496410472972973 0.6930954391891893 0.9482333896396397
0 0.7851210585585586 0.9559755067567567 0.7826576576576577 0.945242117117117 0.7810740427927928 0.9397874436936937 0.7801942567567567 0.9346846846846847 0.7796663851351351 0.9295819256756757 0.779490427927928 0.9276463963963963 0.782129786036036 0.9274704391891893 0.7833614864864865 0.9279983108108109 0.7844172297297297 0.9301097972972973 0.7852970157657657 0.9338048986486487 0.7865287162162162 0.9387317004504504 0.7875844594594594 0.9431306306306306 0.7877604166666666 0.9462978603603603 0.7882882882882883 0.9505208333333334 0.788992117117117 0.9540399774774776 0.7902238175675677 0.9586148648648649 0.7911036036036037 0.9628378378378379 0.7914555180180181 0.9668848536036037 0.7914555180180181 0.9704039977477478 0.7907516891891893 0.9735712274774776 0.7898719031531533 0.9763865427927928 0.7886402027027027 0.9767384572072072 0.7874085022522522 0.9746269707207207 0.786352759009009 0.9709318693693694 0.7858248873873873 0.9667088963963963 0.7856489301801802 0.9623099662162162
0 0.9726914414414414 0.858495213963964 0.9686444256756757 0.8412514076576577 0.9661810247747747 0.8292863175675677 0.9645974099099099 0.8241835585585586 0.9637176238738739 0.8201365427927928 0.9633657094594594 0.8166173986486487 0.9654771959459459 0.8146818693693694 0.9675886824324323 0.8148578265765766 0.969700168918919 0.8176731418918919 0.9707559121621622 0.8213682432432433 0.9718116554054054 0.826295045045045 0.9728673986486487 0.838084177927928 0.9758586711711712 0.8546241554054054 0.9777942004504504 0.8643018018018017 0.9788499436936937 0.8683488175675677 0.9799056869369369 0.8718679617117117 0.9806095157657657 0.8753871058558559 0.9795537725225226 0.8776745495495496 0.978322072072072 0.8766188063063063 0.9762105855855856 0.8723958333333334 0.9739231418918919 0.8683488175675677 0.9732193130630631 0.8648296734234234
0 0.7856489301801802 0.27590090090090086 0.7706925675675677 0.274317286036036 0.7613668355855856 0.27396537162162166 0.7580236486486487 0.27396537162162166 0.7543285472972973 0.27396537162162166 0.7502815315315315 0.27414132882882886 0.748170045045045 0.274317286036036 0.7457066441441442 0.27378941441441446 0.743947072072072 0.27273367117117114 0.7446509009009009 0.2706221846846847 0.7465864301801802 0.2702702702702703 0.7506334459459459 0.26991835585585583 0.7543285472972973 0.26991835585585583 0.7682291666666666 0.2707981418918919 0.7875844594594594 0.27185388513513514 0.7907516891891893 0.2707981418918919 0.7935670045045046 0.2706221846846847 0.795678490990991 0.2715019707207207 0.7958544481981983 0.27414132882882886 0.7935670045045046 0.27449324324324326 0.7905757319819819 0.2753730292792793
0 0.2489794481981982 0.25161880630630634 0.244580518018018 0.243700731981982 0.24229307432432431 0.24106137387387389 0.24000563063063066 0.23824605855855857 0.23789414414414414 0.23683840090090091 0.23736627252252251 0.23472691441441443 0.23824605855855857 0.23314329954954957 0.24018158783783783 0.23314329954954957 0.24229307432432431 0.2341990427927928 0.2440526463963964 0.23631052927927926 0.24616413288288289 0.23965371621621623 0.25285050675675674 0.25003519144144143 0.25478603603603606 0.2535543355855856 0.25619369369369366 0.25619369369369366 0.2563696509009009 0.25830518018018017 0.25478603603603606 0.25883305180180183 0.25249859234234234 0.25777730855855857 0.25038710585585583 0.25461007882882886
0 0.27396537162162166 0.5479307432432433 0.283643018018018 0.5354377815315315 0.2859304617117117 0.5317426801801802 0.28804194819819817 0.5285754504504505 0.2903293918918919 0.525584177927928 0.2926168355855856 0.5232967342342343 0.2949042792792793 0.5203054617117117 0.29666385135135137 0.5174901463963963 0.29719172297297297 0.5144988738738738 0.29631193693693697 0.5136190878378378 0.293848536036036 0.5141469594594594 0.2908572635135135 0.5167863175675677 0.28681024774774777 0.5217131193693694 0.28135557432432434 0.5310388513513513 0.27290962837837834 0.5428279842342343 0.26763091216216217 0.5496903153153153 0.2662232545045045 0.5514498873873873 0.26534346846846846 0.5540892454954955 0.26534346846846846 0.5563766891891893 0.2671030405405405 0.5567286036036037 0.2686866554054054 0.5560247747747747 0.2715019707207207 0.5525056306306306
0 0.31707488738738737 0.7036528716216216 0.3255208333333333 0.6892243806306306 0.33203125 0.6723324887387387 0.33343890765765766 0.6693412162162162 0.3350225225225225 0.665822072072072 0.33660613738738737 0.6624788851351351 0.3383657094594595 0.6584318693693694 0.3392454954954955 0.6547367680180181 0.3392454954954955 0.6520974099099099 0.3373099662162162 0.6517454954954955 0.33537443693693697 0.6528012387387387 0.332911036036036 0.6554405968468469 0.33062359234234234 0.6586078265765766 0.32868806306306303 0.6626548423423423 0.32745636261261263 0.6675816441441442 0.32604870495495497 0.6725084459459459 0.3249929617117117 0.6763795045045046 0.3186585022522523 0.6890484234234234 0.3125 0.7004856418918919 0.31091638513513514 0.7043567004504504 0.3103885135135135 0.7068201013513513 0.31285191441441446 0.7084037162162162 0.31478744369369366 0.7085796734234234
0 0.5152363184079601 0.7111318407960199 0.513681592039801 0.7008706467661692 0.5124378109452736 0.697139303482587 0.5108830845771144 0.693252487562189 0.5094838308457711 0.6899875621890547 0.507929104477612 0.6853233830845772 0.505752487562189 0.6806592039800995 0.505752487562189 0.6764614427860696 0.5068407960199005 0.6727300995024875 0.5090174129353234 0.6713308457711443 0.5110385572139303 0.6719527363184079 0.5127487562189055 0.6749067164179104 0.5138370646766169 0.6792599502487562 0.5139925373134328 0.683613184079602 0.5146144278606966 0.6892101990049752 0.5155472636815921 0.6938743781094527 0.5167910447761194 0.6976057213930349 0.5181902985074627 0.7011815920398009 0.5194340796019901 0.7058457711442786 0.5202114427860696 0.7098880597014925 0.5206778606965173 0.712997512437811 0.5217661691542289 0.7154850746268656 0.5237873134328358 0.7189054726368159 0.5247201492537313 0.7221703980099502 0.5250310945273632 0.7255907960199005 0.5247201492537313 0.7276119402985074 0.523320895522388 0.7273009950248757 0.5209888059701492 0.7252798507462687 0.5185012437810945 0.7217039800995024 0.5164800995024875 0.7189054726368159 0.5157027363184079 0.7161069651741293 0.5153917910447761 0.7139303482587065
0 0.84964859437751 0.8217243975903614 0.8465110441767068 0.8104292168674697 0.8455697791164657 0.8054091365461847 0.8449422690763052 0.8044678714859437 0.8443147590361445 0.802899096385542 0.8427459839357428 0.8003890562248995 0.840863453815261 0.797879016064257 0.8402359437751004 0.7947414658634538 0.83992218875502 0.7922314257028111 0.840863453815261 0.7897213855421686 0.8436872489959839 0.7916039156626505 0.8452560240963856 0.7934864457831324 0.8468247991967871 0.7963102409638554 0.8480798192771084 0.7997615461847388 0.8490210843373494 0.802899096385542 0.84964859437751 0.8069779116465863 0.8530998995983935 0.8167043172690762 0.8543549196787148 0.8198418674698794 0.8552961847389557 0.823293172690763 0.8556099397590361 0.8267444779116465 0.8556099397590361 0.8289407630522088 0.8540411646586344 0.8298820281124498 0.8505898594377509 0.8276857429718875
0 0.5914977477477478 0.0616554054054054 0.5914977477477478 0.05940315315315315 0.5912162162162161 0.057713963963963964 0.5906531531531531 0.05518018018018018 0.5900900900900901 0.052364864864864864 0.5892454954954954 0.048986486486486486 0.5884009009009008 0.04560810810810811 0.5875563063063063 0.04194819819819819 0.5861486486486487 0.03603603603603603 0.5853040540540541 0.03153153153153153 0.5853040540540541 0.02646396396396396 0.5869932432432432 0.023367117117117118 0.5886824324324323 0.022804054054054054 0.5900900900900901 0.023367117117117118 0.5906531531531531 0.026745495495495493 0.5909346846846847 0.030686936936936936 0.5914977477477478 0.035472972972972965 0.5920608108108107 0.038569819819819814 0.5929054054054054 0.04251126126126126 0.59375 0.046734234234234236 0.5943130630630631 0.04954954954954955 0.5948761261261261 0.052364864864864864 0.5957207207207207 0.056869369369369364 0.5965653153153153 0.061092342342342336 0.5971283783783784 0.0661599099099099 0.5974099099099098 0.06897522522522521 0.5957207207207207 0.06981981981981981 0.5940315315315314 0.06925675675675676 0.5929054054054054 0.06672297297297297
0 0.5365990990990991 0.11064189189189189 0.5287162162162162 0.11036036036036036 0.5244932432432432 0.11036036036036036 0.5219594594594594 0.11036036036036036 0.5202702702702703 0.11036036036036036 0.518581081081081 0.11036036036036036 0.5180180180180181 0.10951576576576576 0.5182995495495495 0.10782657657657656 0.5197072072072072 0.10641891891891891 0.523367117117117 0.10444819819819819 0.5275900900900901 0.10388513513513513 0.53125 0.10388513513513513 0.5346283783783784 0.10388513513513513 0.5391328828828829 0.10416666666666667 0.5416666666666666 0.10472972972972973 0.5444819819819819 0.10726351351351351 0.543918918918919 0.1089527027027027 0.5419481981981982 0.1097972972972973
0 0.6114864864864864 0.23789414414414412 0.6114864864864864 0.23536036036036034 0.6109234234234234 0.2331081081081081 0.6106418918918918 0.23029279279279277 0.6103603603603603 0.2260698198198198 0.6100788288288288 0.22269144144144143 0.6095157657657657 0.21818693693693694 0.6089527027027027 0.21452702702702703 0.6083896396396397 0.21086711711711711 0.6083896396396397 0.20805180180180177 0.6081081081081081 0.20523648648648649 0.6103603603603603 0.2029842342342342 0.6117680180180181 0.2029842342342342 0.6128941441441441 0.20354729729729729 0.6137387387387387 0.20523648648648649 0.6140202702702703 0.20945945945945946 0.6140202702702703 0.21480855855855854 0.6145833333333334 0.21734234234234234 0.6151463963963963 0.22100225225225226 0.6157094594594594 0.22578828828828829 0.6165540540540541 0.23057432432432431 0.6165540540540541 0.23507882882882883 0.6157094594594594 0.23930180180180177 0.6140202702702703 0.2446509009009009 0.612331081081081 0.24605855855855854 0.6106418918918918 0.2446509009009009 0.6103603603603603 0.24183558558558557
0 0.43124762718299164 0.2944547266514806 0.4286375284738041 0.29042093773728167 0.4292307327258922 0.28816676157934695 0.43824743735763094 0.29042093773728167 0.4460777334851936 0.2950479309035687 0.45200977600607445 0.30038676917236146 0.4575858959757024 0.3086916287015945 0.46114512148823084 0.3131999810174639 0.45663676917236146 0.3129626993166287 0.4472641419893698 0.30501376233864846
0 0.8633899104196133 0.21216407355021216 0.8703147100424328 0.20155586987270155 0.8762081565299387 0.18844295143800094 0.8800388967468176 0.18711692597831212 0.8793022159358793 0.19463107024988213 0.8742927864214992 0.20464992927864215 0.8673679867986799 0.21275341819896273
0 0.7880962285080422 0.15321686078757626 0.7924292845257903 0.1570299500831947 0.7950291181364393 0.16066971713810316 0.7967623405435387 0.16274958402662232 0.7991888519134775 0.16482945091514142 0.8033485856905158 0.16586938435940102 0.8056017748197449 0.1625762617859124 0.8038685524126455 0.16084303937881309 0.7998821408763173 0.15754991680532446 0.7971089850249584 0.15581669439822518 0.7943358291735996 0.1540834719911259 0.7915626733222407 0.15183028286189684 0.7894828064337216 0.1497504159733777 0.7874029395452025 0.14767054908485858 0.7854963948973933 0.1459373266777593 0.7830698835274543 0.14368413754853024 0.7815099833610649 0.14195091514143096 0.7809900166389351 0.14056433721575154 0.7792567942318359 0.13692457016084306 0.7770036051026068 0.1353646699944537 0.7733638380476984 0.13640460343871327 0.7735371602884082 0.13935108153078204 0.7749237382140877 0.14125762617859125 0.7776968940654465 0.14333749306711038 0.7802967276760954 0.14611064891846923 0.783589850249584 0.14853716028840822 0.7856697171381032 0.15009706045479757
0 0.49202967171717177 0.517282196969697 0.49873737373737376 0.5151778198653199 0.5041298400673401 0.5146517255892256 0.5072864057239057 0.5134680134680135 0.5109690656565656 0.5121527777777778 0.5143886784511784 0.5109690656565656 0.5191235269360269 0.5092592592592593 0.5229377104377104 0.5080755471380471 0.5262257996632996 0.5071548821548821 0.5313552188552189 0.5062342171717172 0.5358270202020202 0.5046559343434344 0.5391151094276094 0.5026830808080808 0.5399042508417509 0.5017624158249158 0.5395096801346801 0.5004471801346801 0.5372737794612795 0.4996580387205387 0.5351694023569024 0.4996580387205387 0.5314867424242424 0.5004471801346801 0.5272779882154882 0.5014993686868687 0.5225431397306397 0.5030776515151515 0.5180713383838385 0.5045244107744108 0.51333648989899 0.5062342171717172 0.5092592592592593 0.5080755471380471 0.5041298400673401 0.5097853535353535 0.5003156565656566 0.5107060185185185 0.4965014730639731 0.5114951599326599 0.49400252525252525 0.5126788720538721 0.49176662457912457 0.5143886784511784 0.4904513888888889 0.5155723905723906 0.49058291245791247 0.5164930555555556
0 0.24921064501578707 0.3332205683355886 0.2528755074424898 0.3349120433017591 0.25738610735227785 0.3358987370320252 0.2592185385656292 0.3360396932792061 0.26401105096977895 0.337308299503834 0.2679578258908435 0.33829499323410006 0.27105886332882273 0.33970455570590885 0.27486468200270636 0.34097316193053673 0.27867050067658994 0.3422417681551646 0.2830401443391971 0.34308750563824986 0.2867050067658999 0.34365133062697334 0.28994700045106 0.3439332431213351 0.2931889941362201 0.34210081190798375 0.29248421290031573 0.34026838069463233 0.28896030672079387 0.339563599458728 0.2847316193053676 0.33871786197564274 0.2812077131258457 0.3378721244925575 0.2775428506991429 0.33674447451511047 0.273032250789355 0.33477108705457825 0.2675349571493008 0.3335024808299504 0.26401105096977895 0.3325157870996842 0.25428506991429856 0.3302604871447902 0.2500563824988723 0.3298376184032476 0.24850586377988268 0.32969666215606674 0.2478010825439783 0.33167004961659896
0 0.4632711939636041 0.8621837549933422 0.46743231247225925 0.867315801154017 0.46992898357745233 0.8699511762094985 0.4735352862849534 0.873418774966711 0.4765867731913005 0.8770250776742121 0.47769640479360853 0.8796604527296937 0.4800543719485131 0.882989347536618 0.48463160230803376 0.8835441633377719 0.48657345761207277 0.8825732356857524 0.4869895694629383 0.8799378606302708 0.48532512205947625 0.8773024855747892 0.4824123391034177 0.8745284065690192 0.47894474034620504 0.871754327563249 0.47575454948956947 0.8688415446071904 0.4740901020861074 0.8664835774522859 0.4725643586329339 0.8641256102973813 0.47076120727918336 0.8620450510430537 0.46854194407456723 0.8598257878384377 0.4679871282734132 0.8583000443852641 0.4649356413670661 0.8563581890812251 0.4627163781624501 0.8567743009320906 0.46160674656014206 0.8585774522858411
0 0.29391367066134044 0.822237017310253 0.29724256546826455 0.8227918331114071 0.3019584997780737 0.8254272081668886 0.30500998668442075 0.8273690634709276 0.3090324012427874 0.8284786950732357 0.31152907234798044 0.8300044385264093 0.3143031513537506 0.8313914780292943 0.3187416777629827 0.8329172214824678 0.32040612516644473 0.8345816688859299 0.3233189081225033 0.8372170439414115 0.32553817132711943 0.8399911229471815 0.32858965823346653 0.8402685308477585 0.32942188193519756 0.837633155792277 0.32956058588548603 0.8352751886373724 0.3283122503328895 0.8334720372836218 0.3256768752774079 0.8320849977807367 0.3222092765201953 0.8305592543275633 0.31915778961384816 0.8286173990235243 0.3165224145583666 0.8270916555703507 0.31444185530403906 0.8259820239680427 0.3087549933422104 0.8232079449622726 0.3062583222370173 0.8215434975588105 0.3026520195295162 0.8204338659565025 0.29960053262316916 0.8187694185530404 0.2961329338659565 0.8169662671992898 0.29419107856191745 0.8161340434975589 0.2921105193075899 0.8168275632490013 0.2910008877052819 0.8186307146027519 0.2915557035064359 0.821404793608522
