1 0.5046768707482993 0.3184523809523809 0.4995748299319728 0.31292517006802717 0.494047619047619 0.30229591836734687 0.49319727891156456 0.298469387755102 0.4914965986394558 0.2929421768707483 0.4906462585034013 0.2857142857142857 0.4902210884353741 0.2776360544217687 0.4902210884353741 0.2708333333333333 0.4906462585034013 0.266156462585034 0.49192176870748294 0.2619047619047619 0.49319727891156456 0.258078231292517 0.4961734693877551 0.2568027210884354 0.4987244897959183 0.25595238095238093 0.5017006802721088 0.25510204081632654 0.5051020408163265 0.2542517006802721 0.5110544217687074 0.25255102040816324 0.5170068027210885 0.2517006802721088 0.5233843537414965 0.25297619047619047 0.5280612244897959 0.25510204081632654 0.5314625850340136 0.2576530612244898 0.534438775510204 0.2602040816326531 0.5369897959183674 0.2619047619047619 0.540391156462585 0.2648809523809524 0.5437925170068028 0.2687074829931973 0.546343537414966 0.2729591836734694 0.548469387755102 0.2763605442176871 0.5501700680272108 0.28061224489795916 0.5514455782312925 0.2852891156462585 0.5522959183673469 0.2908163265306122 0.5527210884353742 0.2950680272108844 0.5527210884353742 0.2997448979591837 0.5527210884353742 0.30357142857142855 0.5518707482993197 0.30824829931972786 0.5497448979591836 0.3133503401360544 0.5471938775510203 0.3171768707482993 0.5437925170068028 0.320578231292517 0.5408163265306122 0.32312925170068024 0.5374149659863946 0.3256802721088435 0.5297619047619048 0.32780612244897955 0.5216836734693877 0.3282312925170068 0.5174319727891156 0.32780612244897955 0.5131802721088435 0.3256802721088435 0.5097789115646258 0.32355442176870747
1 0.6101190476190476 0.28061224489795916 0.6033163265306122 0.2738095238095238 0.6016156462585034 0.2695578231292517 0.6007653061224489 0.2627551020408163 0.6003401360544217 0.25510204081632654 0.6016156462585034 0.24829931972789113 0.6045918367346937 0.24107142857142855 0.6075680272108843 0.23724489795918363 0.6113945578231292 0.2346938775510204 0.6152210884353742 0.23171768707482993 0.6194727891156462 0.22831632653061223 0.6241496598639455 0.22534013605442174 0.6288265306122448 0.22278911564625847 0.6335034013605442 0.21981292517006804 0.6398809523809523 0.21641156462585034 0.6466836734693877 0.2151360544217687 0.655187074829932 0.2151360544217687 0.6615646258503401 0.21598639455782312 0.6658163265306122 0.21768707482993194 0.6709183673469388 0.22151360544217685 0.675595238095238 0.2266156462585034 0.6789965986394557 0.23341836734693874 0.6802721088435374 0.24022108843537412 0.6802721088435374 0.24617346938775508 0.6777210884353742 0.25382653061224486 0.673469387755102 0.2614795918367347 0.6696428571428571 0.2670068027210884 0.6645408163265306 0.2729591836734694 0.655187074829932 0.27806122448979587 0.6488095238095237 0.28146258503401356 0.6437074829931972 0.2835884353741497 0.6373299319727891 0.28613945578231287 0.6322278911564625 0.2869897959183673 0.625 0.28741496598639454 0.6181972789115646 0.28613945578231287
1 0.7610544217687074 0.24192176870748297 0.75 0.24447278911564624 0.7448979591836734 0.24617346938775508 0.7427721088435374 0.24617346938775508 0.7376700680272108 0.24532312925170066 0.7346938775510203 0.24362244897959182 0.730017006802721 0.24107142857142855 0.727891156462585 0.23852040816326528 0.7261904761904762 0.23384353741496597 0.7253401360544217 0.22789115646258504 0.7257653061224489 0.22108843537414963 0.7274659863945577 0.21301020408163263 0.7304421768707482 0.2074829931972789 0.733843537414966 0.20195578231292516 0.7372448979591836 0.19812925170068024 0.7414965986394557 0.19260204081632654 0.7470238095238095 0.1883503401360544 0.752125850340136 0.18622448979591835 0.7597789115646257 0.18409863945578228 0.766156462585034 0.1828231292517007 0.7733843537414965 0.18154761904761904 0.7776360544217688 0.18154761904761904 0.7818877551020408 0.18197278911564624 0.7857142857142857 0.18367346938775508 0.7891156462585034 0.18707482993197277 0.792517006802721 0.1913265306122449 0.7933673469387755 0.19685374149659862 0.7933673469387755 0.203656462585034 0.7929421768707482 0.20875850340136054 0.790391156462585 0.21428571428571427 0.7886904761904762 0.2185374149659864 0.7865646258503401 0.22278911564625847 0.7840136054421768 0.2270408163265306 0.7806122448979591 0.23044217687074828 0.7772108843537414 0.23384353741496597 0.7708333333333334 0.23852040816326528 0.766156462585034 0.24064625850340135
1 0.6398809523809523 0.3988095238095238 0.6309523809523809 0.4034863945578231 0.6288265306122448 0.4043367346938775 0.6258503401360543 0.40561224489795916 0.6215986394557823 0.40646258503401356 0.6177721088435374 0.40646258503401356 0.6122448979591836 0.40646258503401356 0.6062925170068028 0.40561224489795916 0.6016156462585034 0.4039115646258503 0.5977891156462584 0.4000850340136054 0.596938775510204 0.39498299319727886 0.596938775510204 0.3873299319727891 0.5973639455782312 0.38137755102040816 0.5990646258503401 0.3745748299319728 0.6020408163265306 0.3686224489795918 0.6054421768707482 0.36352040816326525 0.608843537414966 0.358843537414966 0.6118197278911564 0.3550170068027211 0.6160714285714285 0.350765306122449 0.6203231292517006 0.3469387755102041 0.6241496598639455 0.344812925170068 0.6288265306122448 0.34268707482993194 0.6339285714285714 0.3414115646258503 0.6398809523809523 0.3401360544217687 0.6454081632653061 0.3401360544217687 0.651360544217687 0.3401360544217687 0.6560374149659863 0.34226190476190477 0.6607142857142857 0.3452380952380952 0.6636904761904762 0.3494897959183673 0.665391156462585 0.35544217687074825 0.6658163265306122 0.36011904761904756 0.6645408163265306 0.3639455782312925 0.6628401360544217 0.36819727891156456 0.6619897959183674 0.3724489795918367 0.6607142857142857 0.37712585034013607 0.6581632653061223 0.38137755102040816 0.6556122448979591 0.3852040816326531 0.6526360544217688 0.3886054421768707 0.6483843537414966 0.39285714285714285 0.6445578231292516 0.3962585034013605
1 0.6806972789115646 0.46641156462585026 0.683673469387755 0.4532312925170068 0.6857993197278911 0.4489795918367347 0.6883503401360543 0.4451530612244898 0.6913265306122448 0.4430272108843537 0.6968537414965986 0.44047619047619047 0.7028061224489796 0.43792517006802717 0.7070578231292516 0.4362244897959184 0.7113095238095237 0.43409863945578225 0.7159863945578231 0.43239795918367346 0.7210884353741496 0.431547619047619 0.7266156462585034 0.43197278911564624 0.7325680272108843 0.4336734693877551 0.7389455782312925 0.4349489795918367 0.7444727891156462 0.4362244897959184 0.7491496598639455 0.43749999999999994 0.7529761904761904 0.43962585034013607 0.7563775510204082 0.44217687074829926 0.7593537414965985 0.4451530612244898 0.760204081632653 0.44940476190476186 0.760204081632653 0.45493197278911557 0.7585034013605442 0.45960884353741494 0.7559523809523809 0.4638605442176871 0.7517006802721088 0.4685374149659864 0.7470238095238095 0.4727891156462585 0.7423469387755102 0.47704081632653056 0.7385204081632654 0.48044217687074825 0.7317176870748299 0.4846938775510204 0.7244897959183674 0.48724489795918363 0.7193877551020408 0.4880952380952381 0.7142857142857142 0.4880952380952381 0.7104591836734694 0.48724489795918363 0.7083333333333334 0.485969387755102 0.7040816326530611 0.4846938775510204 0.7002551020408163 0.48384353741496594 0.695578231292517 0.48256802721088426 0.6913265306122448 0.4812925170068027 0.6875 0.4800170068027211 0.6845238095238095 0.47704081632653056 0.6819727891156462 0.4727891156462585
1 0.5578231292517006 0.5263605442176871 0.5616496598639455 0.5195578231292516 0.5710034013605442 0.5093537414965986 0.5756802721088435 0.5063775510204082 0.5790816326530611 0.5046768707482993 0.5824829931972789 0.5034013605442176 0.5863095238095237 0.502125850340136 0.5914115646258503 0.502125850340136 0.5965136054421768 0.5017006802721088 0.5999149659863945 0.5017006802721088 0.6041666666666666 0.5017006802721088 0.608843537414966 0.5017006802721088 0.6122448979591836 0.5025510204081632 0.6164965986394557 0.5034013605442176 0.6207482993197277 0.5046768707482993 0.6241496598639455 0.5059523809523809 0.627125850340136 0.5072278911564625 0.6309523809523809 0.5106292517006802 0.6326530612244897 0.5140306122448979 0.6343537414965986 0.51828231292517 0.6347789115646257 0.5233843537414965 0.6347789115646257 0.5276360544217686 0.6339285714285714 0.5327380952380952 0.6309523809523809 0.5378401360544217 0.6284013605442176 0.542517006802721 0.6245748299319728 0.5459183673469388 0.6198979591836734 0.5493197278911564 0.6147959183673469 0.5514455782312925 0.6113945578231292 0.5518707482993197 0.60671768707483 0.5522959183673469 0.6016156462585034 0.5535714285714286 0.5943877551020408 0.5548469387755102 0.5897108843537414 0.5548469387755102 0.5846088435374149 0.5544217687074829 0.58078231292517 0.5535714285714286 0.5773809523809523 0.5518707482993197 0.5722789115646257 0.5493197278911564 0.5693027210884354 0.5480442176870748 0.5663265306122448 0.546343537414966 0.5637755102040816 0.5459183673469388 0.5625 0.5454931972789115 0.5599489795918368 0.5450680272108843 0.5569727891156462 0.5446428571428571 0.5535714285714286 0.5429421768707482 0.5522959183673469 0.5382653061224489 0.5531462585034014 0.534438775510204
1 0.46811224489795916 0.45833333333333326 0.46428571428571425 0.4523809523809524 0.46343537414965985 0.4498299319727891 0.46173469387755095 0.44685374149659857 0.46088435374149656 0.4430272108843537 0.46003401360544216 0.4383503401360544 0.45960884353741494 0.43409863945578225 0.45918367346938777 0.42942176870748294 0.45918367346938777 0.4255952380952381 0.4604591836734694 0.42134353741496594 0.46173469387755095 0.4187925170068027 0.46343537414965985 0.41666666666666663 0.4651360544217687 0.41454081632653056 0.46768707482993194 0.4119897959183673 0.4706632653061224 0.4094387755102041 0.4727891156462585 0.4081632653061224 0.47576530612244894 0.40646258503401356 0.47959183673469385 0.4060374149659864 0.48299319727891155 0.4060374149659864 0.48767006802721086 0.4060374149659864 0.4906462585034013 0.40646258503401356 0.49319727891156456 0.40901360544217685 0.49659863945578225 0.4119897959183673 0.49914965986394555 0.41624149659863946 0.502125850340136 0.42134353741496594 0.5034013605442176 0.42517006802721086 0.5038265306122448 0.42984693877551017 0.5051020408163265 0.4353741496598639 0.5055272108843537 0.44047619047619047 0.5055272108843537 0.4464285714285714 0.5038265306122448 0.45280612244897955 0.502125850340136 0.45748299319727886 0.49829931972789115 0.46173469387755095 0.49532312925170063 0.46471088435374147 0.49107142857142855 0.46726190476190477 0.4880952380952381 0.46811224489795916 0.4812925170068027 0.4668367346938775 0.4766156462585034 0.4651360544217687
1 0.3839285714285714 0.49829931972789115 0.3758503401360544 0.49447278911564624 0.3724489795918367 0.4936224489795918 0.36989795918367346 0.49234693877551017 0.3677721088435374 0.49107142857142855 0.36607142857142855 0.48724489795918363 0.36607142857142855 0.48256802721088426 0.36819727891156456 0.47704081632653056 0.3711734693877551 0.4719387755102041 0.375 0.46811224489795916 0.3792517006802721 0.46428571428571425 0.3847789115646258 0.4613095238095238 0.38945578231292516 0.45918367346938777 0.3979591836734694 0.45663265306122447 0.4043367346938775 0.4557823129251701 0.4119897959183673 0.45535714285714285 0.4175170068027211 0.45493197278911557 0.42261904761904756 0.4570578231292517 0.42942176870748294 0.45960884353741494 0.4336734693877551 0.4621598639455782 0.4370748299319728 0.46726190476190477 0.43877551020408156 0.47236394557823125 0.4383503401360544 0.4783163265306122 0.4370748299319728 0.48299319727891155 0.4345238095238095 0.4863945578231292 0.431547619047619 0.4893707482993197 0.4277210884353741 0.49319727891156456 0.42431972789115646 0.49659863945578225 0.42091836734693877 0.49914965986394555 0.4175170068027211 0.5008503401360545 0.4141156462585034 0.5017006802721088 0.4107142857142857 0.5025510204081632 0.4081632653061224 0.5029761904761905 0.4039115646258503 0.5034013605442176 0.399234693877551 0.5029761904761905 0.3954081632653061 0.5025510204081632 0.3915816326530612 0.5012755102040816
1 0.2738095238095238 0.516156462585034 0.26445578231292516 0.5093537414965986 0.2593537414965986 0.5059523809523809 0.25595238095238093 0.5025510204081632 0.2534013605442177 0.4978741496598639 0.25212585034013607 0.49192176870748294 0.25212585034013607 0.4863945578231292 0.25212585034013607 0.48044217687074825 0.25297619047619047 0.4783163265306122 0.2542517006802721 0.47534013605442177 0.25595238095238093 0.47108843537414963 0.2576530612244898 0.46811224489795916 0.26062925170068024 0.46556122448979587 0.26445578231292516 0.4625850340136054 0.26785714285714285 0.4604591836734694 0.272108843537415 0.4579081632653061 0.2784863945578231 0.4557823129251701 0.2857142857142857 0.4540816326530612 0.2899659863945578 0.45365646258503395 0.2946428571428571 0.45280612244897955 0.2997448979591837 0.4523809523809524 0.304421768707483 0.4523809523809524 0.3099489795918367 0.4540816326530612 0.31547619047619047 0.45620748299319724 0.32100340136054417 0.45918367346938777 0.32695578231292516 0.4625850340136054 0.33163265306122447 0.46726190476190477 0.33460884353741494 0.4732142857142857 0.33588435374149656 0.4800170068027211 0.33588435374149656 0.48681972789115646 0.33503401360544216 0.49234693877551017 0.3333333333333333 0.4974489795918367 0.33120748299319724 0.502125850340136 0.32695578231292516 0.5068027210884354 0.3239795918367347 0.5093537414965986 0.3171768707482993 0.5114795918367346 0.3112244897959184 0.5131802721088435 0.3061224489795918 0.5144557823129251 0.30017006802721086 0.5157312925170068 0.2937925170068027 0.5165816326530612 0.28741496598639454 0.5170068027210885 0.28061224489795916 0.5174319727891156
1 0.3864795918367347 0.39413265306122447 0.37542517006802717 0.3945578231292517 0.36947278911564624 0.39370748299319724 0.3656462585034014 0.39243197278911557 0.3630952380952381 0.3907312925170068 0.358843537414966 0.38690476190476186 0.3558673469387755 0.38350340136054417 0.35459183673469385 0.37882653061224486 0.35459183673469385 0.37329931972789115 0.3575680272108844 0.3677721088435374 0.36011904761904756 0.36352040816326525 0.3630952380952381 0.358843537414966 0.36734693877551017 0.35544217687074825 0.3724489795918367 0.3516156462585034 0.37755102040816324 0.3490646258503401 0.38435374149659857 0.3469387755102041 0.391156462585034 0.3443877551020408 0.39753401360544216 0.34311224489795916 0.40306122448979587 0.34268707482993194 0.40901360544217685 0.3435374149659864 0.415391156462585 0.3456632653061224 0.4196428571428571 0.34736394557823125 0.4247448979591837 0.3516156462585034 0.4277210884353741 0.3562925170068027 0.42857142857142855 0.36181972789115646 0.4277210884353741 0.3664965986394558 0.4255952380952381 0.36989795918367346 0.423469387755102 0.37329931972789115 0.42176870748299317 0.3767006802721088 0.4183673469387755 0.37967687074829926 0.415391156462585 0.3826530612244898 0.4107142857142857 0.38605442176870747 0.40561224489795916 0.3881802721088435 0.40051020408163257 0.3907312925170068 0.39498299319727886 0.39285714285714285
1 0.22448979591836735 0.369047619047619 0.21428571428571427 0.36607142857142855 0.21088435374149658 0.3643707482993197 0.2070578231292517 0.36181972789115646 0.20450680272108843 0.3596938775510204 0.20068027210884354 0.3562925170068027 0.19770408163265304 0.3524659863945578 0.195578231292517 0.3482142857142857 0.19515306122448978 0.3452380952380952 0.19472789115646258 0.34268707482993194 0.19515306122448978 0.3388605442176871 0.19727891156462585 0.33588435374149656 0.1989795918367347 0.3337585034013605 0.20153061224489793 0.33035714285714285 0.20323129251700678 0.32780612244897955 0.20535714285714285 0.3261054421768707 0.20918367346938774 0.3239795918367347 0.21343537414965985 0.3222789115646258 0.21896258503401358 0.3214285714285714 0.22491496598639454 0.3214285714285714 0.22959183673469388 0.3214285714285714 0.2346938775510204 0.3218537414965986 0.2389455782312925 0.32312925170068024 0.2427721088435374 0.3248299319727891 0.24744897959183673 0.32695578231292516 0.2508503401360544 0.3290816326530612 0.2542517006802721 0.33163265306122447 0.2576530612244898 0.33503401360544216 0.2593537414965986 0.3388605442176871 0.2614795918367347 0.344812925170068 0.2623299319727891 0.3494897959183673 0.2619047619047619 0.3550170068027211 0.2597789115646258 0.3596938775510204 0.2568027210884354 0.36479591836734687 0.25382653061224486 0.3677721088435374 0.2512755102040816 0.369047619047619 0.24787414965986393 0.36989795918367346 0.24404761904761904 0.3703231292517007 0.24064625850340135 0.3711734693877551 0.23724489795918363 0.37159863945578225 0.23214285714285712 0.37159863945578225
1 0.31887755102040816 0.2848639455782313 0.3103741496598639 0.28146258503401356 0.30739795918367346 0.2789115646258503 0.30484693877551017 0.2746598639455782 0.30357142857142855 0.2695578231292517 0.30357142857142855 0.26403061224489793 0.3039965986394558 0.25722789115646255 0.3061224489795918 0.2512755102040816 0.3103741496598639 0.24362244897959182 0.31462585034013607 0.23681972789115643 0.3180272108843537 0.23341836734693874 0.3222789115646258 0.23001700680272108 0.3273809523809524 0.2270408163265306 0.33120748299319724 0.22534013605442174 0.3371598639455782 0.2232142857142857 0.3418367346938775 0.22236394557823128 0.34651360544217685 0.22193877551020408 0.3516156462585034 0.22151360544217685 0.3571428571428571 0.22193877551020408 0.360969387755102 0.2232142857142857 0.3656462585034014 0.22576530612244897 0.369047619047619 0.22831632653061223 0.3728741496598639 0.2312925170068027 0.37627551020408156 0.2351190476190476 0.3784013605442177 0.24107142857142855 0.37967687074829926 0.24787414965986393 0.3784013605442177 0.2542517006802721 0.37627551020408156 0.2585034013605442 0.3737244897959184 0.2623299319727891 0.37074829931972786 0.2657312925170068 0.36734693877551017 0.26913265306122447 0.3639455782312925 0.272108843537415 0.3596938775510204 0.2750850340136054 0.3550170068027211 0.2776360544217687 0.350765306122449 0.2793367346938775 0.3469387755102041 0.2810374149659864 0.3435374149659864 0.282312925170068 0.33971088435374147 0.28401360544217685 0.33460884353741494 0.28613945578231287 0.328656462585034 0.2865646258503401 0.32312925170068024 0.2865646258503401
1 0.17346938775510204 0.2627551020408163 0.17346938775510204 0.2555272108843537 0.17389455782312924 0.2512755102040816 0.17602040816326528 0.24744897959183673 0.17857142857142855 0.24447278911564624 0.18197278911564624 0.23979591836734693 0.18622448979591835 0.2342687074829932 0.18920068027210885 0.23001700680272108 0.19175170068027209 0.2266156462585034 0.19515306122448978 0.22236394557823128 0.19855442176870747 0.21981292517006804 0.20238095238095238 0.2185374149659864 0.2079081632653061 0.2181122448979592 0.21301020408163263 0.2181122448979592 0.21768707482993194 0.2185374149659864 0.22193877551020408 0.22023809523809523 0.22534013605442174 0.22236394557823128 0.22789115646258504 0.22534013605442174 0.23001700680272108 0.22874149659863943 0.23171768707482993 0.23299319727891155 0.23256802721088435 0.23767006802721088 0.23256802721088435 0.24149659863945577 0.23256802721088435 0.24489795918367344 0.23256802721088435 0.24872448979591835 0.23171768707482993 0.2517006802721088 0.23001700680272108 0.2542517006802721 0.22874149659863943 0.2576530612244898 0.2270408163265306 0.26105442176870747 0.22534013605442174 0.26403061224489793 0.2236394557823129 0.2670068027210884 0.22108843537414963 0.2704081632653061 0.2181122448979592 0.27338435374149656 0.21343537414965985 0.2767857142857143 0.2079081632653061 0.28061224489795916 0.20280612244897958 0.2831632653061224 0.1994047619047619 0.2844387755102041 0.19430272108843535 0.2852891156462585 0.19005102040816324 0.2852891156462585 0.18579931972789113 0.28401360544217685 0.18197278911564624 0.282312925170068 0.17857142857142855 0.28061224489795916 0.17602040816326528 0.2784863945578231 0.17389455782312924 0.274234693877551 0.17304421768707484 0.26913265306122447
1 0.558673469387755 0.18537414965986393 0.5493197278911564 0.1828231292517007 0.5480442176870748 0.18239795918367344 0.5420918367346937 0.1802721088435374 0.5391156462585034 0.17857142857142855 0.5369897959183674 0.17687074829931973 0.5348639455782312 0.17517006802721088 0.5327380952380952 0.1721938775510204 0.5301870748299319 0.1687925170068027 0.5280612244897959 0.1649659863945578 0.5267857142857142 0.1607142857142857 0.5267857142857142 0.1560374149659864 0.5297619047619048 0.14795918367346939 0.5318877551020408 0.14370748299319727 0.5348639455782312 0.13903061224489793 0.5399659863945577 0.13562925170068024 0.5450680272108843 0.1335034013605442 0.5497448979591836 0.13222789115646258 0.5544217687074829 0.13180272108843535 0.558673469387755 0.13137755102040816 0.5625 0.13137755102040816 0.5667517006802721 0.13095238095238096 0.5718537414965986 0.13095238095238096 0.5756802721088435 0.13052721088435373 0.5790816326530611 0.13052721088435373 0.5837585034013605 0.13137755102040816 0.5880102040816326 0.13265306122448978 0.5918367346938775 0.13435374149659865 0.5952380952380951 0.1364795918367347 0.5986394557823129 0.13818027210884354 0.6024659863945577 0.14073129251700678 0.6062925170068028 0.14370748299319727 0.6092687074829931 0.14710884353741494 0.6113945578231292 0.15178571428571427 0.6126700680272108 0.15816326530612243 0.6126700680272108 0.16198979591836735 0.6122448979591836 0.16624149659863943 0.6101190476190476 0.16964285714285712 0.6058673469387755 0.17389455782312924 0.6003401360544217 0.17729591836734693 0.5965136054421768 0.1798469387755102 0.5918367346938775 0.18154761904761904 0.5863095238095237 0.1828231292517007 0.5812074829931972 0.1845238095238095 0.5769557823129251 0.18537414965986393 0.5718537414965986 0.18622448979591835 0.5676020408163265 0.18622448979591835
1 0.6985544217687074 0.08801020408163264 0.689625850340136 0.08418367346938775 0.6857993197278911 0.08290816326530612 0.683673469387755 0.0820578231292517 0.6764455782312925 0.07610544217687075 0.6743197278911564 0.07270408163265304 0.673469387755102 0.06802721088435375 0.6730442176870748 0.06249999999999999 0.673469387755102 0.057823129251700675 0.6747448979591836 0.05399659863945578 0.6777210884353742 0.050170068027210885 0.6802721088435374 0.047193877551020405 0.6849489795918368 0.04549319727891156 0.6892006802721088 0.04421768707482993 0.6968537414965986 0.04251700680272109 0.703656462585034 0.041666666666666664 0.7087585034013605 0.04124149659863945 0.7130102040816326 0.04124149659863945 0.7172619047619048 0.041666666666666664 0.7215136054421768 0.0429421768707483 0.7249149659863945 0.04421768707482993 0.7295918367346937 0.04549319727891156 0.7351190476190476 0.04634353741496598 0.7376700680272108 0.047193877551020405 0.7414965986394557 0.04889455782312925 0.7444727891156462 0.05144557823129251 0.746173469387755 0.054846938775510196 0.7470238095238095 0.05994897959183673 0.7465986394557823 0.06462585034013606 0.7448979591836734 0.06930272108843537 0.7427721088435374 0.07227891156462585 0.7410714285714285 0.07440476190476189 0.7363945578231291 0.0778061224489796 0.7321428571428571 0.08078231292517006 0.7283163265306122 0.08290816326530612 0.7240646258503401 0.08503401360544217 0.7185374149659863 0.08715986394557822 0.713860544217687 0.08843537414965986 0.7096088435374149 0.08928571428571427
1 0.49659863945578225 0.07227891156462585 0.48511904761904756 0.06930272108843537 0.4800170068027211 0.06802721088435375 0.47448979591836726 0.06590136054421768 0.4693877551020408 0.06164965986394557 0.4651360544217687 0.05569727891156462 0.46343537414965985 0.04889455782312925 0.4638605442176871 0.03996598639455782 0.4659863945578231 0.033163265306122444 0.46811224489795916 0.02806122448979592 0.47151360544217685 0.023384353741496597 0.47534013605442177 0.019132653061224487 0.47916666666666663 0.017431972789115645 0.48384353741496594 0.016581632653061222 0.49107142857142855 0.01530612244897959 0.4974489795918367 0.01530612244897959 0.5055272108843537 0.01530612244897959 0.5119047619047619 0.0157312925170068 0.5174319727891156 0.017006802721088437 0.5229591836734694 0.019557823129251698 0.5267857142857142 0.021258503401360544 0.5318877551020408 0.02423469387755102 0.5365646258503401 0.02806122448979592 0.5399659863945577 0.0314625850340136 0.5433673469387755 0.03571428571428571 0.5467687074829931 0.03954081632653061 0.5480442176870748 0.04506802721088435 0.548469387755102 0.050170068027210885 0.5471938775510203 0.054421768707482984 0.5446428571428571 0.05909863945578231 0.5420918367346937 0.0629251700680272 0.5378401360544217 0.06632653061224489 0.5335884353741496 0.06887755102040817 0.5297619047619048 0.070578231292517 0.5246598639455782 0.07227891156462585 0.5216836734693877 0.07270408163265304 0.5174319727891156 0.07312925170068027 0.5123299319727891 0.07355442176870747 0.5059523809523809 0.07355442176870747
1 0.32695578231292516 0.12755102040816327 0.3239795918367347 0.11649659863945577 0.3239795918367347 0.11011904761904762 0.3239795918367347 0.1058673469387755 0.32440476190476186 0.09991496598639454 0.3256802721088435 0.09651360544217687 0.32653061224489793 0.09226190476190475 0.3273809523809524 0.08801020408163264 0.328656462585034 0.08333333333333333 0.33120748299319724 0.07738095238095237 0.3333333333333333 0.07312925170068027 0.336734693877551 0.06930272108843537 0.3401360544217687 0.06717687074829932 0.3443877551020408 0.06547619047619048 0.3482142857142857 0.06462585034013606 0.3516156462585034 0.06462585034013606 0.35459183673469385 0.06462585034013606 0.35841836734693877 0.0667517006802721 0.36181972789115646 0.06972789115646258 0.36479591836734687 0.07355442176870747 0.36734693877551017 0.0778061224489796 0.36989795918367346 0.0820578231292517 0.3720238095238095 0.0863095238095238 0.3737244897959184 0.0901360544217687 0.375 0.0939625850340136 0.3767006802721088 0.09948979591836735 0.3784013605442177 0.10374149659863945 0.37967687074829926 0.10756802721088435 0.3801020408163265 0.11139455782312924 0.3805272108843537 0.11607142857142856 0.3809523809523809 0.12074829931972789 0.3809523809523809 0.12627551020408162 0.3805272108843537 0.13265306122448978 0.37882653061224486 0.1364795918367347 0.3767006802721088 0.13988095238095238 0.3758503401360544 0.14243197278911565 0.3758503401360544 0.14243197278911565 0.3745748299319728 0.14625850340136054 0.3720238095238095 0.15136054421768705 0.3686224489795918 0.1560374149659864 0.3643707482993197 0.15986394557823128 0.35841836734693877 0.1607142857142857 0.35374149659863946 0.15943877551020408 0.3469387755102041 0.15646258503401358 0.34268707482993194 0.15391156462585034 0.33843537414965985 0.15008503401360543 0.3354591836734694 0.14625850340136054 0.33248299319727886 0.14243197278911565
1 0.18239795918367344 0.1683673469387755 0.18239795918367344 0.16156462585034012 0.18367346938775508 0.1560374149659864 0.18494897959183673 0.15093537414965985 0.1875 0.1454081632653061 0.19005102040816324 0.14200680272108843 0.19345238095238093 0.13860544217687074 0.19727891156462585 0.13562925170068024 0.20068027210884354 0.1335034013605442 0.20620748299319727 0.13137755102040816 0.21130952380952378 0.1292517006802721 0.21598639455782312 0.1284013605442177 0.22108843537414963 0.12797619047619047 0.22831632653061223 0.12797619047619047 0.23384353741496597 0.12797619047619047 0.23852040816326528 0.1296768707482993 0.2431972789115646 0.133078231292517 0.24617346938775508 0.1373299319727891 0.24829931972789113 0.14200680272108843 0.24829931972789113 0.14710884353741494 0.24829931972789113 0.1522108843537415 0.24659863945578228 0.1560374149659864 0.24489795918367344 0.15901360544217685 0.2427721088435374 0.16241496598639454 0.24107142857142855 0.16539115646258504 0.23809523809523808 0.16964285714285712 0.2342687074829932 0.1726190476190476 0.23044217687074828 0.17431972789115643 0.2266156462585034 0.17559523809523808 0.2236394557823129 0.17602040816326528 0.21896258503401358 0.17687074829931973 0.21428571428571427 0.17772108843537412 0.20833333333333331 0.179421768707483 0.20323129251700678 0.1802721088435374 0.19727891156462585 0.1806972789115646 0.1909013605442177 0.17899659863945577 0.18877551020408162 0.17772108843537412 0.18537414965986393 0.17431972789115643
1 0.6045918367346937 0.7189625850340136 0.594812925170068 0.7104591836734694 0.592687074829932 0.7074829931972789 0.5901360544217688 0.703656462585034 0.5875850340136054 0.6998299319727891 0.5850340136054422 0.6972789115646257 0.5833333333333334 0.6947278911564625 0.5812074829931972 0.6909013605442176 0.5803571428571428 0.6875 0.5795068027210883 0.6819727891156462 0.5795068027210883 0.6772959183673469 0.5803571428571428 0.6738945578231291 0.5829081632653061 0.6700680272108843 0.5854591836734694 0.6670918367346937 0.5897108843537414 0.6641156462585034 0.594812925170068 0.6619897959183674 0.5994897959183674 0.6615646258503401 0.6054421768707482 0.6619897959183674 0.6092687074829931 0.6632653061224489 0.6139455782312925 0.665391156462585 0.6173469387755102 0.667517006802721 0.6203231292517006 0.6696428571428571 0.6232993197278911 0.6721938775510203 0.6258503401360543 0.6760204081632654 0.6288265306122448 0.6798469387755102 0.6301020408163265 0.683673469387755 0.6318027210884354 0.6879251700680271 0.6326530612244897 0.6921768707482994 0.633078231292517 0.6968537414965986 0.6326530612244897 0.7011054421768708 0.6309523809523809 0.7062074829931971 0.6288265306122448 0.7108843537414965 0.6267006802721088 0.7151360544217688 0.6241496598639455 0.7185374149659863 0.6198979591836734 0.7206632653061223 0.6147959183673469 0.721938775510204 0.608843537414966 0.7215136054421768
1 0.5140306122448979 0.7699829931972789 0.5046768707482993 0.7670068027210883 0.4987244897959183 0.7640306122448979 0.49489795918367346 0.760204081632653 0.4906462585034013 0.7555272108843537 0.48724489795918363 0.7504251700680271 0.4863945578231292 0.7444727891156462 0.4863945578231292 0.7389455782312925 0.48852040816326525 0.7329931972789115 0.49107142857142855 0.7291666666666666 0.49489795918367346 0.7240646258503401 0.4995748299319728 0.7202380952380951 0.5072278911564625 0.7155612244897959 0.5123299319727891 0.7130102040816326 0.5195578231292516 0.7104591836734694 0.5255102040816326 0.7100340136054422 0.532312925170068 0.7100340136054422 0.5378401360544217 0.7108843537414965 0.5450680272108843 0.7130102040816326 0.5497448979591836 0.7151360544217688 0.5539965986394557 0.7189625850340136 0.5573979591836734 0.7232142857142857 0.5595238095238095 0.7274659863945577 0.5625 0.7329931972789115 0.5629251700680271 0.7376700680272108 0.5633503401360543 0.7431972789115645 0.5629251700680271 0.7487244897959183 0.5612244897959183 0.7534013605442176 0.5590986394557823 0.7572278911564625 0.5548469387755102 0.7606292517006802 0.5497448979591836 0.7644557823129251 0.5433673469387755 0.7670068027210883 0.5382653061224489 0.7687074829931971 0.5314625850340136 0.7699829931972789 0.5233843537414965 0.7712585034013605
1 0.6092687074829931 0.83078231292517 0.5999149659863945 0.8248299319727891 0.5977891156462584 0.8222789115646257 0.5960884353741496 0.8171768707482993 0.5952380952380951 0.8095238095238095 0.5960884353741496 0.7988945578231291 0.5986394557823129 0.7912414965986394 0.6020408163265306 0.7857142857142857 0.605017006802721 0.7818877551020408 0.6075680272108843 0.7784863945578231 0.6122448979591836 0.7733843537414965 0.6173469387755102 0.7687074829931971 0.6215986394557823 0.7653061224489796 0.6275510204081632 0.7627551020408163 0.6335034013605442 0.7610544217687074 0.641156462585034 0.7585034013605442 0.6475340136054422 0.7572278911564625 0.6543367346938775 0.7563775510204082 0.6611394557823129 0.7559523809523809 0.6683673469387755 0.7563775510204082 0.6747448979591836 0.7585034013605442 0.6811224489795917 0.7623299319727891 0.6849489795918368 0.7678571428571428 0.6875 0.7755102040816326 0.6875 0.7814625850340136 0.6866496598639455 0.7878401360544217 0.6840986394557823 0.7920918367346937 0.6819727891156462 0.7963435374149659 0.6781462585034014 0.8010204081632651 0.6738945578231291 0.8056972789115645 0.6687925170068028 0.8103741496598639 0.6636904761904762 0.8142006802721088 0.659438775510204 0.8180272108843537 0.6547619047619048 0.8218537414965985 0.6496598639455782 0.8265306122448979 0.6458333333333334 0.8290816326530611 0.6420068027210883 0.8299319727891156 0.6377551020408163 0.83078231292517 0.6318027210884354 0.8316326530612244 0.6241496598639455 0.8324829931972789 0.6173469387755102 0.8329081632653061
1 0.6968537414965986 0.8613945578231291 0.6981292517006802 0.8558673469387755 0.6998299319727891 0.8494897959183674 0.7019557823129251 0.8435374149659863 0.70578231292517 0.836734693877551 0.7100340136054422 0.8312074829931971 0.713860544217687 0.8278061224489796 0.7185374149659863 0.8252551020408163 0.7236394557823129 0.822704081632653 0.7287414965986394 0.8210034013605442 0.7329931972789115 0.8210034013605442 0.7385204081632654 0.8222789115646257 0.744047619047619 0.8239795918367346 0.7495748299319728 0.8261054421768708 0.7546768707482994 0.8299319727891156 0.7576530612244897 0.8354591836734694 0.760204081632653 0.8414115646258503 0.7610544217687074 0.8477891156462584 0.7614795918367346 0.8541666666666665 0.7614795918367346 0.8618197278911564 0.7610544217687074 0.8694727891156462 0.7585034013605442 0.8762755102040816 0.7555272108843537 0.8835034013605442 0.7525510204081631 0.8898809523809523 0.7495748299319728 0.8945578231292516 0.746173469387755 0.8962585034013605 0.7410714285714285 0.8979591836734694 0.7346938775510203 0.8996598639455782 0.7287414965986394 0.901360544217687 0.7215136054421768 0.9030612244897959 0.7168367346938775 0.9022108843537414 0.7096088435374149 0.8988095238095237 0.703656462585034 0.8941326530612244 0.701530612244898 0.8873299319727891 0.7006802721088435 0.8809523809523809 0.6994047619047618 0.8758503401360543 0.6981292517006802 0.8707482993197277
1 0.4434523809523809 0.8605442176870748 0.43664965986394555 0.8541666666666665 0.4336734693877551 0.8499149659863945 0.431547619047619 0.8439625850340136 0.4302721088435374 0.8380102040816325 0.42984693877551017 0.83078231292517 0.42984693877551017 0.8239795918367346 0.43197278911564624 0.8180272108843537 0.4345238095238095 0.8142006802721088 0.43792517006802717 0.8116496598639455 0.4430272108843537 0.8095238095238095 0.4498299319727891 0.8073979591836734 0.4579081632653061 0.8069727891156462 0.46343537414965985 0.8069727891156462 0.4706632653061224 0.8082482993197277 0.47619047619047616 0.8099489795918368 0.48171768707482987 0.8129251700680271 0.48852040816326525 0.8188775510204082 0.494047619047619 0.8269557823129251 0.4974489795918367 0.8358843537414965 0.49829931972789115 0.844812925170068 0.4974489795918367 0.8511904761904762 0.49532312925170063 0.8571428571428571 0.49192176870748294 0.8626700680272108 0.48767006802721086 0.8664965986394557 0.48384353741496594 0.8681972789115645 0.4766156462585034 0.8707482993197277 0.4706632653061224 0.8720238095238095 0.46301020408163257 0.8720238095238095 0.4557823129251701 0.871173469387755 0.4506802721088435 0.8681972789115645 0.44685374149659857 0.8643707482993197
1 0.3256802721088435 0.8767006802721088 0.3137755102040816 0.8686224489795917 0.3103741496598639 0.8635204081632651 0.30824829931972786 0.8571428571428571 0.3078231292517007 0.8503401360544217 0.3095238095238095 0.8431122448979591 0.3120748299319728 0.8371598639455782 0.31547619047619047 0.8337585034013605 0.3201530612244898 0.8312074829931971 0.3261054421768707 0.828656462585034 0.3320578231292517 0.8269557823129251 0.3375850340136054 0.8265306122448979 0.3443877551020408 0.8273809523809523 0.35204081632653056 0.8290816326530611 0.35799319727891155 0.8303571428571428 0.36479591836734687 0.8324829931972789 0.3703231292517007 0.8363095238095237 0.3745748299319728 0.8401360544217688 0.3792517006802721 0.8460884353741496 0.38222789115646255 0.8511904761904762 0.383078231292517 0.8567176870748299 0.3826530612244898 0.8626700680272108 0.3801020408163265 0.8681972789115645 0.3758503401360544 0.8715986394557823 0.37074829931972786 0.8745748299319728 0.36607142857142855 0.877125850340136 0.35841836734693877 0.8801020408163265 0.3533163265306122 0.8809523809523809 0.3456632653061224 0.8813775510204082 0.3354591836734694 0.8813775510204082
1 0.47619047619047616 0.9515306122448979 0.46896258503401356 0.947704081632653 0.46641156462585026 0.9451530612244897 0.4651360544217687 0.9409013605442176 0.46471088435374147 0.9349489795918368 0.46556122448979587 0.9281462585034013 0.46811224489795916 0.9221938775510203 0.4719387755102041 0.917517006802721 0.47704081632653056 0.9136904761904762 0.4821428571428571 0.9107142857142857 0.48979591836734687 0.9073129251700679 0.4970238095238095 0.9047619047619048 0.5029761904761905 0.9030612244897959 0.5097789115646258 0.9017857142857142 0.5157312925170068 0.9005102040816325 0.5212585034013605 0.9005102040816325 0.5272108843537414 0.9009353741496597 0.5318877551020408 0.9022108843537414 0.5374149659863946 0.9043367346938775 0.5408163265306122 0.9073129251700679 0.54421768707483 0.9107142857142857 0.5454931972789115 0.9149659863945577 0.5467687074829931 0.9221938775510203 0.5467687074829931 0.9277210884353742 0.5450680272108843 0.9328231292517005 0.5412414965986394 0.9374999999999999 0.5369897959183674 0.9417517006802721 0.5314625850340136 0.9451530612244897 0.5250850340136054 0.9485544217687074 0.5204081632653061 0.9515306122448979 0.5119047619047619 0.9553571428571428 0.5059523809523809 0.9566326530612244 0.4995748299319728 0.9570578231292516 0.49234693877551017 0.9570578231292516 0.4863945578231292 0.95578231292517
1 0.17729591836734693 0.8767006802721088 0.16624149659863943 0.8762755102040816 0.1611394557823129 0.8745748299319728 0.1568877551020408 0.8715986394557823 0.1526360544217687 0.8669217687074829 0.15008503401360543 0.8613945578231291 0.149234693877551 0.8554421768707482 0.15008503401360543 0.8490646258503401 0.1530612244897959 0.8431122448979591 0.15773809523809523 0.8371598639455782 0.1636904761904762 0.8320578231292516 0.1683673469387755 0.8290816326530611 0.17517006802721088 0.8265306122448979 0.18367346938775508 0.8239795918367346 0.19217687074829928 0.822704081632653 0.20195578231292516 0.8218537414965985 0.2079081632653061 0.8214285714285714 0.21130952380952378 0.8218537414965985 0.21598639455782312 0.8235544217687074 0.22108843537414963 0.8256802721088435 0.22576530612244897 0.8295068027210883 0.22959183673469388 0.8346088435374149 0.23086734693877548 0.8405612244897959 0.23086734693877548 0.846938775510204 0.22959183673469388 0.852891156462585 0.2266156462585034 0.8584183673469388 0.22236394557823128 0.863095238095238 0.2185374149659864 0.8673469387755102 0.21386054421768705 0.8707482993197277 0.2079081632653061 0.8737244897959183 0.20110544217687074 0.8762755102040816 0.19387755102040816 0.8775510204081631 0.18707482993197277 0.8779761904761904
1 0.16581632653061223 0.9630102040816325 0.1649659863945578 0.9502551020408163 0.16581632653061223 0.9451530612244897 0.1687925170068027 0.9404761904761904 0.1726190476190476 0.9379251700680271 0.17857142857142855 0.9353741496598639 0.18537414965986393 0.9332482993197277 0.19387755102040816 0.9323979591836734 0.20068027210884354 0.9323979591836734 0.20663265306122447 0.9332482993197277 0.21301020408163263 0.9353741496598639 0.22023809523809523 0.9379251700680271 0.22576530612244897 0.9413265306122448 0.23044217687074828 0.9447278911564625 0.23596938775510204 0.9494047619047618 0.23937074829931973 0.9532312925170068 0.2427721088435374 0.9596088435374149 0.24447278911564624 0.9668367346938775 0.24532312925170066 0.9740646258503401 0.24447278911564624 0.9821428571428571 0.2427721088435374 0.9893707482993197 0.2389455782312925 0.9948979591836734 0.23596938775510204 0.9978741496598639 0.2327168367346937 0.9989583333333333 0.22831632653061223 0.9989583333333333 0.2232142857142857 0.9989583333333333 0.21768707482993194 0.9989583333333333 0.21088435374149658 0.9978741496598639 0.20493197278911562 0.9965986394557823 0.1998299319727891 0.9948979591836734 0.19345238095238093 0.9923469387755102 0.18920068027210885 0.9902210884353742 0.18367346938775508 0.9872448979591836 0.17857142857142855 0.9842687074829931 0.17431972789115643 0.9808673469387755 0.17134353741496597 0.9774659863945577 0.1683673469387755 0.971938775510204
1 0.30824829931972786 0.9587585034013605 0.3112244897959184 0.9540816326530611 0.31505102040816324 0.9511054421768708 0.3201530612244898 0.9489795918367345 0.3282312925170068 0.945578231292517 0.33588435374149656 0.9434523809523809 0.3418367346938775 0.9430272108843537 0.3524659863945578 0.9426020408163265 0.3605442176870748 0.9426020408163265 0.36819727891156456 0.9430272108843537 0.3758503401360544 0.9451530612244897 0.3826530612244898 0.9485544217687074 0.38903061224489793 0.9519557823129251 0.3945578231292517 0.9579081632653061 0.39753401360544216 0.9651360544217685 0.3979591836734694 0.9710884353741496 0.3979591836734694 0.9783163265306122 0.3962585034013605 0.9859693877551019 0.39413265306122447 0.9910714285714285 0.3915816326530612 0.9953231292517005 0.3881802721088435 0.9978741496598639 0.38562925170068024 0.9987244897959183 0.3214285714285714 0.9987244897959183 0.3125 0.9914965986394557 0.3086734693877551 0.9863945578231291 0.30739795918367346 0.9821428571428571 0.306547619047619 0.9761904761904762 0.306547619047619 0.9693877551020408 0.30739795918367346 0.9647108843537414
1 0.7619047619047618 0.9804421768707482 0.7704081632653061 0.9702380952380951 0.7780612244897959 0.9647108843537414 0.7878401360544217 0.9604591836734693 0.7954931972789115 0.9583333333333333 0.8022959183673469 0.9574829931972789 0.8090986394557823 0.9570578231292516 0.8159013605442176 0.9583333333333333 0.8210034013605442 0.9621598639455782 0.8256802721088435 0.9672619047619048 0.8282312925170068 0.9727891156462584 0.828656462585034 0.9787414965986394 0.828656462585034 0.9834183673469388 0.8261054421768708 0.9876700680272108 0.8201530612244897 0.9987244897959183 0.7555272108843537 0.9982993197278911 0.7555272108843537 0.9957482993197277 0.758078231292517 0.988095238095238
1 0.04931972789115646 0.5659013605442176 0.04251700680272109 0.5599489795918368 0.03996598639455782 0.5561224489795917 0.036989795918367346 0.550595238095238 0.03571428571428571 0.5471938775510203 0.033163265306122444 0.5399659863945577 0.03231292517006803 0.5335884353741496 0.03231292517006803 0.5293367346938775 0.033163265306122444 0.5250850340136054 0.034438775510204085 0.5221088435374149 0.036989795918367346 0.51828231292517 0.038690476190476185 0.5153061224489796 0.041666666666666664 0.5127551020408163 0.04464285714285714 0.5119047619047619 0.04889455782312925 0.5114795918367346 0.054846938775510196 0.5114795918367346 0.05909863945578231 0.5114795918367346 0.06335034013605442 0.5123299319727891 0.06802721088435375 0.5140306122448979 0.07142857142857142 0.5165816326530612 0.07525510204081633 0.5199829931972789 0.07865646258503402 0.5238095238095238 0.0824829931972789 0.5293367346938775 0.08460884353741496 0.5335884353741496 0.0863095238095238 0.5386904761904762 0.08673469387755102 0.5429421768707482 0.08673469387755102 0.5480442176870748 0.08673469387755102 0.5522959183673469 0.08503401360544217 0.5573979591836734 0.08333333333333333 0.5616496598639455 0.08078231292517006 0.5659013605442176 0.07653061224489795 0.5693027210884354 0.07355442176870747 0.5714285714285714 0.06845238095238095 0.5718537414965986 0.06079931972789115 0.570578231292517 0.054846938775510196 0.5697278911564626
1 0.046768707482993194 0.46301020408163257 0.038690476190476185 0.45663265306122447 0.0314625850340136 0.4511054421768707 0.02593537414965986 0.44217687074829926 0.023384353741496597 0.44005102040816324 0.02040816326530612 0.4362244897959184 0.017857142857142856 0.43197278911564624 0.0157312925170068 0.42602040816326525 0.01530612244897959 0.4200680272108844 0.016581632653061222 0.41709183673469385 0.018282312925170068 0.41284013605442177 0.01998299319727891 0.40986394557823125 0.021683673469387755 0.407312925170068 0.02465986394557823 0.4034863945578231 0.027636054421768703 0.4000850340136054 0.03061224489795918 0.39838435374149656 0.034438775510204085 0.39753401360544216 0.03954081632653061 0.39668367346938777 0.04379251700680272 0.39668367346938777 0.04804421768707482 0.39753401360544216 0.05187074829931972 0.399234693877551 0.05569727891156462 0.40221088435374147 0.05952380952380952 0.40518707482993194 0.06420068027210885 0.40986394557823125 0.06760204081632652 0.41369047619047616 0.07142857142857142 0.4187925170068027 0.07397959183673469 0.4230442176870748 0.07610544217687075 0.4268707482993197 0.0778061224489796 0.431547619047619 0.07950680272108843 0.43664965986394555 0.08078231292517006 0.44047619047619047 0.08078231292517006 0.44557823129251695 0.08035714285714285 0.45025510204081626 0.07865646258503402 0.4557823129251701 0.07695578231292517 0.45918367346938777 0.07355442176870747 0.46173469387755095 0.070578231292517 0.46343537414965985 0.0667517006802721 0.46428571428571425 0.06335034013605442 0.46428571428571425 0.0586734693877551 0.46471088435374147 0.05357142857142857 0.46471088435374147
1 0.041666666666666664 0.32695578231292516 0.034438775510204085 0.3363095238095238 0.02976190476190476 0.34056122448979587 0.023384353741496597 0.344812925170068 0.016156462585034014 0.3482142857142857 0.01020408163265306 0.35119047619047616 0.0004251700680272108 0.3541666666666667 0.0004251700680272108 0.2980442176870748 0.005952380952380951 0.29549319727891155 0.011054421768707483 0.2950680272108844 0.017006802721088437 0.2950680272108844 0.021683673469387755 0.2950680272108844 0.026785714285714284 0.29549319727891155 0.03273809523809524 0.2980442176870748 0.038265306122448974 0.3018707482993197 0.041666666666666664 0.3056972789115646 0.04379251700680272 0.31079931972789115 0.04421768707482993 0.31547619047619047 0.04421768707482993 0.3214285714285714
1 0.10331632653061223 0.25382653061224486 0.09438775510204081 0.2534013605442177 0.0901360544217687 0.25212585034013607 0.08375850340136054 0.24957482993197277 0.07950680272108843 0.2470238095238095 0.07440476190476189 0.2423469387755102 0.07100340136054421 0.2346938775510204 0.06930272108843537 0.2261904761904762 0.06845238095238095 0.2185374149659864 0.06802721088435375 0.211734693877551 0.06802721088435375 0.20450680272108843 0.06972789115646258 0.19685374149659862 0.07142857142857142 0.1909013605442177 0.07440476190476189 0.18494897959183673 0.07738095238095237 0.1806972789115646 0.08035714285714285 0.17602040816326528 0.08460884353741496 0.1721938775510204 0.0897108843537415 0.17091836734693874 0.09608843537414964 0.16921768707482993 0.10119047619047619 0.1687925170068027 0.1050170068027211 0.17006802721088435 0.10756802721088435 0.1726190476190476 0.11181972789115645 0.17729591836734693 0.1173469387755102 0.1828231292517007 0.12074829931972789 0.18707482993197277 0.12329931972789114 0.19217687074829928 0.12499999999999999 0.19727891156462585 0.12627551020408162 0.20450680272108843 0.12755102040816327 0.2100340136054422 0.12755102040816327 0.2155612244897959 0.12755102040816327 0.22193877551020408 0.12627551020408162 0.22789115646258504 0.12372448979591837 0.23256802721088435 0.1211734693877551 0.23724489795918363 0.11862244897959182 0.24107142857142855 0.11564625850340135 0.24617346938775508 0.1130952380952381 0.24999999999999997 0.10884353741496597 0.25382653061224486
1 0.1454081632653061 0.09608843537414964 0.1364795918367347 0.10289115646258502 0.13435374149659865 0.10416666666666666 0.12755102040816327 0.10756802721088435 0.12287414965986394 0.11096938775510204 0.12032312925170068 0.11267006802721087 0.11777210884353741 0.11394557823129252 0.11437074829931972 0.11437074829931972 0.11011904761904762 0.11181972789115645 0.10756802721088435 0.1092687074829932 0.10331632653061223 0.10629251700680271 0.09906462585034012 0.10331632653061223 0.09608843537414964 0.09863945578231292 0.09523809523809522 0.09353741496598639 0.09523809523809522 0.08418367346938775 0.09693877551020408 0.07738095238095237 0.09948979591836735 0.07015306122448979 0.10246598639455781 0.06377551020408163 0.10714285714285714 0.05569727891156462 0.11139455782312924 0.05144557823129251 0.11692176870748298 0.04761904761904761 0.12244897959183672 0.04421768707482993 0.1288265306122449 0.04124149659863945 0.13562925170068024 0.03954081632653061 0.14370748299319727 0.038265306122448974 0.15093537414965985 0.03784013605442176 0.1560374149659864 0.038265306122448974 0.1602891156462585 0.04039115646258503 0.16198979591836735 0.0429421768707483 0.1636904761904762 0.047193877551020405 0.1649659863945578 0.05187074829931972 0.16539115646258504 0.05654761904761905 0.16539115646258504 0.06207482993197278 0.16539115646258504 0.06547619047619048 0.1645408163265306 0.07015306122448979 0.16241496598639454 0.07397959183673469 0.1607142857142857 0.07865646258503402 0.15773809523809523 0.08333333333333333 0.15476190476190474 0.08715986394557822 0.15051020408163265 0.09268707482993196
0 0.235033302354399 0.35004259603469645 0.2278694237918216 0.3469447026022305 0.22515876703841392 0.34617022924411406 0.22206087360594798 0.3453957558859975 0.21993107187112765 0.34442766418835197 0.21876936183395293 0.3432659541511772 0.21780127013630732 0.341329770755886 0.2174140334572491 0.3399744423791822 0.2183821251548947 0.3384254956629492 0.21993107187112765 0.338038258983891 0.22283534696406446 0.33823187732342014 0.2261268587360595 0.3391999690210657 0.22941837050805453 0.34036167905824044 0.2327098822800496 0.341329770755886 0.235033302354399 0.34249148079306074 0.2385184324659232 0.34384680916976457 0.24084185254027263 0.3452021375464684 0.24258441759603472 0.3475255576208179 0.24277803593556382 0.3498489776951673 0.24200356257744735 0.351010687732342 0.23929290582403967 0.35120430607187114
0 0.3896875 0.4786458333333333 0.38791666666666663 0.4764583333333333 0.4001041666666667 0.47333333333333333 0.4115625 0.47239583333333335 0.41541666666666666 0.47427083333333336 0.415 0.47854166666666664 0.41010416666666666 0.48166666666666663 0.4017708333333333 0.48322916666666665 0.3939583333333333 0.48239583333333336 0.3909375 0.48062499999999997
0 0.32525898842169415 0.2578458257160268 0.33001980499695305 0.2584171237050579 0.33554235222425355 0.2580362583790372 0.33782754418037786 0.2570840950639854 0.34163619744058504 0.2553702010968922 0.3448735527117612 0.2547989031078611 0.34601614868982333 0.25422760511883 0.34963436928702013 0.2528945764777575 0.35230042656916516 0.25232327848872643 0.355918647166362 0.2509902498476539 0.3576325411334552 0.249466788543571 0.35858470444850704 0.24775289457647778 0.3582038391224863 0.24356337599024988 0.3553473491773309 0.24223034734917734 0.3509673979280927 0.24223034734917734 0.3458257160268129 0.24223034734917734 0.3420170627666057 0.2437538086532602 0.33744667885435714 0.24527726995734309 0.33306672760511885 0.24737202925045707 0.3304006703229738 0.24851462522851922 0.3271633150517977 0.25003808653260207 0.32468769043266305 0.2517519804996953 0.3233546617915905 0.25346587446678853 0.3235450944546009 0.25594149908592323
0 0.5320057833859095 0.30691377497371186 0.5323343848580442 0.30362776025236593 0.5323343848580442 0.3013275499474238 0.531677181913775 0.29754863301787593 0.5301984752891693 0.2939340168243954 0.5287197686645636 0.28933359621451105 0.5278982649842272 0.2862118822292324 0.5265838590956887 0.28292586750788645 0.5252694532071503 0.2798041535226078 0.5231335436382756 0.27750394321766564 0.5201761303890642 0.27487513144058884 0.5182045215562565 0.27323212407991593 0.5163972134595164 0.2729035226077813 0.5131111987381703 0.27388932702418506 0.5122896950578338 0.27471083070452157 0.5114681913774973 0.27635383806519453 0.5111395899053628 0.2801327549947424 0.5119610935856993 0.28226866456361727 0.5132754994742377 0.28473317560462674 0.5154114090431124 0.2903194006309148 0.5170544164037855 0.29574132492113564 0.5185331230283912 0.29935594111461616 0.519518927444795 0.3018204521556257 0.5208333333333334 0.30444926393270244 0.5221477392218717 0.30642087276551 0.5259266561514196 0.3088853838065194
0 0.6544486215538846 0.2338659147869674 0.6522556390977443 0.23433583959899748 0.6494360902255638 0.23621553884711777 0.6463032581453633 0.23793859649122806 0.6431704260651628 0.24044486215538846 0.6409774436090225 0.24185463659147868 0.6387844611528822 0.24357769423558898 0.6353383458646616 0.24545739348370926 0.6311090225563909 0.24812030075187969 0.6279761904761904 0.25031328320802004 0.6248433583959899 0.2525062656641604 0.6220238095238095 0.2545426065162907 0.6207706766917293 0.2570488721804511 0.6184210526315789 0.2589285714285714 0.6177944862155388 0.25971177944862156 0.6173245614035088 0.26112155388471175 0.6193609022556391 0.2631578947368421 0.6210839598997494 0.2637844611528822 0.6235902255639096 0.26472431077694236 0.6273496240601503 0.26472431077694236 0.6318922305764411 0.26362781954887216 0.6340852130325814 0.26284461152882205 0.6383145363408521 0.2614348370927318 0.6408208020050126 0.2598684210526316 0.6441102756892231 0.2583020050125313 0.6492794486215538 0.2540726817042606 0.6514724310776943 0.2525062656641604 0.6550751879699247 0.2462406015037594 0.6589912280701754 0.24310776942355888 0.6602443609022557 0.2407581453634085 0.6605576441102756 0.23809523809523808 0.6599310776942355 0.2357456140350877 0.6589912280701754 0.2344924812030075
0 0.6432163382594417 0.3573994252873563 0.6412920771756977 0.3571428571428571 0.6384698275862067 0.35893883415435135 0.6353910098522167 0.36060652709359603 0.6332101806239737 0.3621459359605911 0.6316707717569785 0.3636853448275862 0.6300030788177339 0.36548132183908044 0.6258979885057471 0.3679187192118226 0.6249999999999999 0.3697146962233168 0.6229474548440065 0.37176724137931033 0.6203817733990147 0.37369150246305416 0.6190989326765188 0.3752309113300492 0.6182009441707716 0.3767703201970443 0.6155069786535302 0.3808754105090311 0.6151221264367815 0.38228653530377665 0.6153786945812807 0.3865199096880131 0.6188423645320196 0.3875461822660098 0.6225626026272578 0.38703304597701144 0.6255131362889983 0.3851087848932676 0.6287202380952379 0.38331280788177335 0.6328253284072249 0.3802339901477832 0.6347495894909687 0.3767703201970443 0.6383415435139572 0.3722803776683087 0.6411637931034482 0.3685601395730706 0.6436011904761904 0.36496818555008204 0.6452688834154351 0.3621459359605911 0.6465517241379309 0.3593236863711001 0.6465517241379309 0.3572711412151067
0 0.19918252806246947 0.15998657881893605 0.20101268911664227 0.15617374328940947 0.20482552464616885 0.15220839433870179 0.20970595412396292 0.14992069302098585 0.2138238164958516 0.14900561249389946 0.21794167886774035 0.14732796486090777 0.22175451439726696 0.1471754514397267 0.2258723767691557 0.14732796486090777 0.22816007808687164 0.14793801854563202 0.22938018545632013 0.1497681795998048 0.22770253782332844 0.15220839433870179 0.22480478282088825 0.1540385553928746 0.21916178623718888 0.15602122986822842 0.21595900439238655 0.15754636408003903 0.21367130307467055 0.1589189848706686 0.21077354807223037 0.16044411908247927 0.2077232796486091 0.16135919960956566 0.20436798438262566 0.16181673987310885 0.20208028306490972 0.16181673987310885
