1 0.5201318742985409 0.2525252525252525 0.5211840628507295 0.2465628507295174 0.5229377104377104 0.24060044893378224 0.5250420875420875 0.23604096520763188 0.527847923681257 0.23007856341189675 0.5310044893378226 0.22551907968574633 0.5345117845117844 0.22166105499438832 0.5383698092031425 0.21850448933782265 0.5425785634118967 0.21640011223344555 0.547138047138047 0.21604938271604937 0.5523989898989898 0.21675084175084172 0.5562570145903478 0.21850448933782265 0.5590628507295174 0.22060886644219976 0.5590628507295174 0.22095959595959594 0.5615179573512906 0.22446689113355778 0.5629208754208754 0.22937710437710435 0.5650252525252525 0.2353395061728395 0.5667789001122334 0.24235409652076317 0.5674803591470258 0.2511223344556678 0.5674803591470258 0.2567340067340067 0.5667789001122334 0.2619949494949495 0.5650252525252525 0.2672558922558922 0.5636223344556677 0.272516835016835 0.5622194163860831 0.2774270482603816 0.5594135802469135 0.28268799102132436 0.5562570145903478 0.2868967452300785 0.5527497194163861 0.2904040404040404 0.5478395061728395 0.2942620650953984 0.5429292929292928 0.29671717171717166 0.5383698092031425 0.29741863075196406 0.5313552188552187 0.29601571268237936 0.5281986531986532 0.2942620650953984 0.5257435465768798 0.2904040404040404 0.523989898989899 0.28303872053872053 0.5232884399551065 0.2770763187429854 0.5222362514029181 0.2732182940516274 0.5215347923681256 0.2683080808080808 0.5211840628507295 0.26269640852974185
1 0.6334175084175084 0.20693041526374858 0.6376262626262627 0.20342312008978675 0.6418350168350169 0.2016694725028058 0.6470959595959596 0.20131874298540964 0.6544612794612795 0.2023709315375982 0.6600729517396183 0.20552749719416383 0.6653338945005611 0.20973625140291804 0.6698933782267116 0.21499719416386082 0.6737514029180696 0.21990740740740738 0.6762065095398427 0.22551907968574633 0.6783108866442199 0.23183221099887766 0.6790123456790124 0.23954826038159371 0.6790123456790124 0.2465628507295174 0.6790123456790124 0.25392817059483724 0.6783108866442199 0.2598905723905724 0.6748035914702581 0.2665544332210999 0.6712962962962963 0.27181537598204264 0.6677890011223344 0.2753226711560045 0.6635802469135802 0.2770763187429854 0.6572671156004489 0.27777777777777773 0.6488496071829405 0.2760241301907968 0.6432379349046015 0.27181537598204264 0.6390291806958472 0.26515151515151514 0.6358726150392816 0.2567340067340067 0.6341189674523007 0.2479657687991021 0.6327160493827161 0.23884680134680134 0.6316638608305275 0.2304292929292929 0.630962401795735 0.22341470258136922 0.6306116722783389 0.2174523007856341 0.630962401795735 0.21184062850729515
1 0.7421436588103254 0.2760241301907968 0.7453002244668911 0.272516835016835 0.7512626262626262 0.2690095398428732 0.7561728395061728 0.2665544332210999 0.7617845117845118 0.26480078563411896 0.7670454545454545 0.2640993265993266 0.7709034792368126 0.2633978675645342 0.7754629629629629 0.26269640852974185 0.7810746352413018 0.2623456790123457 0.7856341189674523 0.2623456790123457 0.7912457912457912 0.2637485970819304 0.7972081930415263 0.26690516273849607 0.8021184062850729 0.2704124579124579 0.8049242424242423 0.27497194163860833 0.8056257014590347 0.28163580246913583 0.8035213243546576 0.2882996632996633 0.7989618406285073 0.29531425364758696 0.7933501683501682 0.3002244668911336 0.7908950617283951 0.3026795735129068 0.7859848484848484 0.3075897867564534 0.7821268237934904 0.31109708193041524 0.7779180695847362 0.31320145903479235 0.7723063973063973 0.31425364758698093 0.764239618406285 0.3125 0.7561728395061728 0.30864197530864196 0.7495089786756454 0.3037317620650954 0.7453002244668911 0.2984708193041526 0.7424943883277215 0.29110549943883274 0.7417929292929293 0.2854938271604938
1 0.7610830527497193 0.3966750841750841 0.7477553310886643 0.40228675645342304 0.7435465768799101 0.4033389450056116 0.7407407407407407 0.4033389450056116 0.7382856341189673 0.4033389450056116 0.7340768799102132 0.4012345679012345 0.7309203142536476 0.39842873176206506 0.7295173961840629 0.39211560044893373 0.7295173961840629 0.3851010101010101 0.7309203142536476 0.37703423120089785 0.733726150392817 0.3689674523007856 0.7365319865319865 0.36160213243546574 0.7407407407407407 0.3538860830527497 0.7445987654320987 0.3486251402918069 0.7505611672278338 0.3440656565656565 0.7575757575757576 0.3405583613916947 0.7638888888888888 0.33810325476992137 0.7705527497194163 0.33670033670033667 0.775813692480359 0.33529741863075196 0.7817760942760942 0.3338945005611672 0.787037037037037 0.33354377104377103 0.7915965207631874 0.33459595959595956 0.7954545454545454 0.3374017957351291 0.798611111111111 0.3402076318742985 0.8010662177328843 0.3451178451178451 0.8014169472502805 0.3517817059483726 0.8007154882154881 0.3587962962962962 0.7982603815937149 0.36510942760942755 0.7940516273849607 0.3707210998877665 0.7901936026936026 0.3756313131313131 0.7863355780022446 0.3794893378226711 0.7821268237934904 0.3836980920314253 0.7765151515151515 0.3879068462401795 0.7726571268237934 0.39071268237934903 0.7663439955106621 0.3931677890011223
1 0.7824775533108866 0.4068462401795735 0.7877384960718294 0.40368967452300786 0.7951038159371493 0.40018237934904594 0.8010662177328843 0.3977272727272727 0.8049242424242423 0.39702581369248036 0.8084315375982043 0.39737654320987653 0.811938832772166 0.39842873176206506 0.8171997755331087 0.39913019079685746 0.8217592592592592 0.40053310886644217 0.8263187429854095 0.4019360269360269 0.8291245791245792 0.4033389450056116 0.8312289562289562 0.40544332210998874 0.8329826038159371 0.40859988776655437 0.8336840628507294 0.41315937149270476 0.8340347923681256 0.41842031425364756 0.8326318742985409 0.425084175084175 0.8301767676767676 0.4292929292929292 0.825266554433221 0.4328002244668911 0.8200056116722784 0.4349046015712682 0.8154461279461279 0.43665824915824913 0.8108866442199775 0.43841189674523007 0.8049242424242423 0.4405162738496072 0.7989618406285073 0.44226992143658805 0.7908950617283951 0.44437429854096516 0.7842312008978675 0.44542648709315374 0.7800224466891132 0.4457772166105499 0.773709315375982 0.4457772166105499 0.7673961840628506 0.44507575757575757 0.7628367003367003 0.44297138047138046 0.7600308641975307 0.44086700336700335 0.7596801346801346 0.4391133557800224 0.7589786756453422 0.43350168350168344 0.7593294051627384 0.4278900112233445 0.7614337822671156 0.42333052749719413 0.764239618406285 0.41842031425364756 0.7684483726150392 0.4145622895622896 0.7740600448933782 0.41105499438832765
1 0.5790544332210998 0.3479236812570146 0.5811588103254769 0.3444163860830527 0.5846661054994388 0.3398569023569023 0.5885241301907967 0.33564814814814814 0.592732884399551 0.3321408529741863 0.5979938271604938 0.32863355780022446 0.6039562289562289 0.32512626262626265 0.6081649831649831 0.3226711560044893 0.613776655443322 0.31986531986531985 0.6197390572390572 0.3188131313131313 0.6285072951739619 0.3174102132435465 0.6337682379349047 0.3167087542087542 0.6404320987654321 0.3160072951739618 0.6449915824915825 0.3160072951739618 0.6506032547699213 0.3174102132435465 0.6562149270482603 0.3205667789001122 0.6590207631874297 0.32442480359147025 0.6604236812570146 0.33073793490460157 0.6611251402918069 0.3374017957351291 0.6607744107744107 0.34336419753086417 0.6597222222222221 0.3486251402918069 0.6583193041526375 0.35353535353535354 0.6548120089786755 0.35914702581369246 0.6484988776655443 0.36475869809203143 0.6414842873176206 0.36931818181818177 0.6351711560044893 0.373526936026936 0.6302609427609427 0.3763327721661055 0.6246492704826038 0.3787878787878788 0.619388327721661 0.3815937149270482 0.6148288439955106 0.382996632996633 0.6106200897867564 0.382996632996633 0.6057098765432098 0.38264590347923677 0.6007996632996632 0.38124298540965207 0.5958894500561167 0.37913860830527496 0.592732884399551 0.3777356902356902 0.5902777777777778 0.3766835016835017 0.5867704826038159 0.37492985409652074 0.5836139169472503 0.37247474747474746 0.5811588103254769 0.36966891133557794 0.5787037037037037 0.36616161616161613 0.5776515151515151 0.36230359147025815 0.5776515151515151 0.3573933782267115 0.5780022446689113 0.35283389450056113
1 0.41526374859708187 0.29075476992143656 0.4068462401795735 0.28444163860830524 0.40298821548821545 0.28058361391694725 0.40158529741863075 0.27777777777777773 0.4012345679012345 0.2693602693602693 0.40158529741863075 0.26269640852974185 0.4033389450056116 0.25848765432098764 0.40719696969696967 0.25392817059483724 0.41105499438832765 0.2511223344556678 0.4156144781144781 0.24936868686868685 0.4208754208754209 0.2483164983164983 0.42753928170594835 0.24761503928170595 0.4324494949494949 0.24761503928170595 0.43735970819304154 0.2483164983164983 0.4419191919191919 0.24971941638608305 0.44647867564534227 0.2521745230078563 0.44998597081930414 0.2542789001122334 0.4541947250280583 0.25708473625140293 0.4598063973063973 0.2609427609427609 0.46436588103254767 0.26515151515151514 0.46787317620650953 0.26971099887766553 0.4696268237934904 0.27497194163860833 0.4703282828282828 0.2823372615039281 0.4675224466891133 0.28794893378226705 0.46471661054994384 0.29215768799102126 0.46120931537598203 0.29601571268237936 0.4584034792368125 0.2984708193041526 0.4552469135802469 0.2995230078563412 0.4513888888888889 0.29987373737373735 0.4457772166105499 0.29987373737373735 0.4405162738496072 0.29987373737373735 0.434553872053872 0.29882154882154877 0.43069584736251404 0.29741863075196406 0.425084175084175 0.2949635241301908 0.4208754208754209 0.29285914702581367
1 0.4633136924803591 0.19535634118967452 0.4633136924803591 0.18588664421997753 0.46471661054994384 0.1820286195286195 0.4664702581369248 0.17852132435465767 0.4682239057239057 0.17641694725028056 0.47138047138047134 0.1732603815937149 0.4762906846240179 0.171506734006734 0.48155162738496066 0.17045454545454544 0.4864618406285073 0.17010381593714924 0.4910213243546577 0.17045454545454544 0.4952300785634119 0.17255892255892255 0.4997895622895623 0.1757154882154882 0.5043490460157126 0.17957351290684623 0.5089085297418631 0.18483445566778897 0.5120650953984287 0.19009539842873174 0.514520202020202 0.19675925925925924 0.5159231200897867 0.20307239057239057 0.5162738496071829 0.20973625140291804 0.5127665544332211 0.21675084175084172 0.5075056116722784 0.22060886644219976 0.4976851851851852 0.22131032547699211 0.4875140291806958 0.22095959595959594 0.47909652076318743 0.21815375982042648 0.4731341189674522 0.21534792368125702 0.46927609427609424 0.21219135802469136 0.46682098765432095 0.2072811447811448 0.46506734006734 0.20272166105499437
1 0.40754769921436584 0.39702581369248036 0.3931677890011223 0.39421997755331084 0.38825757575757575 0.39211560044893373 0.3843995510662177 0.3900112233445566 0.3815937149270482 0.3851010101010101 0.38054152637485966 0.3815937149270482 0.38124298540965207 0.3763327721661055 0.38404882154882153 0.3707210998877665 0.3879068462401795 0.36651234567901236 0.394570707070707 0.36230359147025815 0.4012345679012345 0.35914702581369246 0.40719696969696967 0.35669191919191917 0.413510101010101 0.35493827160493824 0.4177188552188552 0.3542368125701459 0.4247334455667789 0.35353535353535354 0.43139730639730633 0.35283389450056113 0.43595679012345673 0.35283389450056113 0.4419191919191919 0.35353535353535354 0.44753086419753085 0.35493827160493824 0.45349326599326595 0.3573933782267115 0.4566498316498316 0.3598484848484848 0.4594556677890011 0.36370650953984285 0.4615600448933782 0.36966891133557794 0.46261223344556673 0.3752805836139169 0.4622615039281706 0.38054152637485966 0.4587542087542087 0.3854517396184063 0.4545454545454545 0.3896604938271605 0.44893378226711556 0.3935185185185185 0.444023569023569 0.39632435465768795 0.43806116722783384 0.39842873176206506 0.43209876543209874 0.3998316498316498 0.4278900112233445 0.3998316498316498 0.421226150392817 0.39948092031425364 0.4156144781144781 0.39842873176206506
1 0.2665544332210999 0.37037037037037035 0.2567340067340067 0.36861672278338947 0.2504208754208754 0.3668630751964085 0.24515993265993263 0.36370650953984285 0.24270482603815935 0.3587962962962962 0.24200336700336697 0.35248316498316495 0.24515993265993263 0.3458193041526375 0.24971941638608305 0.3398569023569023 0.25392817059483724 0.3359988776655443 0.2588383838383838 0.3338945005611672 0.2644500561167228 0.33249158249158245 0.27181537598204264 0.3314393939393939 0.27777777777777773 0.33108866442199775 0.2833894500561167 0.33073793490460157 0.28724747474747475 0.33038720538720534 0.29145622895622897 0.33038720538720534 0.2970679012345679 0.33073793490460157 0.30197811447811446 0.3314393939393939 0.306888327721661 0.33249158249158245 0.3125 0.3342452300785634 0.3167087542087542 0.3359988776655443 0.3205667789001122 0.3388047138047138 0.32372334455667784 0.3426627384960718 0.32582772166105495 0.3479236812570146 0.3261784511784512 0.3552890011223344 0.32582772166105495 0.3598484848484848 0.32407407407407407 0.3626543209876543 0.32021604938271603 0.36616161616161613 0.31565656565656564 0.36826599326599324 0.30864197530864196 0.36826599326599324 0.29110549943883274 0.37037037037037035 0.27391975308641975 0.3710718294051627
1 0.3026795735129068 0.4261363636363636 0.3051346801346801 0.4201739618406285 0.30899270482603813 0.413510101010101 0.3139029180695847 0.4100028058361392 0.3195145903479236 0.4089506172839506 0.32652918069584735 0.4078984287317621 0.3342452300785634 0.40719696969696967 0.34125982042648706 0.40719696969696967 0.3458193041526375 0.40754769921436584 0.35002805836139167 0.40859988776655437 0.3538860830527497 0.4100028058361392 0.35704264870931535 0.41315937149270476 0.3598484848484848 0.4177188552188552 0.36160213243546574 0.4247334455667789 0.36230359147025815 0.4310465768799102 0.36230359147025815 0.43595679012345673 0.3619528619528619 0.44086700336700335 0.3598484848484848 0.4436728395061728 0.356341189674523 0.44682940516273845 0.35002805836139167 0.4485830527497194 0.3423120089786756 0.44998597081930414 0.3349466891133558 0.45103815937149266 0.32687991021324353 0.45173961840628507 0.31916386083052745 0.4520903479236812 0.3139029180695847 0.4520903479236812 0.30899270482603813 0.4503367003367003 0.3058361391694725 0.44682940516273845 0.3026795735129068 0.44226992143658805 0.3002244668911336 0.43771043771043766 0.2995230078563412 0.4338524130190796 0.3002244668911336 0.42964365881032546
1 0.44682940516273845 0.4391133557800224 0.4527918069584736 0.4338524130190796 0.4591049382716049 0.43069584736251404 0.4664702581369248 0.42753928170594835 0.47348484848484845 0.42543490460157124 0.48014870931537595 0.4243827160493827 0.4857603815937149 0.4240319865319865 0.4924242424242424 0.4236812570145903 0.49698372615039277 0.4243827160493827 0.5015432098765432 0.4271885521885521 0.5057519640852974 0.43139730639730633 0.5078563411896745 0.43735970819304154 0.5078563411896745 0.44262065095398423 0.505050505050505 0.4482323232323232 0.501192480359147 0.4548961840628507 0.4980359147025813 0.4598063973063973 0.4941778900112233 0.46436588103254767 0.48926767676767674 0.46787317620650953 0.48295454545454547 0.47138047138047134 0.4769921436588103 0.4748877665544332 0.4703282828282828 0.47804433221099885 0.4615600448933782 0.4819023569023569 0.4552469135802469 0.4833052749719416 0.44893378226711556 0.48365600448933777 0.4436728395061728 0.48225308641975306 0.43595679012345673 0.47874579124579125 0.43069584736251404 0.4748877665544332 0.42859147025813693 0.4675224466891133 0.42964365881032546 0.4605078563411896 0.4328002244668911 0.4548961840628507 0.43771043771043766 0.4485830527497194 0.44332210998877664 0.44297138047138046
1 0.7046156004489338 0.48295454545454547 0.7056677890011223 0.48470819304152635 0.7074214365881032 0.487864758698092 0.7084736251402918 0.49031986531986527 0.7095258136924802 0.49347643097643096 0.7102272727272727 0.4959315375982042 0.7102272727272727 0.4994388327721661 0.7095258136924802 0.5043490460157126 0.7081228956228957 0.5082070707070706 0.7067199775533108 0.5117143658810325 0.7049663299663299 0.5141694725028059 0.703212682379349 0.5159231200897867 0.699354657687991 0.5183782267115601 0.695496632996633 0.5201318742985409 0.6912878787878788 0.5204826038159371 0.6856762065095398 0.5204826038159371 0.6790123456790124 0.5204826038159371 0.6709455667789002 0.5204826038159371 0.6656846240179574 0.5197811447811448 0.6590207631874297 0.5173260381593715 0.6513047138047138 0.5134680134680134 0.6446408529741863 0.5099607182940517 0.6383277216610549 0.5061026936026936 0.6337682379349047 0.5022446689113356 0.630962401795735 0.4983866442199775 0.6281565656565656 0.4931257014590348 0.6274551066217733 0.487864758698092 0.627104377104377 0.4819023569023569 0.6274551066217733 0.47804433221099885 0.628858024691358 0.47558922558922556 0.6313131313131313 0.4731341189674522 0.6337682379349047 0.47138047138047134 0.6372755331088664 0.46927609427609424 0.6411335578002244 0.4675224466891133 0.6449915824915825 0.4664702581369248 0.6499017957351291 0.4654180695847362 0.6544612794612795 0.46506734006734 0.6604236812570146 0.46506734006734 0.6667368125701459 0.4657687991021324 0.6730499438832772 0.46682098765432095 0.6779601571268238 0.4685746352413019 0.6846240179573512 0.470679012345679 0.691638608305275 0.47383557800224463 0.6979517396184062 0.47664141414141414 0.7018097643097643 0.48014870931537595
1 0.8028198653198653 0.5587121212121212 0.7979096520763187 0.5520482603815936 0.7968574635241301 0.5481902356902356 0.7958052749719416 0.543280022446689 0.7951038159371493 0.5380190796857464 0.7954545454545454 0.5331088664421998 0.7972081930415263 0.5292508417508417 0.8003647586980919 0.5243406285072951 0.8042227833894501 0.5197811447811448 0.8077300785634118 0.5159231200897867 0.8122895622895623 0.5124158249158248 0.8164983164983165 0.5099607182940517 0.8224607182940515 0.5071548821548821 0.8263187429854095 0.5061026936026936 0.8326318742985409 0.5061026936026936 0.8382435465768798 0.5075056116722784 0.8438552188552187 0.5096099887766554 0.8484147025813692 0.5124158249158248 0.8512205387205386 0.516624579124579 0.8522727272727272 0.5215347923681256 0.8522727272727272 0.5281986531986532 0.8487654320987654 0.5359147025813692 0.8456088664421998 0.5408249158249158 0.8428030303030302 0.5460858585858586 0.840347923681257 0.5495931537598204 0.8368406285072951 0.5541526374859708 0.8340347923681256 0.5576599326599326 0.83087822671156 0.5594135802469135 0.8259680134680134 0.5611672278338945 0.8207070707070707 0.5622194163860831 0.8161475869809203 0.5629208754208754 0.811938832772166 0.5622194163860831 0.8066778900112233 0.5611672278338945
1 0.6990039281705948 0.5920314253647587 0.6986531986531986 0.5853675645342311 0.6986531986531986 0.5811588103254769 0.6997053872053872 0.5751964085297419 0.7021604938271604 0.5713383838383839 0.7063692480359146 0.5706369248035915 0.7158389450056116 0.5702861952861953 0.7214506172839505 0.5713383838383839 0.7288159371492705 0.5723905723905723 0.7344276094276093 0.5744949494949495 0.7403900112233445 0.5773007856341189 0.7467031425364757 0.5804573512906845 0.7502104377104377 0.5825617283950617 0.7540684624017957 0.5864197530864197 0.7579264870931538 0.5913299663299664 0.7614337822671156 0.5969416386083052 0.7645903479236812 0.6032547699214366 0.7652918069584735 0.6088664421997756 0.7649410774410774 0.6134259259259258 0.7617845117845118 0.6183361391694724 0.756523569023569 0.6228956228956228 0.7502104377104377 0.625 0.7428451178451178 0.6246492704826038 0.7344276094276093 0.6232463524130191 0.7267115600448933 0.6200897867564534 0.7203984287317621 0.6183361391694724 0.7161896745230079 0.6165824915824916 0.712682379349046 0.6141273849607182 0.7088243546576879 0.6113215488215488 0.7049663299663299 0.6071127946127945 0.7018097643097643 0.602202581369248 0.7000561167227833 0.5976430976430975
1 0.5155723905723906 0.5639730639730639 0.5134680134680134 0.5559062850729517 0.514520202020202 0.550645342312009 0.516624579124579 0.54503367003367 0.5194304152637486 0.5408249158249158 0.5229377104377104 0.5369668911335578 0.5260942760942761 0.5338103254769921 0.5289001122334456 0.5306537598204265 0.5331088664421998 0.5264450056116723 0.5376683501683501 0.5229377104377104 0.5422278338945006 0.5194304152637486 0.5467873176206509 0.5173260381593715 0.550996071829405 0.5152216610549943 0.5569584736251403 0.5131172839506173 0.5618686868686869 0.5124158249158248 0.5681818181818181 0.5120650953984287 0.5744949494949495 0.5131172839506173 0.5787037037037037 0.5159231200897867 0.5804573512906845 0.5197811447811448 0.5808080808080808 0.5257435465768798 0.5787037037037037 0.5331088664421998 0.5758978675645341 0.5404741863075196 0.5727413019079685 0.5478395061728395 0.5692340067340067 0.5538019079685746 0.5653759820426487 0.5590628507295174 0.5601150392817059 0.5639730639730639 0.5562570145903478 0.5667789001122334 0.5523989898989898 0.5692340067340067 0.547138047138047 0.5713383838383839 0.5380190796857464 0.5723905723905723 0.5313552188552187 0.5723905723905723 0.5253928170594837 0.5709876543209876 0.5211840628507295 0.5692340067340067 0.5180274971941639 0.5671296296296297
1 0.36721380471380466 0.621492704826038 0.36475869809203143 0.6190375982042648 0.36230359147025815 0.6162317620650953 0.3598484848484848 0.6123737373737373 0.35809483726150393 0.6071127946127945 0.3573933782267115 0.5997474747474747 0.35774410774410775 0.5944865319865319 0.35914702581369246 0.5892255892255892 0.36019921436588104 0.5839646464646465 0.36160213243546574 0.5808080808080808 0.36440796857463525 0.5748456790123456 0.3668630751964085 0.5709876543209876 0.3707210998877665 0.5667789001122334 0.3742283950617284 0.5636223344556677 0.3780864197530864 0.5611672278338945 0.3819444444444444 0.5601150392817059 0.3865039281705948 0.5590628507295174 0.3917648709315376 0.5587121212121212 0.3977272727272727 0.5601150392817059 0.40088383838383834 0.5632716049382717 0.4026374859708193 0.5692340067340067 0.40298821548821545 0.5773007856341189 0.40228675645342304 0.585016835016835 0.3998316498316498 0.5916806958473625 0.39737654320987653 0.5972923681257014 0.39492143658810325 0.602202581369248 0.3910634118967452 0.607814253647587 0.3865039281705948 0.6130751964085298 0.382996632996633 0.6162317620650953 0.3787878787878788 0.6186868686868686 0.37387766554433216 0.621141975308642
1 0.2795314253647587 0.527847923681257 0.2781285072951739 0.523989898989899 0.27637485970819303 0.5194304152637486 0.27637485970819303 0.5131172839506173 0.2781285072951739 0.5071548821548821 0.2812850729517396 0.5018939393939393 0.28514309764309764 0.4952300785634119 0.28900112233445563 0.49031986531986527 0.2935606060606061 0.48681257014590346 0.29882154882154877 0.48400673400673394 0.3047839506172839 0.4833052749719416 0.3117985409652076 0.48295454545454547 0.3181116722783389 0.48295454545454547 0.3226711560044893 0.48365600448933777 0.3261784511784512 0.4864618406285073 0.3293350168350168 0.4906705948372615 0.3317901234567901 0.4962822671156004 0.33249158249158245 0.5015432098765432 0.33249158249158245 0.5064534231200898 0.33073793490460157 0.5110129068462401 0.3261784511784512 0.5173260381593715 0.3205667789001122 0.5222362514029181 0.31565656565656564 0.5253928170594837 0.31109708193041524 0.5281986531986532 0.30408249158249157 0.5310044893378226 0.29776936026936024 0.5327581369248036 0.29110549943883274 0.5341610549943884 0.28724747474747475 0.5341610549943884 0.2837401795735129 0.5327581369248036
1 0.24936868686868685 0.5916806958473625 0.26059203142536475 0.5895763187429853 0.2672558922558922 0.5892255892255892 0.2711139169472503 0.5892255892255892 0.2746212121212121 0.5899270482603816 0.2791806958473625 0.5906285072951739 0.2837401795735129 0.5913299663299664 0.28724747474747475 0.592732884399551 0.29180695847362514 0.5944865319865319 0.2949635241301908 0.5958894500561167 0.299172278338945 0.5990460157126823 0.3044332210998878 0.6032547699214366 0.3079405162738496 0.6074635241301908 0.3096941638608305 0.6113215488215488 0.3096941638608305 0.6151795735129068 0.3096941638608305 0.6200897867564534 0.30864197530864196 0.625 0.3065375982042649 0.6274551066217733 0.3037317620650954 0.6302609427609427 0.3002244668911336 0.6327160493827161 0.29601571268237936 0.634820426487093 0.29005331088664416 0.6369248035914702 0.28479236812570147 0.6386784511784511 0.2791806958473625 0.6390291806958472 0.272516835016835 0.6390291806958472 0.2679573512906846 0.6386784511784511 0.2612934904601571 0.6372755331088664 0.2567340067340067 0.6362233445566778 0.2521745230078563 0.6344696969696969 0.2465628507295174 0.6320145903479236 0.2416526374859708 0.6295594837261504 0.23674242424242423 0.6264029180695847 0.2328843995510662 0.6232463524130191 0.23007856341189675 0.6200897867564534 0.22937710437710435 0.613776655443322 0.2290263748597082 0.6088664421997756 0.2304292929292929 0.6046576879910214 0.23218294051627383 0.6000982042648709 0.23358585858585856 0.5969416386083052 0.2353395061728395 0.5955387205387205 0.23814534231200896 0.5941358024691358 0.2416526374859708 0.592732884399551
1 0.5534511784511784 0.6523569023569024 0.5562570145903478 0.6435886644219977 0.5580106621773289 0.6397306397306397 0.5601150392817059 0.6362233445566778 0.5646745230078563 0.6327160493827161 0.5744949494949495 0.6264029180695847 0.5794051627384961 0.6239478114478114 0.5843153759820425 0.6221941638608305 0.5909792368125701 0.621492704826038 0.5976430976430975 0.6207912457912458 0.6029040404040403 0.6207912457912458 0.607814253647587 0.621492704826038 0.6127244668911336 0.6225448933782266 0.61763468013468 0.6242985409652076 0.6221941638608305 0.6264029180695847 0.6257014590347922 0.6285072951739619 0.628858024691358 0.630962401795735 0.6313131313131313 0.6334175084175084 0.6341189674523007 0.6372755331088664 0.6355218855218855 0.642185746352413 0.6372755331088664 0.6470959595959596 0.6379769921436588 0.6516554433221099 0.6379769921436588 0.6555134680134679 0.6372755331088664 0.659371492704826 0.6358726150392816 0.6635802469135802 0.6327160493827161 0.6674382716049382 0.6295594837261504 0.6705948372615039 0.6260521885521885 0.6730499438832772 0.6197390572390572 0.6762065095398427 0.6134259259259258 0.6790123456790124 0.6064113355780022 0.6807659932659932 0.5986952861952861 0.6811167227833894 0.5920314253647587 0.6814674523007855 0.5867704826038159 0.6811167227833894 0.5815095398428731 0.6800645342312008 0.5755471380471381 0.6783108866442199 0.5709876543209876 0.6762065095398427 0.5657267115600448 0.6734006734006733 0.5622194163860831 0.6709455667789002 0.5594135802469135 0.668841189674523 0.5569584736251403 0.6653338945005611 0.5548540965207632 0.6611251402918069 0.5531004489337822 0.6562149270482603
1 0.4278900112233445 0.6786616161616161 0.4271885521885521 0.6734006734006733 0.4278900112233445 0.6681397306397305 0.42964365881032546 0.6639309764309763 0.43350168350168344 0.6583193041526375 0.43806116722783384 0.6530583613916947 0.4436728395061728 0.6474466891133557 0.4482323232323232 0.6432379349046015 0.4538439955106622 0.6386784511784511 0.4598063973063973 0.634820426487093 0.4636644219977553 0.6330667789001122 0.4685746352413019 0.6323653198653199 0.47348484848484845 0.6320145903479236 0.4797979797979798 0.6320145903479236 0.48435746352413017 0.6327160493827161 0.4885662177328844 0.634820426487093 0.4931257014590348 0.6376262626262627 0.4976851851851852 0.6414842873176206 0.5001402918069584 0.6449915824915825 0.501192480359147 0.6509539842873175 0.5004910213243546 0.6590207631874297 0.4962822671156004 0.6670875420875421 0.4906705948372615 0.6734006734006733 0.48260381593714924 0.6790123456790124 0.47383557800224463 0.6846240179573512 0.4657687991021324 0.6891835016835016 0.45770202020202017 0.6923400673400673 0.4506874298540965 0.6933922558922558 0.4461279461279461 0.6937429854096521 0.4405162738496072 0.6923400673400673 0.43595679012345673 0.6895342312008979 0.4328002244668911 0.6863776655443322 0.4303451178451178 0.6825196408529741
1 0.6758557800224466 0.6684904601571268 0.6783108866442199 0.6663860830527497 0.6811167227833894 0.6642817059483725 0.6839225589225588 0.663229517396184 0.6863776655443322 0.6625280583613917 0.6884820426487093 0.6625280583613917 0.6888327721661054 0.6625280583613917 0.691638608305275 0.6625280583613917 0.6951459034792368 0.663229517396184 0.6997053872053872 0.6663860830527497 0.7039141414141414 0.6695426487093153 0.7084736251402918 0.672699214365881 0.712682379349046 0.6769079685746352 0.7168911335578002 0.6825196408529741 0.7207491582491582 0.688131313131313 0.7232042648709315 0.6926907968574635 0.7256593714927048 0.6979517396184062 0.7284652076318743 0.7046156004489338 0.7291666666666666 0.7112794612794613 0.7277637485970819 0.7151374859708193 0.7239057239057238 0.718644781144781 0.7182940516273849 0.7207491582491582 0.7123316498316499 0.7214506172839505 0.7067199775533108 0.7218013468013467 0.7028619528619529 0.7210998877665544 0.6990039281705948 0.7189955106621773 0.6937429854096521 0.7158389450056116 0.6891835016835016 0.7123316498316499 0.6828703703703703 0.7070707070707071 0.6793630751964085 0.7025112233445566 0.6769079685746352 0.6983024691358024 0.6748035914702581 0.6923400673400673 0.6737514029180696 0.688131313131313 0.6730499438832772 0.6839225589225588 0.6723484848484848 0.6786616161616161 0.6723484848484848 0.6744528619528619
1 0.7779180695847362 0.688131313131313 0.7775673400673401 0.6832210998877666 0.7775673400673401 0.6783108866442199 0.7775673400673401 0.6741021324354658 0.7789702581369248 0.668841189674523 0.7814253647586981 0.6646324354657688 0.785283389450056 0.6604236812570146 0.789141414141414 0.6572671156004489 0.7951038159371493 0.6544612794612795 0.8003647586980919 0.6530583613916947 0.8045735129068461 0.6530583613916947 0.8115881032547699 0.6534090909090909 0.8182519640852973 0.6544612794612795 0.8224607182940515 0.6555134680134679 0.8277216610549943 0.657617845117845 0.8319304152637486 0.6600729517396183 0.8354377104377104 0.6628787878787878 0.8382435465768798 0.6667368125701459 0.8392957351290684 0.6719977553310886 0.8392957351290684 0.676557239057239 0.8375420875420876 0.6814674523007855 0.8333333333333334 0.6867283950617283 0.8287738496071829 0.691638608305275 0.8235129068462401 0.6961980920314254 0.8164983164983165 0.6997053872053872 0.8098344556677889 0.7025112233445566 0.8028198653198653 0.7039141414141414 0.7958052749719416 0.7039141414141414 0.7901936026936026 0.703212682379349 0.7863355780022446 0.7004068462401796 0.7828282828282828 0.6968995510662176 0.7807239057239056 0.6937429854096521
1 0.5843153759820425 0.8073793490460157 0.5843153759820425 0.8038720538720538 0.585016835016835 0.7968574635241301 0.5874719416386083 0.7901936026936026 0.5916806958473625 0.7859848484848484 0.5962401795735129 0.7835297418630752 0.602202581369248 0.7824775533108866 0.6109708193041526 0.7824775533108866 0.61763468013468 0.7824775533108866 0.6235970819304152 0.7824775533108866 0.6295594837261504 0.7838804713804712 0.6355218855218855 0.7859848484848484 0.6411335578002244 0.7884399551066217 0.6460437710437711 0.7912457912457912 0.6499017957351291 0.7944023569023568 0.6530583613916947 0.8000140291806959 0.6544612794612795 0.8059764309764309 0.6544612794612795 0.8115881032547699 0.6534090909090909 0.8171997755331087 0.6502525252525253 0.8221099887766553 0.6460437710437711 0.8256172839506172 0.6418350168350169 0.8287738496071829 0.6365740740740741 0.8312289562289562 0.6299102132435465 0.8322811447811448 0.6218434343434343 0.8326318742985409 0.6144781144781144 0.8319304152637486 0.607814253647587 0.8294753086419752 0.6007996632996632 0.8256172839506172 0.5958894500561167 0.8221099887766553 0.5899270482603816 0.817550505050505 0.5871212121212122 0.8140432098765431
1 0.7442480359147026 0.7944023569023568 0.7365319865319865 0.7908950617283951 0.7323232323232323 0.787037037037037 0.7277637485970819 0.7814253647586981 0.7260101010101009 0.7775673400673401 0.7256593714927048 0.7723063973063973 0.7270622895622895 0.764239618406285 0.7295173961840629 0.7572250280583613 0.7330246913580247 0.75091189674523 0.7368827160493827 0.7449494949494949 0.7410914702581369 0.7403900112233445 0.747053872053872 0.7361812570145904 0.7533670033670034 0.7326739618406285 0.760381593714927 0.7288159371492705 0.7684483726150392 0.7253086419753086 0.7726571268237934 0.7246071829405163 0.7775673400673401 0.7242564534231201 0.7824775533108866 0.7263608305274971 0.7873877665544332 0.7288159371492705 0.7915965207631874 0.7316217732884399 0.7947530864197531 0.7347783389450055 0.7972081930415263 0.7400392817059483 0.7989618406285073 0.7453002244668911 0.7993125701459035 0.7516133557800224 0.7989618406285073 0.7579264870931538 0.7972081930415263 0.764239618406285 0.7958052749719416 0.7695005611672278 0.7933501683501682 0.7747615039281706 0.7905443322109988 0.7789702581369248 0.7873877665544332 0.7828282828282828 0.783179012345679 0.7866863075196409 0.7779180695847362 0.7894921436588103 0.7733585858585859 0.7919472502805835 0.7656425364758698 0.7944023569023568 0.7586279461279462 0.7958052749719416 0.75091189674523 0.7965067340067339
1 0.4983866442199775 0.8996212121212122 0.4983866442199775 0.8908529741863075 0.4987373737373737 0.8873456790123456 0.4990881032547699 0.882435465768799 0.4997895622895623 0.8775252525252525 0.5015432098765432 0.872965768799102 0.5025953984287317 0.869107744107744 0.5036475869809203 0.8648989898989898 0.505050505050505 0.8606902356902356 0.5078563411896745 0.855780022446689 0.5120650953984287 0.8505190796857462 0.5169753086419753 0.8466610549943883 0.5232884399551065 0.8449074074074073 0.5289001122334456 0.8445566778900112 0.5341610549943884 0.846310325476992 0.5387205387205386 0.849817620650954 0.5429292929292928 0.8547278338945005 0.5464365881032548 0.859638047138047 0.5499438832772167 0.8648989898989898 0.5520482603815936 0.8715628507295173 0.5527497194163861 0.8789281705948373 0.5531004489337822 0.886293490460157 0.5531004489337822 0.8940095398428731 0.5523989898989898 0.8999719416386083 0.550996071829405 0.9048821548821547 0.5488916947250281 0.9101430976430975 0.54503367003367 0.9171576879910213 0.5415263748597082 0.9210157126823793 0.535563973063973 0.9252244668911335 0.5306537598204265 0.9269781144781144 0.5218855218855218 0.9276795735129068 0.514520202020202 0.926276655443322 0.5103114478114478 0.9231200897867564 0.5068041526374859 0.918560606060606 0.5039983164983165 0.9132996632996632 0.5018939393939393 0.9080387205387205
1 0.40158529741863075 0.8414001122334456 0.39281705948372614 0.8371913580246914 0.3879068462401795 0.8336840628507294 0.3833473625140292 0.8294753086419752 0.3794893378226711 0.8249158249158249 0.3752805836139169 0.8164983164983165 0.3731762065095398 0.8094837261503928 0.3721240179573513 0.8021184062850729 0.37177328843995505 0.7951038159371493 0.37282547699214363 0.7894921436588103 0.37492985409652074 0.7845819304152637 0.3777356902356902 0.7807239057239056 0.3822951739618406 0.7765151515151515 0.3889590347923681 0.7740600448933782 0.39737654320987653 0.773709315375982 0.40439113355780015 0.7751122334455668 0.41105499438832765 0.7786195286195287 0.41631593714927045 0.783179012345679 0.4208754208754209 0.7884399551066217 0.425084175084175 0.7958052749719416 0.42753928170594835 0.8031705948372615 0.4289421997755331 0.8105359147025814 0.42964365881032546 0.817550505050505 0.42964365881032546 0.8231621773288439 0.4292929292929292 0.8291245791245792 0.42753928170594835 0.8336840628507294 0.4247334455667789 0.8382435465768798 0.4201739618406285 0.8414001122334456 0.41526374859708187 0.842452300785634 0.40859988776655437 0.8428030303030302
1 0.37913860830527496 0.7203984287317621 0.37282547699214363 0.7309203142536476 0.3714225589225589 0.7340768799102132 0.37037037037037035 0.7368827160493827 0.36791526374859707 0.7396885521885521 0.3654601571268238 0.741442199775533 0.36125140291806956 0.7417929292929293 0.35283389450056113 0.7386363636363635 0.34687149270482603 0.7344276094276093 0.3440656565656565 0.7288159371492705 0.3423120089786756 0.7225028058361391 0.34125982042648706 0.7154882154882155 0.34125982042648706 0.7067199775533108 0.34125982042648706 0.699354657687991 0.34336419753086417 0.6926907968574635 0.3472222222222222 0.6877805836139169 0.3538860830527497 0.6846240179573512 0.36125140291806956 0.6832210998877666 0.36826599326599324 0.6832210998877666 0.37282547699214363 0.6839225589225588 0.377384960718294 0.6856762065095398 0.3808922558922559 0.6884820426487093 0.3822951739618406 0.6923400673400673 0.38264590347923677 0.6972502805836138 0.38264590347923677 0.7035634118967452 0.3822951739618406 0.7102272727272727 0.38054152637485966 0.7165404040404041
1 0.2525252525252525 0.8049242424242423 0.24095117845117844 0.7993125701459035 0.2374438832772166 0.7965067340067339 0.23498877665544332 0.7915965207631874 0.2332351290684624 0.7838804713804712 0.23253367003367 0.7789702581369248 0.23253367003367 0.7726571268237934 0.23393658810325477 0.7680976430976431 0.23674242424242423 0.764239618406285 0.2398989898989899 0.7617845117845118 0.24551066217732884 0.7589786756453422 0.2504208754208754 0.7575757575757576 0.2549803591470258 0.7568742985409652 0.2644500561167228 0.756523569023569 0.2735690235690235 0.7572250280583613 0.27847923681257014 0.7589786756453422 0.28303872053872053 0.7614337822671156 0.2868967452300785 0.7649410774410774 0.28970258136924804 0.7695005611672278 0.29075476992143656 0.7761644219977553 0.2904040404040404 0.7821268237934904 0.28900112233445563 0.7877384960718294 0.2875982042648709 0.7919472502805835 0.28584455667788994 0.7958052749719416 0.2837401795735129 0.7996632996632996 0.2809343434343434 0.802469135802469 0.2774270482603816 0.8042227833894501 0.27391975308641975 0.8049242424242423 0.2672558922558922 0.8052749719416386 0.2612934904601571 0.8052749719416386
1 0.33564814814814814 0.8989197530864197 0.3416105499438833 0.8954124579124579 0.3454685746352413 0.8943602693602694 0.35037878787878785 0.8936588103254769 0.3542368125701459 0.8936588103254769 0.35914702581369246 0.8950617283950617 0.364057239057239 0.8964646464646464 0.36931818181818177 0.8989197530864197 0.3731762065095398 0.9010241301907967 0.3780864197530864 0.9045314253647586 0.3822951739618406 0.9076879910213244 0.3872053872053872 0.9118967452300786 0.3910634118967452 0.9157547699214366 0.3938692480359147 0.9192620650953984 0.3966750841750841 0.9234708193041526 0.39913019079685746 0.9276795735129068 0.40053310886644217 0.9346941638608305 0.40088383838383834 0.9424102132435465 0.40018237934904594 0.9490740740740741 0.39877946127946123 0.9550364758698091 0.39632435465768795 0.9609988776655443 0.3938692480359147 0.9659090909090909 0.3889590347923681 0.9690656565656565 0.3843995510662177 0.970117845117845 0.3766835016835017 0.9704685746352413 0.3714225589225589 0.9690656565656565 0.36616161616161613 0.9662598204264871 0.36090067340067333 0.962401795735129 0.3552890011223344 0.9571408529741863 0.3514309764309764 0.9539842873176206 0.3475729517396184 0.9508277216610549 0.34336419753086417 0.9476711560044893 0.33915544332210995 0.9441638608305275 0.3359988776655443 0.9410072951739619 0.33249158249158245 0.9360970819304152 0.3293350168350168 0.928030303030303 0.3275813692480359 0.9175084175084174 0.3275813692480359 0.9132996632996632 0.3275813692480359 0.909090909090909 0.3293350168350168 0.9055836139169472 0.3321408529741863 0.9006734006734006
1 0.6730499438832772 0.914702581369248 0.6800645342312008 0.9104938271604938 0.688131313131313 0.9069865319865319 0.6933922558922558 0.9062850729517395 0.6972502805836138 0.9073372615039281 0.6997053872053872 0.9094416386083052 0.7021604938271604 0.9125982042648708 0.7039141414141414 0.916806958473625 0.7046156004489338 0.9217171717171716 0.7049663299663299 0.9266273849607182 0.7046156004489338 0.9332912457912457 0.7025112233445566 0.9399551066217733 0.6990039281705948 0.9466189674523007 0.6961980920314254 0.9522306397306397 0.6923400673400673 0.9588945005611671 0.6874298540965208 0.9652076318742985 0.682168911335578 0.9697671156004489 0.6755050505050505 0.9746773288439955 0.6663860830527497 0.9785353535353535 0.657617845117845 0.9802890011223344 0.6520061728395061 0.9806397306397305 0.6456930415263749 0.9774831649831649 0.6404320987654321 0.9725729517396183 0.6376262626262627 0.9669612794612793 0.6355218855218855 0.9595959595959596 0.6355218855218855 0.9525813692480358 0.6376262626262627 0.9438131313131313 0.6414842873176206 0.9382014590347922 0.6467452300785633 0.9325897867564534 0.6513047138047138 0.9287317620650953 0.6569163860830527 0.9245230078563412 0.6614758698092031 0.9206649831649831
1 0.2265712682379349 0.9866021324354658 0.21850448933782265 0.9778338945005611 0.21569865319865317 0.9725729517396183 0.21394500561167226 0.9652076318742985 0.2146464646464646 0.9578423120089786 0.21815375982042648 0.9525813692480358 0.22166105499438832 0.9497755331088664 0.22586980920314254 0.9480218855218855 0.23148148148148145 0.9476711560044893 0.23779461279461278 0.9480218855218855 0.24340628507295173 0.9497755331088664 0.2486672278338945 0.9525813692480358 0.25392817059483724 0.9557379349046015 0.2588383838383838 0.9595959595959596 0.2637485970819304 0.9638047138047138 0.2679573512906846 0.9694163860830527 0.27181537598204264 0.9764309764309763 0.2746212121212121 0.9830948372615039 0.2767255892255892 0.9894079685746352 0.27777777777777773 0.9943181818181818 0.27847923681257014 0.9981762065095398 0.24901912644968088 0.9989583333333333 0.2370931537598204 0.998526936026936
1 0.7954545454545454 0.9837962962962962 0.8042227833894501 0.9785353535353535 0.8112373737373737 0.9753787878787877 0.8164983164983165 0.9739758698092031 0.821408529741863 0.9739758698092031 0.8249158249158249 0.9750280583613916 0.8284231200897867 0.9774831649831649 0.8319304152637486 0.9809904601571268 0.8343855218855218 0.9855499438832772 0.836489898989899 0.9904601571268238 0.8382435465768798 0.9943181818181818 0.8391715768799101 0.9989583333333333 0.7842312008978675 0.9981762065095398 0.787037037037037 0.9918630751964084
1 0.9466189674523007 0.9676627384960718 0.9501262626262625 0.9617003367003367 0.9525813692480358 0.9581930415263749 0.9546857463524129 0.9543350168350168 0.9578423120089786 0.9504769921436587 0.9617003367003367 0.947320426487093 0.9666105499438832 0.9452160493827161 0.971871492704826 0.9448653198653199 0.9764309764309763 0.9462682379349044 0.981341189674523 0.9487233445566778 0.9855499438832772 0.9504769921436587 0.9901094276094276 0.9532828282828283 0.9939674523007855 0.9557379349046015 0.996773288439955 0.9581930415263749 0.9988776655443322 0.9609988776655443 0.9988776655443322 0.9989583333333333 0.9424102132435465 0.9988776655443322 0.943462401795735 0.9918630751964084 0.9448653198653199 0.9869528619528619 0.9455667789001122 0.9816919191919191 0.9459175084175083 0.9774831649831649 0.9462682379349044 0.9739758698092031
1 0.83087822671156 0.8322811447811448 0.8312289562289562 0.8238636363636364 0.8336840628507294 0.8157968574635241 0.8382435465768798 0.8070286195286195 0.844205948372615 0.7993125701459035 0.8494668911335578 0.7933501683501682 0.8526234567901234 0.7898428731762065 0.85753367003367 0.785283389450056 0.8620931537598204 0.7821268237934904 0.8687570145903478 0.779671717171717 0.8761223344556677 0.7789702581369248 0.882435465768799 0.779671717171717 0.888047138047138 0.7828282828282828 0.8926066217732883 0.787037037037037 0.8947109988776655 0.7933501683501682 0.8957631874298541 0.8014169472502805 0.8943602693602694 0.8108866442199775 0.891905162738496 0.8193041526374859 0.8876964085297417 0.8263187429854095 0.8820847362514029 0.8319304152637486 0.8740179573512906 0.8378928170594836 0.8666526374859708 0.8421015712682378 0.8589365881032547 0.8456088664421998 0.8533249158249158 0.8473625140291806 0.848063973063973 0.8473625140291806 0.840347923681257 0.8452581369248036 0.8354377104377104 0.8417508417508418 0.8326318742985409 0.8378928170594836
1 0.8470117845117844 0.7277637485970819 0.8470117845117844 0.7256593714927048 0.848063973063973 0.7214506172839505 0.8494668911335578 0.7175925925925924 0.8512205387205386 0.7133838383838383 0.8543771043771042 0.7091750841750841 0.8592873176206509 0.7060185185185185 0.8656004489337822 0.7028619528619529 0.8719135802469135 0.701459034792368 0.8789281705948373 0.7011083052749718 0.8841891133557799 0.7018097643097643 0.8883978675645341 0.703212682379349 0.8922558922558922 0.7049663299663299 0.8957631874298541 0.7070707070707071 0.8985690235690236 0.7098765432098765 0.9006734006734006 0.7133838383838383 0.9020763187429853 0.7179433221099887 0.9020763187429853 0.7235549943883277 0.9006734006734006 0.7284652076318743 0.897516835016835 0.7330246913580247 0.8926066217732883 0.7361812570145904 0.8876964085297417 0.7389870931537598 0.8820847362514029 0.7403900112233445 0.8775252525252525 0.7407407407407407 0.8712121212121211 0.7410914702581369 0.8663019079685746 0.7407407407407407 0.8617424242424242 0.7407407407407407 0.8589365881032547 0.7400392817059483 0.853675645342312 0.7375841750841751 0.8508698092031425 0.7358305274971941 0.848063973063973 0.7333754208754208
1 0.773709315375982 0.08417508417508417 0.7712542087542087 0.07330246913580246 0.7705527497194163 0.06734006734006732 0.7705527497194163 0.06278058361391695 0.7705527497194163 0.058571829405162736 0.7709034792368126 0.05471380471380471 0.7723063973063973 0.05155723905723906 0.7730078563411896 0.04910213243546577 0.7744107744107744 0.04559483726150393 0.7765151515151515 0.04313973063973064 0.779671717171717 0.04138608305274972 0.7842312008978675 0.03963243546576879 0.7912457912457912 0.03893097643097643 0.7972081930415263 0.03928170594837262 0.8017676767676767 0.040684624017957347 0.8059764309764309 0.04243827160493827 0.8087822671156003 0.044542648709315374 0.8108866442199775 0.04699775533108866 0.813692480359147 0.050154320987654315 0.8164983164983165 0.05401234567901234 0.8189534231200898 0.05892255892255892 0.8207070707070707 0.06313131313131312 0.8224607182940515 0.06769079685746353 0.8235129068462401 0.0726010101010101 0.8245650953984287 0.07751122334455668 0.8245650953984287 0.08171997755331088 0.8249158249158249 0.0859287317620651 0.8245650953984287 0.08943602693602694 0.8231621773288439 0.09329405162738495 0.8210578002244667 0.0968013468013468 0.8189534231200898 0.09960718294051626 0.8157968574635241 0.10311447811447812 0.8115881032547699 0.10627104377104375 0.8087822671156003 0.10767396184062851 0.8056257014590347 0.10837542087542086 0.802469135802469 0.10837542087542086 0.798611111111111 0.10802469135802469 0.7940516273849607 0.10592031425364758 0.7894921436588103 0.10346520763187429 0.7866863075196409 0.10136083052749718 0.7838804713804712 0.09820426487093153 0.7807239057239056 0.0946969696969697 0.7775673400673401 0.09118967452300786
1 0.6516554433221099 0.05085578002244669 0.6516554433221099 0.0417368125701459 0.6527076318742985 0.03787878787878787 0.6544612794612795 0.0329685746352413 0.6565656565656565 0.028058361391694722 0.6586700336700336 0.0242003367003367 0.6614758698092031 0.01964085297418631 0.6649831649831649 0.015081369248035914 0.668841189674523 0.01052188552188552 0.672699214365881 0.007716049382716048 0.6776094276094276 0.006663860830527497 0.684273288439955 0.005962401795735128 0.6902356902356902 0.006313131313131313 0.6951459034792368 0.008066778900112233 0.699354657687991 0.011574074074074073 0.7025112233445566 0.015081369248035914 0.7046156004489338 0.02104377104377104 0.705317059483726 0.02770763187429854 0.705317059483726 0.03402076318742985 0.705317059483726 0.03928170594837262 0.7042648709315376 0.04559483726150393 0.7028619528619529 0.05085578002244669 0.7007575757575757 0.056467452300785634 0.6979517396184062 0.062079124579124574 0.6951459034792368 0.06523569023569023 0.691638608305275 0.06874298540965208 0.686026936026936 0.07049663299663299 0.6790123456790124 0.07119809203142537 0.6712962962962963 0.07119809203142537 0.6653338945005611 0.07014590347923681 0.6607744107744107 0.06874298540965208 0.6565656565656565 0.06663860830527497 0.6537598204264871 0.06453423120089787 0.6516554433221099 0.06102693602693602 0.6506032547699213 0.056467452300785634
1 0.8694584736251403 0.024901795735129066 0.8529741863075196 0.01999158249158249 0.8477132435465768 0.01718574635241302 0.8438552188552187 0.01473063973063973 0.8406986531986532 0.011574074074074073 0.8382435465768798 0.008768237934904602 0.8357884399551065 0.005611672278338945 0.8326318742985409 0.0 0.8961139169472502 0.0007014590347923681 0.8968153759820425 0.004910213243546577 0.8968153759820425 0.009469696969696968 0.8961139169472502 0.015432098765432096 0.8947109988776655 0.01964085297418631 0.8926066217732883 0.022095959595959596 0.8890993265993266 0.0242003367003367 0.8855920314253647 0.025252525252525252 0.8799803591470258 0.025603254769921435 0.8736672278338945 0.025603254769921435
1 0.017536475869809203 0.08417508417508417 0.025252525252525252 0.0901374859708193 0.02770763187429854 0.09329405162738495 0.030864197530864192 0.09715207631874298 0.0329685746352413 0.10101010101010101 0.03367003367003366 0.10592031425364758 0.03367003367003366 0.11223344556677889 0.0329685746352413 0.11749438832772166 0.03051346801346801 0.12345679012345677 0.02665544332210999 0.1294191919191919 0.022095959595959596 0.1357323232323232 0.01964085297418631 0.13923961840628507 0.016133557800224466 0.14309764309764308 0.013678451178451177 0.14555274971941637 0.010872615039281707 0.14765712682379348 0.007365319865319865 0.1501122334455668 0.004910213243546577 0.1515151515151515 0.0024551066217732885 0.15291806958473625 0.0007014590347923681 0.1536195286195286 0.00035072951739618404 0.1536195286195286 0.0 0.07786195286195285 0.0070145903479236806 0.07926487093153758 0.009469696969696968 0.08031705948372614
1 0.15467171717171715 0.3633557800224467 0.14870931537598203 0.36019921436588104 0.14660493827160492 0.35914702581369246 0.14169472502805835 0.35563973063973064 0.1378367003367003 0.35037878787878785 0.1360830527497194 0.34617003367003363 0.13468013468013465 0.3409090909090909 0.1343294051627385 0.3359988776655443 0.1339786756453423 0.329685746352413 0.1339786756453423 0.32372334455667784 0.1357323232323232 0.3184624017957351 0.1385381593714927 0.3160072951739618 0.14204545454545453 0.3146043771043771 0.14625420875420875 0.3135521885521885 0.1501122334455668 0.31320145903479235 0.1560746352413019 0.3139029180695847 0.16098484848484848 0.31530583613916946 0.16449214365881032 0.3167087542087542 0.16870089786756454 0.3184624017957351 0.1718574635241302 0.32021604938271603 0.17676767676767677 0.32372334455667784 0.18097643097643096 0.32687991021324353 0.18553591470258135 0.3314393939393939 0.1890432098765432 0.3374017957351291 0.1911475869809203 0.3451178451178451 0.1907968574635241 0.350729517396184 0.18728956228956228 0.356341189674523 0.18308080808080807 0.3605499438832772 0.1781705948372615 0.3633557800224467 0.175364758698092 0.36370650953984285 0.171506734006734 0.364057239057239 0.16764870931537598 0.364057239057239 0.16133557800224466 0.36475869809203143
1 0.08242143658810325 0.39492143658810325 0.0855780022446689 0.3843995510662177 0.0880331088664422 0.3801907968574635 0.09083894500561167 0.37703423120089785 0.0943462401795735 0.37457912457912457 0.09855499438832771 0.3714225589225589 0.10311447811447812 0.3689674523007856 0.1073232323232323 0.3675645342312009 0.11188271604938271 0.36616161616161613 0.11679292929292928 0.36581088664421996 0.12030022446689112 0.36651234567901236 0.12485970819304153 0.3689674523007856 0.13012065095398428 0.3721240179573513 0.13292648709315374 0.37598204264870927 0.1343294051627385 0.3819444444444444 0.13468013468013465 0.38825757575757575 0.1336279461279461 0.3966750841750841 0.1318742985409652 0.40404040404040403 0.1294191919191919 0.41245791245791247 0.1273148148148148 0.41842031425364756 0.12345679012345677 0.4247334455667789 0.12030022446689112 0.4289421997755331 0.11609147025813692 0.43350168350168344 0.11118125701459033 0.4370089786756453 0.10521885521885523 0.43981481481481477 0.10136083052749718 0.4405162738496072 0.09574915824915825 0.44086700336700335 0.0901374859708193 0.4405162738496072 0.08627946127946128 0.43806116722783384 0.0834736251402918 0.43525533108866443 0.08136924803591469 0.4303451178451178 0.07996632996632996 0.4257856341189674 0.07996632996632996 0.4215768799102132 0.07961560044893377 0.4159652076318743 0.07961560044893377 0.41035353535353536 0.08031705948372614 0.40544332210998874
1 0.17676767676767677 0.4727833894500561 0.17255892255892255 0.47102974186307517 0.17010381593714924 0.4703282828282828 0.16554433221099887 0.46787317620650953 0.16273849607182939 0.4657687991021324 0.16063411896745228 0.4619107744107744 0.15888047138047137 0.4552469135802469 0.15888047138047137 0.4492845117845118 0.15958193041526372 0.44332210998877664 0.16168630751964083 0.43735970819304154 0.16414141414141412 0.43350168350168344 0.16799943883277216 0.4303451178451178 0.171506734006734 0.4278900112233445 0.17641694725028056 0.4261363636363636 0.1820286195286195 0.4247334455667789 0.18764029180695846 0.4240319865319865 0.19640852974186307 0.4240319865319865 0.20202020202020202 0.4247334455667789 0.20657968574635238 0.4264870931537598 0.21184062850729515 0.4292929292929292 0.2146464646464646 0.4331509539842873 0.21604938271604937 0.44016554433221095 0.21604938271604937 0.4461279461279461 0.21359427609427606 0.45103815937149266 0.21008698092031425 0.4559483726150393 0.20622895622895623 0.4598063973063973 0.20272166105499437 0.4629629629629629 0.1978114478114478 0.4661195286195286 0.1932519640852974 0.46927609427609424 0.18799102132435463 0.4717312008978675 0.18343153759820424 0.47348484848484845
1 0.11994949494949494 0.5618686868686869 0.11924803591470258 0.5597643097643097 0.11819584736251403 0.5552048260381592 0.11819584736251403 0.5488916947250281 0.11959876543209876 0.5418771043771043 0.12275533108866442 0.5376683501683501 0.12766554433221097 0.5345117845117844 0.1357323232323232 0.5324074074074073 0.14309764309764308 0.5313552188552187 0.14870931537598203 0.5313552188552187 0.15747755331088661 0.5324074074074073 0.16379068462401794 0.5338103254769921 0.17080527497194165 0.5366161616161615 0.17781986531986532 0.5397727272727272 0.18237934904601572 0.5429292929292928 0.18623737373737373 0.547138047138047 0.19009539842873174 0.5527497194163861 0.19184904601571265 0.558361391694725 0.1929012345679012 0.5636223344556677 0.1932519640852974 0.5702861952861953 0.19219977553310885 0.5765993265993266 0.19009539842873174 0.5815095398428731 0.18764029180695846 0.585016835016835 0.18413299663299662 0.5874719416386083 0.1799242424242424 0.5892255892255892 0.1732603815937149 0.5895763187429853 0.16835016835016833 0.5895763187429853 0.1630892255892256 0.588874859708193 0.15817901234567902 0.5871212121212122 0.15291806958473625 0.5857182940516273 0.1473063973063973 0.5832631874298541 0.14169472502805835 0.5808080808080808 0.13748597081930417 0.5790544332210998 0.13152356902356901 0.5758978675645341 0.12836700336700335 0.5727413019079685 0.12415824915824915 0.5685325476992144 0.12170314253647586 0.5653759820426487
1 0.07330246913580246 0.615530303030303 0.07225028058361391 0.6106200897867564 0.07189955106621773 0.6050084175084174 0.07330246913580246 0.5997474747474747 0.07540684624017957 0.5958894500561167 0.07856341189674523 0.5930836139169472 0.08312289562289561 0.5913299663299664 0.08873456790123456 0.5902777777777778 0.09399551066217732 0.5899270482603816 0.10030864197530863 0.5895763187429853 0.1055695847362514 0.5899270482603816 0.11083052749719416 0.5909792368125701 0.11503928170594838 0.5930836139169472 0.11994949494949494 0.596590909090909 0.12415824915824915 0.6000982042648709 0.12836700336700335 0.6046576879910214 0.13082210998877664 0.6092171717171716 0.13257575757575757 0.6148288439955106 0.13292648709315374 0.6204405162738496 0.13047138047138046 0.6278058361391694 0.12696408529741862 0.6334175084175084 0.12135241301907967 0.6365740740740741 0.11503928170594838 0.6386784511784511 0.10802469135802469 0.6393799102132435 0.10065937149270482 0.6386784511784511 0.0946969696969697 0.6369248035914702 0.0880331088664422 0.6337682379349047 0.08382435465768799 0.6302609427609427 0.07996632996632996 0.6264029180695847 0.0768097643097643 0.6232463524130191
1 0.12380751964085297 0.714786756453423 0.12135241301907967 0.7116301907968574 0.11819584736251403 0.7077721661054994 0.11609147025813692 0.703212682379349 0.11539001122334455 0.6986531986531986 0.11609147025813692 0.6933922558922558 0.1185465768799102 0.689884960718294 0.12100168350168349 0.6867283950617283 0.12591189674523007 0.682168911335578 0.13257575757575757 0.6790123456790124 0.14029180695847362 0.6776094276094276 0.14941077441077438 0.6769079685746352 0.1560746352413019 0.6769079685746352 0.1623877665544332 0.6769079685746352 0.16905162738496068 0.6772586980920313 0.1757154882154882 0.6793630751964085 0.18343153759820424 0.6828703703703703 0.18799102132435463 0.6867283950617283 0.1907968574635241 0.6919893378226711 0.19219977553310885 0.6972502805836138 0.19255050505050506 0.7035634118967452 0.1911475869809203 0.7102272727272727 0.188692480359147 0.7154882154882155 0.18553591470258135 0.7189955106621773 0.18062570145903478 0.7225028058361391 0.175364758698092 0.7242564534231201 0.16799943883277216 0.7270622895622895 0.1623877665544332 0.7284652076318743 0.15642536475869806 0.7284652076318743 0.1501122334455668 0.728114478114478 0.1427469135802469 0.7260101010101009 0.13748597081930417 0.7235549943883277 0.1322250280583614 0.7203984287317621 0.12836700336700335 0.7179433221099887
1 0.15502244668911336 0.8231621773288439 0.15852974186307517 0.8112373737373737 0.16098484848484848 0.8052749719416386 0.16519360269360267 0.8003647586980919 0.17045454545454544 0.7968574635241301 0.17641694725028056 0.7937008978675645 0.18308080808080807 0.7919472502805835 0.18764029180695846 0.7912457912457912 0.1911475869809203 0.7912457912457912 0.19535634118967452 0.7922979797979797 0.19921436588103253 0.7944023569023568 0.2023709315375982 0.7972081930415263 0.20552749719416383 0.802469135802469 0.20833333333333334 0.8091329966329965 0.21008698092031425 0.8164983164983165 0.2111391694725028 0.825266554433221 0.2111391694725028 0.834736251402918 0.20973625140291804 0.8452581369248036 0.20622895622895623 0.8540263748597082 0.2023709315375982 0.8603395061728395 0.19675925925925924 0.8659511784511784 0.188692480359147 0.8715628507295173 0.18343153759820424 0.8736672278338945 0.17641694725028056 0.872965768799102 0.17045454545454544 0.8712121212121211 0.16519360269360267 0.8677048260381592 0.1623877665544332 0.8648989898989898 0.1602833894500561 0.8610409652076318 0.15817901234567902 0.8564814814814814 0.15712682379349047 0.8522727272727272 0.1560746352413019 0.846310325476992 0.1553731762065095 0.8410493827160493 0.1553731762065095 0.8368406285072951 0.1553731762065095 0.8315796857463523 0.1553731762065095 0.8280723905723906
1 0.04489337822671156 0.9399551066217733 0.05085578002244669 0.9367985409652076 0.054363075196408525 0.9364478114478114 0.057870370370370364 0.9367985409652076 0.06137766554433221 0.9374999999999999 0.06348204264870931 0.9385521885521885 0.0680415263748597 0.9417087542087541 0.07119809203142537 0.9445145903479236 0.07470538720538719 0.9483726150392816 0.07856341189674523 0.9543350168350168 0.08066778900112233 0.9606481481481481 0.08277216610549944 0.9680134680134679 0.08382435465768799 0.9743265993265993 0.08417508417508417 0.979587542087542 0.08277216610549944 0.9834455667789 0.08031705948372614 0.9880050505050504 0.07751122334455668 0.9918630751964084 0.07470538720538719 0.994668911335578 0.07225028058361391 0.9960718294051626 0.06769079685746353 0.9981762065095398 0.06418350168350168 0.9981762065095398 0.060325476992143655 0.9981762065095398 0.05681818181818181 0.9978254769921436 0.05296015712682379 0.994668911335578 0.04980359147025813 0.9904601571268238 0.04804994388327721 0.9855499438832772 0.046296296296296294 0.9806397306397305 0.04489337822671156 0.9753787878787877 0.043841189674523 0.9704685746352413 0.04313973063973064 0.9659090909090909 0.04208754208754208 0.9609988776655443 0.04208754208754208 0.9553872053872053 0.04208754208754208 0.9504769921436587 0.04208754208754208 0.9431116722783389
1 0.013327721661054994 0.9529320987654321 0.017536475869809203 0.9578423120089786 0.01964085297418631 0.9631032547699213 0.02104377104377104 0.9673120089786755 0.02244668911335578 0.9732744107744107 0.02244668911335578 0.9781846240179574 0.02244668911335578 0.9848484848484848 0.022797418630751964 0.9904601571268238 0.022797418630751964 0.9950196408529741 0.022494442286108952 0.9989583333333333 0.00035072951739618404 0.9989583333333333 0.00035072951739618404 0.9417087542087541 0.004910213243546577 0.9424102132435465 0.0070145903479236806 0.9445145903479236 0.008066778900112233 0.9462682379349044 0.010171156004489337 0.9490740740740741
0 0.6347120658135285 0.3454448507007922 0.6364259597806217 0.3425883607556368 0.6381398537477149 0.341064899451554 0.639282449725777 0.33954143814747106 0.6377589884216941 0.33763711151736747 0.6335694698354662 0.33897014015844 0.6295703839122486 0.3403031687995125 0.6248095673369897 0.3420170627666057 0.6150975015234613 0.3450639853747715 0.6093845216331506 0.34811090798293726 0.6051950030469226 0.3498248019500305 0.5966255332114565 0.35553778184034124 0.5949116392443633 0.35953686776355887 0.6008150517976845 0.36029859841560025 0.6050045703839122 0.3593464351005485 0.6084323583180988 0.35858470444850704 0.6133836075563681 0.3566803778184034 0.6183348567946375 0.3534430225472273 0.6206200487507618 0.3528717245581962 0.6263330286410725 0.3502056672760512 0.629760816575259 0.3483013406459476
