1 0.39784136546184734 0.3388554216867469 0.3884287148594377 0.33258032128514053 0.38623242971887545 0.3310115461847389 0.38372238955823285 0.329129016064257 0.38089859437751 0.32567771084337344 0.3783885542168674 0.3215988955823293 0.37713353413654616 0.3172063253012048 0.37713353413654616 0.311558734939759 0.3774472891566265 0.30622489959839355 0.37870230923694775 0.30277359437751 0.38089859437751 0.29900853413654616 0.38372238955823285 0.2952434738955823 0.3868599397590361 0.2927334337349397 0.39062499999999994 0.2908509036144578 0.3953313253012048 0.28990963855421686 0.40192018072289154 0.28865461847389556 0.40976405622489953 0.2883408634538152 0.4172941767068273 0.2892821285140562 0.4254518072289156 0.2924196787148594 0.43172690763052207 0.2952434738955823 0.4386295180722891 0.2993222891566265 0.4439633534136546 0.3040286144578313 0.4489834337349397 0.30810742971887545 0.4533760040160642 0.3125 0.4558860441767068 0.31626506024096385 0.45714106425702805 0.31940261044176704 0.45839608433734935 0.32379518072289154 0.45839608433734935 0.33069779116465864 0.4574548192771084 0.33571787148594373 0.4558860441767068 0.3388554216867469 0.4540035140562249 0.34136546184738953 0.4505522088353413 0.3445030120481928 0.44615963855421686 0.3479543172690763 0.44176706827309237 0.3492093373493976 0.43486445783132527 0.3495230923694779 0.4289031124497991 0.3495230923694779 0.4245105421686747 0.34858182730923687 0.4210592369477911 0.347640562248996 0.4169804216867469 0.3460717871485944 0.4129016064257028 0.3445030120481928 0.40819528112449793 0.34262048192771083 0.40380271084337344 0.34073795180722893
1 0.38874246987951805 0.20896084337349397 0.39188002008032125 0.20425451807228914 0.3956450803212851 0.20111696787148592 0.40066516064257024 0.19860692771084337 0.4066265060240964 0.19735190763052207 0.41227409638554213 0.19703815261044175 0.41886295180722893 0.19703815261044175 0.42670682730923687 0.1976656626506024 0.43329568273092367 0.19892068273092367 0.44019829317269077 0.2008032128514056 0.4458458835341365 0.20299949799196784 0.4499246987951807 0.20519578313253012 0.4540035140562249 0.2067645582329317 0.45714106425702805 0.20896084337349397 0.46027861445783125 0.2124121485943775 0.46435742971887545 0.21805973895582328 0.4674949799196787 0.22370732931726905 0.4690637550200803 0.23060993975903613 0.46937751004016065 0.2390813253012048 0.46718122489959835 0.24410140562248994 0.46090612449799195 0.24880773092369476 0.4549447791164658 0.25257279116465864 0.4471009036144578 0.25602409638554213 0.43925702811244977 0.2579066265060241 0.43360943775100397 0.2582203815261044 0.4276480923694779 0.2591616465863454 0.4201179718875502 0.2582203815261044 0.4141566265060241 0.2575928714859438 0.40882279116465864 0.2569653614457831 0.4016064257028112 0.2547690763052209 0.3959588353413654 0.251004016064257 0.39188002008032125 0.24598393574297187 0.3884287148594377 0.23939508032128512 0.38623242971887545 0.23217871485943772 0.38623242971887545 0.2287274096385542 0.3865461847389558 0.22088353413654618 0.38717369477911645 0.21523594377510039
1 0.5164407630522088 0.22339357429718873 0.5060868473895582 0.2099021084337349 0.5042043172690762 0.2033132530120482 0.5026355421686747 0.19452811244979917 0.502008032128514 0.18637048192771083 0.5026355421686747 0.1788403614457831 0.5032630522088353 0.1722515060240964 0.5045180722891566 0.16597640562248994 0.5076556224899598 0.16001506024096385 0.510793172690763 0.1546812248995984 0.5142444779116465 0.1509161646586345 0.520519578313253 0.14715110441767065 0.52742218875502 0.14526857429718873 0.5336972891566264 0.1446410642570281 0.5399723895582329 0.1446410642570281 0.5465612449799196 0.14558232931726905 0.5515813253012049 0.14809236947791163 0.5559738955823293 0.15185742971887548 0.5594252008032128 0.15750502008032127 0.5613077309236947 0.16315261044176707 0.562562751004016 0.17036897590361447 0.5628765060240963 0.17633032128514053 0.5628765060240963 0.18386044176706826 0.5609939759036143 0.19358684738955823 0.5587976907630522 0.2004894578313253 0.5559738955823293 0.20707831325301204 0.5547188755020079 0.20896084337349397 0.5509538152610441 0.21429467871485944 0.5456199799196786 0.21931475903614456 0.5405998995983936 0.22245230923694775 0.5336972891566264 0.22339357429718873 0.5280496987951807 0.22464859437751003 0.5233433734939759 0.22558985943775098
1 0.6290788152610441 0.17664407630522086 0.6253137550200802 0.16723142570281124 0.6243724899598393 0.16252510040160642 0.6240587349397589 0.15656375502008033 0.6246862449799196 0.14966114457831325 0.6268825301204818 0.14432730923694778 0.6297063253012047 0.13899347389558234 0.6322163654618473 0.1352284136546185 0.6372364457831325 0.13365963855421686 0.6413152610441767 0.13365963855421686 0.6463353413654619 0.1346009036144578 0.6522966867469879 0.13805220883534136 0.6576305220883534 0.14150351405622488 0.6613955823293173 0.1446410642570281 0.6654743975903614 0.14903363453815258 0.6686119477911646 0.15373995983935743 0.6720632530120482 0.15876004016064255 0.6745732931726907 0.165035140562249 0.675828313253012 0.1716239959839357 0.675828313253012 0.18103664658634538 0.6730045180722891 0.18699799196787145 0.668925702811245 0.19264558232931725 0.6635918674698794 0.19546937751004015 0.6560617469879517 0.19578313253012045 0.6497866465863453 0.19452811244979917 0.6419427710843373 0.19076305220883533 0.6359814257028111 0.18668423694779115 0.631902610441767 0.18260542168674698
1 0.7203815261044176 0.30779367469879515 0.7159889558232931 0.28990963855421686 0.7156752008032128 0.2833207831325301 0.7159889558232931 0.2783007028112449 0.7172439759036143 0.2717118473895582 0.718812751004016 0.2651229919678715 0.7203815261044176 0.2594754016064257 0.7225778112449799 0.2550828313253012 0.7279116465863453 0.2497489959839357 0.7310491967871485 0.24598393574297187 0.7348142570281124 0.24316014056224897 0.7395205823293173 0.24096385542168672 0.744226907630522 0.24002259036144577 0.7495607429718875 0.24002259036144577 0.7555220883534136 0.24127761044176704 0.7596009036144579 0.24410140562248994 0.7633659638554217 0.2484939759036144 0.7671310240963856 0.2538278112449799 0.7690135542168673 0.2582203815261044 0.7718373493975903 0.2657505020080321 0.7737198795180722 0.2726531124497992 0.7756024096385541 0.2801832329317269 0.7762299196787148 0.28583082329317266 0.7768574297188754 0.2908509036144578 0.7774849397590361 0.2968122489959839 0.7774849397590361 0.30214608433734935 0.7768574297188754 0.30779367469879515 0.7752886546184737 0.3125 0.773406124497992 0.31783383534136544 0.77152359437751 0.32222640562248994 0.7686997991967871 0.32724648594377503 0.7649347389558232 0.3319528112449799 0.7608559236947791 0.3363453815261044 0.7564633534136546 0.34011044176706823 0.7520707831325301 0.3419929718875502 0.747050702811245 0.34262048192771083 0.7417168674698794 0.3410517068273092 0.7329317269076304 0.3350903614457831 0.7260291164658634 0.3244226907630522 0.7222640562248995 0.3153237951807229
1 0.5911144578313253 0.3583082329317269 0.5882906626506024 0.3573669678714859 0.5829568273092369 0.3504643574297189 0.5813880522088353 0.346699297188755 0.5788780120481928 0.3410517068273092 0.5766817269076304 0.3344628514056225 0.5763679718875501 0.32975652610441764 0.5773092369477911 0.3234814257028112 0.580133032128514 0.31657881526104414 0.5826430722891566 0.31375502008032125 0.587976907630522 0.31061746987951805 0.5958207831325301 0.3087349397590361 0.6020958835341366 0.3084211847389558 0.6080572289156626 0.30904869477911645 0.61527359437751 0.31312751004016065 0.6202936746987951 0.31657881526104414 0.6243724899598393 0.320343875502008 0.6297063253012047 0.32536395582329314 0.633785140562249 0.3310115461847389 0.6369226907630522 0.33665913654618473 0.6394327309236947 0.34387550200803213 0.6403739959839357 0.3514056224899598 0.6394327309236947 0.35673945783132527 0.6369226907630522 0.3617595381526104 0.631902610441767 0.36615210843373486 0.6271962851405621 0.3677208835341365 0.6212349397590361 0.36803463855421686 0.6155873493975903 0.36834839357429716 0.6096260040160643 0.36709337349397586 0.6011546184738955 0.3648970883534136
1 0.2610441767068273 0.2911646586345381 0.2657505020080321 0.28896837349397586 0.2710843373493976 0.2867720883534136 0.2779869477911647 0.285203313253012 0.28708584337349397 0.2848895582329317 0.2927334337349397 0.28551706827309237 0.2999497991967871 0.28708584337349397 0.30653865461847385 0.2892821285140562 0.3143825301204819 0.29210592369477906 0.32097138554216864 0.2943022088353413 0.3278739959839357 0.2968122489959839 0.33132530120481923 0.29900853413654616 0.33414909638554213 0.30496987951807225 0.3350903614457831 0.31218624497991965 0.33414909638554213 0.31783383534136544 0.3310115461847389 0.3219126506024096 0.32661897590361444 0.32505020080321284 0.32316767068273095 0.32724648594377503 0.3184613453815261 0.330070281124498 0.3143825301204819 0.3319528112449799 0.3087349397590361 0.33414909638554213 0.2999497991967871 0.33665913654618473 0.2936746987951807 0.33728664658634533 0.28739959839357426 0.33822791164658633 0.2820657630522088 0.3385416666666667 0.2757906626506024 0.337914156626506 0.269515562248996 0.3363453815261044 0.26324046184738953 0.33320783132530113 0.25884789156626503 0.330070281124498 0.25571034136546184 0.32818775100401604 0.25288654618473894 0.32473644578313254 0.25037650602409633 0.3172063253012048 0.2497489959839357 0.3084211847389558 0.25194528112449793 0.3008910642570281 0.25445532128514053 0.29555722891566266
1 0.2836345381526104 0.19076305220883533 0.2817520080321285 0.18354668674698793 0.2808107429718875 0.17507530120481926 0.28049698795180716 0.16691767068273092 0.2808107429718875 0.15813253012048192 0.28269327309236947 0.14934738955823293 0.2864583333333333 0.13962098393574296 0.2911646586345381 0.1342871485943775 0.2958709839357429 0.1311495983935743 0.30057730923694775 0.12926706827309237 0.30559738955823296 0.12863955823293172 0.3112449799196787 0.12895331325301204 0.3159513052208835 0.1311495983935743 0.320343875502008 0.13491465863453814 0.32316767068273095 0.13836596385542166 0.32567771084337344 0.1418172690763052 0.32724648594377503 0.1458960843373494 0.32818775100401604 0.14997489959839355 0.329129016064257 0.15436746987951805 0.32975652610441764 0.1609563253012048 0.32975652610441764 0.165035140562249 0.32975652610441764 0.17068273092369476 0.3285015060240964 0.17601656626506024 0.32661897590361444 0.1832329317269076 0.32473644578313254 0.18982178714859438 0.3228539156626506 0.19515562248995982 0.32065763052208834 0.19860692771084337 0.31814759036144574 0.20268574297188752 0.3143825301204819 0.2067645582329317 0.3084211847389558 0.2095883534136546 0.30214608433734935 0.21021586345381524 0.29743975903614456 0.20864708835341364 0.2936746987951807 0.20613704819277107 0.28865461847389556 0.2004894578313253 0.28614457831325296 0.19515562248995982
1 0.19390060240963852 0.2692018072289156 0.1917043172690763 0.2654367469879518 0.1891942771084337 0.26198544176706823 0.18762550200803213 0.259789156626506 0.18731174698795178 0.2582203815261044 0.18511546184738953 0.25163152610441764 0.18511546184738953 0.2462976907630522 0.18542921686746985 0.2403363453815261 0.18699799196787145 0.23468875502008033 0.18950803212851405 0.22935491967871482 0.19264558232931725 0.22402108433734938 0.19735190763052207 0.2202560240963855 0.2036270080321285 0.21743222891566263 0.20770582329317266 0.21680471887550198 0.2120983935742972 0.21743222891566263 0.21805973895582328 0.21931475903614456 0.22339357429718873 0.22245230923694775 0.22778614457831325 0.2274723895582329 0.22998242971887548 0.2315512048192771 0.23280622489959837 0.23939508032128512 0.23406124497991965 0.2462976907630522 0.23406124497991965 0.25131777108433734 0.2331199799196787 0.2569653614457831 0.23060993975903613 0.26135793172690763 0.22778614457831325 0.2657505020080321 0.22402108433734938 0.268574297188755 0.2186872489959839 0.2710843373493976 0.21303965863453814 0.2726531124497992 0.20707831325301204 0.2735943775100401 0.2020582329317269 0.2735943775100401
1 0.23406124497991965 0.4016064257028112 0.23092369477911642 0.3969001004016064 0.22998242971887548 0.39313504016064255 0.22935491967871482 0.3884287148594377 0.22935491967871482 0.3840361445783132 0.23123744979919678 0.3783885542168674 0.23500251004016062 0.3739959839357429 0.23939508032128512 0.3692896586345381 0.24441516064257027 0.36615210843373486 0.25131777108433734 0.3630145582329317 0.2610441767068273 0.36113202811244977 0.2701430722891566 0.3601907630522088 0.27955572289156627 0.3601907630522088 0.2877133534136546 0.36113202811244977 0.2943022088353413 0.36395582329317266 0.29869477911646586 0.3674071285140562 0.30308734939759036 0.37274096385542166 0.30622489959839355 0.37870230923694775 0.30653865461847385 0.38309487951807225 0.3059111445783132 0.38905622489959835 0.3040286144578313 0.39439006024096385 0.301832329317269 0.3981551204819277 0.2993222891566265 0.40129267068273083 0.2952434738955823 0.4056852409638554 0.29053714859437746 0.4085090361445783 0.28583082329317266 0.41070532128514053 0.2820657630522088 0.41196034136546184 0.27453564257028107 0.4129016064257028 0.267633032128514 0.4135291164658634 0.26135793172690763 0.4132153614457831 0.25006275100401604 0.4110190763052209 0.24065010040160642 0.4075677710843373 0.2362575301204819 0.40474397590361444
1 0.3479543172690763 0.4951054216867469 0.34387550200803213 0.4900853413654618 0.3410517068273092 0.4850652610441767 0.3394829317269076 0.48004518072289154 0.3391691767068273 0.4740838353413654 0.3419929718875502 0.46592620481927705 0.3451305220883534 0.45933734939759036 0.3495230923694779 0.4530622489959839 0.3548569277108433 0.4471009036144578 0.3617595381526104 0.44208082329317266 0.3689759036144578 0.43925702811244977 0.37525100401606426 0.4373744979919678 0.3777610441767068 0.4370607429718875 0.38591867469879515 0.4373744979919678 0.39282128514056225 0.4383157630522088 0.4009789156626506 0.440512048192771 0.4091365461847389 0.44427710843373486 0.41196034136546184 0.4474146586345381 0.41384287148594373 0.45243473895582326 0.4141566265060241 0.458082329317269 0.4132153614457831 0.46372991967871485 0.41133283132530113 0.467808734939759 0.40819528112449793 0.4740838353413654 0.4050577309236948 0.4781626506024096 0.4000376506024096 0.4825552208835341 0.39470381526104414 0.48694779116465864 0.38905622489959835 0.4907128514056225 0.38434989959839355 0.49290913654618473 0.3774472891566265 0.4957329317269076 0.3708584337349397 0.4969879518072288 0.3614457831325301 0.4973017068273092 0.35391566265060237 0.4973017068273092
1 0.20582329317269074 0.4806726907630522 0.19609688755020077 0.47628012048192764 0.1920180722891566 0.4740838353413654 0.18856676706827308 0.4722013052208835 0.1860567269076305 0.47000502008032125 0.18386044176706826 0.4674949799196787 0.18354668674698793 0.46090612449799195 0.18574297188755018 0.4518072289156626 0.190449297188755 0.44521837349397586 0.19609688755020077 0.43957078313253006 0.20268574297188752 0.4373744979919678 0.2099021084337349 0.4373744979919678 0.21586345381526104 0.4370607429718875 0.22370732931726905 0.43768825301204817 0.23217871485943772 0.4398845381526104 0.23845381526104417 0.44239457831325296 0.24284638554216864 0.4445908634538152 0.24755271084337346 0.44835592369477906 0.25037650602409633 0.45243473895582326 0.25163152610441764 0.4574548192771084 0.251004016064257 0.46278865461847385 0.2491214859437751 0.46843624497991965 0.24535642570281124 0.4737700803212851 0.24253263052208834 0.47690763052208834 0.23939508032128512 0.4791039156626506 0.23531626506024095 0.4806726907630522 0.22935491967871482 0.4825552208835341 0.22182479919678713 0.4838102409638554 0.21649096385542166 0.4838102409638554 0.21178463855421684 0.4825552208835341
1 0.23563002008032127 0.617156124497992 0.24127761044176704 0.6146460843373494 0.2484939759036144 0.613391064257028 0.25727911646586343 0.6130773092369477 0.2663780120481928 0.6143323293172691 0.2732806224899598 0.617156124497992 0.27955572289156627 0.6212349397590361 0.284262048192771 0.625941265060241 0.28708584337349397 0.6303338353413654 0.2892821285140562 0.6350401606425702 0.2895958835341365 0.6400602409638554 0.28802710843373497 0.6447665662650602 0.28614457831325296 0.6494728915662651 0.284262048192771 0.6554342369477911 0.28300702811244977 0.6588855421686746 0.28112449799196787 0.6626506024096385 0.2757906626506024 0.6679844377510039 0.2682605421686747 0.6726907630522088 0.2594754016064257 0.6755145582329317 0.25006275100401604 0.6764558232931727 0.2390813253012048 0.6755145582329317 0.2287274096385542 0.6701807228915662 0.22339357429718873 0.6635918674698794 0.22088353413654618 0.6563755020080321 0.2199422690763052 0.6510416666666666 0.2199422690763052 0.6453940763052208 0.2199422690763052 0.639746485943775 0.22056977911646583 0.6353539156626505 0.22370732931726905 0.6303338353413654 0.22621736947791163 0.6253137550200802
1 0.28300702811244977 0.727597891566265 0.2864583333333333 0.7184989959839356 0.29022339357429716 0.7125376506024096 0.2943022088353413 0.7072038152610441 0.2977535140562249 0.7028112449799196 0.3024598393574297 0.6987324297188754 0.30747991967871485 0.6946536144578312 0.3128137550200803 0.6918298192771084 0.31783383534136544 0.6902610441767068 0.32536395582329314 0.6890060240963856 0.33069779116465864 0.6893197791164659 0.33540411646586343 0.6930848393574297 0.3394829317269076 0.6990461847389557 0.3419929718875502 0.7056350401606425 0.34262048192771083 0.7106551204819277 0.34262048192771083 0.718812751004016 0.34011044176706823 0.727597891566265 0.33728664658634533 0.735441767068273 0.33320783132530113 0.7435993975903614 0.329129016064257 0.7511295180722891 0.32316767068273095 0.7574046184738955 0.31563755020080314 0.7630522088353413 0.3084211847389558 0.7652484939759036 0.30214608433734935 0.7655622489959839 0.29555722891566266 0.7655622489959839 0.2911646586345381 0.7627384538152611 0.2864583333333333 0.7567771084337348 0.28300702811244977 0.7492469879518071 0.2820657630522088 0.7439131526104418 0.2820657630522088 0.7366967871485943
1 0.3112449799196787 0.892633032128514 0.3103037148594377 0.8876129518072289 0.3093624497991968 0.8822791164658633 0.3093624497991968 0.876004016064257 0.3103037148594377 0.8694151606425702 0.3118724899598393 0.8621987951807228 0.31375502008032125 0.8552961847389557 0.31626506024096385 0.848707329317269 0.3184613453815261 0.8430597389558232 0.32097138554216864 0.8389809236947791 0.32410893574297184 0.8342745983935742 0.32724648594377503 0.8305095381526103 0.3303840361445783 0.8273719879518071 0.33414909638554213 0.8248619477911646 0.33822791164658633 0.8226656626506023 0.3429342369477911 0.8214106425702811 0.3479543172690763 0.8207831325301205 0.3542294176706827 0.8207831325301205 0.3592494979919678 0.8236069277108433 0.36395582329317266 0.8276857429718875 0.36803463855421686 0.8323920682730923 0.37148594377510036 0.8392946787148594 0.37462349397590355 0.847766064257028 0.37556475903614456 0.8549824297188754 0.37556475903614456 0.8625125502008031 0.37368222891566266 0.8716114457831324 0.3717996987951807 0.8788278112449799 0.3692896586345381 0.8847891566265059 0.36677961847389556 0.8901229919678714 0.36426957831325296 0.8951430722891566 0.3614457831325301 0.8998493975903614 0.35862198795180716 0.9029869477911646 0.35391566265060237 0.9054969879518071 0.34858182730923687 0.9073795180722891 0.344816767068273 0.9076932730923695 0.34073795180722893 0.9076932730923695 0.33665913654618473 0.9076932730923695 0.33258032128514053 0.9076932730923695 0.329129016064257 0.9076932730923695 0.32567771084337344 0.9067520080321284 0.320343875502008 0.9039282128514056 0.31469628514056225 0.8989081325301205
1 0.4910266064257028 0.8722389558232931 0.48694779116465864 0.8703564257028111 0.4822414658634538 0.8678463855421686 0.48035893574297184 0.8647088353413654 0.4797314257028112 0.8587474899598393 0.48130020080321284 0.8512173694779116 0.4841239959839357 0.8443147590361445 0.48788905622489953 0.8367846385542168 0.4916541164658634 0.831137048192771 0.4954191767068272 0.8261169678714858 0.4985567269076305 0.822351907630522 0.5026355421686747 0.8189006024096385 0.5079693775100401 0.8154492971887549 0.512675702811245 0.8132530120481928 0.5164407630522088 0.8119979919678714 0.5224021084337349 0.8107429718875501 0.5296184738955823 0.8104292168674697 0.5374623493975903 0.8104292168674697 0.5443649598393574 0.8123117469879517 0.5512675702811245 0.8163905622489959 0.5544051204819277 0.8214106425702811 0.5553463855421686 0.8286270080321284 0.5550326305220883 0.8367846385542168 0.5534638554216866 0.8436872489959839 0.5509538152610441 0.8499623493975903 0.5459337349397589 0.8568649598393574 0.5405998995983936 0.8634538152610441 0.5340110441767068 0.8687876506024096 0.5277359437751004 0.8725527108433735 0.518637048192771 0.8744352409638554 0.5085968875502007 0.8747489959839356 0.5023217871485943 0.8747489959839356 0.4966741967871486 0.874121485943775
1 0.5666415662650602 0.9293423694779116 0.563504016064257 0.9280873493975902 0.5613077309236947 0.9262048192771084 0.5587976907630522 0.9230672690763052 0.5575426706827309 0.9167921686746987 0.5584839357429718 0.9105170682730923 0.5613077309236947 0.9048694779116465 0.5647590361445782 0.9007906626506023 0.5682103413654619 0.8976531124497991 0.5744854417670683 0.8954568273092369 0.579191767068273 0.8942018072289156 0.5848393574297188 0.8938880522088353 0.5955070281124498 0.8948293172690762 0.6071159638554217 0.8979668674698794 0.6146460843373494 0.9001631526104418 0.6199799196787148 0.9039282128514056 0.6243724899598393 0.9080070281124498 0.6265687751004017 0.9114583333333333 0.6278237951807228 0.9145958835341365 0.6287650602409638 0.9186746987951807 0.6290788152610441 0.9233810240963856 0.6281375502008031 0.9271460843373494 0.625 0.9296561244979918 0.6177836345381525 0.9324799196787148 0.6121360441767068 0.9340486947791165 0.6068022088353413 0.934676204819277 0.6008408634538152 0.934676204819277 0.5951932730923695 0.9337349397590361 0.5873493975903614 0.9318524096385541 0.5826430722891566 0.9312248995983935 0.5776229919678715 0.9302836345381525 0.5716616465863453 0.9293423694779116
1 0.6356676706827309 0.8778865461847388 0.6369226907630522 0.8722389558232931 0.6391189759036143 0.8684738955823292 0.6447665662650602 0.8647088353413654 0.6513554216867469 0.8618850401606425 0.6585717871485943 0.8596887550200802 0.6673569277108433 0.8593749999999999 0.676769578313253 0.8615712851405621 0.6846134538152611 0.8640813253012047 0.6899472891566264 0.8659638554216866 0.6955948795180722 0.868160140562249 0.7024974899598393 0.8728664658634538 0.7087725903614458 0.8785140562248995 0.7125376506024096 0.8851029116465863 0.7134789156626505 0.8929467871485942 0.7115963855421686 0.9026731927710843 0.7084588353413654 0.9067520080321284 0.7006149598393574 0.9098895582329316 0.6912023092369477 0.9117720883534136 0.6799071285140562 0.9120858433734939 0.6695532128514056 0.9120858433734939 0.6610818273092369 0.9108308232931727 0.6532379518072289 0.909262048192771 0.646649096385542 0.9064382530120482 0.6431977911646586 0.9026731927710843 0.6403739959839357 0.8982806224899598 0.6381777108433735 0.8938880522088353 0.6372364457831325 0.8894954819277108 0.6359814257028111 0.8844754016064257
1 0.7395205823293173 0.9042419678714858 0.7435993975903614 0.901418172690763 0.7479919678714858 0.9007906626506023 0.753012048192771 0.9007906626506023 0.7570908634538152 0.9007906626506023 0.76179718875502 0.9007906626506023 0.769641064257028 0.9026731927710843 0.7774849397590361 0.9058107429718875 0.7856425702811245 0.910203313253012 0.7912901606425702 0.9155371485943775 0.7947414658634538 0.9202434738955823 0.7963102409638554 0.9252635542168673 0.7963102409638554 0.9315386546184737 0.7947414658634538 0.9371862449799196 0.7925451807228915 0.9425200803212851 0.7887801204819277 0.9465988955823292 0.7834462851405621 0.9487951807228915 0.7771711847389557 0.9487951807228915 0.7690135542168673 0.9478539156626505 0.7611696787148594 0.946285140562249 0.7533258032128514 0.944402610441767 0.7461094377510039 0.9418925702811244 0.7401480923694778 0.9390687751004015 0.735441767068273 0.9349899598393574 0.7323042168674697 0.9299698795180722 0.7310491967871485 0.9243222891566264 0.7310491967871485 0.918988453815261 0.7329317269076304 0.9117720883534136 0.7366967871485943 0.9064382530120482
1 0.5600527108433735 0.9804844377510039 0.5672690763052208 0.9754643574297188 0.5732304216867469 0.9738955823293173 0.5804467871485943 0.9738955823293173 0.5892319277108433 0.9738955823293173 0.5964482931726907 0.9738955823293173 0.6046059236947791 0.9751506024096385 0.6140185742971888 0.9789156626506023 0.6234312248995983 0.9836219879518071 0.6312751004016063 0.988328313253012 0.6369226907630522 0.9933483935742972 0.6401705506235468 0.9989583333333333 0.555660140562249 0.9980547188755019 0.5562876506024096 0.9889558232931727
1 0.7184989959839356 0.9839357429718875 0.7310491967871485 0.9764056224899598 0.7357555220883534 0.9751506024096385 0.7414031124497991 0.9748368473895581 0.7483057228915662 0.9745230923694778 0.7545808232931727 0.9745230923694778 0.7614834337349397 0.9760918674698794 0.7680722891566264 0.9786019076305219 0.7727786144578312 0.9811119477911646 0.7790537148594378 0.9851907630522088 0.7818775100401606 0.988328313253012 0.7847013052208834 0.9930346385542168 0.7862700803212851 0.9983684738955823 0.7056350401606425 0.9983684738955823 0.7109688755020079 0.9914658634538152
1 0.8141942771084337 0.7671310240963856 0.8079191767068272 0.7589733935742972 0.8066641566265059 0.7555220883534136 0.8066641566265059 0.7514432730923695 0.8069779116465863 0.7461094377510039 0.8082329317269076 0.7417168674698794 0.8104292168674697 0.7373242971887549 0.8151355421686746 0.7326179718875501 0.8214106425702811 0.7279116465863453 0.8264307228915662 0.7263428714859437 0.8292545180722891 0.7257153614457831 0.8345883534136546 0.7241465863453815 0.8405496987951807 0.7225778112449799 0.8468247991967871 0.7222640562248995 0.8543549196787148 0.7222640562248995 0.8615712851405621 0.7244603413654619 0.8691014056224898 0.727597891566265 0.8716114457831324 0.7291666666666665 0.875062751004016 0.7366967871485943 0.8772590361445782 0.7432856425702811 0.8775727911646585 0.7473644578313253 0.8766315261044176 0.7526982931726907 0.875062751004016 0.7586596385542168 0.8725527108433735 0.7627384538152611 0.8694151606425702 0.7674447791164657 0.8653363453815259 0.77152359437751 0.860316265060241 0.7737198795180722 0.8556099397590361 0.7746611445783133 0.851531124497992 0.7752886546184737 0.8468247991967871 0.7765436746987951 0.8421184738955823 0.7765436746987951 0.8367846385542168 0.7765436746987951 0.8314508032128514 0.7762299196787148 0.8264307228915662 0.7746611445783133 0.8220381526104418 0.7727786144578312
1 0.892633032128514 0.7106551204819277 0.8985943775100401 0.7043800200803213 0.9048694779116465 0.7018699799196786 0.9133408634538152 0.7009287148594378 0.9214984939759036 0.7015562248995983 0.9280873493975902 0.7034387550200802 0.9353037148594378 0.7094001004016063 0.9396962851405621 0.7147339357429718 0.9428338353413654 0.7210090361445782 0.9450301204819276 0.7244603413654619 0.9465988955823292 0.7279116465863453 0.9475401606425702 0.735441767068273 0.9469126506024096 0.7407756024096385 0.9418925702811244 0.7461094377510039 0.9378137550200802 0.7498744979919678 0.9337349397590361 0.7498744979919678 0.9271460843373494 0.7498744979919678 0.9214984939759036 0.7498744979919678 0.9164784136546184 0.7495607429718875 0.9114583333333333 0.7489332329317269 0.9029869477911646 0.7464231927710843 0.8973393574297188 0.7439131526104418 0.8938880522088353 0.7410893574297188 0.8910642570281124 0.736383032128514 0.8894954819277108 0.7304216867469879 0.8891817269076304 0.7254016064257027 0.8891817269076304 0.7194402610441767 0.8904367469879517 0.7141064257028111
1 0.9578940763052208 0.6686119477911646 0.961031626506024 0.667043172690763 0.9654241967871485 0.667043172690763 0.9720130522088353 0.6673569277108433 0.9792294176706826 0.6673569277108433 0.9858182730923695 0.6682981927710843 0.9920933734939759 0.6704944779116465 0.9986822289156625 0.6745732931726907 0.9989583333333333 0.726656626506024 0.9905245983935742 0.727597891566265 0.9855045180722891 0.7260291164658634 0.9807981927710843 0.7244603413654619 0.9760918674698794 0.7225778112449799 0.9673067269076304 0.718812751004016 0.9632279116465863 0.7153614457831324 0.9594628514056224 0.7122238955823293 0.9553840361445782 0.7072038152610441 0.9528739959839356 0.701242469879518 0.9509914658634538 0.6949673694779116 0.9500502008032128 0.6902610441767068 0.9497364457831324 0.6858684738955823 0.9500502008032128 0.6821034136546184 0.9516189759036143 0.6780245983935742 0.953187751004016 0.6742595381526103 0.9550702811244979 0.6708082329317269
1 0.8022715863453815 0.6632781124497992 0.7988202811244979 0.6538654618473896 0.7975652610441767 0.6507279116465863 0.7972515060240963 0.6472766064257027 0.796937751004016 0.6425702811244979 0.796937751004016 0.6366089357429718 0.797879016064257 0.6322163654618473 0.7994477911646586 0.6271962851405621 0.8007028112449799 0.6237449799196786 0.8032128514056224 0.6202936746987951 0.8069779116465863 0.6180973895582329 0.8138805220883534 0.6168423694779116 0.8254894578313253 0.6180973895582329 0.8308232931726907 0.6202936746987951 0.8355296184738955 0.6228037148594378 0.8414909638554217 0.6262550200803213 0.8471385542168673 0.6300200803212851 0.8521586345381525 0.6344126506024096 0.8568649598393574 0.6403739959839357 0.8593749999999999 0.6457078313253012 0.8609437751004015 0.6526104417670683 0.8615712851405621 0.6620230923694778 0.8609437751004015 0.6664156626506023 0.8590612449799196 0.6726907630522088 0.8562374497991967 0.6792796184738955 0.8521586345381525 0.6824171686746987 0.8443147590361445 0.6849272088353413 0.83992218875502 0.6852409638554217 0.8370983935742972 0.6849272088353413 0.8270582329317268 0.681789658634538 0.8220381526104418 0.6789658634538152 0.8163905622489959 0.6752008032128514 0.8107429718875501 0.6717494979919678
1 0.8794553212851405 0.5901731927710843 0.8734939759036143 0.5838980923694778 0.8703564257028111 0.5798192771084337 0.868160140562249 0.5773092369477911 0.8669051204819276 0.5738579317269076 0.8647088353413654 0.5694653614457831 0.8631400602409638 0.5647590361445782 0.8628263052208834 0.5603664658634538 0.8628263052208834 0.5544051204819277 0.8640813253012047 0.5490712851405621 0.8672188755020079 0.5437374497991968 0.8703564257028111 0.5396586345381525 0.874121485943775 0.5377761044176707 0.8782003012048192 0.5374623493975903 0.882906626506024 0.5374623493975903 0.889809236947791 0.5384036144578312 0.8970256024096385 0.5402861445783133 0.9029869477911646 0.5424824297188754 0.909262048192771 0.5459337349397589 0.9155371485943775 0.5496987951807228 0.9183609437751004 0.5522088353413654 0.9230672690763052 0.5569151606425702 0.9271460843373494 0.5613077309236947 0.9309111445783133 0.5653865461847389 0.934676204819277 0.5707203815261044 0.9365587349397589 0.5744854417670683 0.9381275100401606 0.580133032128514 0.9396962851405621 0.5857806224899598 0.9400100401606425 0.5914282128514056 0.9400100401606425 0.5989583333333334 0.9381275100401606 0.6058609437751004 0.9343624497991967 0.6086847389558232 0.9284011044176705 0.6099397590361445 0.924008534136546 0.6077434738955823 0.9171059236947791 0.60554718875502 0.9105170682730923 0.6052334337349397 0.9036144578313252 0.603664658634538 0.8951430722891566 0.5998995983935742 0.8885542168674697 0.5961345381526103 0.8832203815261044 0.5929969879518071
1 0.9644829317269076 0.630961345381526 0.9588353413654617 0.6275100401606425 0.9572665662650601 0.6209211847389557 0.9575803212851405 0.613391064257028 0.9594628514056224 0.6080572289156626 0.9635416666666665 0.6020958835341366 0.9666792168674697 0.596762048192771 0.9713855421686746 0.5923694779116465 0.9776606425702811 0.5886044176706826 0.9836219879518071 0.5860943775100401 0.9880145582329316 0.5851531124497992 0.9933483935742972 0.5848393574297188 0.9989583333333333 0.5848393574297188 0.9989583333333333 0.6457078313253012 0.9939759036144576 0.6450803212851405 0.9911521084337348 0.6438253012048192 0.9880145582329316 0.6431977911646586 0.9845632530120482 0.6422565261044176 0.981425702811245 0.6410015060240963 0.9767193775100401 0.6391189759036143 0.9735818273092369 0.6369226907630522 0.9685617469879517 0.6340988955823293
1 0.7520707831325301 0.546875 0.7536395582329316 0.5399723895582329 0.7545808232931727 0.5318147590361445 0.7561495983935742 0.5255396586345381 0.7583458835341365 0.5192645582329317 0.76179718875502 0.5133032128514056 0.7658760040160641 0.5079693775100401 0.7699548192771084 0.5042043172690762 0.7746611445783133 0.5013805220883534 0.7768574297188754 0.501066767068273 0.7815637550200802 0.4994979919678714 0.7878388554216866 0.4982429718875502 0.7928589357429718 0.4982429718875502 0.7985065261044176 0.4991842369477911 0.8035266064257027 0.502008032128514 0.8082329317269076 0.5070281124497992 0.8107429718875501 0.5129894578313252 0.8107429718875501 0.5208333333333333 0.8104292168674697 0.5277359437751004 0.8085466867469879 0.5355798192771084 0.8060366465863453 0.5434236947791165 0.8035266064257027 0.5500125502008032 0.7994477911646586 0.5569151606425702 0.795055220883534 0.5628765060240963 0.7897213855421686 0.568524096385542 0.7818775100401606 0.5713478915662651 0.7737198795180722 0.5713478915662651 0.7680722891566264 0.570406626506024 0.7649347389558232 0.5694653614457831 0.76179718875502 0.5675828313253012 0.7592871485943775 0.5657003012048192 0.7558358433734939 0.5606802208835341 0.7542670682730923 0.5544051204819277 0.753012048192771 0.5500125502008032
1 0.9447163654618473 0.4157254016064257 0.951305220883534 0.4129016064257028 0.9575803212851405 0.4110190763052209 0.9638554216867469 0.40976405622489953 0.970758032128514 0.40976405622489953 0.9776606425702811 0.4100778112449799 0.9807981927710843 0.41039156626506024 0.9836219879518071 0.4110190763052209 0.9911521084337348 0.4129016064257028 0.99617218875502 0.415097891566265 0.9989583333333333 0.4170481927710844 0.9983684738955823 0.4690637550200803 0.9851907630522088 0.46686746987951805 0.981425702811245 0.46592620481927705 0.9738955823293173 0.46372991967871485 0.9654241967871485 0.46121987951807225 0.9588353413654617 0.45870983935742965 0.9528739959839356 0.4561997991967871 0.946285140562249 0.45274849397590355 0.9412650602409638 0.4489834337349397 0.9381275100401606 0.4445908634538152 0.9359312248995982 0.4389432730923694 0.935617469879518 0.43360943775100397 0.935617469879518 0.4276480923694779 0.9362449799196786 0.4213729919678714 0.938441265060241 0.41792168674698793
1 0.8797690763052208 0.2302961847389558 0.882906626506024 0.22527610441767065 0.8860441767068272 0.2215110441767068 0.8904367469879517 0.21743222891566263 0.8967118473895581 0.21303965863453814 0.9026731927710843 0.21021586345381524 0.90832078313253 0.20864708835341364 0.9149096385542168 0.20833333333333331 0.9224397590361445 0.20833333333333331 0.9293423694779116 0.20864708835341364 0.9362449799196786 0.21021586345381524 0.9425200803212851 0.2120983935742972 0.9475401606425702 0.21523594377510039 0.951305220883534 0.21962851405622488 0.9535015060240963 0.2243348393574297 0.9528739959839356 0.2290411646586345 0.9528739959839356 0.23123744979919678 0.951305220883534 0.23531626506024095 0.9487951807228915 0.23876757028112447 0.9459713855421686 0.24316014056224897 0.9415788152610441 0.24723895582329317 0.938441265060241 0.2491214859437751 0.935617469879518 0.2497489959839357 0.932793674698795 0.2506902610441767 0.9284011044176705 0.25257279116465864 0.9246360441767068 0.2538278112449799 0.9208709839357428 0.2547690763052209 0.9167921686746987 0.25602409638554213 0.9133408634538152 0.2563378514056225 0.9086345381526103 0.25727911646586343 0.9036144578313252 0.2575928714859438 0.8989081325301205 0.25727911646586343 0.8954568273092369 0.2566516064257028 0.8901229919678714 0.25571034136546184 0.8847891566265059 0.2538278112449799 0.8825928714859437 0.25194528112449793 0.8803965863453815 0.24880773092369476 0.8788278112449799 0.2462976907630522 0.8782003012048192 0.24221887550200802 0.8782003012048192 0.2378263052208835
1 0.8035266064257027 0.14652359437751003 0.8060366465863453 0.13867971887550198 0.8088604417670682 0.13177710843373494 0.8110567269076304 0.12612951807228914 0.8138805220883534 0.12110943775100401 0.8173318273092369 0.11577560240963855 0.8214106425702811 0.11138303212851405 0.8254894578313253 0.10761797188755019 0.8305095381526103 0.10510793172690762 0.8361571285140562 0.10259789156626506 0.8411772088353413 0.1004016064257028 0.8471385542168673 0.09914658634538152 0.8527861445783133 0.09851907630522087 0.8578062248995982 0.09851907630522087 0.8618850401606425 0.09946034136546184 0.8643950803212851 0.10071536144578312 0.8687876506024096 0.1047941767068273 0.8722389558232931 0.10981425702811244 0.8744352409638554 0.11546184738955821 0.8753765060240963 0.12205070281124497 0.875062751004016 0.12738453815261044 0.8734939759036143 0.13491465863453814 0.8709839357429718 0.14150351405622488 0.8669051204819276 0.14903363453815258 0.8640813253012047 0.15279869477911648 0.8609437751004015 0.15687751004016062 0.8568649598393574 0.15970130522088352 0.8527861445783133 0.16252510040160642 0.84964859437751 0.16472138554216864 0.8465110441767068 0.16660391566265056 0.8421184738955823 0.1697414658634538 0.8367846385542168 0.1725652610441767 0.8305095381526103 0.1757028112449799 0.8254894578313253 0.17695783132530118 0.8185868473895581 0.1788403614457831 0.8119979919678714 0.17946787148594376 0.8085466867469879 0.1788403614457831 0.805722891566265 0.1772715863453815 0.8019578313253012 0.17350652610441764 0.8010165662650602 0.16911395582329317 0.8007028112449799 0.16252510040160642 0.8007028112449799 0.15687751004016062 0.8016440763052208 0.1521711847389558
1 0.9387550200803213 0.13177710843373494 0.9431475903614458 0.11985441767068271 0.9478539156626505 0.1107555220883534 0.9535015060240963 0.1047941767068273 0.9597766064257027 0.09977409638554216 0.9685617469879517 0.09381275100401607 0.9789156626506023 0.08910642570281123 0.9870732931726907 0.08753765060240963 0.9927208835341365 0.0872238955823293 0.9977409638554217 0.08847891566265059 0.9983684738955823 0.1458960843373494 0.9924071285140561 0.15185742971887548 0.9889558232931727 0.1549949799196787 0.9851907630522088 0.15656375502008033 0.981425702811245 0.15813253012048192 0.9770331325301204 0.15970130522088352 0.9720130522088353 0.16064257028112447 0.9673067269076304 0.16127008032128512 0.961972891566265 0.16127008032128512 0.9575803212851405 0.1609563253012048 0.952246485943775 0.15907379518072287 0.9484814257028111 0.15656375502008033 0.9415788152610441 0.15154367469879518 0.9390687751004015 0.14777861445783133 0.9381275100401606 0.14307228915662648 0.9374999999999999 0.1352284136546185
1 0.8797690763052208 0.027296686746987948 0.8847891566265059 0.02196285140562249 0.8885542168674697 0.01788403614457831 0.8932605421686746 0.013491465863453815 0.8970256024096385 0.011608935742971886 0.9042419678714858 0.008471385542168674 0.9108308232931727 0.006902610441767068 0.918988453815261 0.006902610441767068 0.92777359437751 0.00753012048192771 0.9343624497991967 0.009412650602409638 0.9390687751004015 0.011922690763052208 0.9422063253012047 0.01568775100401606 0.944402610441767 0.020707831325301202 0.944402610441767 0.02792419678714859 0.9431475903614458 0.036395582329317264 0.9400100401606425 0.044239457831325296 0.9381275100401606 0.04925953815261044 0.9359312248995982 0.05271084337349397 0.9331074297188754 0.05616214859437751 0.9293423694779116 0.060554718875502005 0.9246360441767068 0.06431977911646586 0.9186746987951807 0.06682981927710843 0.9130271084337348 0.06902610441767068 0.90832078313253 0.0709086345381526 0.9017319277108433 0.0737324297188755 0.8954568273092369 0.07624246987951806 0.8894954819277108 0.07655622489959839 0.8822791164658633 0.07561495983935743 0.8766315261044176 0.07247740963855422 0.8716114457831324 0.06996736947791164 0.868160140562249 0.06839859437751003 0.8653363453815259 0.06369226907630522 0.8643950803212851 0.05898594377510039 0.8650225903614458 0.054593373493975896 0.8669051204819276 0.04863202811244979 0.8691014056224898 0.043298192771084335 0.8722389558232931 0.03765060240963855 0.874121485943775 0.034199297188755015
1 0.8446285140562249 0.020394076305220884 0.8405496987951807 0.027296686746987948 0.8355296184738955 0.03200301204819277 0.8283132530120482 0.036081827309236945 0.822351907630522 0.03859186746987951 0.8154492971887549 0.039219377510040156 0.8082329317269076 0.03765060240963855 0.8016440763052208 0.03451305220883534 0.7975652610441767 0.02792419678714859 0.7963102409638554 0.01976656626506024 0.7966239959839356 0.00972640562248996 0.7975652610441767 0.0006275100401606425 0.8518448795180722 0.0009412650602409637 0.8493348393574297 0.011922690763052208
1 0.6538654618473896 0.0709086345381526 0.6419427710843373 0.06431977911646586 0.6388052208835341 0.060554718875502005 0.6356676706827309 0.055220883534136546 0.6331576305220883 0.0502008032128514 0.630961345381526 0.04361194779116465 0.6297063253012047 0.03576807228915662 0.6293925702811245 0.029492971887550196 0.6322163654618473 0.02478664658634538 0.6381777108433735 0.01976656626506024 0.641629016064257 0.018511546184738954 0.6463353413654619 0.017570281124497992 0.6535517068273092 0.01694277108433735 0.6595130522088353 0.016629016064257027 0.6654743975903614 0.01694277108433735 0.6717494979919678 0.01788403614457831 0.6770833333333334 0.019139056224899597 0.6830446787148594 0.021335341365461846 0.6883785140562249 0.023531626506024094 0.6921435742971888 0.026355421686746986 0.6965361445783133 0.02980672690763052 0.6990461847389557 0.03263052208835341 0.7015562248995983 0.03670933734939759 0.704066265060241 0.04172941767068273 0.7053212851405621 0.046121987951807226 0.7053212851405621 0.05176957831325301 0.7053212851405621 0.05710341365461847 0.7043800200803213 0.06118222891566264 0.7021837349397589 0.06557479919678715 0.7006149598393574 0.06902610441767068 0.6990461847389557 0.07216365461847389 0.6968498995983936 0.0753012048192771 0.6921435742971888 0.07686997991967871 0.6864959839357428 0.07906626506024096 0.6824171686746987 0.07938002008032127 0.6755145582329317 0.07843875502008031 0.6682981927710843 0.07718373493975902 0.6620230923694778 0.07561495983935743 0.6563755020080321 0.07341867469879518
1 0.47126004016064255 0.03200301204819277 0.46561244979919675 0.022276606425702807 0.46278865461847385 0.01568775100401606 0.46027861445783125 0.00972640562248996 0.45870983935742965 0.005333835341365461 0.45776857429718876 0.0006275100401606425 0.5123619477911646 0.0009412650602409637 0.5154994979919678 0.012236445783132528 0.5154994979919678 0.018511546184738954 0.5154994979919678 0.023531626506024094 0.5151857429718876 0.0310617469879518 0.5123619477911646 0.038278112449799194 0.5095381526104418 0.042984437751004016 0.5035768072289156 0.04674949799196786 0.4991842369477911 0.04800451807228915 0.4951054216867469 0.04737700803212851 0.4916541164658634 0.0458082329317269 0.48694779116465864 0.04392570281124498 0.4825552208835341 0.04172941767068273 0.47753514056224894 0.03859186746987951 0.4734563253012048 0.0354543172690763
1 0.416039156626506 0.08659638554216867 0.415097891566265 0.07655622489959839 0.4172941767068273 0.07028112449799197 0.4232555220883534 0.06588855421686747 0.4289031124497991 0.06431977911646586 0.4358057228915662 0.06431977911646586 0.4445908634538152 0.0677710843373494 0.4530622489959839 0.07310491967871485 0.45870983935742965 0.07781124497991967 0.4640436746987951 0.08377259036144577 0.4681224899598393 0.09098895582329317 0.47031877510040154 0.09851907630522087 0.4715737951807229 0.10667670682730922 0.4706325301204819 0.11640311244979919 0.4674949799196787 0.12487449799196786 0.46278865461847385 0.13020833333333331 0.4546310240963855 0.1327183734939759 0.4486696787148594 0.1339733935742972 0.4455321285140562 0.1333458835341365 0.44239457831325296 0.13240461847389556 0.43925702811244977 0.13146335341365462 0.43768825301204817 0.13083584337349397 0.43329568273092367 0.12863955823293172 0.4285893574297189 0.12518825301204817 0.4245105421686747 0.11891315261044175 0.4223142570281124 0.11263805220883533 0.4204317269076305 0.10730421686746987 0.41886295180722893 0.10228413654618472 0.41792168674698793 0.09726405622489959 0.4172941767068273 0.09287148594377509
1 0.019139056224899597 0.04549447791164658 0.027296686746987948 0.04800451807228915 0.03012048192771084 0.04925953815261044 0.03357178714859437 0.051455823293172685 0.03733684738955823 0.05584839357429718 0.039219377510040156 0.06180973895582329 0.0398468875502008 0.06682981927710843 0.039219377510040156 0.0737324297188755 0.03670933734939759 0.07843875502008031 0.03200301204819277 0.08157630522088354 0.026041666666666664 0.0840863453815261 0.02008032128514056 0.08534136546184738 0.014746485943775098 0.08565512048192771 0.008785140562248996 0.08565512048192771 0.003765060240963855 0.08565512048192771 0.0 0.08596887550200803 0.0009412650602409637 0.04204317269076305 0.011295180722891566 0.04361194779116465
1 0.3363453815261044 0.1004016064257028 0.3288152610441767 0.09506777108433734 0.32661897590361444 0.09098895582329317 0.3259914658634538 0.08628263052208834 0.3244226907630522 0.08157630522088354 0.32379518072289154 0.07592871485943774 0.3234814257028112 0.06996736947791164 0.32473644578313254 0.06463353413654618 0.3294427710843373 0.05804467871485943 0.3344628514056225 0.05490712851405622 0.3404241967871486 0.05271084337349397 0.3454442771084337 0.05271084337349397 0.354543172690763 0.054593373493975896 0.3608182730923694 0.057730923694779106 0.36552459839357426 0.06243724899598393 0.3708584337349397 0.06808483935742972 0.3739959839357429 0.07310491967871485 0.3765060240963855 0.07718373493975902 0.37870230923694775 0.08189006024096385 0.38089859437751 0.0872238955823293 0.38309487951807225 0.09318524096385541 0.3834086345381526 0.09946034136546184 0.38372238955823285 0.10699046184738956 0.3821536144578313 0.11420682730923694 0.3780747991967871 0.1195406626506024 0.3739959839357429 0.12236445783132528 0.3677208835341365 0.12267821285140562 0.362387048192771 0.12016817269076305 0.3576807228915662 0.11797188755020079 0.3514056224899598 0.11389307228915663 0.3473268072289156 0.1107555220883534 0.3429342369477911 0.10699046184738956
1 0.1371109437751004 0.3200301204819277 0.14118975903614456 0.31563755020080314 0.14715110441767065 0.31312751004016065 0.15185742971887548 0.31218624497991965 0.15813253012048192 0.3112449799196787 0.16409387550200802 0.3112449799196787 0.17005522088353411 0.3118724899598393 0.17633032128514053 0.31406877510040154 0.18260542168674698 0.3184613453815261 0.1860567269076305 0.3215988955823293 0.1888805220883534 0.3278739959839357 0.1891942771084337 0.33728664658634533 0.1888805220883534 0.34701305220883527 0.1860567269076305 0.35673945783132527 0.18229166666666663 0.36364206827309237 0.17915411646586346 0.3692896586345381 0.17476154618473894 0.37430973895582326 0.1681726907630522 0.38027108433734935 0.1622113453815261 0.3849774096385542 0.15907379518072287 0.38560491967871485 0.15373995983935743 0.38591867469879515 0.14903363453815258 0.38591867469879515 0.14401355421686748 0.38591867469879515 0.13899347389558234 0.38560491967871485 0.13240461847389556 0.38278112449799195 0.12644327309236947 0.3793298192771084 0.12110943775100401 0.3724272088353413 0.11922690763052209 0.36426957831325296 0.11922690763052209 0.35517068273092367 0.12110943775100401 0.3473268072289156 0.1239332329317269 0.3416792168674698 0.12644327309236947 0.3360316265060241 0.1283258032128514 0.33258032128514053 0.1327183734939759 0.32661897590361444
1 0.16252510040160642 0.6955948795180722 0.16785893574297187 0.6930848393574297 0.17350652610441764 0.6912023092369477 0.1800953815261044 0.6902610441767068 0.18793925702811246 0.6908885542168673 0.19672439759036145 0.69339859437751 0.20456827309236944 0.6968498995983936 0.2127259036144578 0.7028112449799196 0.2199422690763052 0.7103413654618473 0.22402108433734938 0.7166164658634538 0.22558985943775098 0.7222640562248995 0.22558985943775098 0.7269703815261044 0.22464859437751003 0.7316767068273092 0.22213855421686743 0.7366967871485943 0.2199422690763052 0.7410893574297188 0.21743222891566263 0.7448544176706826 0.21366716867469876 0.7476782128514056 0.20613704819277107 0.7489332329317269 0.19986194779116465 0.7489332329317269 0.19546937751004015 0.7479919678714858 0.18793925702811246 0.7461094377510039 0.18072289156626506 0.7435993975903614 0.16942771084337346 0.7351280120481928 0.1609563253012048 0.7279116465863453 0.15876004016064255 0.7235190763052208 0.15750502008032127 0.7203815261044176 0.15625 0.716930220883534 0.15562248995983935 0.7141064257028111 0.15562248995983935 0.7097138554216866 0.15562248995983935 0.7056350401606425 0.15593624497991965 0.7031249999999999 0.15876004016064255 0.6993599397590361
1 0.07435993975903614 0.7643072289156626 0.07561495983935743 0.7611696787148594 0.07781124497991967 0.7577183734939759 0.08283132530120481 0.7552083333333333 0.08596887550200803 0.753953313253012 0.08910642570281123 0.7526982931726907 0.09412650602409638 0.7517570281124498 0.10071536144578312 0.7514432730923695 0.10887299196787148 0.7517570281124498 0.11671686746987951 0.753012048192771 0.1239332329317269 0.7567771084337348 0.1295808232931727 0.7608559236947791 0.1342871485943775 0.7649347389558232 0.13867971887550198 0.769641064257028 0.14150351405622488 0.7737198795180722 0.14369979919678713 0.7806224899598393 0.14401355421686748 0.7875251004016063 0.14244477911646586 0.7953689759036143 0.13993473895582328 0.8007028112449799 0.13491465863453814 0.8050953815261044 0.12863955823293172 0.8069779116465863 0.12236445783132528 0.8072916666666665 0.11577560240963855 0.8069779116465863 0.1107555220883534 0.8060366465863453 0.10542168674698794 0.804781626506024 0.09632279116465862 0.8003890562248995 0.08785140562248996 0.7944277108433735 0.08063504016064256 0.7875251004016063 0.07655622489959839 0.7818775100401606 0.07467369477911646 0.7774849397590361 0.07404618473895581 0.773406124497992 0.07404618473895581 0.7683860441767068
1 0.12456074297188754 0.8816516064257027 0.12079568273092368 0.8782003012048192 0.11765813253012047 0.8728664658634538 0.11640311244979919 0.8650225903614458 0.11640311244979919 0.8600025100401606 0.11828564257028112 0.8552961847389557 0.12299196787148593 0.8502761044176705 0.12644327309236947 0.8461972891566264 0.13020833333333331 0.8440010040160641 0.13365963855421686 0.8424322289156625 0.1374246987951807 0.8405496987951807 0.14244477911646586 0.8392946787148594 0.14777861445783133 0.838039658634538 0.15625 0.8374121485943775 0.16566265060240962 0.8374121485943775 0.17601656626506024 0.8389809236947791 0.18511546184738953 0.8414909638554217 0.19139056224899598 0.8449422690763052 0.19515562248995982 0.8499623493975903 0.19703815261044175 0.8562374497991967 0.19703815261044175 0.8625125502008031 0.19390060240963852 0.8672188755020079 0.19013554216867468 0.8734939759036143 0.18637048192771083 0.8772590361445782 0.18072289156626506 0.8797690763052208 0.1757028112449799 0.8816516064257027 0.16911395582329317 0.883847891566265 0.16252510040160642 0.8860441767068272 0.15687751004016062 0.8869854417670682 0.1521711847389558 0.8869854417670682 0.14715110441767065 0.8866716867469879 0.13993473895582328 0.8863579317269076 0.1346009036144578 0.8854166666666665 0.12863955823293172 0.883847891566265
1 0.03357178714859437 0.9001631526104418 0.04267068273092369 0.8970256024096385 0.04706325301204819 0.8967118473895581 0.05239708835341365 0.8967118473895581 0.05867218875502008 0.8970256024096385 0.06275100401606425 0.8995356425702811 0.06620230923694778 0.9042419678714858 0.06745732931726907 0.9098895582329316 0.06620230923694778 0.916164658634538 0.06557479919678715 0.9193022088353413 0.05961345381526104 0.9284011044176705 0.05710341365461847 0.9309111445783133 0.05333835341365461 0.9353037148594378 0.048318273092369475 0.9400100401606425 0.042984437751004016 0.9447163654618473 0.036081827309236945 0.9491089357429718 0.028237951807228913 0.952246485943775 0.020707831325301202 0.9544427710843373 0.01255020080321285 0.9547565261044176 0.0065888554216867465 0.9541290160642569 0.001255020080321285 0.9519327309236947 0.0009412650602409637 0.9202434738955823 0.005961345381526104 0.9142821285140561 0.00753012048192771 0.9136546184738955 0.010667670682730923 0.9117720883534136 0.013491465863453815 0.910203313253012 0.01788403614457831 0.9070657630522088 0.022590361445783132 0.9039282128514056 0.029179216867469878 0.9017319277108433
1 0.034199297188755015 0.8606300200803213 0.018825301204819275 0.8621987951807228 0.014432730923694776 0.8596887550200802 0.00972640562248996 0.856551204819277 0.004392570281124498 0.8521586345381525 0.0006275100401606425 0.8490210843373494 0.001255020080321285 0.8088604417670682 0.0065888554216867465 0.8082329317269076 0.010981425702811244 0.8088604417670682 0.016001506024096383 0.8101154618473896 0.022590361445783132 0.8123117469879517 0.028865461847389553 0.8157630522088353 0.0354543172690763 0.8210968875502007 0.04078815261044177 0.8276857429718875 0.04392570281124498 0.832078313253012 0.04863202811244979 0.8377259036144579 0.05114206827309236 0.8421184738955823 0.05208333333333333 0.8471385542168673 0.05208333333333333 0.8518448795180722 0.05082831325301205 0.8552961847389557 0.04737700803212851 0.8590612449799196 0.04047439759036144 0.8609437751004015
1 0.15593624497991965 0.9804844377510039 0.15530873493975902 0.9701305220883534 0.15530873493975902 0.9663654618473895 0.15625 0.9626004016064257 0.15719126506024095 0.9594628514056224 0.15876004016064255 0.9550702811244979 0.1609563253012048 0.9503639558232931 0.1634663654618474 0.9459713855421686 0.16723142570281124 0.9425200803212851 0.17005522088353411 0.9393825301204818 0.173820281124498 0.935617469879518 0.17821285140562246 0.932793674698795 0.18354668674698793 0.9302836345381525 0.18793925702811246 0.9284011044176705 0.19264558232931725 0.9262048192771084 0.19829317269076305 0.9246360441767068 0.20456827309236944 0.924008534136546 0.2114708835341365 0.9262048192771084 0.2171184738955823 0.9312248995983935 0.2202560240963855 0.9359312248995982 0.22245230923694775 0.9422063253012047 0.22339357429718873 0.9481676706827308 0.22307981927710843 0.9544427710843373 0.22119728915662648 0.961031626506024 0.21900100401606426 0.9654241967871485 0.21617720883534136 0.969816767068273 0.2124121485943775 0.9742093373493975 0.20833333333333331 0.9776606425702811 0.20488202811244977 0.9804844377510039 0.2020582329317269 0.9829944779116465 0.1979794176706827 0.9861320281124498 0.19358684738955823 0.9898970883534136 0.18982178714859438 0.9917796184738955 0.18417419678714858 0.9927208835341365 0.17978162650602408 0.9930346385542168 0.17601656626506024 0.9933483935742972 0.1725652610441767 0.9933483935742972 0.16723142570281124 0.9924071285140561 0.16127008032128512 0.9905245983935742 0.15656375502008033 0.9880145582329316 0.15530873493975902 0.9855045180722891
0 0.26041666666666663 0.6516691767068272 0.2466114457831325 0.6491591365461847 0.24284638554216864 0.648531626506024 0.23939508032128512 0.6469628514056224 0.2375125502008032 0.6444528112449799 0.2375125502008032 0.6425702811244979 0.23814006024096382 0.6403739959839357 0.24096385542168672 0.6403739959839357 0.25131777108433734 0.6419427710843373 0.2610441767068273 0.6450803212851405 0.2651229919678715 0.6472766064257027 0.26731927710843373 0.6501004016064257 0.2670055220883534 0.6522966867469879 0.2648092369477911 0.6529241967871485
0 0.3087349397590361 0.7385793172690762 0.31406877510040154 0.7323042168674697 0.31563755020080314 0.7288529116465863 0.3172063253012048 0.7250878514056224 0.31971636546184734 0.7194402610441767 0.3215988955823293 0.7150476907630522 0.32316767068273095 0.7103413654618473 0.31971636546184734 0.7103413654618473 0.3159513052208835 0.7134789156626505 0.3118724899598393 0.7175577309236947 0.30653865461847385 0.7228915662650602 0.30308734939759036 0.7279116465863453 0.30151857429718876 0.7319904618473896 0.30026355421686746 0.736383032128514 0.29900853413654616 0.7414031124497991 0.29869477911646586 0.7461094377510039 0.3008910642570281 0.745168172690763 0.30622489959839355 0.7407756024096385
0 0.8292545180722891 0.6607680722891566 0.8258032128514056 0.6548067269076304 0.8245481927710843 0.6529241967871485 0.8226656626506023 0.6497866465863453 0.8204693775100401 0.648531626506024 0.8182730923694778 0.6472766064257027 0.8160768072289156 0.6441390562248995 0.814508032128514 0.641629016064257 0.813566767068273 0.6388052208835341 0.8132530120481928 0.6369226907630522 0.8151355421686746 0.6359814257028111 0.8182730923694778 0.6369226907630522 0.822351907630522 0.639746485943775 0.8248619477911646 0.6410015060240963 0.8283132530120482 0.6435115461847388 0.832078313253012 0.6469628514056224 0.8352158634538152 0.6501004016064257 0.838039658634538 0.6535517068273092 0.840863453815261 0.6576305220883534 0.8424322289156625 0.6617093373493976 0.8421184738955823 0.6645331325301205 0.8402359437751004 0.666101907630522 0.8367846385542168 0.6654743975903614 0.832078313253012 0.6635918674698794
0 0.9045557228915662 0.582015562248996 0.891691767068273 0.5691516064257027 0.8891817269076304 0.5672690763052208 0.8857304216867469 0.5644452811244979 0.882906626506024 0.5613077309236947 0.8819653614457831 0.5584839357429718 0.8822791164658633 0.5562876506024096 0.8844754016064257 0.5553463855421686 0.8869854417670682 0.5566014056224898 0.8938880522088353 0.5631902610441767 0.9070657630522088 0.5741716867469879 0.9127133534136546 0.5798192771084337 0.9136546184738955 0.5829568273092369 0.911144578313253 0.5842118473895581
0 0.2808107429718875 0.38874246987951805 0.2692018072289156 0.3915662650602409 0.2648092369477911 0.39219377510040154 0.2610441767068273 0.39219377510040154 0.2575928714859438 0.39219377510040154 0.2535140562248996 0.39219377510040154 0.25006275100401604 0.39031124497991965 0.2478664658634538 0.38874246987951805 0.2484939759036144 0.38591867469879515 0.25131777108433734 0.38278112449799195 0.25445532128514053 0.38183985943775095 0.2591616465863454 0.38121234939759036 0.2635542168674699 0.38027108433734935 0.2698293172690763 0.379957329317269 0.27453564257028107 0.37964357429718876 0.27892821285140557 0.37964357429718876 0.28394829317269077 0.38089859437751 0.28865461847389556 0.3821536144578313 0.2895958835341365 0.38591867469879515 0.28583082329317266 0.3874874497991968
0 0.303523749297358 0.18952009555930294 0.2991322372119168 0.177926503653738 0.2998348791455873 0.16176573917931417 0.30088884204609323 0.15386101742551989 0.3042263912310286 0.1510504496908375 0.3077396008993816 0.1605361157953906 0.3077396008993816 0.1754672568858909 0.3066856379988757 0.18723650927487345
0 0.40241957848031057 0.2206045479755962 0.4090058236272878 0.2169647809206877 0.42113838047698277 0.2218178036605657 0.44384359400998336 0.22528424847476425 0.44852329450915135 0.22459095951192454 0.45094980587909034 0.22857737104825288 0.44540349417637265 0.23100388241819186 0.42443150305047145 0.23135052689961172 0.4129922351636162 0.23048391569606208 0.40345951192457014 0.22320438158624512
0 0.6426282051282051 0.15491452991452992 0.6487179487179486 0.15523504273504274 0.6556623931623932 0.1659188034188034 0.6575854700854701 0.17147435897435898 0.6548076923076923 0.17467948717948717 0.648611111111111 0.17211538461538461 0.6433760683760684 0.16517094017094017 0.6413461538461539 0.15822649572649572 0.6414529914529915 0.15555555555555556
0 0.7511032430213463 0.32135160098522164 0.7458435960591132 0.3176313628899835 0.7452021756978653 0.29851703612479474 0.7421233579638751 0.26760057471264365 0.7417385057471263 0.2565681444991789 0.7443041871921181 0.2582358374384236 0.7473830049261083 0.2840209359605911 0.7491789819376025 0.3095494663382594
0 0.33908259149357073 0.8911350148367952 0.33583704253214636 0.888816765578635 0.33939169139465875 0.8725890207715133 0.34356454005934717 0.8407517309594461 0.3438736399604352 0.8345697329376854 0.34681008902077154 0.8347242828882294 0.34557368941641936 0.8507974777448071 0.342019040553907 0.8761436696340257
0 0.4944052917903066 0.8568249258160238 0.5070783877349159 0.8422972304648862 0.5212969831849654 0.8324060336300693 0.5333518793273986 0.820814787339268 0.5452522255192879 0.8171055885262117 0.547415924826904 0.8188056379821959 0.546797725024728 0.8245239861523245 0.5288699307616221 0.8364243323442137 0.5135694856577646 0.8473973788328387 0.5041419386745797 0.8545066765578634 0.4928597922848664 0.8579067754698319
0 0.7497218100890207 0.9191085558852621 0.7617767062314539 0.9174085064292778 0.771513353115727 0.9200358555885262 0.7787772007912958 0.9259087537091987 0.7746043521266073 0.9280724530168151 0.7634767556874382 0.9297725024727992 0.752658259149357 0.9263724035608308 0.7497218100890207 0.9228177546983185 0.7498763600395648 0.9206540553907022
0 0.8965442631058358 0.049146884272997036 0.9064354599406528 0.04111028684470821 0.9160175568743818 0.031219090009891197 0.9211177052423343 0.02998269040553907 0.9229723046488625 0.03168273986152324 0.9186449060336301 0.03601013847675569 0.9095264589515331 0.04373763600395648 0.9033444609297725 0.05161968348170129 0.8988625123639961 0.054401582591493566 0.8956169634025717 0.054401582591493566
0 0.9679463402571711 0.6857381305637982 0.9762920375865479 0.6858926805143423 0.987110534124629 0.6914564787339267 0.9949925816023738 0.6977930267062314 0.9989583333333333 0.7009089744948425 0.9989583333333333 0.7069114737883283 0.9895833333333334 0.7061387240356083 0.9716555390702274 0.6956293273986152 0.966091740850643 0.6899109792284865
0 0.4021684316691881 0.3139183055975794 0.4105206757438225 0.3178580433686334 0.4150907715582451 0.3211674230963187 0.42186712052445785 0.3227433182047402 0.4261220373171961 0.32416162380231966 0.4297465960665658 0.3251071608673727 0.43368633383761973 0.3262102874432678 0.43746848209783157 0.32652546646495206 0.438886787695411 0.32573751891074126 0.43668053454362077 0.32447680282400404 0.4325832072617246 0.32211296016137164 0.42911623802319715 0.3211674230963187 0.42817070095814425 0.3206946545637922 0.4267523953605648 0.3197491174987393 0.42281265758951087 0.3186459909228442 0.42186712052445785 0.31848840141200196 0.41934568835098335 0.31754286434694906 0.41619389813414015 0.31675491679273826 0.41162380231971757 0.314548663640948 0.4102054967221382 0.3136031265758951 0.407053706505295 0.3136031265758951 0.4043746848209783 0.3132879475542108
