1 0.5761351052048727 0.4480897009966778 0.574750830564784 0.4428986710963455 0.5733665559246954 0.4332087486157254 0.5726744186046511 0.4231727574750831 0.5733665559246954 0.413482834994463 0.5768272425249169 0.40206256921373207 0.5799418604651162 0.39514119601328906 0.5858250276854928 0.3892580287929126 0.59343853820598 0.38545127353266895 0.6038205980066444 0.38475913621262464 0.612126245847176 0.38545127353266895 0.6200858250276854 0.38787375415282394 0.625968992248062 0.3913344407530454 0.6315060908084164 0.39583333333333337 0.6356589147286821 0.4031007751937985 0.6387735326688815 0.413482834994463 0.6391196013289037 0.42213455149501666 0.6384274640088593 0.4314784053156147 0.6360049833887043 0.44082225913621265 0.6339285714285714 0.4480897009966778 0.6318521594684385 0.45293466223698786 0.6290836101882614 0.4595099667774087 0.625968992248062 0.4647009966777409 0.6221622369878184 0.4688538205980067 0.6169712070874861 0.47231450719822815 0.6117801771871538 0.4733527131782946 0.6041666666666666 0.47369878183831676 0.5955149501661129 0.47300664451827246 0.5896317829457364 0.4709302325581396 0.5851328903654485 0.4674695459579181 0.5813261351052048 0.46297065337763016 0.5778654485049833 0.45708748615725364
1 0.34772978959025475 0.4608942414174973 0.3532668881506091 0.45743355481727577 0.3594961240310078 0.45258859357696574 0.36537929125138435 0.44670542635658916 0.36883997785160577 0.4411683277962348 0.3709163898117387 0.43493909191583613 0.3719545957918051 0.4280177187153932 0.37333887043189373 0.42213455149501666 0.3729928017718716 0.41659745293466227 0.36953211517165013 0.41140642303433006 0.36364894795127356 0.40829180509413077 0.3560354374307863 0.40621539313399785 0.3473837209302326 0.40552325581395354 0.33873200442967893 0.40656146179402 0.3286960132890366 0.4093300110741972 0.3217746400885936 0.4131367663344408 0.31796788482835 0.41694352159468445 0.31450719822812856 0.42213455149501666 0.31104651162790703 0.42836378737541536 0.30827796234772986 0.4342469545957918 0.3065476190476191 0.4383997785160576 0.3044712070874862 0.4425526024363234 0.30308693244739765 0.44601328903654486 0.30204872646733116 0.4487818383167221 0.3003183831672204 0.4550110741971208 0.3003183831672204 0.45985603543743087 0.30135658914728686 0.4640088593576966 0.30274086378737547 0.4667774086378738 0.30689368770764125 0.4688538205980067 0.31208471760797346 0.46850775193798455 0.3151993355481728 0.4674695459579181 0.32350498338870437 0.46608527131782945 0.336655592469546 0.465047065337763
1 0.21587763012181624 0.41209856035437437 0.21760797342192698 0.4297480620155039 0.21968438538205987 0.43493909191583613 0.2227990033222592 0.4383997785160576 0.22729789590254715 0.4404761904761905 0.23525747508305656 0.4428986710963455 0.2449473975636767 0.44566722037652273 0.2522148394241418 0.4470514950166113 0.2587901439645626 0.44670542635658916 0.26536544850498345 0.44359080841638987 0.2722868217054264 0.4380537098560355 0.27678571428571436 0.4339008859357697 0.28024640088593583 0.4290559246954596 0.2833610188261352 0.4231727574750831 0.28543743078626804 0.4176356589147287 0.28820598006644527 0.41209856035437437 0.29028239202657813 0.4075996677740864 0.29201273532668887 0.4027547065337763 0.2930509413067553 0.397217607973422 0.2930509413067553 0.3913344407530454 0.29270487264673317 0.3826827242524917 0.2913205980066446 0.37679955703211526 0.28820598006644527 0.37057032115171656 0.2840531561461795 0.3650332225913622 0.2781699889258029 0.3615725359911407 0.26986434108527135 0.3581118493909192 0.2629429678848284 0.35638150609080843 0.25602159468438546 0.3556893687707642 0.2466777408637874 0.3560354374307863 0.23975636766334446 0.3574197120708749 0.23525747508305656 0.3601882613510521 0.2314507198228129 0.36364894795127356 0.2286821705426357 0.36780177187153934 0.22660575858250281 0.3729928017718716 0.2241832779623478 0.3788759689922481 0.22176079734219276 0.38475913621262464 0.21968438538205987 0.3927187153931341 0.21760797342192698 0.40137043189368776
1 0.46158637873754155 0.29270487264673317 0.46297065337763016 0.29858803986710963 0.4653931339977852 0.3041251384274641 0.4688538205980067 0.3096622369878184 0.4733527131782946 0.3134689922480621 0.47923588039867115 0.3165836101882614 0.4854651162790698 0.31866002214839434 0.4913482834994463 0.3196982281284607 0.49757751937984496 0.3193521594684386 0.5034606866002215 0.31831395348837216 0.5089977851605759 0.31727574750830567 0.5155730897009967 0.3148532668881507 0.5218023255813954 0.3107004429678849 0.5276854928017719 0.3044712070874862 0.5314922480620156 0.3003183831672204 0.5339147286821705 0.29651162790697677 0.5366832779623477 0.29097452934662243 0.5384136212624585 0.28612956810631235 0.5394518272425249 0.2816306755260244 0.5394518272425249 0.2757475083056479 0.5394518272425249 0.27021040974529353 0.5387596899224806 0.26501937984496127 0.5373754152823921 0.25982834994462906 0.5339147286821705 0.2542912513842747 0.5294158361018827 0.2487541528239203 0.5249169435215947 0.2449473975636767 0.5211101882613511 0.24183277962347735 0.5159191583610189 0.23941029900332234 0.5103820598006644 0.23733388704318945 0.5017303433001108 0.236295681063123 0.4913482834994463 0.23767995570321157 0.48442691029900337 0.24114064230343307 0.47715946843853824 0.24736987818383174 0.474390919158361 0.25013842746400894 0.471968438538206 0.2542912513842747 0.469545957918051 0.2584440753045405 0.46781561461794025 0.2622508305647841 0.46608527131782945 0.26571151716500563 0.46331672203765234 0.27609357696567005 0.4612403100775194 0.2826688815060908 0.46158637873754155 0.2878599114064231
1 0.38337486157253603 0.2688261351052049 0.38787375415282394 0.26571151716500563 0.39410299003322263 0.26155869324473985 0.39860188261351054 0.257405869324474 0.40206256921373207 0.2535991140642304 0.40552325581395354 0.24840808416389817 0.40656146179402 0.24044850498338877 0.40656146179402 0.23318106312292367 0.40483111849390924 0.22695182724252497 0.4031007751937985 0.22176079734219276 0.40033222591362133 0.21518549280177193 0.397217607973422 0.2093023255813954 0.3930647840531562 0.2041112956810632 0.3892580287929126 0.19961240310077524 0.3851052048726468 0.19615171650055377 0.3802602436323367 0.19303709856035445 0.3757613510520488 0.1906146179401994 0.3712624584717608 0.18853820598006651 0.36710963455149503 0.18646179401993362 0.3608803986710964 0.18542358803986717 0.3515365448504984 0.18542358803986717 0.34288482834994466 0.18611572535991144 0.33734772978959027 0.18853820598006651 0.3307724252491695 0.19234496124031014 0.3245431893687708 0.19753599114064235 0.3196982281284607 0.20307308970099675 0.31623754152823924 0.2093023255813954 0.3134689922480621 0.21726190476190482 0.3131229235880399 0.22556755260243638 0.3141611295681063 0.23179678848283505 0.3151993355481728 0.23491140642303437 0.31727574750830567 0.23941029900332234 0.3200442967884829 0.24321705426356596 0.32281284606866006 0.24736987818383174 0.3266196013289037 0.2522148394241418 0.329734219269103 0.25498338870431897 0.3314645625692138 0.2563676633444076 0.3376937984496125 0.26121262458471767 0.34426910299003327 0.2677879291251385 0.34842192691029905 0.26951827242524923 0.35257475083056483 0.2709025470653378 0.3574197120708749 0.27194075304540427 0.3629568106312293 0.2722868217054264 0.37057032115171656 0.27194075304540427 0.3778377630121817 0.2709025470653378
1 0.6505398671096345 0.34807585825027687 0.6584994462901439 0.34842192691029905 0.6647286821705426 0.345999446290144 0.6671511627906976 0.3421926910299004 0.6699197120708749 0.3352713178294574 0.6723421926910299 0.3286960132890366 0.6744186046511628 0.32246677740863794 0.6764950166112957 0.31623754152823924 0.6778792912513842 0.3096622369878184 0.6785714285714286 0.3037790697674419 0.6782253599114064 0.29858803986710963 0.6768410852713178 0.29166666666666674 0.6747646733111848 0.2840531561461795 0.6723421926910299 0.2778239202657808 0.6695736434108527 0.27055647840531566 0.6654208194905868 0.26536544850498345 0.6588455149501661 0.2622508305647841 0.6522702104097452 0.26155869324473985 0.6460409745293466 0.2629429678848284 0.6401578073089701 0.2670957918050942 0.6356589147286821 0.2729789590254707 0.6318521594684385 0.28059246954595796 0.6287375415282391 0.2913205980066446 0.628391472868217 0.2999723145071983 0.6290836101882614 0.30827796234772986 0.6294296788482835 0.31450719822812856 0.6332364341085271 0.3245431893687708 0.6360049833887043 0.3314645625692138 0.6408499446290143 0.3376937984496125 0.6453488372093024 0.3439230343300111
1 0.6180094130675525 0.19338316722037657 0.6173172757475083 0.1871539313399779 0.6148947951273532 0.1819629014396457 0.6103959025470653 0.1778100775193799 0.6048588039867109 0.17607973421926915 0.5986295681063123 0.17573366555924702 0.5913621262458472 0.17573366555924702 0.5830564784053156 0.1771179401993356 0.5733665559246954 0.17850221483942422 0.5688676633444075 0.18127076411960139 0.5650609080841639 0.18680786267995578 0.5612541528239202 0.1951135105204873 0.558485603543743 0.20341915836101887 0.5574473975636766 0.21345514950166117 0.5577934662236987 0.22245293466223703 0.5602159468438538 0.22972037652270216 0.5647148394241417 0.2366417497231451 0.5712901439645626 0.2401024363233666 0.5799418604651162 0.24183277962347735 0.5868632336655593 0.24183277962347735 0.59343853820598 0.24148671096345523 0.6007059800664452 0.23941029900332234 0.6114341085271318 0.23179678848283505 0.6148947951273532 0.22522148394241423 0.616625138427464 0.2186461794019934 0.6173172757475083 0.21310908084163904 0.6183554817275747 0.20653377630121822 0.6183554817275747 0.19995847176079742
1 0.7841223698781837 0.34772978959025475 0.7927740863787375 0.3536129568106313 0.8045404208194905 0.35707364341085274 0.8166528239202658 0.35880398671096353 0.8263427464008859 0.3581118493909192 0.8346483942414175 0.3556893687707642 0.8398394241417496 0.35222868217054265 0.8419158361018826 0.3456533776301219 0.8419158361018826 0.33873200442967893 0.8408776301218162 0.3311184939091916 0.8398394241417496 0.32558139534883723 0.8377630121816168 0.32073643410852715 0.8339562569213732 0.3151993355481728 0.8284191583610188 0.31000830564784054 0.8242663344407529 0.30689368770764125 0.8128460686600221 0.29858803986710963 0.7996954595791804 0.29201273532668887 0.7906976744186046 0.2913205980066446 0.7851605758582502 0.29097452934662243 0.7813538205980066 0.29201273532668887 0.7782392026578073 0.2933970099667775 0.7740863787375415 0.2996262458471761 0.7713178294573644 0.30481727574750833 0.7695874861572535 0.3113925802879292 0.7695874861572535 0.31796788482835 0.7716638981173864 0.3290420819490587 0.7768549280177186 0.3394241417497232
1 0.7775470653377631 0.44843576965669996 0.782392026578073 0.44359080841638987 0.7865448504983389 0.43736157253599117 0.7886212624584718 0.43217054263565896 0.7903516057585824 0.42628737541528244 0.7903516057585824 0.42144241417497236 0.7900055370985603 0.41625138427464015 0.7896594684385382 0.41036821705426363 0.7882751937984496 0.404138981173865 0.7865448504983389 0.3979097452934663 0.7837763012181616 0.3920265780730897 0.7806616832779623 0.3868355481727575 0.7775470653377631 0.38337486157253603 0.7716638981173864 0.3802602436323367 0.7671650055370985 0.3795681063122924 0.7609357696566998 0.3795681063122924 0.7560908084163898 0.3802602436323367 0.7512458471760797 0.3816445182724253 0.7439784053156145 0.38614341085271325 0.7374031007751937 0.39479512735326694 0.7342884828349944 0.39964008859357697 0.7325581395348837 0.404138981173865 0.7311738648947952 0.4093300110741972 0.7311738648947952 0.41417497231450723 0.7311738648947952 0.42075027685492805 0.7318660022148394 0.42594130675526026 0.7342884828349944 0.43286267995570327 0.7384413067552601 0.43874584717607973 0.7412098560354374 0.44324473975636774 0.745016611295681 0.44774363233665565 0.7512458471760797 0.4505121816168328 0.7585132890365448 0.45258859357696574 0.7650885935769657 0.45258859357696574 0.7716638981173864 0.4512043189368771
1 0.506921373200443 0.47923588039867115 0.502422480620155 0.47231450719822815 0.49480897009966784 0.4674695459579181 0.4875415282392027 0.4640088593576966 0.4809662236987819 0.4619324473975637 0.4709302325581396 0.4605481727574751 0.460202104097453 0.4612403100775194 0.4539728682170543 0.46435492801771877 0.45016611295681064 0.46850775193798455 0.44635935769656704 0.4757751937984497 0.44601328903654486 0.48269656699889263 0.4480897009966778 0.48823366555924697 0.4515503875968993 0.49377076411960136 0.4543189368770764 0.49757751937984496 0.45881782945736443 0.5017303433001108 0.4709302325581396 0.5089977851605759 0.4750830564784054 0.5107281284606866 0.4823504983388705 0.5117663344407531 0.48892580287929127 0.5117663344407531 0.49480897009966784 0.5100359911406424 0.502076411960133 0.5072674418604651 0.5062292358803987 0.5041528239202658 0.5086517165005537 0.4982696566998893 0.5089977851605759 0.48823366555924697
1 0.42213455149501666 0.5487956810631228 0.4280177187153932 0.5449889258028793 0.43217054263565896 0.5411821705426356 0.43528516057585825 0.5352990033222592 0.4366694352159469 0.5290697674418605 0.4366694352159469 0.5218023255813954 0.43632336655592474 0.5159191583610189 0.43632336655592474 0.5100359911406424 0.4356312292358805 0.5048449612403101 0.43286267995570327 0.49723145071982283 0.43009413067552604 0.49238648947951275 0.42559523809523814 0.48857973421926915 0.41971207087486156 0.4865033222591363 0.41452104097452935 0.4865033222591363 0.40829180509413077 0.4865033222591363 0.4024086378737542 0.4868493909191584 0.39687153931339986 0.4875415282392027 0.3916805094130676 0.48823366555924697 0.3871816168327797 0.4899640088593577 0.3830287929125139 0.4920404208194906 0.3795681063122924 0.49411683277962354 0.3771456256921374 0.49757751937984496 0.37403100775193804 0.5048449612403101 0.37403100775193804 0.5166112956810631 0.376453488372093 0.5204180509413068 0.3774916943521595 0.5280315614617941 0.3788759689922481 0.5342607973421927 0.37991417497231456 0.5425664451827242 0.3816445182724253 0.5484496124031008 0.38787375415282394 0.5519102990033222 0.39514119601328906 0.5543327796234773 0.4031007751937985 0.5546788482834994 0.41279069767441867 0.5529485049833887
1 0.29893410852713187 0.49480897009966784 0.2947812846068661 0.49065614617940206 0.28751384274640096 0.48719545957918053 0.28024640088593583 0.4858111849390919 0.2729789590254707 0.4858111849390919 0.2629429678848284 0.48719545957918053 0.2567137320044297 0.4896179401993356 0.2529069767441861 0.49377076411960136 0.25117663344407537 0.4979235880398672 0.2487541528239203 0.504498892580288 0.2470238095238096 0.5124584717607974 0.2470238095238096 0.520764119601329 0.2487541528239203 0.5290697674418605 0.25117663344407537 0.5352990033222592 0.2542912513842747 0.5408361018826134 0.2563676633444076 0.5446428571428571 0.26052048726467336 0.5487956810631228 0.26536544850498345 0.5508720930232557 0.27124861572536 0.5505260243632336 0.2792081949058694 0.5498338870431893 0.28578349944629017 0.5477574750830564 0.29166666666666674 0.544296788482835 0.29616555924695465 0.5404900332225914 0.29858803986710963 0.5363372093023256 0.3003183831672204 0.5311461794019934 0.30066445182724255 0.5221483942414176 0.30135658914728686 0.5114202657807309 0.30066445182724255 0.5010382059800665
1 0.35049833887043197 0.6110880398671096 0.3549972314507199 0.6055509413067551 0.3577657807308971 0.6000138427464009 0.3608803986710964 0.5917081949058693 0.3615725359911407 0.5858250276854928 0.3612264673311186 0.5789036544850498 0.35845791805094135 0.5712901439645626 0.355343300110742 0.5650609080841639 0.3501522702104098 0.5588316722037653 0.345999446290144 0.5546788482834994 0.3411544850498339 0.551218161683278 0.3359634551495017 0.5487956810631228 0.3286960132890366 0.5477574750830564 0.32142857142857145 0.5484496124031008 0.31277685492801777 0.5508720930232557 0.30550941306755264 0.5543327796234773 0.2996262458471761 0.5595238095238095 0.29685769656699895 0.5654069767441859 0.29651162790697677 0.5719822812846068 0.29685769656699895 0.5771733111849391 0.29858803986710963 0.5854789590254706 0.30101052048726473 0.5920542635658914 0.30308693244739765 0.5975913621262458 0.3065476190476191 0.602782392026578 0.31104651162790703 0.6079734219269103 0.3158914728682171 0.6131644518272424 0.320390365448505 0.6169712070874861 0.3238510520487265 0.6183554817275747 0.3293881506090809 0.6200858250276854 0.33977021040974537 0.6187015503875969 0.3453073089700997 0.6159330011074197
1 0.4359772978959026 0.5799418604651162 0.4297480620155039 0.5778654485049833 0.42144241417497236 0.5782115171650055 0.41452104097452935 0.5802879291251384 0.40829180509413077 0.584094684385382 0.4017165005537099 0.5899778516057587 0.39583333333333337 0.5982834994462901 0.39237264673311184 0.6052048726467331 0.390296234772979 0.6100498338870431 0.38787375415282394 0.6187015503875969 0.3882198228128461 0.6238925802879292 0.38995016611295685 0.6276993355481727 0.3937569213732005 0.6308139534883721 0.3989479512735327 0.6335825027685492 0.40829180509413077 0.6339285714285714 0.41694352159468445 0.6315060908084164 0.42109634551495023 0.6294296788482835 0.42663344407530457 0.6263150609080841 0.4311323366555925 0.6221622369878184 0.43493909191583613 0.6183554817275747 0.4383997785160576 0.6138565891472868 0.44082225913621265 0.6090116279069767 0.4428986710963455 0.6034745293466223 0.44324473975636774 0.5958610188261351 0.4425526024363234 0.5892857142857142 0.4404761904761905 0.5834025470653378
1 0.5134966777408638 0.5996677740863787 0.516265227021041 0.5948228128460686 0.518687707641196 0.5903239202657807 0.5214562569213732 0.584094684385382 0.5242248062015504 0.5764811738648948 0.5259551495016611 0.5688676633444075 0.5259551495016611 0.5622923588039866 0.5252630121816169 0.5539867109634551 0.523186600221484 0.5449889258028793 0.5211101882613511 0.5380675526024363 0.5176495016611296 0.5321843853820598 0.5124584717607974 0.5269933554817275 0.5076135105204873 0.5242248062015504 0.5027685492801772 0.5238787375415282 0.49723145071982283 0.5245708748615726 0.4903100775193799 0.5263012181616833 0.4847729789590255 0.5283776301218163 0.4795819490586933 0.5314922480620156 0.47473698781838325 0.5346068660022147 0.47023809523809523 0.5384136212624585 0.46643133997785163 0.5418743078626799 0.46297065337763016 0.5463732004429679 0.4605481727574751 0.5505260243632336 0.4581256921373201 0.5557170542635659 0.45639534883720934 0.560562015503876 0.4557032115171651 0.5664451827242524 0.45777962347729795 0.574404761904762 0.45985603543743087 0.5795957918050941 0.46297065337763016 0.5858250276854928 0.46608527131782945 0.5930924695459578 0.47023809523809523 0.6034745293466223 0.474390919158361 0.6083194905869325 0.47923588039867115 0.6103959025470653 0.48442691029900337 0.6107419712070874 0.48892580287929127 0.6107419712070874 0.49446290143964566 0.609703765227021 0.49861572535991144 0.6079734219269103 0.5038067552602437 0.6058970099667774 0.5089977851605759 0.6031284606866002
1 0.6225083056478405 0.5269933554817275 0.6204318936877076 0.5193798449612403 0.6180094130675525 0.5131506090808416 0.6135105204872647 0.5083056478405317 0.6062430786267996 0.5048449612403101 0.5993217054263565 0.5027685492801772 0.5930924695459578 0.502422480620155 0.5868632336655593 0.5027685492801772 0.5809800664451826 0.5048449612403101 0.5750968992248062 0.5072674418604651 0.5726744186046511 0.5086517165005537 0.5692137320044297 0.5110741971207088 0.5650609080841639 0.5159191583610189 0.5622923588039866 0.5193798449612403 0.5602159468438538 0.5235326688815062 0.558485603543743 0.5276854928017719 0.5567552602436323 0.5328765227021042 0.556063122923588 0.5377214839424141 0.556063122923588 0.5439507198228128 0.556063122923588 0.5494878183831672 0.5567552602436323 0.5543327796234773 0.5574473975636766 0.5595238095238095 0.5591777408637874 0.5643687707641195 0.5647148394241417 0.5716362126245846 0.5709440753045404 0.5764811738648948 0.5775193798449613 0.5799418604651162 0.5844407530454042 0.5820182724252491 0.5917081949058693 0.5820182724252491 0.5968992248062015 0.5802879291251384 0.6007059800664452 0.5778654485049833 0.6045127353266887 0.5740586932447397 0.6093576965669989 0.5681755260243633 0.6135105204872647 0.5619462901439646 0.6169712070874861 0.5553709856035437 0.6200858250276854 0.5477574750830564 0.6221622369878184 0.5408361018826134 0.6228543743078627 0.5342607973421927
1 0.7529761904761904 0.49411683277962354 0.7460548172757474 0.49411683277962354 0.7398255813953488 0.49446290143964566 0.7339424141749723 0.4955011074197121 0.7256367663344407 0.4979235880398672 0.7190614617940199 0.5006921373200444 0.714908637873754 0.504498892580288 0.7107558139534883 0.5100359911406424 0.7083333333333334 0.5148809523809524 0.7062569213732004 0.520764119601329 0.7034883720930232 0.5287236987818383 0.7045265780730896 0.5352990033222592 0.7062569213732004 0.5411821705426356 0.7104097452934662 0.5463732004429679 0.7162929125138427 0.549141749723145 0.7221760797342192 0.549141749723145 0.7297895902547065 0.5487956810631228 0.7377491694352158 0.5456810631229235 0.7460548172757474 0.5415282392026578 0.7536683277962347 0.5356450719822813 0.758859357696567 0.5290697674418605 0.7619739756367664 0.523186600221484 0.7643964562569213 0.513842746400886 0.7643964562569213 0.5051910299003323 0.7630121816168328 0.4996539313399779 0.7585132890365448 0.4961932447397564
1 0.7280592469545958 0.5889396456256921 0.7235603543743079 0.5847868217054264 0.7173311184939092 0.5809800664451826 0.7128322259136212 0.5785575858250277 0.7045265780730896 0.5775193798449613 0.6993355481727573 0.5775193798449613 0.6937984496124031 0.5785575858250277 0.6889534883720929 0.5799418604651162 0.6830703211517164 0.5830564784053156 0.6782253599114064 0.5861710963455149 0.6733803986710963 0.5899778516057587 0.6685354374307863 0.5955149501661129 0.6643826135105204 0.6010520487264673 0.6612679955703211 0.6062430786267996 0.6584994462901439 0.6114341085271318 0.656423034330011 0.6162790697674418 0.6546926910299004 0.6211240310077518 0.6543466223698782 0.6256229235880398 0.6543466223698782 0.6318521594684385 0.6543466223698782 0.6370431893687708 0.6550387596899224 0.6415420819490586 0.6567691029900332 0.647079180509413 0.656423034330011 0.6505398671096345 0.6584994462901439 0.6553848283499446 0.6661129568106312 0.6612679955703211 0.6754568106312292 0.6664590254706533 0.6844545957918051 0.6685354374307863 0.6982973421926909 0.6678433001107419 0.7121400885935769 0.6647286821705426 0.7225221483942413 0.6584994462901439 0.72875138427464 0.651924141749723 0.7322120708748616 0.6446566998892579 0.735672757475083 0.6342746400885936 0.7374031007751937 0.6242386489479512 0.7370570321151716 0.6155869324473976 0.7360188261351052 0.6062430786267996 0.7346345514950166 0.5986295681063123 0.7318660022148394 0.5930924695459578
1 0.7626661129568106 0.6623062015503876 0.7578211517165006 0.6612679955703211 0.7522840531561461 0.6605758582502769 0.7467469545957918 0.6595376522702103 0.7422480620155039 0.6591915836101881 0.7367109634551494 0.6602297895902546 0.7335963455149501 0.6619601328903655 0.7277131782945736 0.6661129568106312 0.7221760797342192 0.6706118493909191 0.7183693244739756 0.6740725359911406 0.7156007751937985 0.6785714285714286 0.7124861572535991 0.6841085271317829 0.707641196013289 0.691375968992248 0.7062569213732004 0.7003737541528239 0.7069490586932446 0.707641196013289 0.7114479512735327 0.7159468438538206 0.7180232558139534 0.7211378737541527 0.7277131782945736 0.7245985603543743 0.7363648947951272 0.7252906976744186 0.7464008859357697 0.7235603543743079 0.7574750830564784 0.7159468438538206 0.7640503875968992 0.7093715393133998 0.7692414174972314 0.7017580287929125 0.7727021040974529 0.6934523809523809 0.7740863787375415 0.6861849390919158 0.7740863787375415 0.6778792912513842 0.7727021040974529 0.6716500553709855 0.7699335548172758 0.6668050941306755 0.7664728682170542 0.6640365448504983
1 0.5581395348837208 0.6418881506090808 0.5526024363233666 0.6439645625692136 0.5470653377630121 0.647079180509413 0.5432585825027686 0.6512320044296788 0.5401439645625692 0.656423034330011 0.5373754152823921 0.6636904761904762 0.5356450719822813 0.672688261351052 0.5366832779623477 0.6809939091915835 0.5394518272425249 0.6875692137320044 0.542220376522702 0.6924141749723145 0.54671926910299 0.6951827242524916 0.5505260243632336 0.6972591362126245 0.5574473975636766 0.6982973421926909 0.5657530454042081 0.6986434108527131 0.572328349944629 0.6976052048726467 0.5789036544850498 0.6941445182724252 0.5858250276854928 0.6896456256921373 0.5927464008859358 0.6844545957918051 0.6000138427464009 0.6789174972314507 0.6031284606866002 0.6740725359911406 0.6031284606866002 0.6671511627906976 0.6013981173864894 0.6602297895902546 0.5982834994462901 0.6536544850498339 0.5944767441860465 0.6477713178294573 0.5906699889258029 0.6436184939091915 0.5865171650055371 0.6408499446290143 0.5813261351052048 0.6398117386489479 0.574404761904762 0.6398117386489479 0.5671373200442968 0.6405038759689922
1 0.4802740863787376 0.7353266888150608 0.47231450719822815 0.7346345514950166 0.46366279069767447 0.7349806201550387 0.45881782945736443 0.7367109634551494 0.4539728682170543 0.7408637873754153 0.4494739756367664 0.747093023255814 0.44601328903654486 0.7526301218161683 0.44359080841638987 0.7574750830564784 0.4411683277962348 0.7623200442967885 0.4380537098560355 0.7723560354374308 0.43736157253599117 0.7761627906976744 0.4356312292358805 0.7816998892580287 0.43528516057585825 0.7896594684385382 0.4359772978959026 0.7941583610188261 0.4394379844961241 0.7993493909191582 0.44601328903654486 0.8052325581395349 0.4543189368770764 0.8093853820598007 0.46435492801771877 0.8107696566998892 0.47369878183831676 0.8090393133997785 0.48338870431893693 0.8038482834994463 0.4913482834994463 0.7958887043189369 0.49411683277962354 0.7889673311184938 0.4965393133997785 0.7789313399778516 0.4979235880398672 0.768549280177187 0.4979235880398672 0.7630121816168328 0.4979235880398672 0.7560908084163898 0.4965393133997785 0.747093023255814 0.4927325581395349 0.7419019933554817 0.4875415282392027 0.7377491694352158
1 0.6124723145071982 0.8062707641196013 0.612126245847176 0.7955426356589147 0.6107419712070874 0.7858527131782945 0.607281284606866 0.7772009966777408 0.6024363233665558 0.7675110741971206 0.5975913621262458 0.7633582502768549 0.5892857142857142 0.7605897009966777 0.581672203765227 0.7612818383167219 0.574404761904762 0.7643964562569213 0.5692137320044297 0.7695874861572535 0.5643687707641195 0.7785852713178295 0.5612541528239202 0.786890919158361 0.5595238095238095 0.7958887043189369 0.5577934662236987 0.8086932447397562 0.5577934662236987 0.8159606866002214 0.558485603543743 0.8235741971207087 0.5598698781838317 0.8301495016611294 0.5626384274640088 0.8391472868217054 0.5654069767441859 0.8460686600221483 0.5667912513842747 0.8488372093023255 0.5695598006644518 0.8550664451827241 0.5740586932447397 0.8633720930232557 0.5802879291251384 0.8723698781838317 0.5851328903654485 0.8782530454042081 0.5899778516057587 0.8796373200442967 0.5941306755260243 0.8792912513842747 0.5993217054263565 0.8782530454042081 0.6024363233665558 0.873062015503876 0.6034745293466223 0.8647563676633444 0.6048588039867109 0.8529900332225913 0.6065891472868217 0.8408776301218162 0.6086655592469545 0.829111295681063 0.6114341085271318 0.8169988925802879
1 0.6591915836101881 0.7273671096345514 0.6567691029900332 0.7367109634551494 0.6567691029900332 0.7508997785160575 0.6581533776301217 0.7637043189368771 0.6626522702104097 0.7730481727574751 0.6681893687707642 0.779969545957918 0.6775332225913622 0.7865448504983389 0.6879152823920265 0.7906976744186046 0.6965669988925802 0.7920819490586931 0.705564784053156 0.7913898117386489 0.7111018826135105 0.7879291251384274 0.7138704318936876 0.7820459579180509 0.714562569213732 0.7744324473975637 0.7142165005537098 0.7640503875968992 0.7121400885935769 0.7578211517165006 0.7093715393133998 0.7502076411960132 0.7059108527131782 0.7422480620155039 0.7021040974529347 0.7342884828349944 0.6982973421926909 0.7277131782945736 0.6920681063122923 0.7214839424141749 0.6858388704318936 0.7173311184939092 0.6789174972314507 0.7152547065337763 0.670265780730897 0.7166389811738649 0.6640365448504983 0.7204457364341085
1 0.7664728682170542 0.7519379844961239 0.7598975636766334 0.7543604651162791 0.7536683277962347 0.7630121816168328 0.7488233665559246 0.7737403100775193 0.7474390919158361 0.7827380952380951 0.7467469545957918 0.7931201550387595 0.747093023255814 0.8017718715393134 0.7484772978959026 0.8111157253599114 0.7522840531561461 0.8197674418604651 0.7581672203765226 0.8259966777408638 0.7654346622369878 0.8301495016611294 0.7716638981173864 0.831533776301218 0.7785852713178295 0.8311877076411959 0.7861987818383167 0.829111295681063 0.791735880398671 0.8259966777408638 0.796234772978959 0.8208056478405316 0.8000415282392026 0.8121539313399778 0.8028100775193798 0.8038482834994463 0.8048864894795127 0.793812292358804 0.8062707641196013 0.7834302325581395 0.8059246954595791 0.7754706533776301 0.8038482834994463 0.7664728682170542 0.7993493909191582 0.758859357696567 0.7927740863787375 0.7536683277962347 0.7851605758582502 0.7508997785160575 0.7751245847176079 0.7505537098560354
1 0.8239202657807309 0.6477713178294573 0.8166528239202658 0.6505398671096345 0.8111157253599114 0.6536544850498339 0.8059246954595791 0.6578073089700996 0.8024640088593576 0.6612679955703211 0.8000415282392026 0.665766888150609 0.7972729789590254 0.6716500553709855 0.7955426356589147 0.6775332225913622 0.7941583610188261 0.6837624584717609 0.7931201550387595 0.6889534883720929 0.7924280177187153 0.6941445182724252 0.7924280177187153 0.7000276854928018 0.7931201550387595 0.705564784053156 0.7948504983388704 0.7117940199335547 0.7990033222591362 0.7173311184939092 0.8062707641196013 0.7232142857142857 0.8176910299003323 0.72875138427464 0.8284191583610188 0.7325581395348837 0.838455149501661 0.7342884828349944 0.8471068660022147 0.7335963455149501 0.8526439645625692 0.7294435215946843 0.8581810631229235 0.719407530454042 0.8612956810631228 0.7097176079734219 0.8626799557032114 0.7021040974529347 0.8640642303433002 0.6937984496124031 0.8640642303433002 0.6834163898117386 0.8630260243632336 0.6740725359911406 0.8612956810631228 0.6664590254706533 0.8581810631229235 0.6605758582502769 0.8543743078626799 0.6560769656699889 0.8502214839424141 0.6526162790697675 0.8457225913621261 0.6495016611295681 0.8401854928017719 0.6467331118493909 0.8343023255813953 0.6456949058693244 0.829111295681063 0.6460409745293466
1 0.4709302325581396 0.8263427464008859 0.4640088593576966 0.8329180509413068 0.4584717607973422 0.8388012181616832 0.4543189368770764 0.8450304540420819 0.45224252491694356 0.8512596899224806 0.4515503875968993 0.8561046511627907 0.45189645625692143 0.8619878183831672 0.4539728682170543 0.8723698781838317 0.4584717607973422 0.8841362126245846 0.46435492801771877 0.8900193798449612 0.4688538205980067 0.8952104097452934 0.474390919158361 0.8979789590254706 0.4806201550387597 0.9004014396456256 0.4892718715393134 0.9017857142857142 0.4961932447397564 0.9031699889258029 0.502422480620155 0.9031699889258029 0.5114202657807309 0.9017857142857142 0.5159191583610189 0.8997093023255813 0.5190337763012182 0.8979789590254706 0.523186600221484 0.8931339977851604 0.5259551495016611 0.8875968992248062 0.5280315614617941 0.8803294573643411 0.5287236987818383 0.870985603543743 0.5283776301218163 0.8640642303433002 0.5273394241417498 0.8581810631229235 0.5245708748615726 0.8526439645625692 0.520764119601329 0.8460686600221483 0.5152270210409745 0.8391472868217054 0.5107281284606866 0.8339562569213732 0.5062292358803987 0.8284191583610188 0.5017303433001108 0.8242663344407529 0.49480897009966784 0.8211517165005536 0.48615725359911405 0.8201135105204872 0.47888981173864903 0.821843853820598
1 0.36710963455149503 0.8377630121816168 0.37403100775193804 0.8412236987818383 0.38406699889258034 0.8436461794019933 0.39444905869324476 0.8443383167220376 0.4024086378737542 0.842954042081949 0.40656146179402 0.8381090808416389 0.4072535991140643 0.8308416389811738 0.40656146179402 0.8214977851605758 0.40483111849390924 0.8125 0.40206256921373207 0.8038482834994463 0.39929401993355484 0.7976190476190476 0.3954872646733112 0.791735880398671 0.390296234772979 0.7865448504983389 0.38441306755260246 0.7827380952380951 0.3788759689922481 0.7806616832779623 0.3712624584717608 0.7803156146179402 0.3629568106312293 0.7810077519379844 0.3581118493909192 0.7851605758582502 0.3532668881506091 0.793812292358804 0.3508444075304541 0.8024640088593576 0.3508444075304541 0.8111157253599114 0.35257475083056483 0.8190753045404208 0.355343300110742 0.8259966777408638 0.3605343300110742 0.8325719822812846
1 0.49480897009966784 0.9609634551495017 0.5017303433001108 0.9606173864894795 0.5103820598006644 0.959579180509413 0.5190337763012182 0.9568106312292358 0.5249169435215947 0.9533499446290143 0.5294158361018827 0.9491971207087485 0.5311461794019934 0.9446982281284606 0.5311461794019934 0.9384689922480619 0.5297619047619048 0.9318936877076411 0.5273394241417498 0.9260105204872645 0.5224944629014396 0.9218576965669989 0.5179955703211517 0.9194352159468439 0.5121124031007752 0.9183970099667774 0.5041528239202658 0.9183970099667774 0.4965393133997785 0.9187430786267996 0.48892580287929127 0.9208194905869325 0.4823504983388705 0.9228959025470652 0.4750830564784054 0.9260105204872645 0.46816168327796237 0.9305094130675525 0.46158637873754155 0.9374307862679955 0.460202104097453 0.945736434108527 0.46297065337763016 0.9519656699889257 0.46781561461794025 0.9554263565891472 0.4740448504983389 0.9578488372093024 0.48373477297895906 0.9602713178294573 0.48823366555924697 0.9606173864894795
1 0.9464285714285714 0.8059246954595791 0.9491971207087485 0.8145764119601329 0.9519656699889257 0.8204595791805094 0.9581949058693244 0.8242663344407529 0.9630398671096345 0.8256506090808416 0.9706533776301217 0.8263427464008859 0.9775747508305647 0.8259966777408638 0.9827657807308969 0.8239202657807309 0.9869186046511627 0.8208056478405316 0.9883028792912513 0.8149224806201549 0.9883028792912513 0.8104235880398671 0.9883028792912513 0.8048864894795127 0.9883028792912513 0.7996954595791804 0.9879568106312291 0.7934662236987818 0.9865725359911406 0.7875830564784053 0.9848421926910298 0.7816998892580287 0.9831118493909191 0.7761627906976744 0.9803433001107419 0.7713178294573644 0.9768826135105204 0.7678571428571428 0.9716915836101881 0.7647425249169435 0.9668466223698782 0.7626661129568106 0.9613095238095237 0.7623200442967885 0.954734219269103 0.7633582502768549 0.9505813953488372 0.7654346622369878 0.9464285714285714 0.7709717607973422 0.9436600221483942 0.7813538205980066 0.9433139534883721 0.7903516057585824 0.9446982281284606 0.7993493909191582
1 0.9353543743078626 0.6747646733111848 0.9291251384274639 0.670265780730897 0.9242801771871538 0.6685354374307863 0.9166666666666666 0.6681893687707642 0.9083610188261351 0.6699197120708749 0.9021317829457364 0.6733803986710963 0.8990171650055371 0.6799557032115171 0.8969407530454042 0.6854928017718716 0.8955564784053156 0.6910299003322258 0.8948643410852714 0.6965669988925802 0.8952104097452934 0.7031423034330011 0.8962486157253599 0.7097176079734219 0.8976328903654485 0.7156007751937985 0.8993632336655591 0.7218300110741971 0.901439645625692 0.7266749723145072 0.9031699889258029 0.7311738648947952 0.9055924695459578 0.7360188261351052 0.9090531561461793 0.7408637873754153 0.9107834994462901 0.7422480620155039 0.9159745293466223 0.7457087486157252 0.9232419712070874 0.749515503875969 0.9291251384274639 0.7522840531561461 0.9325858250276854 0.7526301218161683 0.9353543743078626 0.7502076411960132 0.9398532668881505 0.7439784053156145 0.9450442967884828 0.7349806201550387 0.9478128460686599 0.7280592469545958 0.950235326688815 0.7214839424141749 0.9512735326688815 0.7142165005537098 0.9512735326688815 0.7059108527131782 0.9498892580287929 0.6979512735326688 0.9467746400885935 0.6906838316722037 0.9429678848283499 0.6848006644518273 0.9391611295681063 0.679609634551495
1 0.9530038759689922 0.6325442967884828 0.9578488372093024 0.6366971207087485 0.9637320044296788 0.6394656699889257 0.9682308970099668 0.642580287929125 0.9730758582502769 0.6456949058693244 0.978266888150609 0.6488095238095237 0.9841500553709855 0.651924141749723 0.9883028792912513 0.654000553709856 0.9924557032115171 0.6546926910299004 0.9986849390919158 0.6543466223698782 0.9989583333333333 0.6064922480620154 0.9979928017718716 0.6052048726467331 0.99453211517165 0.6010520487264673 0.9893410852713178 0.5962070874861571 0.9848421926910298 0.5927464008859358 0.9796511627906975 0.5896317829457364 0.9754983388704318 0.5872093023255813 0.9703073089700995 0.5844407530454042 0.9633859357696566 0.5823643410852714 0.9575027685492802 0.581672203765227 0.9512735326688815 0.5820182724252491 0.9440060908084164 0.5834025470653378 0.9381229235880398 0.5868632336655593 0.9339700996677741 0.5903239202657807 0.9318936877076411 0.5958610188261351 0.9318936877076411 0.6031284606866002 0.9336240310077518 0.6083194905869325 0.9357004429678848 0.6131644518272424 0.9388150609080841 0.6214700996677741 0.9443521594684385 0.6266611295681063
1 0.9028239202657807 0.3581118493909192 0.8993632336655591 0.36399501661129574 0.896594684385382 0.3719545957918051 0.8948643410852714 0.3830287929125139 0.8955564784053156 0.39237264673311184 0.8972868217054263 0.39929401993355484 0.8990171650055371 0.40483111849390924 0.901439645625692 0.41071428571428575 0.9042081949058693 0.41486710963455153 0.9069767441860465 0.4190199335548173 0.9107834994462901 0.4242109634551496 0.9132059800664452 0.4269795127353267 0.9163205980066444 0.43009413067552604 0.9218576965669989 0.4339008859357697 0.9284330011074197 0.4356312292358805 0.9325858250276854 0.43493909191583613 0.9367386489479512 0.4335548172757476 0.9412375415282391 0.43217054263565896 0.9481589147286821 0.4290559246954596 0.9523117386489479 0.4269795127353267 0.9585409745293466 0.42213455149501666 0.9630398671096345 0.41659745293466227 0.9658084163898117 0.4110603543743079 0.9671926910299004 0.4044850498338871 0.9671926910299004 0.3982558139534884 0.9668466223698782 0.3934108527131783 0.9651162790697675 0.38475913621262464 0.9633859357696566 0.3788759689922481 0.9602713178294573 0.37333887043189373 0.9561184939091915 0.36849390919158365 0.9509274640088593 0.36434108527131787 0.9464285714285714 0.3608803986710964 0.940891472868217 0.3577657807308971 0.9357004429678848 0.355343300110742 0.9298172757475083 0.3532668881506091 0.9218576965669989 0.3518826135105205 0.9118217054263565 0.35222868217054265 0.9069767441860465 0.35395902547065344
1 0.8644102990033222 0.48788759689922484 0.8581810631229235 0.4858111849390919 0.8519518272425248 0.48408084163898124 0.8481450719822813 0.48338870431893693 0.8433001107419712 0.48338870431893693 0.8370708748615725 0.48338870431893693 0.8287652270210409 0.48373477297895906 0.8204595791805094 0.4854651162790698 0.8166528239202658 0.4875415282392027 0.8118078626799556 0.4896179401993356 0.8062707641196013 0.4934246954595792 0.8010797342192691 0.4982696566998893 0.7958887043189369 0.5055370985603544 0.7934662236987818 0.5117663344407531 0.7927740863787375 0.5193798449612403 0.7934662236987818 0.5249169435215947 0.7958887043189369 0.5318383167220377 0.7983111849390918 0.5380675526024363 0.8003875968992247 0.5418743078626799 0.8038482834994463 0.5460271317829457 0.8104235880398671 0.5505260243632336 0.8176910299003323 0.553640642303433 0.8263427464008859 0.5553709856035437 0.833610188261351 0.5553709856035437 0.8419158361018826 0.5553709856035437 0.8481450719822813 0.5550249169435215 0.8554125138427463 0.553640642303433 0.8612956810631228 0.5526024363233666 0.8699473975636766 0.5484496124031008 0.8779069767441859 0.542220376522702 0.8820598006644518 0.5363372093023256 0.8844822812846068 0.5304540420819491 0.8851744186046511 0.5242248062015504 0.8851744186046511 0.5166112956810631 0.8844822812846068 0.5083056478405317 0.8820598006644518 0.5013842746400886 0.8789451827242524 0.4965393133997785 0.8744462901439646 0.49238648947951275 0.8702934662236987 0.4903100775193799
1 0.9350083056478405 0.2771317829457365 0.9318936877076411 0.26813399778516067 0.9280869324473975 0.2622508305647841 0.9228959025470652 0.25325304540420823 0.9170127353266887 0.24598560354374313 0.9107834994462901 0.23975636766334446 0.9028239202657807 0.2366417497231451 0.8938261351052048 0.23594961240310083 0.8858665559246953 0.23802602436323372 0.882751937984496 0.2407945736434109 0.8810215946843853 0.24460132890365452 0.8792912513842747 0.25013842746400894 0.8785991140642302 0.2567137320044297 0.8789451827242524 0.2636351052048727 0.8803294573643411 0.2688261351052049 0.882405869324474 0.273671096345515 0.8858665559246953 0.27851605758582504 0.892095791805094 0.2850913621262459 0.901439645625692 0.29166666666666674 0.9073228128460686 0.2937430786267996 0.9138981173864894 0.2947812846068661 0.9215116279069767 0.2944352159468439 0.9273947951273532 0.2930509413067553 0.9322397563676632 0.29062846068660025 0.9350083056478405 0.2864756367663345
1 0.9367386489479512 0.18750000000000006 0.9325858250276854 0.1906146179401994 0.9305094130675525 0.19476744186046518 0.9291251384274639 0.20134274640088598 0.9291251384274639 0.20653377630121822 0.927048726467331 0.2127630121816169 0.9277408637873754 0.21830011074197128 0.9284330011074197 0.2221068660022149 0.9301633444075303 0.22660575858250281 0.9329318936877076 0.2314507198228129 0.9353543743078626 0.236295681063123 0.9377768549280177 0.2401024363233666 0.9412375415282391 0.2435631229235881 0.945736434108527 0.24633167220376528 0.9519656699889257 0.24910022148394248 0.9581949058693244 0.2508305647840532 0.9633859357696566 0.2522148394241418 0.9696151716500553 0.2522148394241418 0.9751522702104097 0.2515227021040975 0.9799972314507197 0.24910022148394248 0.9824197120708749 0.2466777408637874 0.9844961240310077 0.24287098560354378 0.9869186046511627 0.23837209302325588 0.9900332225913621 0.23318106312292367 0.9921096345514949 0.22833610188261358 0.9934939091915835 0.22314507198228134 0.9934939091915835 0.2162236987818384 0.9931478405315614 0.21103266888150615 0.9914174972314507 0.20653377630121822 0.9858803986710962 0.20099667774086385 0.9793050941306755 0.19615171650055377 0.9741140642303433 0.19303709856035445 0.968923034330011 0.19026854928017725 0.9626937984496123 0.18750000000000006 0.9571566998892579 0.18542358803986717 0.9512735326688815 0.1847314507198229 0.945736434108527 0.1847314507198229 0.9405454042081948 0.18542358803986717
1 0.8318798449612402 0.1670819490586933 0.8360326688815061 0.17192691029900337 0.8401854928017719 0.17538759689922487 0.8467607973421926 0.17850221483942422 0.8529900332225913 0.18023255813953493 0.8619878183831672 0.18023255813953493 0.8716777408637874 0.1791943521594685 0.8799833887043189 0.17677187153931348 0.8875968992248062 0.17331118493909198 0.8934800664451826 0.17019656699889263 0.9007475083056478 0.166389811738649 0.90593853820598 0.16258305647840537 0.9100913621262458 0.1563538205980067 0.9107834994462901 0.15220099667774092 0.9093992248062015 0.14424141749723152 0.9066306755260243 0.13662790697674423 0.9024778516057584 0.1321290143964563 0.8976328903654485 0.12901439645625698 0.8910575858250276 0.12624584717607978 0.8830980066445182 0.12382336655592474 0.8737541528239202 0.12382336655592474 0.8675249169435215 0.1241694352159469 0.8612956810631228 0.12555370985603548 0.8554125138427463 0.1269379844961241 0.8433001107419712 0.1328211517165006 0.8339562569213732 0.138358250276855 0.8301495016611294 0.14354928017718724 0.8284191583610188 0.14874031007751942 0.8277270210409745 0.15566168327796243 0.8287652270210409 0.16154485049833894
1 0.9630398671096345 0.050456810631229296 0.9706533776301217 0.04803433001107425 0.9761904761904762 0.04457364341085277 0.9813815060908084 0.040420819490586984 0.985188261351052 0.03488372093023261 0.9879568106312291 0.0276162790697675 0.9883028792912513 0.02173311184939098 0.9872646733111848 0.014811738648948015 0.9858803986710962 0.00927464008859364 0.9838039867109634 0.004429678848283562 0.9827657807308969 0.00062292358803993 0.9187430786267996 0.00062292358803993 0.9166666666666666 0.00269933554817282 0.9156284606866002 0.008582502768549344 0.9156284606866002 0.016888150609080905 0.9166666666666666 0.022771317829457426 0.9177048726467331 0.026924141749723206 0.9201273532668881 0.032461240310077584 0.9228959025470652 0.036614064230343364 0.9256644518272424 0.040420819490586984 0.9298172757475083 0.044919712070874925 0.9339700996677741 0.048380398671096406 0.9405454042081948 0.05114894795127359 0.9460825027685492 0.05253322259136218 0.9554263565891472 0.05184108527131789
1 0.8564507198228128 0.01792635658914735 0.8533361018826134 0.014811738648948015 0.8460686600221483 0.012043189368770827 0.8419158361018826 0.01135105204872653 0.8363787375415281 0.012389258028792975 0.8284191583610188 0.017234219269103054 0.8228820598006644 0.02242524916943528 0.8180370985603543 0.028654485049833946 0.8131921373200443 0.03799833887043195 0.8073089700996677 0.05426356589147293 0.8059246954595791 0.06429955703211523 0.8083471760797342 0.07087486157253604 0.8145764119601329 0.07433554817275752 0.8242663344407529 0.07502768549280182 0.8343023255813953 0.07398947951273538 0.8398394241417496 0.07225913621262464 0.8457225913621261 0.06879844961240315 0.8502214839424141 0.06533776301218168 0.8526439645625692 0.06256921373200448 0.8561046511627907 0.05737818383167226 0.8626799557032114 0.042151162790697735 0.8630260243632336 0.029000553709856096 0.8599114064230343 0.02242524916943528
1 0.7290974529346622 0.04630398671096351 0.7342884828349944 0.048380398671096406 0.740171650055371 0.04941860465116285 0.7477851605758582 0.04941860465116285 0.7515919158361019 0.04941860465116285 0.7553986710963455 0.048380398671096406 0.7585132890365448 0.047342192691029954 0.7623200442967885 0.045265780730897064 0.7668189368770764 0.04249723145071988 0.7699335548172758 0.03799833887043195 0.7727021040974529 0.03419158361018832 0.7751245847176079 0.03003875968992254 0.7768549280177186 0.02588593576965676 0.7789313399778516 0.02242524916943528 0.7816998892580287 0.012389258028792975 0.7813538205980066 0.0009689922480620784 0.696220930232558 0.0002768549280177816 0.6976052048726467 0.007544296788482897 0.6986434108527131 0.012043189368770827 0.7017580287929125 0.0182724252491695 0.7048726467331118 0.02415559246954602 0.7086794019933554 0.029346622369878245 0.7117940199335547 0.033153377630121876 0.7162929125138427 0.0369601328903655 0.7211378737541527 0.04076688815060914 0.7252906976744186 0.043535437430786326
1 0.6294296788482835 0.12589977851605763 0.6294296788482835 0.11724806201550392 0.628391472868217 0.10963455149501665 0.6263150609080841 0.10340531561461799 0.6228543743078627 0.09544573643410859 0.6183554817275747 0.08748615725359916 0.6135105204872647 0.08160299003322265 0.6065891472868217 0.07710409745293471 0.597937430786268 0.07364341085271324 0.5889396456256921 0.07329734219269109 0.5809800664451826 0.07468161683277968 0.5771733111849391 0.07606589147286827 0.5754429678848284 0.07710409745293471 0.572328349944629 0.07883444075304546 0.5681755260243633 0.08194905869324479 0.5643687707641195 0.08610188261351057 0.5622923588039866 0.09267718715393139 0.5626384274640088 0.09890642303433007 0.5650609080841639 0.10617386489479518 0.5671373200442968 0.11171096345514955 0.569905869324474 0.11932447397563681 0.574750830564784 0.12763012181616837 0.5820182724252491 0.1362818383167221 0.5920542635658914 0.14112679955703217 0.6010520487264673 0.1428571428571429 0.6145487264673312 0.14147286821705435 0.6238925802879292 0.13870431893687712 0.628391472868217 0.13351328903654494
1 0.48615725359911405 0.1348975636766335 0.4865033222591363 0.14147286821705435 0.4903100775193799 0.14527962347729798 0.4996539313399779 0.14666389811738656 0.5062292358803987 0.1463178294573644 0.5124584717607974 0.14424141749723152 0.5169573643410853 0.14112679955703217 0.5204180509413068 0.1369739756367664 0.5221483942414176 0.131436877076412 0.523186600221484 0.12797619047619052 0.5242248062015504 0.1241694352159469 0.5266472868217055 0.11724806201550392 0.5280315614617941 0.11101882613510526 0.5297619047619048 0.10513565891472873 0.530107973421927 0.09786821705426361 0.530107973421927 0.09233111849390925 0.5283776301218163 0.08575581395348843 0.5269933554817275 0.08091085271317834 0.5245708748615726 0.07295127353266893 0.5218023255813954 0.06637596899224812 0.5173034330011075 0.06360741971207093 0.5083056478405317 0.06291528239202664 0.5031146179401994 0.06360741971207093 0.49930786267995575 0.06568383167220382 0.4961932447397564 0.068452380952381 0.4934246954595792 0.07329734219269109 0.4910022148394242 0.08021871539313405 0.48857973421926915 0.08679401993355487 0.48719545957918053 0.09440753045404214 0.4847729789590255 0.1006367663344408 0.4847729789590255 0.10721207087486162 0.4847729789590255 0.11309523809523815 0.4858111849390919 0.11967054263565897 0.4865033222591363 0.1269379844961241
1 0.3851052048726468 0.08575581395348843 0.3889119601328904 0.09025470653377636 0.39514119601328906 0.09475359911406428 0.4017165005537099 0.09786821705426361 0.4086378737541529 0.09994462901439652 0.41521317829457366 0.1006367663344408 0.4228266888150609 0.09959856035437435 0.4294019933554818 0.09683001107419717 0.4366694352159469 0.09233111849390925 0.4428986710963455 0.08783222591362132 0.44601328903654486 0.08471760797342198 0.4498200442967885 0.08021871539313405 0.45362679955703217 0.07433554817275752 0.45743355481727577 0.06706810631229242 0.4612403100775194 0.0584163898117387 0.46297065337763016 0.053225359911406485 0.465047065337763 0.047342192691029954 0.46643133997785163 0.040420819490586984 0.46643133997785163 0.033845514950166175 0.4647009966777409 0.027270210409745355 0.46158637873754155 0.02173311184939098 0.45708748615725364 0.0175802879291252 0.4505121816168328 0.01308139534883727 0.4428986710963455 0.009620708748615788 0.43701550387596905 0.008236434108527195 0.43078626799557035 0.008236434108527195 0.42490310077519383 0.00927464008859364 0.4179817275747509 0.012389258028792975 0.4117524916943522 0.016542081949058755 0.40621539313399785 0.021040974529346685 0.40102436323366564 0.025539867109634615 0.39583333333333337 0.03003875968992254 0.3920265780730897 0.03453765227021047 0.3885658914728683 0.039382613510520546 0.38441306755260246 0.04768826135105211 0.3819905869324475 0.05426356589147293 0.3802602436323367 0.06014673311184945 0.37991417497231456 0.06602990033222597 0.37991417497231456 0.07364341085271324 0.3806063122923588 0.07883444075304546 0.3830287929125139 0.08367940199335554
1 0.5591777408637874 0.02000276854928024 0.5664451827242524 0.01931063122923594 0.5754429678848284 0.016888150609080905 0.5823643410852714 0.012735326688815125 0.5868632336655593 0.00892857142857149 0.5910160575858251 0.00269933554817282 0.5924003322259136 0.0009689922480620784 0.5332225913621262 0.0002768549280177816 0.5335686600221483 0.0020071982281285234 0.5359911406423035 0.007198228128460748 0.5391057585825028 0.011697120708748678 0.5453349944629015 0.016888150609080905 0.5526024363233666 0.01931063122923594
1 0.35049833887043197 0.006506090808416452 0.3511904761904762 0.0002768549280177816 0.30204872646733116 0.0009689922480620784 0.30135658914728686 0.007198228128460748 0.30135658914728686 0.0175802879291252 0.30204872646733116 0.02623200442967891 0.3041251384274641 0.03280730897009973 0.30689368770764125 0.03869047619047625 0.3138150609080842 0.04249723145071988 0.32246677740863794 0.04180509413067558 0.3286960132890366 0.03869047619047625 0.33457918050941315 0.03453765227021047 0.33977021040974537 0.0283084163898118 0.3449612403100775 0.018618493909191645
1 0.26536544850498345 0.013773532668881568 0.2684800664451828 0.007544296788482897 0.27124861572536 0.00062292358803993 0.26680163344407876 0.0 0.19545957918050946 0.0013150609080842266 0.19234496124031014 0.007890365448505045 0.19026854928017725 0.017234219269103054 0.1899224806201551 0.0276162790697675 0.19234496124031014 0.033845514950166175 0.19580564784053162 0.0383444075304541 0.2006506090808417 0.04145902547065343 0.20445736434108533 0.043189368770764174 0.20964839424141754 0.04457364341085277 0.21380121816168335 0.04561184939091922 0.21760797342192698 0.04561184939091922 0.22245293466223703 0.04457364341085277 0.22833610188261358 0.04249723145071988 0.23456533776301222 0.040420819490586984 0.2401024363233666 0.0376522702104098 0.2518687707641197 0.03073089700996684 0.26121262458471767 0.020694905869324536
1 0.10755813953488377 0.0020071982281285234 0.09717607973421932 0.005121816168327858 0.08921650055370992 0.008582502768549344 0.08194905869324479 0.011697120708748678 0.07606589147286827 0.016888150609080905 0.07156699889258035 0.022771317829457426 0.07018272425249175 0.03038482834994469 0.07156699889258035 0.036614064230343364 0.07433554817275752 0.039382613510520546 0.0791805094130676 0.04145902547065343 0.08402547065337768 0.043535437430786326 0.09163898117386494 0.04561184939091922 0.10098283499446296 0.04768826135105211 0.10755813953488377 0.04803433001107425 0.11447951273532674 0.04768826135105211 0.12243909191583616 0.04630398671096351 0.12866832779623483 0.04457364341085277 0.1362818383167221 0.04111295681063129 0.14320321151716506 0.0369601328903655 0.14804817275747514 0.03280730897009973 0.15150885935769665 0.027962347729789654 0.15254706533776308 0.021040974529346685 0.15150885935769665 0.014811738648948015 0.14804817275747514 0.008582502768549344 0.14458748615725367 0.005467884828350007 0.14112679955703217 0.00269933554817282 0.13732004429678854 0.0009689922480620784
1 0.20203488372093031 0.122093023255814 0.20307308970099675 0.11378737541528244 0.20238095238095244 0.10755813953488377 0.19995847176079742 0.10098283499446296 0.19684385382059807 0.09648394241417503 0.19338316722037657 0.09267718715393139 0.18957641196013295 0.09025470653377636 0.18646179401993362 0.08921650055370992 0.18334717607973428 0.08852436323366561 0.17884828349944637 0.08783222591362132 0.17158084163898124 0.08783222591362132 0.15946843853820605 0.08887043189368776 0.15220099667774092 0.09163898117386494 0.14527962347729798 0.09683001107419717 0.13870431893687712 0.10444352159468444 0.13455149501661137 0.11447951273532674 0.13247508305647845 0.12589977851605763 0.13247508305647845 0.13558970099667783 0.13385935769656707 0.1449335548172758 0.1362818383167221 0.1528931339977852 0.14078073089701001 0.15808416389811744 0.14251107419712078 0.1611987818383168 0.14804817275747514 0.16362126245847183 0.1549695459579181 0.16465946843853826 0.16292912513842753 0.1643133997785161 0.1691583610188262 0.16292912513842753 0.17746400885935776 0.1611987818383168 0.18300110741971215 0.15877630121816175 0.18957641196013295 0.15427740863787381 0.1926910299003323 0.15012458471760803 0.19476744186046518 0.14424141749723152 0.1971899224806202 0.13732004429678854 0.19961240310077524 0.12970653377630129
1 0.31208471760797346 0.11101882613510526 0.3044712070874862 0.1141334440753046 0.2958194905869325 0.11897840531561467 0.28716777408637884 0.1241694352159469 0.2840531561461795 0.12624584717607978 0.2788621262458472 0.13178294573643418 0.2757475083056479 0.1376661129568107 0.2729789590254707 0.14562569213732013 0.2722868217054264 0.1528931339977852 0.27401716500553713 0.15946843853820605 0.2778239202657808 0.1643133997785161 0.28301495016611306 0.1691583610188262 0.29097452934662243 0.17158084163898124 0.3003183831672204 0.17019656699889263 0.3089700996677741 0.1670819490586933 0.3165836101882614 0.16258305647840537 0.3245431893687708 0.15739202657807316 0.33250276854928024 0.14977851605758588 0.33700166112956814 0.14320321151716506 0.3408084163898118 0.13524363233665565 0.34323089700996684 0.12382336655592474 0.34150055370985605 0.1155177187153932 0.3376937984496125 0.10998062015503882 0.3311184939091916 0.10859634551495022 0.32281284606866006 0.10859634551495022
1 0.20134274640088598 0.22037652270210414 0.19442137320044303 0.2221068660022149 0.1878460686600222 0.22487541528239208 0.18161683277962354 0.22833610188261358 0.17400332225913626 0.23318106312292367 0.16812015503875974 0.23767995570321157 0.16258305647840537 0.24252491694352163 0.1591223698781839 0.25117663344407537 0.1584302325581396 0.26052048726467336 0.16292912513842753 0.26951827242524923 0.17088870431893696 0.27540143964562575 0.18161683277962354 0.2778239202657808 0.1926910299003323 0.2764396456256922 0.20584163898117394 0.27159468438538215 0.21553156146179406 0.26536544850498345 0.22245293466223703 0.2584440753045405 0.22591362126245854 0.2522148394241418 0.2286821705426357 0.24633167220376528 0.23041251384274647 0.23975636766334446 0.23110465116279075 0.23283499446290148 0.22972037652270216 0.22799003322259143 0.2262596899224807 0.22245293466223703 0.22245293466223703 0.22003045404208202 0.21656976744186052 0.21899224806201556 0.20895625692137326 0.21899224806201556
1 0.16881229235880407 0.33734772978959027 0.1743493909191584 0.3307724252491695 0.1778100775193799 0.3245431893687708 0.18023255813953493 0.31796788482835 0.18161683277962354 0.3113925802879292 0.18127076411960139 0.30274086378737547 0.1798864894795128 0.2951273532668882 0.1778100775193799 0.2892441860465117 0.1743493909191584 0.2826688815060908 0.17019656699889263 0.2774778516057586 0.16465946843853826 0.27401716500553713 0.15773809523809532 0.2709025470653378 0.14943244739756376 0.2688261351052049 0.13939645625692146 0.2688261351052049 0.13109080841638987 0.26986434108527135 0.1269379844961241 0.2709025470653378 0.1234772978959026 0.2733250276854928 0.12001661129568111 0.2764396456256922 0.11690199335548178 0.28059246954595796 0.11482558139534889 0.2850913621262459 0.11378737541528244 0.28993632336655595 0.11240310077519385 0.2944352159468439 0.11101882613510526 0.29893410852713187 0.11032668881506096 0.3044712070874862 0.11032668881506096 0.3079318936877077 0.10928848283499451 0.3158914728682171 0.11101882613510526 0.3217746400885936 0.11240310077519385 0.3252353266888151 0.11482558139534889 0.33215669988925806 0.11863233665559253 0.3356173864894796 0.1234772978959026 0.33977021040974537 0.12866832779623483 0.34253875968992253 0.13593576965669996 0.3453073089700997 0.14354928017718724 0.34703765227021044 0.1508167220376523 0.3473837209302326 0.157045957918051 0.345999446290144 0.16292912513842753 0.34288482834994466
1 0.03073089700996684 0.1878460686600222 0.03592192691029906 0.18161683277962354 0.03869047619047625 0.17538759689922487 0.03903654485049839 0.1684662236987819 0.0376522702104098 0.16016057585825033 0.03488372093023261 0.15185492801771877 0.03142303433001113 0.14251107419712078 0.029000553709856096 0.13178294573643418 0.02657807308970106 0.12589977851605763 0.023809523809523874 0.12174695459579185 0.019656699889258094 0.11932447397563681 0.014465669988925865 0.11759413067552608 0.00927464008859364 0.11759413067552608 0.00269933554817282 0.11932447397563681 0.0002768549280177816 0.12001661129568111 0.0009689922480620784 0.19822812846068666 0.008236434108527195 0.1985741971207088 0.01584994462901446 0.19684385382059807 0.025193798449612465 0.1926910299003323
1 0.10340531561461799 0.35049833887043197 0.09579180509413072 0.33215669988925806 0.09163898117386494 0.32592746400885936 0.08748615725359916 0.3210825027685493 0.08264119601328909 0.31796788482835 0.07571982281284613 0.31762181616832785 0.0691445182724253 0.31866002214839434 0.06568383167220382 0.3210825027685493 0.06256921373200448 0.32315891472868224 0.0598006644518273 0.3280038759689923 0.05807032115171655 0.33215669988925806 0.05633997785160581 0.3394241417497232 0.05633997785160581 0.345999446290144 0.05737818383167226 0.35257475083056483 0.0598006644518273 0.3605343300110742 0.06222314507198234 0.36780177187153934 0.06499169435215953 0.3754152823920266 0.06776024363233672 0.3826827242524917 0.07225913621262464 0.390296234772979 0.07745016611295687 0.39583333333333337 0.08437153931339984 0.3989479512735327 0.08956256921373205 0.3989479512735327 0.0933693244739757 0.3961794019933555 0.09683001107419717 0.3913344407530454 0.09994462901439652 0.3868355481727575 0.1013289036544851 0.3826827242524917 0.10305924695459585 0.37991417497231456 0.10825027685492807 0.37333887043189373 0.10825027685492807 0.3674557032115172 0.10721207087486162 0.3629568106312293
1 0.12832225913621267 0.4231727574750831 0.13420542635658922 0.4294019933554818 0.1404346622369879 0.4339008859357697 0.14597176079734225 0.43493909191583613 0.1528931339977852 0.434593023255814 0.15739202657807316 0.4342469545957918 0.16189091915836107 0.43286267995570327 0.16500553709856042 0.4314784053156147 0.1691583610188262 0.4294019933554818 0.17331118493909198 0.42559523809523814 0.1771179401993356 0.42075027685492805 0.1791943521594685 0.41625138427464015 0.1798864894795128 0.408983942414175 0.17850221483942422 0.4031007751937985 0.17607973421926915 0.3979097452934663 0.17192691029900337 0.39444905869324476 0.16569767441860472 0.39237264673311184 0.1584302325581396 0.3909883720930233 0.15323920265780738 0.390296234772979 0.14597176079734225 0.390296234772979 0.1376661129568107 0.390296234772979 0.13178294573643418 0.3913344407530454 0.12728405315614622 0.39444905869324476 0.12486157253599119 0.3989479512735327 0.12451550387596905 0.4051771871539314 0.12451550387596905 0.4117524916943522 0.12624584717607978 0.41936600221483944
1 0.1871539313399779 0.48719545957918053 0.18611572535991144 0.49377076411960136 0.18438538205980073 0.5114202657807309 0.18542358803986717 0.5238787375415282 0.18819213732004433 0.5280315614617941 0.19338316722037657 0.5321843853820598 0.1978820598006645 0.5342607973421927 0.2027270210409746 0.5342607973421927 0.20791805094130683 0.5332225913621262 0.2120708748615726 0.5314922480620156 0.21691583610188267 0.5273394241417498 0.2207225913621263 0.5228405315614618 0.22452934662236992 0.5179955703211517 0.2286821705426357 0.5131506090808416 0.23179678848283505 0.5083056478405317 0.2335271317829458 0.502422480620155 0.23283499446290148 0.49480897009966784 0.2314507198228129 0.48615725359911405 0.22902823920265786 0.47785160575858254 0.22556755260243638 0.4709302325581396 0.22141472868217058 0.4674695459579181 0.21691583610188267 0.4653931339977852 0.21034053156146185 0.4653931339977852 0.20549557032115176 0.46643133997785163 0.2006506090808417 0.46816168327796237 0.19615171650055377 0.4709302325581396 0.1926910299003323 0.474390919158361 0.18957641196013295 0.47992801771871546
1 0.1300526024363234 0.8346483942414175 0.1293604651162791 0.8419158361018826 0.12970653377630129 0.8484911406423035 0.12970653377630129 0.8536821705426356 0.131436877076412 0.8609496124031008 0.13420542635658922 0.868563122923588 0.138358250276855 0.8761766334440753 0.14389534883720936 0.8841362126245846 0.14943244739756376 0.8893272425249169 0.15877630121816175 0.8914036544850498 0.16950442967884835 0.8903654485049833 0.1764258028792913 0.8875968992248062 0.17954042081949065 0.8834440753045404 0.18542358803986717 0.8657945736434108 0.18542358803986717 0.8581810631229235 0.18438538205980073 0.8505675526024363 0.18334717607973428 0.842954042081949 0.18230897009966782 0.8356866002214839 0.1805786267995571 0.8287652270210409 0.17850221483942422 0.8235741971207087 0.17573366555924702 0.8173449612403101 0.17054263565891478 0.8107696566998892 0.16327519379844968 0.8076550387596898 0.15427740863787381 0.8066168327796234 0.14700996677740868 0.8083471760797342 0.13870431893687712 0.8135382059800664 0.13385935769656707 0.819421373200443 0.13039867109634556 0.8284191583610188
1 0.17192691029900337 0.9519656699889257 0.17192691029900337 0.9571566998892579 0.17227297895902552 0.9620016611295681 0.17331118493909198 0.9658084163898117 0.17504152823920271 0.9703073089700995 0.1771179401993356 0.9748062015503876 0.17954042081949065 0.9793050941306755 0.1819629014396457 0.9844961240310077 0.18334717607973428 0.9893410852713178 0.185077519379845 0.99453211517165 0.18819213732004433 0.9979928017718716 0.2109749907715015 0.9989583333333333 0.21553156146179406 0.9986849390919158 0.2207225913621263 0.9928017718715393 0.22383720930232565 0.9855343300110742 0.22556755260243638 0.9796511627906975 0.22660575858250281 0.971345514950166 0.22764396456256927 0.9626937984496123 0.22695182724252497 0.954734219269103 0.22452934662236992 0.9474667774086378 0.2207225913621263 0.9398532668881505 0.21691583610188267 0.9343161683277962 0.21103266888150615 0.9294712070874861 0.19892026578073096 0.9263565891472868 0.1899224806201551 0.9273947951273532 0.18300110741971215 0.931547619047619 0.17884828349944637 0.9367386489479512 0.17504152823920271 0.9433139534883721
1 0.4176317891373802 0.36238684771033014 0.41430378061767836 0.36704605963791265 0.4119741746538871 0.37103966986155484 0.4103101703940362 0.37736288604898827 0.40964456869009586 0.3833533013844515 0.40964456869009586 0.38834531416400425 0.40964456869009586 0.393337326943557 0.409977369542066 0.3983293397231097 0.4106429712460064 0.40199014909478165 0.41397097976570824 0.4069821618743344 0.4176317891373802 0.4116413738019169 0.42328940362087325 0.41630058572949946 0.42761581469648563 0.41863019169329074 0.4326078274760384 0.4206269968051118 0.43859824281150156 0.42095979765708197 0.448582268370607 0.4199613951011714 0.4575678913738019 0.41863019169329074 0.46056309904153353 0.4153021831735889 0.46389110756123536 0.4103101703940362 0.4682175186368477 0.40365415335463256 0.47187832800851964 0.39500133120340786 0.47354233226837056 0.3876797124600639 0.47354233226837056 0.3816892971246006 0.47320953141640043 0.37470047923322686 0.47187832800851964 0.36837726304579343 0.47054712460063897 0.3620540468583599 0.4682175186368477 0.3567292332268371 0.46588791267305646 0.353068423855165 0.4608958998935037 0.34974041533546324 0.4519102768903088 0.3480764110756123 0.4439230564430245 0.34874201277955275 0.43593583599574015 0.3504060170394036 0.4296126198083067 0.35340122470713525 0.4222910010649627 0.35806043663471776
0 0.4366014376996805 0.3936701277955271 0.44059504792332266 0.38135649627263046 0.4422590521831736 0.37603168264110753 0.4432574547390841 0.37303647497337594 0.44458865814696485 0.371372470713525 0.4465854632587859 0.3697084664536741 0.448582268370607 0.3697084664536741 0.44924787007454736 0.3703740681576145 0.4502462726304579 0.3727036741214057 0.44991347177848773 0.38069089456869004 0.4479166666666667 0.38967651757188493 0.4432574547390841 0.39899494142705005 0.44159345047923326 0.4013245473908413 0.4395966453674121 0.40199014909478165 0.43593583599574015 0.3993277422790202
0 0.32611155484558035 0.4455870607028754 0.33509717784877524 0.44092784877529284 0.34874201277955275 0.43160942492012777 0.353068423855165 0.4289470181043663 0.35473242811501593 0.42761581469648563 0.3537340255591054 0.424620607028754 0.3524028221512247 0.4239550053248136 0.34741080937167196 0.424620607028754 0.34308439829605963 0.4259518104366347 0.3394235889243876 0.42761581469648563 0.3247803514376997 0.43826544195953143 0.3207867412140575 0.4422590521831736 0.3194555378061768 0.444921458998935 0.3187899361022364 0.4472510649627263 0.31978833865814693 0.44891506922257723
0 0.5983426517571886 0.43626863684771033 0.5973442492012779 0.41563498402555904 0.5973442492012779 0.4086461661341853 0.5976770500532481 0.4053181576144835 0.6003394568690096 0.402655750798722 0.6033346645367411 0.4009917465388711 0.6069954739084131 0.3996605431309904 0.6099906815761448 0.40032614483493073 0.6123202875399361 0.40365415335463256 0.6123202875399361 0.4069821618743344 0.6123202875399361 0.4106429712460064 0.6113218849840256 0.4192957933972311 0.6099906815761448 0.44159345047923326 0.608659478168264 0.44991347177848773 0.608659478168264 0.4542398828541001 0.608659478168264 0.45690228966986157 0.6076610756123536 0.4579006922257721 0.6040002662406816 0.4562366879659212 0.6026690628328009 0.4529086794462194 0.60100505857295 0.4502462726304579 0.5996738551650692 0.4465854632587859 0.5986754526091587 0.4419262513312034
0 0.3271099574014909 0.0059571352502661955 0.3257787539936102 0.010949148029818912 0.32378194888178913 0.01693956336528217 0.3221179446219382 0.019601970181043617 0.3194555378061768 0.0199347710330138 0.3174587326943557 0.01926916932907344 0.31712593184238547 0.016273961661341808 0.3177915335463259 0.012613152289669817 0.31912273695420657 0.007953940362087282 0.32012113951011717 0.004958732694355652 0.3211195420660277 0.001630724174653842 0.32777555910543127 0.0006323216187432985
0 0.23558972310969112 0.008619542066027644 0.22793530351437694 0.014942758253461084 0.22061368477103296 0.0199347710330138 0.2182840788072417 0.022264376996805068 0.2162872736954206 0.025259584664536698 0.21429046858359954 0.027256389776357786 0.21162806176783808 0.02625798722044724 0.20929845580404682 0.024593982960596335 0.20929845580404682 0.022264376996805068 0.21196086261980826 0.018936368477103258 0.21528887113951006 0.014942758253461084 0.21894968051118205 0.011281948881789093 0.2289337060702875 0.0036275292864749275 0.2319289137380191 0.0012979233226836607 0.2425785410010649 0.0009651224707134796
0 0.5883586261980831 0.5567425452609158 0.5913538338658147 0.5480897231096911 0.5973442492012779 0.536774494142705 0.5996738551650692 0.5337792864749733 0.6016706602768902 0.531116879659212 0.6026690628328009 0.5287872736954207 0.603001863684771 0.5271232694355698 0.6020034611288605 0.5264576677316294 0.6000066560170395 0.5261248668796592 0.5986754526091587 0.5261248668796592 0.5953474440894568 0.5291200745473909 0.5926850372736954 0.5327808839190629 0.5880258253461129 0.5384384984025559 0.5836994142705005 0.5450945154419595 0.5820354100106496 0.5490881256656017 0.5810370074547391 0.5530817358892438 0.5813698083067093 0.5577409478168264 0.5830338125665602 0.5597377529286475 0.5850306176783813 0.5600705537806177
0 0.3946685303514377 0.5264576677316294 0.39733093716719914 0.5254592651757188 0.3999933439829606 0.5247936634717785 0.402655750798722 0.5241280617678381 0.4069821618743344 0.5237952609158679 0.4106429712460064 0.5231296592119276 0.4133053780617678 0.5211328541001065 0.4153021831735889 0.5191360489882854 0.4159677848775293 0.516473642172524 0.41563498402555904 0.5144768370607029 0.413638178913738 0.5141440362087326 0.4086461661341853 0.5154752396166135 0.40365415335463256 0.5171392438764644 0.3986621405750798 0.5188032481363153 0.3936701277955271 0.5201344515441959 0.39000931842385517 0.5217984558040468 0.3890109158679446 0.5244608626198083 0.3910077209797657 0.5261248668796592
0 0.32910676251331206 0.5960130457933972 0.3287739616613418 0.5926850372736954 0.3271099574014909 0.590022630457934 0.32544595314164 0.586361821086262 0.3224507454739084 0.5833666134185304 0.31978833865814693 0.5800386048988285 0.3177915335463259 0.5750465921192759 0.31845713525026625 0.5720513844515442 0.3211195420660277 0.5717185835995741 0.3247803514376997 0.5753793929712461 0.32810835995740145 0.5783746006389776 0.3307707667731629 0.5817026091586794 0.332767571884984 0.5850306176783813 0.33509717784877524 0.5896898296059638 0.33676118210862616 0.5933506389776358 0.33576277955271566 0.5970114483493077 0.3331003727369542 0.5983426517571886
0 0.4662207135250266 0.7800519169329073 0.4702143237486688 0.7674054845580405 0.47087992545260915 0.7620806709265175 0.4715455271565495 0.7584198615548455 0.47487353567625135 0.7574214589989351 0.4785343450479233 0.7577542598509053 0.47986554845580404 0.7594182641107562 0.4805311501597444 0.7630790734824281 0.4782015441959532 0.768403887113951 0.4768703407880724 0.7717318956336529 0.47587193823216184 0.7770567092651758 0.47487353567625135 0.7823815228966987 0.4745407348242811 0.7870407348242812 0.47254392971246006 0.7897031416400426 0.4698815228966986 0.7913671458998935 0.46455670926517567 0.7907015441959531 0.46389110756123536 0.786707933972311
0 0.6901956869009584 0.7664070820021299 0.6805444621938233 0.7510982428115016 0.6755524494142705 0.7421126198083067 0.6752196485623003 0.7387846112886048 0.6755524494142705 0.7357894036208733 0.6775492545260916 0.7351238019169329 0.6825412673056444 0.7401158146964856 0.6888644834930777 0.7524294462193823 0.694854898828541 0.762746272630458 0.6971845047923323 0.7677382854100107 0.6965189030883919 0.7704006922257721 0.6931908945686901 0.7700678913738019
0 0.8273096379126731 0.6978501064962725 0.832634451544196 0.6848708732694355 0.8342984558040469 0.6808772630457934 0.8369608626198083 0.6782148562300319 0.8389576677316294 0.6775492545260916 0.8409544728434505 0.678547657082002 0.8422856762513312 0.6812100638977636 0.8422856762513312 0.6848708732694355 0.8379592651757188 0.6981829073482427 0.8323016506922258 0.7104965388711395 0.8296392438764643 0.7128261448349308 0.8273096379126731 0.7121605431309904 0.8263112353567625 0.709498136315229
0 0.9754060170394037 0.6223043130990416 0.9690828008519702 0.6153154952076677 0.959431576144835 0.6089922790202343 0.9547723642172524 0.606662673056443 0.9541067625133121 0.6040002662406816 0.9567691693290734 0.6023362619808307 0.9604299787007454 0.603001863684771 0.9664203940362087 0.6069954739084131 0.9770700212992546 0.6159810969116081 0.9850572417465389 0.6246339190628327 0.98705404685836 0.6292931309904154 0.9873868477103301 0.6329539403620873 0.981729233226837 0.6312899361022364 0.9797324281150159 0.6289603301384452
0 0.8090055910543131 0.3331003727369542 0.7970247603833867 0.32344914802981894 0.7890375399361022 0.318124334398296 0.786707933972311 0.31479632587859424 0.7883719382321619 0.31246671991480296 0.790368743343983 0.3118011182108626 0.796026357827476 0.3157947284345048 0.8073415867944622 0.3241147497337593 0.8139976038338658 0.3294395633652822 0.8139976038338658 0.3311035676251331 0.8133320021299255 0.33409877529286475 0.8116679978700746 0.33576277955271566
0 0.13762626262626262 0.3181818181818182 0.13952020202020202 0.3093434343434343 0.14109848484848483 0.3011363636363636 0.14204545454545453 0.2973484848484848 0.14393939393939392 0.2935606060606061 0.1461489898989899 0.29261363636363635 0.14835858585858583 0.2932449494949495 0.15088383838383837 0.29545454545454547 0.1524621212121212 0.29861111111111105 0.15372474747474746 0.30239898989898983 0.15372474747474746 0.30808080808080807 0.15340909090909088 0.31344696969696967 0.15183080808080807 0.317550505050505 0.15025252525252522 0.3213383838383838 0.14772727272727273 0.3276515151515151 0.14488636363636365 0.3295454545454545 0.1414141414141414 0.3295454545454545 0.13920454545454544 0.32544191919191917 0.13825757575757575 0.3213383838383838
0 0.4854797979797979 0.5804924242424242 0.48989898989898983 0.5760732323232323 0.49273989898989895 0.5751262626262627 0.4958964646464646 0.5722853535353535 0.497790404040404 0.5697601010101009 0.5003156565656565 0.5666035353535352 0.5034722222222222 0.5634469696969696 0.5059974747474747 0.560921717171717 0.5082070707070706 0.5580808080808081 0.5088383838383838 0.5561868686868686 0.5082070707070706 0.5542929292929293 0.5056818181818181 0.553030303030303 0.5012626262626262 0.5533459595959596 0.4971590909090909 0.5558712121212122 0.49463383838383834 0.5587121212121212 0.4917929292929292 0.5621843434343433 0.48895202020202017 0.5650252525252525 0.4854797979797979 0.5681818181818181 0.4826388888888889 0.5710227272727272 0.48011363636363635 0.574810606060606 0.48011363636363635 0.5785984848484848 0.48200757575757575 0.5817550505050504
0 0.0006374949000407997 0.1410138718890249 0.004589963280293758 0.13298143614851082 0.009944920440636475 0.13655140758873927 0.012749898000815994 0.1616687066503468 0.010964912280701756 0.17365361077111385 0.0068849449204406365 0.17199612403100775 0.0016574867401060792 0.167406160750714
0 0.24807059716599195 0.4130714406207827 0.2519715755735493 0.3978892543859649 0.2569268724696357 0.38597545546558704 0.2596681005398111 0.3819690452091768 0.2621984649122807 0.3848157051282051 0.25502909919028344 0.40252825573549256 0.2519715755735493 0.4112790991902834
0 0.4773550724637681 0.8500258799171843 0.48033126293995854 0.8444616977225672 0.4930124223602484 0.8462732919254657 0.4989648033126294 0.8605072463768114 0.5019409937888198 0.8689182194616977 0.5012939958592132 0.8761645962732918 0.4928830227743271 0.873447204968944 0.4864130434782608 0.8681418219461696
0 0.6844991721854304 0.647075055187638 0.682257174392936 0.6398316777041942 0.6819122516556291 0.63155353200883 0.6857064017660045 0.620516004415011 0.6946743929359823 0.6067190949227373 0.7026076158940397 0.6036147902869757 0.7057119205298013 0.6037872516556291 0.707608995584989 0.6125827814569537 0.7050220750551877 0.6225855408388521 0.6982960816777042 0.6379346026490066 0.6881208609271524 0.6456953642384106
0 0.8246527777777778 0.5182063230994152 0.8272797880116958 0.5164930555555555 0.8360745614035087 0.5142086988304093 0.8508086622807017 0.5115816885964911 0.8612024853801169 0.5126096491228069 0.8646290204678362 0.5131807383040935 0.8594892178362572 0.5171783625730993 0.8404148391812865 0.5194627192982455 0.8291072733918128 0.5208333333333333
0 0.761875 0.4298958333333333 0.76125 0.4214583333333334 0.7614583333333333 0.4126041666666667 0.7626041666666666 0.4053125 0.7664583333333332 0.40229166666666666 0.7697916666666667 0.4084375 0.7663541666666667 0.4155208333333333 0.7655208333333333 0.424375 0.76625 0.4280208333333333
0 0.3645833333333333 0.2397310874704492 0.3712322695035461 0.24194739952718677 0.3760342789598109 0.24305555555555555 0.38083628841607564 0.24342494089834515 0.3819444444444445 0.24083924349881797 0.3760342789598109 0.2341903073286052 0.37307919621749414 0.22717198581560283 0.37049349881796695 0.22458628841607567 0.3671690307328605 0.22089243498817968 0.35978132387706857 0.21682919621749408 0.3568262411347518 0.21424349881796692 0.35239361702127664 0.21387411347517732 0.34685283687943264 0.21313534278959814 0.34131205673758863 0.21165780141843973 0.34020390070921985 0.21498226950354613 0.34131205673758863 0.2190455082742317 0.34574468085106386 0.22273936170212766 0.34796099290780147 0.22532505910165487 0.35091607565011823 0.22828014184397163 0.353871158392435 0.23086583924349882 0.35719562647754144 0.23382092198581564 0.3616282505910166 0.2367760047281324
