1 0.3778377630121817 0.47923588039867115 0.36814784053156147 0.47646733111849393 0.36364894795127356 0.4740448504983389 0.3601882613510521 0.47023809523809523 0.3567275747508306 0.465047065337763 0.3549972314507199 0.4608942414174973 0.35395902547065344 0.4567414174972315 0.3532668881506091 0.4505121816168328 0.3532668881506091 0.44635935769656704 0.3536129568106313 0.4418604651162791 0.35465116279069775 0.43736157253599117 0.3560354374307863 0.43217054263565896 0.3577657807308971 0.4269795127353267 0.3594961240310078 0.4235188261351052 0.3615725359911407 0.41971207087486156 0.36399501661129574 0.4155592469545958 0.3664174972314508 0.41244462901439655 0.36918604651162795 0.41002214839424145 0.3736849390919159 0.4072535991140643 0.3771456256921374 0.4051771871539314 0.3819905869324475 0.4027547065337763 0.38614341085271325 0.40067829457364346 0.38960409745293473 0.39929401993355484 0.39479512735326694 0.3979097452934663 0.3982558139534884 0.3975636766334441 0.4031007751937985 0.397217607973422 0.40656146179402 0.397217607973422 0.4110603543743079 0.397217607973422 0.4172895902547066 0.39929401993355484 0.42213455149501666 0.4017165005537099 0.42559523809523814 0.40483111849390924 0.42836378737541536 0.4086378737541529 0.4314784053156147 0.4138289036544851 0.43286267995570327 0.41971207087486156 0.4332087486157254 0.42559523809523814 0.4335548172757476 0.43009413067552604 0.4339008859357697 0.43493909191583613 0.4339008859357697 0.4397840531561462 0.43251661129568114 0.4453211517165006 0.4294019933554818 0.45258859357696574 0.4269795127353267 0.45777962347729795 0.4245570321151717 0.4612403100775194 0.42075027685492805 0.4657392026578073 0.41625138427464015 0.4698920265780731 0.41279069767441867 0.47300664451827246 0.40829180509413077 0.4761212624584718 0.40483111849390924 0.47785160575858254 0.39964008859357697 0.47923588039867115 0.3954872646733112 0.4795819490586933 0.39237264673311184 0.4795819490586933 0.38787375415282394 0.47992801771871546 0.3830287929125139 0.47992801771871546
1 0.5218023255813954 0.4546650055370986 0.5266472868217055 0.46158637873754155 0.532530454042082 0.46816168327796237 0.5373754152823921 0.471968438538206 0.5436046511627908 0.47473698781838325 0.5508720930232557 0.47473698781838325 0.5609080841638981 0.47266057585825033 0.5654069767441859 0.4698920265780731 0.5685215946843853 0.4647009966777409 0.5709440753045404 0.45639534883720934 0.5719822812846068 0.44635935769656704 0.5719822812846068 0.4394379844961241 0.5702519379844961 0.43251661129568114 0.5671373200442968 0.42559523809523814 0.562984496124031 0.41936600221483944 0.558485603543743 0.41486710963455153 0.5543327796234773 0.4110603543743079 0.5498338870431893 0.4075996677740864 0.544296788482835 0.40552325581395354 0.5384136212624585 0.4031007751937985 0.5335686600221483 0.40206256921373207 0.5266472868217055 0.4027547065337763 0.5193798449612403 0.4051771871539314 0.513842746400886 0.408983942414175 0.5103820598006644 0.41417497231450723 0.509343853820598 0.4204042081949059 0.5100359911406424 0.42767165005537106 0.5121124031007752 0.43528516057585825 0.5145348837209303 0.4411683277962348
1 0.25498338870431897 0.5633305647840531 0.2622508305647841 0.5633305647840531 0.26813399778516067 0.5622923588039866 0.2729789590254707 0.5602159468438538 0.27851605758582504 0.5574473975636766 0.28301495016611306 0.5553709856035437 0.28751384274640096 0.5529485049833887 0.29270487264673317 0.5487956810631228 0.2972037652270211 0.5446428571428571 0.2999723145071983 0.5408361018826134 0.30274086378737547 0.5363372093023256 0.3051633444075305 0.530107973421927 0.30723975636766343 0.5228405315614618 0.3089700996677741 0.5166112956810631 0.308624031007752 0.5096899224806202 0.3065476190476191 0.5038067552602437 0.30308693244739765 0.49861572535991144 0.2982419712070875 0.49411683277962354 0.2930509413067553 0.4916943521594685 0.28612956810631235 0.4899640088593577 0.27505537098560356 0.4896179401993356 0.2636351052048727 0.49065614617940206 0.25498338870431897 0.4927325581395349 0.24563953488372098 0.4961932447397564 0.23594961240310083 0.5010382059800665 0.22972037652270216 0.5058831672203765 0.22522148394241423 0.5117663344407531 0.22141472868217058 0.5183416389811739 0.2186461794019934 0.5245708748615726 0.21726190476190482 0.5311461794019934 0.21656976744186052 0.5377214839424141 0.21691583610188267 0.5439507198228128 0.21830011074197128 0.5494878183831672 0.22556755260243638 0.5567552602436323 0.22833610188261358 0.5588316722037653 0.23041251384274647 0.5591777408637874 0.2321428571428572 0.5595238095238095 0.23767995570321157 0.5602159468438538 0.2435631229235881 0.5609080841638981 0.24944629014396463 0.5622923588039866
1 0.47266057585825033 0.581672203765227 0.47715946843853824 0.5827104097452935 0.4809662236987819 0.5834025470653378 0.4858111849390919 0.5834025470653378 0.4920404208194906 0.5820182724252491 0.4989617940199336 0.5795957918050941 0.5083056478405317 0.5750968992248062 0.5159191583610189 0.5692137320044297 0.520764119601329 0.5633305647840531 0.5252630121816169 0.5553709856035437 0.5276854928017719 0.5470653377630121 0.5276854928017719 0.5391057585825028 0.5259551495016611 0.5321843853820598 0.5235326688815062 0.5259551495016611 0.5197259136212625 0.5218023255813954 0.5166112956810631 0.5197259136212625 0.5121124031007752 0.5176495016611296 0.506921373200443 0.5155730897009967 0.5027685492801772 0.5145348837209303 0.49723145071982283 0.5145348837209303 0.49065614617940206 0.5155730897009967 0.48615725359911405 0.5166112956810631 0.4820044296788483 0.5179955703211517 0.4768133997785161 0.5193798449612403 0.4709302325581396 0.5214562569213732 0.4667774086378738 0.5235326688815062 0.4619324473975637 0.5266472868217055 0.45777962347729795 0.5308001107419712 0.45362679955703217 0.5363372093023256 0.45016611295681064 0.5415282392026578 0.44843576965669996 0.5456810631229235 0.44670542635658916 0.5498338870431893 0.4449750830564784 0.5557170542635659 0.44566722037652273 0.5633305647840531 0.4470514950166113 0.5678294573643411 0.44843576965669996 0.5702519379844961 0.4515503875968993 0.572328349944629 0.4595099667774087 0.5768272425249169 0.462624584717608 0.5785575858250277 0.4667774086378738 0.5799418604651162
1 0.6034745293466223 0.5989756367663345 0.6076273532668881 0.6010520487264673 0.6107419712070874 0.602782392026578 0.6148947951273532 0.602782392026578 0.6211240310077518 0.6020902547065338 0.625968992248062 0.6010520487264673 0.6311600221483943 0.5986295681063123 0.6342746400885936 0.5948228128460686 0.6360049833887043 0.5892857142857142 0.6363510520487264 0.5834025470653378 0.6360049833887043 0.5771733111849391 0.6332364341085271 0.5719822812846068 0.6290836101882614 0.5667912513842747 0.6249307862679956 0.5626384274640088 0.6197397563676633 0.5588316722037653 0.6148947951273532 0.5564091915836101 0.6100498338870431 0.5539867109634551 0.6052048726467331 0.5526024363233666 0.600359911406423 0.5515642303433002 0.5941306755260243 0.5515642303433002 0.5865171650055371 0.5515642303433002 0.5823643410852714 0.5526024363233666 0.5789036544850498 0.556063122923588 0.5782115171650055 0.5616002214839424 0.5789036544850498 0.5678294573643411 0.5802879291251384 0.5726744186046511 0.5823643410852714 0.5761351052048727 0.5844407530454042 0.5795957918050941 0.5868632336655593 0.5830564784053156 0.5906699889258029 0.5889396456256921 0.5948228128460686 0.5927464008859358 0.6000138427464009 0.5965531561461793
1 0.5640227021040974 0.7027962347729789 0.5695598006644518 0.7014119601328903 0.574750830564784 0.6993355481727573 0.5813261351052048 0.6965669988925802 0.5896317829457364 0.6924141749723145 0.5955149501661129 0.6882613510520487 0.5996677740863787 0.6844545957918051 0.602782392026578 0.6792635658914729 0.6041666666666666 0.6730343300110742 0.6038205980066444 0.6681893687707642 0.602782392026578 0.6626522702104097 0.600359911406423 0.6571151716500553 0.5955149501661129 0.6526162790697675 0.5892857142857142 0.6491555924695459 0.5827104097452935 0.6460409745293466 0.5764811738648948 0.6436184939091915 0.5705980066445182 0.6418881506090808 0.5650609080841639 0.6418881506090808 0.558485603543743 0.6418881506090808 0.5532945736434108 0.642580287929125 0.5477574750830564 0.6436184939091915 0.5415282392026578 0.6446566998892579 0.5370293466223699 0.6456949058693244 0.5318383167220377 0.6474252491694352 0.5273394241417498 0.6495016611295681 0.523186600221484 0.6529623477297896 0.5183416389811739 0.6584994462901439 0.5141888150609081 0.6650747508305648 0.5114202657807309 0.6719961240310077 0.5107281284606866 0.6778792912513842 0.5121124031007752 0.6830703211517164 0.5145348837209303 0.6875692137320044 0.5179955703211517 0.6903377630121815 0.5228405315614618 0.6937984496124031 0.5266472868217055 0.6969130675526024 0.5346068660022147 0.7007198228128461 0.5436046511627908 0.7034883720930232 0.5487956810631228 0.7041805094130675 0.5529485049833887 0.7041805094130675 0.5581395348837208 0.7038344407530454
1 0.3882198228128461 0.6889534883720929 0.38614341085271325 0.6979512735326688 0.38545127353266895 0.7059108527131782 0.38545127353266895 0.7138704318936876 0.3864894795127354 0.7183693244739756 0.3892580287929126 0.7239064230343301 0.39479512735326694 0.7273671096345514 0.4034468438538206 0.7280592469545958 0.4138289036544851 0.7256367663344407 0.4228266888150609 0.7228682170542636 0.43078626799557035 0.7183693244739756 0.43632336655592474 0.7142165005537098 0.4411683277962348 0.7072951273532669 0.4442829457364342 0.6993355481727573 0.44635935769656704 0.6917220376522702 0.44670542635658916 0.6848006644518273 0.44635935769656704 0.67718715393134 0.4453211517165006 0.6692275747508306 0.4425526024363234 0.6650747508305648 0.4380537098560355 0.6626522702104097 0.43286267995570327 0.6616140642303433 0.42836378737541536 0.6616140642303433 0.4228266888150609 0.6616140642303433 0.4176356589147287 0.6623062015503876 0.41486710963455153 0.6629983388704319 0.40621539313399785 0.6640365448504983 0.40137043189368776 0.6668050941306755 0.3975636766334441 0.6692275747508306 0.39410299003322263 0.6733803986710963 0.3909883720930233 0.6803017718715393
1 0.36468715393134 0.6837624584717609 0.3736849390919159 0.6789174972314507 0.38095238095238104 0.6730343300110742 0.3871816168327797 0.663344407530454 0.3889119601328904 0.654000553709856 0.3875276854928018 0.6453488372093024 0.3826827242524917 0.6366971207087485 0.37506921373200447 0.6315060908084164 0.3667635658914729 0.6280454042081949 0.35915005537098565 0.6266611295681063 0.3515365448504984 0.6263150609080841 0.34288482834994466 0.6263150609080841 0.3331949058693245 0.6266611295681063 0.32592746400885936 0.628391472868217 0.31900609080841646 0.6315060908084164 0.31173864894795134 0.6356589147286821 0.3051633444075305 0.6415420819490586 0.2999723145071983 0.6481173864894795 0.2958194905869325 0.6546926910299004 0.2944352159468439 0.6616140642303433 0.2947812846068661 0.6685354374307863 0.2975498338870432 0.6754568106312292 0.301702657807309 0.6816860465116279 0.3093161683277963 0.6854928017718716 0.31727574750830567 0.6892995570321151 0.32246677740863794 0.691375968992248 0.32765780730897015 0.691375968992248 0.33284883720930236 0.6910299003322258 0.3404623477297896 0.6903377630121815 0.3463455149501662 0.6899916943521593 0.355343300110742 0.6879152823920265
1 0.4667774086378738 0.7965808416389811 0.4733527131782946 0.7972729789590254 0.4854651162790698 0.7972729789590254 0.49515503875968997 0.796234772978959 0.5031146179401994 0.7934662236987818 0.5100359911406424 0.7889673311184938 0.5148809523809524 0.7837763012181616 0.5159191583610189 0.7785852713178295 0.5155730897009967 0.7720099667774086 0.5141888150609081 0.7647425249169435 0.5107281284606866 0.7578211517165006 0.5055370985603544 0.7526301218161683 0.4989617940199336 0.7488233665559246 0.49238648947951275 0.7467469545957918 0.4865033222591363 0.7457087486157252 0.4809662236987819 0.7457087486157252 0.47369878183831676 0.7460548172757474 0.4667774086378738 0.747093023255814 0.4605481727574751 0.749515503875969 0.4560492801771872 0.7519379844961239 0.4515503875968993 0.7567829457364341 0.44843576965669996 0.7623200442967885 0.44635935769656704 0.7675110741971206 0.4453211517165006 0.7723560354374308 0.44566722037652273 0.7796234772978959 0.4480897009966778 0.7858527131782945 0.45362679955703217 0.7913898117386489 0.45916389811738656 0.7941583610188261
1 0.6405038759689922 0.7782392026578073 0.6463870431893688 0.7733942414174972 0.6491555924695459 0.7675110741971206 0.6498477297895902 0.759205426356589 0.6481173864894795 0.7529761904761904 0.6439645625692136 0.7491694352159468 0.6363510520487264 0.7460548172757474 0.6287375415282391 0.7439784053156145 0.623546511627907 0.7429401993355481 0.6162790697674418 0.7415559246954595 0.5944767441860465 0.7422480620155039 0.5785575858250277 0.7453626799557032 0.5702519379844961 0.7484772978959026 0.5616002214839424 0.7529761904761904 0.5588316722037653 0.7557447397563677 0.5564091915836101 0.7609357696566998 0.556063122923588 0.7678571428571428 0.5577934662236987 0.7733942414174972 0.5616002214839424 0.7789313399778516 0.5660991140642303 0.7834302325581395 0.5712901439645626 0.7865448504983389 0.5823643410852714 0.7903516057585824 0.5885935769656699 0.7906976744186046 0.5962070874861571 0.7903516057585824 0.602782392026578 0.7900055370985603 0.6093576965669989 0.7889673311184938 0.6159330011074197 0.7875830564784053 0.6218161683277963 0.7858527131782945 0.6290836101882614 0.7834302325581395
1 0.45258859357696574 0.9000553709856035 0.4653931339977852 0.8955564784053156 0.4754291251384275 0.8893272425249169 0.481312292358804 0.8817137320044296 0.4823504983388705 0.8723698781838317 0.4802740863787376 0.8647563676633444 0.47646733111849393 0.8571428571428571 0.4709302325581396 0.8516057585825028 0.4640088593576966 0.8471068660022147 0.4581256921373201 0.8439922480620154 0.45085825027685494 0.8408776301218162 0.44359080841638987 0.8381090808416389 0.4366694352159469 0.8363787375415281 0.4280177187153932 0.8349944629014396 0.4190199335548173 0.8356866002214839 0.41071428571428575 0.8377630121816168 0.40379291251384275 0.8419158361018826 0.39998615725359915 0.8464147286821705 0.3961794019933555 0.852297895902547 0.3934108527131783 0.8626799557032114 0.3937569213732005 0.8702934662236987 0.39514119601328906 0.8772148394241417 0.3979097452934663 0.8834440753045404 0.4031007751937985 0.8900193798449612 0.41002214839424145 0.8945182724252491 0.4204042081949059 0.8990171650055371 0.4304401993355482 0.901439645625692 0.4390919158361019 0.901439645625692
1 0.3466915836101883 0.9138981173864894 0.34357696566998897 0.9093992248062015 0.33873200442967893 0.9038621262458472 0.33457918050941315 0.9004014396456256 0.3304263565891474 0.8976328903654485 0.3248892580287929 0.8948643410852714 0.31900609080841646 0.892095791805094 0.3131229235880399 0.8903654485049833 0.3065476190476191 0.8893272425249169 0.301702657807309 0.8893272425249169 0.2947812846068661 0.8907115171650055 0.28993632336655595 0.8934800664451826 0.28716777408637884 0.8972868217054263 0.2850913621262459 0.9042081949058693 0.28474529346622374 0.9107834994462901 0.2850913621262459 0.9180509413067551 0.28751384274640096 0.9242801771871538 0.29062846068660025 0.9301633444075303 0.2937430786267996 0.9346622369878184 0.2978959025470654 0.9398532668881505 0.30135658914728686 0.9433139534883721 0.3141611295681063 0.9519656699889257 0.3217746400885936 0.954734219269103 0.3290420819490587 0.9561184939091915 0.33630952380952384 0.954734219269103 0.34357696566998897 0.9509274640088593 0.34807585825027687 0.9460825027685492 0.35049833887043197 0.9401993355481727 0.3508444075304541 0.9329318936877076 0.3508444075304541 0.9260105204872645 0.34946013289036554 0.9201273532668881
1 0.7536683277962347 0.9575027685492802 0.7661267995570321 0.9336240310077518 0.768549280177187 0.927048726467331 0.77062569213732 0.9201273532668881 0.77062569213732 0.9118217054263565 0.7688953488372092 0.90593853820598 0.7664728682170542 0.9021317829457364 0.7619739756367664 0.8997093023255813 0.7567829457364341 0.8993632336655591 0.7491694352159468 0.8997093023255813 0.7415559246954595 0.9010935769656699 0.735672757475083 0.9031699889258029 0.7301356589147286 0.9066306755260243 0.7256367663344407 0.9107834994462901 0.7218300110741971 0.9156284606866002 0.719407530454042 0.9204734219269103 0.7173311184939092 0.9239341085271316 0.714908637873754 0.9291251384274639 0.7117940199335547 0.9419296788482835 0.7111018826135105 0.9478128460686599 0.7111018826135105 0.9543881506090808 0.7117940199335547 0.9616555924695459 0.7138704318936876 0.9671926910299004 0.7180232558139534 0.9706533776301217 0.7218300110741971 0.9727297895902546 0.7280592469545958 0.9730758582502769 0.7360188261351052 0.9720376522702103 0.7422480620155039 0.9703073089700995 0.7457087486157252 0.9675387596899224 0.7498615725359911 0.9630398671096345
1 0.8284191583610188 0.9540420819490586 0.8239202657807309 0.9533499446290143 0.8187292358803987 0.9526578073089701 0.8121539313399778 0.9523117386489479 0.8052325581395349 0.9536960132890365 0.8000415282392026 0.9564645625692136 0.796234772978959 0.9606173864894795 0.7934662236987818 0.9654623477297896 0.791735880398671 0.9706533776301217 0.7913898117386489 0.9751522702104097 0.7913898117386489 0.9803433001107419 0.7931201550387595 0.9855343300110742 0.7983111849390918 0.9921096345514949 0.8052325581395349 0.9979928017718716 0.8503610649686231 0.9989583333333333 0.8519518272425248 0.9941860465116278 0.8533361018826134 0.9886489479512736 0.8540282392026577 0.9824197120708749 0.8536821705426356 0.975844407530454 0.8519518272425248 0.9696151716500553 0.8484911406423035 0.964424141749723 0.8433001107419712 0.9599252491694352 0.838455149501661 0.9575027685492802 0.8332641196013288 0.9554263565891472
1 0.9010935769656699 0.9626937984496123 0.8952104097452934 0.9623477297895902 0.8889811738648947 0.9626937984496123 0.8806755260243632 0.9637320044296788 0.8744462901439646 0.9668466223698782 0.873062015503876 0.975844407530454 0.873062015503876 0.9813815060908084 0.873062015503876 0.9889950166112956 0.8734080841638981 0.9962624584717606 0.8747923588039866 0.9989583333333333 0.9066081810631176 0.9989583333333333 0.926702657807309 0.9986849390919158 0.9215116279069767 0.9865725359911406 0.9183970099667774 0.980689368770764 0.9145902547065338 0.9751522702104097 0.9111295681063123 0.9706533776301217 0.9083610188261351 0.9668466223698782 0.9052464008859358 0.964424141749723
1 0.971345514950166 0.9187430786267996 0.9817275747508305 0.9305094130675525 0.9900332225913621 0.936392580287929 0.9989583333333333 0.9401993355481727 0.9989583333333333 0.8802019887412329 0.9976467331118494 0.8799833887043189 0.9948781838316721 0.8789451827242524 0.9886489479512736 0.8779069767441859 0.9810354374307863 0.8779069767441859 0.9754983388704318 0.8782530454042081 0.968923034330011 0.8799833887043189 0.964078073089701 0.882751937984496 0.9606173864894795 0.8886351052048727 0.9602713178294573 0.8976328903654485 0.9626937984496123 0.9066306755260243 0.9668466223698782 0.9138981173864894
1 0.8879429678848283 0.8512596899224806 0.8799833887043189 0.8495293466223699 0.8744462901439646 0.8491832779623477 0.868563122923588 0.8495293466223699 0.8612956810631228 0.852297895902547 0.856796788482835 0.8561046511627907 0.8536821705426356 0.8609496124031008 0.8509136212624584 0.8671788482834994 0.849875415282392 0.8734080841638981 0.8502214839424141 0.8796373200442967 0.8516057585825028 0.8851744186046511 0.8550664451827241 0.8889811738648947 0.8647563676633444 0.8952104097452934 0.8720238095238095 0.8983250276854927 0.8789451827242524 0.9004014396456256 0.8844822812846068 0.9021317829457364 0.8896733111849391 0.9028239202657807 0.8952104097452934 0.9031699889258029 0.9017857142857142 0.9017857142857142 0.9087070874861571 0.8990171650055371 0.9138981173864894 0.8945182724252491 0.9170127353266887 0.8889811738648947 0.9170127353266887 0.882405869324474 0.9159745293466223 0.8744462901439646 0.912859911406423 0.8671788482834994 0.9087070874861571 0.8612956810631228 0.9024778516057584 0.8571428571428571 0.8962486157253599 0.8540282392026577
1 0.8388012181616832 0.5712901439645626 0.833610188261351 0.5719822812846068 0.8263427464008859 0.5740586932447397 0.8211517165005536 0.5757890365448505 0.8152685492801771 0.5778654485049833 0.8093853820598007 0.5802879291251384 0.8035022148394241 0.5827104097452935 0.7983111849390918 0.5854789590254706 0.793812292358804 0.5906699889258029 0.791735880398671 0.5955149501661129 0.7906976744186046 0.5996677740863787 0.7910437430786267 0.6045127353266887 0.7927740863787375 0.6086655592469545 0.7958887043189369 0.612126245847176 0.8000415282392026 0.6155869324473976 0.803156146179402 0.6180094130675525 0.8135382059800664 0.6218161683277963 0.8204595791805094 0.6228543743078627 0.8256506090808416 0.6225083056478405 0.8304955703211516 0.6225083056478405 0.8516057585825028 0.6152408637873754 0.8595653377630121 0.6107419712070874 0.8647563676633444 0.6069352159468439 0.8682170542635659 0.6020902547065338 0.8706395348837208 0.5951688815060907 0.8706395348837208 0.5896317829457364 0.8692552602436323 0.58374861572536 0.866140642303433 0.5795957918050941 0.861641749723145 0.5750968992248062 0.8571428571428571 0.5726744186046511 0.8533361018826134 0.5712901439645626 0.8495293466223699 0.5709440753045404 0.8450304540420819 0.5709440753045404
1 0.9204734219269103 0.5951688815060907 0.9159745293466223 0.597937430786268 0.9121677740863787 0.6010520487264673 0.9083610188261351 0.6045127353266887 0.9052464008859358 0.6086655592469545 0.9021317829457364 0.6135105204872647 0.8990171650055371 0.6204318936877076 0.8972868217054263 0.6273532668881505 0.8979789590254706 0.63531284606866 0.901439645625692 0.6411960132890365 0.9049003322259136 0.6436184939091915 0.9121677740863787 0.6463870431893688 0.9166666666666666 0.6474252491694352 0.9204734219269103 0.6477713178294573 0.9256644518272424 0.6474252491694352 0.9298172757475083 0.647079180509413 0.9350083056478405 0.6460409745293466 0.9405454042081948 0.6446566998892579 0.9460825027685492 0.642580287929125 0.959579180509413 0.6321982281284607 0.9637320044296788 0.6308139534883721 0.9651162790697675 0.6294296788482835 0.968923034330011 0.6252768549280177 0.9723837209302324 0.6173172757475083 0.9723837209302324 0.6103959025470653 0.9723837209302324 0.6038205980066444 0.9709994462901439 0.5982834994462901 0.9682308970099668 0.5930924695459578 0.9647702104097452 0.5903239202657807 0.9599252491694352 0.5885935769656699 0.955080287929125 0.5875553709856035 0.9509274640088593 0.5875553709856035 0.945736434108527 0.5879014396456257 0.9401993355481727 0.5885935769656699 0.9353543743078626 0.5896317829457364 0.9305094130675525 0.5910160575858251 0.9253183831672203 0.5927464008859358
1 0.8948643410852714 0.5072674418604651 0.8910575858250276 0.5051910299003323 0.887250830564784 0.5038067552602437 0.8820598006644518 0.502422480620155 0.8772148394241417 0.5010382059800665 0.8723698781838317 0.5006921373200444 0.8630260243632336 0.5013842746400886 0.8561046511627907 0.504498892580288 0.847799003322259 0.5089977851605759 0.8450304540420819 0.5124584717607974 0.8426079734219268 0.5159191583610189 0.8391472868217054 0.5211101882613511 0.8388012181616832 0.5259551495016611 0.8408776301218162 0.530107973421927 0.8491832779623477 0.5359911406423035 0.8529900332225913 0.5418743078626799 0.8574889258028793 0.5439507198228128 0.8633720930232557 0.5460271317829457 0.8682170542635659 0.5474114064230343 0.873062015503876 0.5484496124031008 0.8785991140642302 0.5487956810631228 0.8834440753045404 0.5487956810631228 0.887250830564784 0.5477574750830564 0.891749723145072 0.5453349944629015 0.8969407530454042 0.5425664451827242 0.9010935769656699 0.5387596899224806 0.9045542635658914 0.5339147286821705 0.9069767441860465 0.5297619047619048 0.9073228128460686 0.5249169435215947 0.9062846068660022 0.5200719822812847 0.9049003322259136 0.516265227021041 0.9017857142857142 0.5124584717607974 0.8986710963455149 0.509343853820598
1 0.9395071982281283 0.38337486157253603 0.9343161683277962 0.3795681063122924 0.9291251384274639 0.376453488372093 0.9228959025470652 0.37506921373200447 0.9177048726467331 0.37506921373200447 0.9121677740863787 0.3761074197120709 0.9066306755260243 0.37852990033222594 0.9024778516057584 0.3830287929125139 0.9007475083056478 0.3882198228128461 0.9004014396456256 0.39514119601328906 0.9010935769656699 0.4044850498338871 0.9024778516057584 0.41036821705426363 0.9049003322259136 0.41625138427464015 0.9073228128460686 0.4200581395348838 0.9156284606866002 0.4304401993355482 0.9187430786267996 0.4356312292358805 0.9260105204872645 0.44324473975636774 0.9350083056478405 0.45016611295681064 0.9391611295681063 0.45189645625692143 0.9460825027685492 0.45258859357696574 0.9530038759689922 0.45189645625692143 0.9588870431893688 0.4494739756367664 0.9630398671096345 0.4453211517165006 0.9658084163898117 0.4383997785160576 0.9668466223698782 0.4311323366555925 0.9668466223698782 0.4245570321151717 0.966500553709856 0.4200581395348838 0.9651162790697675 0.41417497231450723 0.9637320044296788 0.4093300110741972 0.9606173864894795 0.4044850498338871 0.9578488372093024 0.39998615725359915 0.9533499446290143 0.39514119601328906 0.9488510520487263 0.3909883720930233 0.9443521594684385 0.3875276854928018
1 0.7360188261351052 0.29028239202657813 0.7322120708748616 0.29201273532668887 0.7294435215946843 0.2947812846068661 0.7270210409745294 0.29893410852713187 0.7252906976744186 0.3044712070874862 0.7256367663344407 0.3093161683277963 0.7270210409745294 0.3134689922480621 0.7290974529346622 0.31727574750830567 0.7318660022148394 0.3217746400885936 0.7339424141749723 0.3245431893687708 0.7429401993355481 0.33873200442967893 0.7481312292358804 0.34253875968992253 0.7540143964562568 0.345999446290144 0.7581672203765226 0.34703765227021044 0.7647425249169435 0.3463455149501662 0.7695874861572535 0.3449612403100775 0.7737403100775193 0.34253875968992253 0.7768549280177186 0.33907807308970106 0.7789313399778516 0.33457918050941315 0.7796234772978959 0.3290420819490587 0.7792774086378738 0.32246677740863794 0.7778931339977851 0.31692967884828355 0.7754706533776301 0.3134689922480621 0.7716638981173864 0.3089700996677741 0.7675110741971206 0.3034330011074198 0.7637043189368771 0.29893410852713187 0.759205426356589 0.2944352159468439 0.7553986710963455 0.29166666666666674 0.7515919158361019 0.29028239202657813 0.7481312292358804 0.28993632336655595 0.7408637873754153 0.28993632336655595
1 0.819421373200443 0.21795404208194913 0.8142303433001107 0.21691583610188267 0.8090393133997785 0.21691583610188267 0.8055786267995569 0.21726190476190482 0.8014258028792912 0.21795404208194913 0.7965808416389811 0.21933831672203769 0.7924280177187153 0.22141472868217058 0.7889673311184938 0.2241832779623478 0.7865448504983389 0.22764396456256927 0.7844684385382059 0.2314507198228129 0.7830841638981173 0.23594961240310083 0.7827380952380951 0.24148671096345523 0.7830841638981173 0.24633167220376528 0.7844684385382059 0.2515227021040975 0.786890919158361 0.2567137320044297 0.7889673311184938 0.26017441860465124 0.7920819490586931 0.2636351052048727 0.7955426356589147 0.2677879291251385 0.8045404208194905 0.273671096345515 0.8107696566998892 0.2781699889258029 0.8169988925802879 0.28093853820598014 0.821843853820598 0.2823228128460687 0.8270348837209303 0.2826688815060908 0.831533776301218 0.2826688815060908 0.8363787375415281 0.28128460686600226 0.8394933554817274 0.2799003322259137 0.842954042081949 0.2778239202657808 0.8460686600221483 0.27436323366555926 0.849875415282392 0.2688261351052049 0.8516057585825028 0.264327242524917 0.8519518272425248 0.25913621262458475 0.8512596899224806 0.2522148394241418 0.8505675526024363 0.2470238095238096 0.8491832779623477 0.24252491694352163 0.8467607973421926 0.23802602436323372 0.8433001107419712 0.23387320044296794 0.8391472868217054 0.22937430786268004 0.8349944629014396 0.22591362126245854 0.8301495016611294 0.2227990033222592 0.8246124031007752 0.22003045404208202
1 0.8945182724252491 0.2314507198228129 0.8903654485049833 0.23318106312292367 0.887250830564784 0.23733388704318945 0.8844822812846068 0.24321705426356596 0.8841362126245846 0.2515227021040975 0.8841362126245846 0.25948228128460693 0.8848283499446289 0.2664036544850499 0.8855204872646733 0.27851605758582504 0.887250830564784 0.2850913621262459 0.8896733111849391 0.29408914728682173 0.8934800664451826 0.30204872646733116 0.8990171650055371 0.3093161683277963 0.903516057585825 0.3131229235880399 0.9125138427464009 0.3141611295681063 0.9180509413067551 0.3131229235880399 0.924626245847176 0.30758582502768556 0.9284330011074197 0.30101052048726473 0.9312015503875968 0.29408914728682173 0.9332779623477296 0.2868217054263566 0.9343161683277962 0.2788621262458472 0.9339700996677741 0.27159468438538215 0.9318936877076411 0.2629429678848284 0.9291251384274639 0.2556755260243633 0.924626245847176 0.2487541528239203 0.9201273532668881 0.24321705426356596 0.9145902547065338 0.23767995570321157 0.9090531561461793 0.2335271317829458 0.9038621262458472 0.23110465116279075 0.8993632336655591 0.2307585825027686
1 0.7765088593576965 0.13524363233665565 0.7737403100775193 0.1369739756367664 0.7623200442967885 0.1483942414174973 0.7547065337763013 0.1611987818383168 0.7491694352159468 0.1743493909191584 0.7474390919158361 0.18230897009966782 0.7477851605758582 0.18750000000000006 0.7498615725359911 0.19372923588039873 0.7536683277962347 0.19753599114064235 0.7598975636766334 0.19961240310077524 0.7675110741971206 0.20030454042081955 0.7747785160575857 0.1992663344407531 0.782392026578073 0.19580564784053162 0.789313399778516 0.191998892580288 0.7958887043189369 0.18680786267995578 0.8017718715393134 0.18127076411960139 0.8055786267995569 0.17573366555924702 0.8086932447397562 0.1684662236987819 0.8107696566998892 0.16016057585825033 0.8107696566998892 0.15185492801771877 0.8097314507198228 0.14424141749723152 0.8069629014396456 0.13732004429678854 0.8024640088593576 0.13351328903654494 0.7976190476190476 0.131436877076412 0.791735880398671 0.13074473975636772 0.7875830564784053 0.13109080841638987 0.7837763012181616 0.1321290143964563 0.779969545957918 0.13351328903654494
1 0.9505813953488372 0.21103266888150615 0.9512735326688815 0.21726190476190482 0.9526578073089701 0.22383720930232565 0.9543881506090808 0.23041251384274647 0.9561184939091915 0.23560354374307868 0.9588870431893688 0.24183277962347735 0.9633859357696566 0.2470238095238096 0.9699612403100775 0.2522148394241418 0.9744601328903654 0.2535991140642304 0.9817275747508305 0.25394518272425254 0.987610741971207 0.2515227021040975 0.9931478405315614 0.2470238095238096 0.9966085271317829 0.24287098560354378 0.9983388704318936 0.24044850498338877 0.9983388704318936 0.19442137320044303 0.9948781838316721 0.18819213732004433 0.9934939091915835 0.1847314507198229 0.9921096345514949 0.1819629014396457 0.98968715393134 0.17884828349944637 0.9844961240310077 0.17504152823920271 0.9775747508305647 0.17365725359911413 0.9727297895902546 0.17400332225913626 0.9671926910299004 0.17538759689922487 0.9620016611295681 0.17884828349944637 0.9575027685492802 0.1847314507198229 0.9540420819490586 0.19234496124031014 0.9512735326688815 0.2027270210409746
1 0.8737541528239202 0.08160299003322265 0.8675249169435215 0.08298726467331123 0.8619878183831672 0.08471760797342198 0.8557585825027686 0.08714008859357701 0.8502214839424141 0.08990863787375421 0.8439922480620154 0.09440753045404214 0.8398394241417496 0.09821428571428577 0.8367248062015503 0.10305924695459585 0.833610188261351 0.10825027685492807 0.8322259136212623 0.11517165005537104 0.8325719822812846 0.12140088593576971 0.8339562569213732 0.12624584717607978 0.8363787375415281 0.1300526024363234 0.8412236987818383 0.1348975636766335 0.8488372093023255 0.14008859357696574 0.8554125138427463 0.14527962347729798 0.8623338870431893 0.14735603543743087 0.8668327796234773 0.14804817275747514 0.8720238095238095 0.14908637873754157 0.8772148394241417 0.14908637873754157 0.8817137320044296 0.14874031007751942 0.8882890365448505 0.14874031007751942 0.8952104097452934 0.14770210409745302 0.901439645625692 0.14597176079734225 0.9052464008859358 0.14458748615725367 0.9100913621262458 0.1428571428571429 0.9163205980066444 0.13905038759689928 0.922203765227021 0.13385935769656707 0.9253183831672203 0.12970653377630129 0.926702657807309 0.1234772978959026 0.9263565891472868 0.11482558139534889 0.924626245847176 0.10790420819490593 0.922203765227021 0.10305924695459585 0.9190891472868217 0.09821428571428577 0.9142441860465116 0.0933693244739757 0.9083610188261351 0.08956256921373205 0.9028239202657807 0.08610188261351057 0.8962486157253599 0.08367940199335554 0.8893272425249169 0.08194905869324479 0.8813676633444075 0.0812569213732005
1 0.9637320044296788 0.12520764119601335 0.9723837209302324 0.12763012181616837 0.9793050941306755 0.12763012181616837 0.985188261351052 0.12589977851605763 0.9893410852713178 0.12382336655592474 0.9924557032115171 0.12174695459579185 0.9976467331118494 0.11620985603543747 0.9989583333333333 0.11517165005537104 0.9989583333333333 0.0650190914544113 0.9955703211517164 0.06360741971207093 0.9917635658914729 0.06291528239202664 0.9848421926910298 0.06256921373200448 0.9772286821705426 0.06256921373200448 0.9696151716500553 0.06291528239202664 0.9626937984496123 0.06464562569213737 0.9564645625692136 0.06949058693244745 0.9509274640088593 0.07641196013289041 0.9474667774086378 0.08437153931339984 0.945390365448505 0.09302325581395353 0.945736434108527 0.10167497231450724 0.9460825027685492 0.10582779623477304 0.9471207087486156 0.10928848283499451 0.9533499446290143 0.11724806201550392 0.9575027685492802 0.12140088593576971
1 0.7813538205980066 0.07398947951273538 0.7861987818383167 0.07814230343300116 0.7945044296788483 0.07814230343300116 0.8017718715393134 0.07745016611295687 0.8069629014396456 0.07675802879291257 0.8135382059800664 0.07606589147286827 0.8190753045404208 0.07433554817275752 0.8235741971207087 0.0726052048726468 0.8287652270210409 0.06949058693244745 0.8322259136212623 0.06602990033222597 0.8370708748615725 0.06049280177187159 0.8412236987818383 0.05391749723145078 0.8436461794019933 0.04699612403100781 0.8439922480620154 0.040074750830564845 0.8422619047619048 0.033153377630121876 0.838455149501661 0.0276162790697675 0.833610188261351 0.02588593576965676 0.8273809523809523 0.024501661129568166 0.8204595791805094 0.024501661129568166 0.8107696566998892 0.025539867109634615 0.8041943521594684 0.027270210409745355 0.7990033222591362 0.028654485049833946 0.7931201550387595 0.031076965669988986 0.7872369878183831 0.03488372093023261 0.779969545957918 0.04076688815060914 0.7751245847176079 0.04803433001107425 0.7727021040974529 0.05530177187153937 0.7737403100775193 0.06291528239202664 0.7768549280177186 0.06949058693244745
1 0.41486710963455153 0.23594961240310083 0.41867386489479513 0.23941029900332234 0.4224806201550388 0.24252491694352163 0.42663344407530457 0.24460132890365452 0.43528516057585825 0.2466777408637874 0.4442829457364342 0.24944629014396463 0.45085825027685494 0.24910022148394248 0.45708748615725364 0.24806201550387602 0.46297065337763016 0.2470238095238096 0.46781561461794025 0.2449473975636767 0.471968438538206 0.2421788482834995 0.47473698781838325 0.23802602436323372 0.4768133997785161 0.23283499446290148 0.47888981173864903 0.22695182724252497 0.481312292358804 0.22106866002214845 0.48269656699889263 0.21587763012181624 0.48269656699889263 0.2120708748615726 0.4820044296788483 0.2072259136212625 0.4802740863787376 0.2027270210409746 0.47715946843853824 0.19822812846068666 0.47231450719822815 0.19476744186046518 0.46643133997785163 0.19234496124031014 0.4581256921373201 0.19026854928017725 0.45016611295681064 0.18957641196013295 0.44324473975636774 0.18957641196013295 0.4356312292358805 0.19026854928017725 0.4280177187153932 0.19165282392026584 0.4200581395348838 0.1951135105204873 0.41417497231450723 0.20099667774086385 0.4096760797342193 0.20791805094130683 0.40829180509413077 0.21483942414174978 0.408983942414175 0.22383720930232565 0.4117524916943522 0.2314507198228129
1 0.45743355481727577 0.07641196013289041 0.45916389811738656 0.08367940199335554 0.46227851605758585 0.08956256921373205 0.4653931339977852 0.0933693244739757 0.46850775193798455 0.09648394241417503 0.4716223698781839 0.09890642303433007 0.4806201550387597 0.10409745293466229 0.49065614617940206 0.10721207087486162 0.4989617940199336 0.10721207087486162 0.504498892580288 0.10686600221483948 0.5107281284606866 0.10513565891472873 0.5159191583610189 0.10375138427464013 0.520764119601329 0.1013289036544851 0.5259551495016611 0.09821428571428577 0.5308001107419712 0.09440753045404214 0.5335686600221483 0.08783222591362132 0.5339147286821705 0.08194905869324479 0.5332225913621262 0.07606589147286827 0.5311461794019934 0.0712209302325582 0.5280315614617941 0.06637596899224812 0.525609080841639 0.06395348837209308 0.5214562569213732 0.061877076411960184 0.5173034330011075 0.06014673311184945 0.5121124031007752 0.05807032115171655 0.5072674418604651 0.05633997785160581 0.5000000000000001 0.05426356589147293 0.4955011074197121 0.05287929125138433 0.4910022148394242 0.05184108527131789 0.4851190476190476 0.05184108527131789 0.47923588039867115 0.05253322259136218 0.4740448504983389 0.053225359911406485 0.469545957918051 0.05495570321151722 0.46435492801771877 0.0584163898117387 0.4608942414174973 0.06118493909191589 0.45777962347729795 0.06464562569213737 0.4567414174972315 0.07087486157253604
1 0.5879014396456257 0.012043189368770827 0.5920542635658914 0.007198228128460748 0.5989756367663345 0.0002768549280177816 0.5155730897009967 0.0002768549280177816 0.518687707641196 0.004429678848283562 0.525609080841639 0.010312846068660085 0.5321843853820598 0.014465669988925865 0.5387596899224806 0.017234219269103054 0.5577934662236987 0.02207918050941313 0.5640227021040974 0.02207918050941313 0.5702519379844961 0.020694905869324536 0.5764811738648948 0.01931063122923594 0.5823643410852714 0.016542081949058755
1 0.3567275747508306 0.236295681063123 0.3567275747508306 0.22937430786268004 0.3567275747508306 0.2221068660022149 0.3556893687707642 0.21656976744186052 0.35430509413067557 0.21103266888150615 0.3532668881506091 0.20653377630121822 0.3491140642303433 0.1985741971207088 0.3446151716500554 0.19165282392026584 0.34150055370985605 0.1878460686600222 0.33734772978959027 0.18542358803986717 0.33215669988925806 0.18369324473975643 0.3280038759689923 0.18369324473975643 0.3245431893687708 0.18403931339977855 0.3221207087486158 0.1847314507198229 0.3188606194690266 0.18473451327433638 0.31379056047197645 0.1865781710914455 0.3077986725663717 0.19210914454277292 0.30595501474926257 0.20086651917404139 0.3077986725663717 0.21192846607669624 0.3096423303834809 0.22483407079646026 0.3105641592920355 0.2335914454277287 0.31517330383480835 0.24327064896755168 0.3200442967884829 0.2518687707641197 0.32350498338870437 0.2535991140642304 0.327311738648948 0.25532945736434115 0.33181063122923593 0.25602159468438546 0.33700166112956814 0.25602159468438546 0.3449612403100775 0.25394518272425254 0.34980620155038766 0.25013842746400894 0.3549972314507199 0.24252491694352163
1 0.15016592920353988 0.9825774336283185 0.15938421828908564 0.9830383480825959 0.17413348082595878 0.9802728613569321 0.19257005899705024 0.9710545722713865 0.2068584070796461 0.9609144542772862 0.21792035398230097 0.9484697640117994 0.22391224188790568 0.9364859882005899 0.2262168141592921 0.9235803834808259 0.22529498525073752 0.9129793510324483 0.22160766961651926 0.9046828908554573 0.21515486725663724 0.8996128318584071 0.20778023598820067 0.8968473451327433 0.20086651917404139 0.8959255162241888 0.19164823008849566 0.8968473451327433 0.17966445427728622 0.9005346607669616 0.16860250737463137 0.9033001474926254 0.14878318584070804 0.9162057522123894 0.13864306784660776 0.9245022123893806 0.13126843657817117 0.9337205014749262 0.12573746312684372 0.9438606194690266 0.12435471976401187 0.9544616519174041 0.126198377581121 0.9641408554572272 0.13219026548672572 0.9742809734513274 0.13864306784660776 0.9788901179941003
1 0.10223082595870214 0.9129793510324483 0.10084808259587028 0.8954646017699115 0.09623893805309743 0.8853244837758112 0.08932522123893813 0.8793325958702065 0.07872418879056055 0.878410766961652 0.06305309734513281 0.8807153392330384 0.04738200589970509 0.8894727138643067 0.038624631268436654 0.8982300884955752 0.0340154867256638 0.9065265486725664 0.031250000000000076 0.9157448377581121 0.028023598820059076 0.9249631268436578 0.02756268436578179 0.9355641592920354 0.029406342182890937 0.9480088495575222 0.033093657817109226 0.9576880530973451 0.042772861356932236 0.96875 0.0538348082595871 0.9738200589970502 0.06535766961651925 0.9733591445427728 0.07918510324483784 0.9664454277286135 0.08978613569321542 0.955844395280236 0.09623893805309743 0.9443215339233039 0.10130899705014756 0.9272676991150443
1 0.11329277286135701 0.7157079646017699 0.10822271386430686 0.7235435103244838 0.10637905604719772 0.7267699115044248 0.10545722713864314 0.7323008849557522 0.10545722713864314 0.7378318584070798 0.106839970501475 0.7442846607669616 0.10868362831858414 0.7502765486725664 0.11098820058997057 0.7567293510324483 0.1137536873156343 0.7627212389380531 0.1234328908554573 0.7765486725663717 0.1344948377581122 0.7853060471976401 0.14233038348082605 0.7885324483775811 0.14786135693215346 0.7903761061946903 0.15754056047197648 0.7926806784660767 0.16491519174041305 0.7931415929203539 0.17136799410029507 0.7931415929203539 0.17874262536873164 0.7922197640117994 0.18473451327433638 0.7912979351032449 0.1893436578171092 0.789915191740413 0.19395280235988208 0.7885324483775811 0.1999446902654868 0.7839233038348082 0.20455383480825967 0.7788532448377582 0.20824115044247796 0.7728613569321534 0.2105457227138644 0.7682522123893806 0.21146755162241895 0.7613384955752213 0.2105457227138644 0.7535029498525073 0.2091629793510325 0.7475110619469026 0.2063974926253688 0.7415191740412979 0.20271017699115051 0.7341445427728615 0.19948377581120952 0.7295353982300885 0.1962573746312685 0.7253871681415929 0.19257005899705024 0.7212389380530974 0.18796091445427737 0.7175516224188792 0.18289085545722722 0.7147861356932154 0.1768989675516225 0.7120206489675517 0.1704461651917405 0.7087942477876106 0.1644542772861358 0.7064896755162242 0.1566187315634219 0.7041851032448377 0.15108775811209446 0.7032632743362832 0.1441740412979352 0.7032632743362832 0.1372603244837759 0.7032632743362832 0.1303466076696166 0.7041851032448377 0.12389380530973458 0.706028761061947 0.119745575221239 0.7083333333333334 0.11559734513274343 0.7120206489675517
1 0.19118731563421837 0.6341261061946903 0.1976401179941004 0.6341261061946903 0.20409292035398238 0.6341261061946903 0.20824115044247796 0.6332042772861358 0.2137721238938054 0.6299778761061947 0.2169985250737464 0.6258296460176992 0.21884218289085552 0.6179941002949854 0.2202249262536874 0.6106194690265487 0.2202249262536874 0.6032448377581121 0.2202249262536874 0.5963311209439528 0.2197640117994101 0.5889564896755163 0.21838126843657824 0.5829646017699115 0.21469395280235998 0.5760508849557522 0.21008480825958709 0.5709808259587021 0.2036320058997051 0.5682153392330384 0.19487463126843665 0.5649889380530975 0.1870390855457228 0.5631452802359882 0.18104719764011806 0.5631452802359882 0.1736725663716815 0.5649889380530975 0.16814159292035405 0.5682153392330384 0.16491519174041305 0.5728244837758113 0.16214970501474932 0.5792772861356933 0.1612278761061948 0.5843473451327433 0.16030604719764022 0.59172197640118 0.1598451327433629 0.5963311209439528 0.16399336283185847 0.6110803834808259 0.1704461651917405 0.6202986725663717 0.1732116519174042 0.6253687315634219 0.1773598820058998 0.6290560471976401 0.18104719764011806 0.6313606194690266 0.18473451327433638 0.6332042772861358
1 0.19810103244837765 0.4760324483775812 0.20731932153392338 0.4718842182890856 0.21515486725663724 0.46681415929203546 0.22114675516224197 0.46036135693215346 0.22575589970501483 0.45390855457227147 0.23174778761061957 0.44376843657817117 0.23727876106194698 0.43040191740412986 0.23773967551622427 0.42026179941002956 0.23727876106194698 0.4105825958702065 0.23405235988200598 0.4018252212389381 0.2285213864306785 0.3953724188790561 0.22160766961651926 0.3916851032448378 0.2169985250737464 0.39122418879056053 0.20962389380530982 0.3916851032448378 0.19902286135693223 0.39398967551622427 0.19164823008849566 0.3976769911504425 0.1833517699115045 0.4041297935103245 0.17551622418879065 0.41150442477876115 0.1704461651917405 0.419339970501475 0.16721976401179947 0.4285582595870207 0.16583702064896763 0.4405420353982301 0.16629793510324492 0.44883849557522126 0.1676806784660768 0.4562131268436579 0.1704461651917405 0.4626659292035399 0.17551622418879065 0.47004056047197645 0.1792035398230089 0.47418879056047203 0.1838126843657818 0.47649336283185845 0.1893436578171092 0.4774151917404131
1 0.22437315634218297 0.24741887905604726 0.2193030973451328 0.24142699115044255 0.2123893805309735 0.23727876106194698 0.2059365781710915 0.23405235988200598 0.20086651917404139 0.2331305309734514 0.19349188790560481 0.2335914454277287 0.1838126843657818 0.2368178466076697 0.17782079646017707 0.24188790560471984 0.17413348082595878 0.24741887905604726 0.17136799410029507 0.25433259587020657 0.16952433628318592 0.2612463126843659 0.16814159292035405 0.2732300884955753 0.1699852507374632 0.2819874631268437 0.1736725663716815 0.28751843657817117 0.18196902654867264 0.2990412979351033 0.1870390855457228 0.30365044247787615 0.19118731563421837 0.30503318584070804 0.1976401179941004 0.30411135693215346 0.2068584070796461 0.301806784660767 0.21515486725663724 0.29719764011799416 0.22114675516224197 0.288901179941003 0.22529498525073752 0.27876106194690276 0.22713864306784667 0.2653945427728614 0.2266777286135694 0.2557153392330384
1 0.22806047197640125 0.24511430678466084 0.23128687315634225 0.24787979351032458 0.2368178466076697 0.2497234513274337 0.24280973451327442 0.2497234513274337 0.25064528023598825 0.24787979351032458 0.2547935103244839 0.2455752212389381 0.2580199115044249 0.2423488200589971 0.26078539823008856 0.2358960176991151 0.2621681415929204 0.2285213864306785 0.2621681415929204 0.22114675516224197 0.2621681415929204 0.21423303834808266 0.26170722713864314 0.2068584070796461 0.2603244837758113 0.20040560471976407 0.2589417404129794 0.1944137168141594 0.2570980825958703 0.18888274336283192 0.253410766961652 0.1833517699115045 0.2497234513274337 0.1792035398230089 0.24511430678466084 0.1759771386430679 0.2391224188790561 0.1736725663716815 0.23220870206489683 0.1732116519174042 0.22483407079646026 0.17459439528023607 0.2193030973451328 0.17643805309734523 0.21469395280235998 0.17874262536873164 0.21100663716814166 0.18196902654867264 0.20824115044247796 0.18565634218289093 0.2059365781710915 0.1898045722713865 0.20409292035398238 0.19533554572271392 0.20271017699115051 0.1999446902654868 0.20271017699115051 0.20547566371681425 0.2031710914454278 0.2105457227138644 0.20409292035398238 0.21469395280235998 0.20547566371681425 0.2197640117994101 0.2068584070796461 0.22529498525073752 0.21285029498525082 0.2335914454277287 0.21884218289085552 0.23820058997050156 0.22437315634218297 0.24188790560471984
1 0.12066740412979357 0.18012536873156348 0.11329277286135701 0.18242994100294993 0.106839970501475 0.1865781710914455 0.10315265486725671 0.19118731563421837 0.09992625368731571 0.1962573746312685 0.097160766961652 0.20178834808259596 0.09531710914454285 0.2068584070796461 0.09393436578171098 0.21192846607669624 0.0934734513274337 0.21745943952802366 0.09393436578171098 0.22391224188790568 0.09485619469026556 0.2285213864306785 0.097160766961652 0.2331305309734514 0.100387168141593 0.23820058997050156 0.11052728613569328 0.2423488200589971 0.11605825958702072 0.24188790560471984 0.12251106194690273 0.23866150442477885 0.12850294985250746 0.23405235988200598 0.13403392330383487 0.2294432153392331 0.13956489675516232 0.22391224188790568 0.1437131268436579 0.21745943952802366 0.14509587020648976 0.2091629793510325 0.14509587020648976 0.20086651917404139 0.1437131268436579 0.19395280235988208 0.1400258112094396 0.18842182890855466 0.13541666666666677 0.1838126843657818 0.12804203539823017 0.1805862831858408
1 0.21884218289085552 0.12158923303834815 0.21838126843657824 0.1137536873156343 0.2169985250737464 0.10591814159292043 0.21469395280235998 0.10084808259587028 0.21008480825958709 0.097160766961652 0.20455383480825967 0.09531710914454285 0.1976401179941004 0.09531710914454285 0.19072640117994108 0.09669985250737471 0.18565634218289093 0.09946533923303842 0.1805862831858408 0.10315265486725671 0.1759771386430679 0.10637905604719772 0.17136799410029507 0.110066371681416 0.1667588495575222 0.11421460176991156 0.1635324483775812 0.11882374631268444 0.16076696165191748 0.12435471976401187 0.15892330383480832 0.12850294985250746 0.15892330383480832 0.1335730088495576 0.16076696165191748 0.13956489675516232 0.1630715339233039 0.14555678466076705 0.1667588495575222 0.14970501474926262 0.1699852507374632 0.15247050147492633 0.17505530973451336 0.15431415929203549 0.1833517699115045 0.15523598820059006 0.1893436578171092 0.15477507374631277 0.1930309734513275 0.1538532448377582 0.19856194690265497 0.15247050147492633 0.20455383480825967 0.14924410029498533 0.20962389380530982 0.1441740412979352 0.21285029498525082 0.13956489675516232 0.21607669616519182 0.13541666666666677 0.21838126843657824 0.12896386430678472
1 0.0012905604719764849 0.1367994100294986 0.0012905604719764849 0.22114675516224197 0.010969764011799494 0.22575589970501483 0.0206489675516225 0.2262168141592921 0.028023598820059076 0.22483407079646026 0.03447640117994109 0.21884218289085552 0.0404682890855458 0.21100663716814166 0.04461651917404138 0.19902286135693223 0.04507743362831866 0.1898045722713865 0.04507743362831866 0.18150811209439538 0.04415560471976409 0.1736725663716815 0.040929203539823086 0.16721976401179947 0.03585914454277294 0.15938421828908564 0.028945427728613648 0.14878318584070804 0.024336283185840787 0.1437131268436579 0.018805309734513352 0.1404867256637169 0.01235250737463135 0.1377212389380532 0.008204277286135776 0.1367994100294986
1 0.08241150442477883 0.09255162241887913 0.08471607669616527 0.08748156342182897 0.0870206489675517 0.08195058997050154 0.08932522123893813 0.07549778761061954 0.09070796460176998 0.06996681415929211 0.09070796460176998 0.06259218289085552 0.09070796460176998 0.057061209439528096 0.09024705014749271 0.049686578171091525 0.08886430678466084 0.04461651917404138 0.08609882005899713 0.03954646017699123 0.07734144542772868 0.03585914454277294 0.0704277286135694 0.03585914454277294 0.06213126843657825 0.03816371681415937 0.05567846607669624 0.040929203539823086 0.04876474926253695 0.04507743362831866 0.042772861356932236 0.049686578171091525 0.03678097345132751 0.05567846607669624 0.031710914454277365 0.06120943952802368 0.0271017699115045 0.06904498525073755 0.024336283185840787 0.07549778761061954 0.023414454277286216 0.08148967551622426 0.024336283185840787 0.09255162241887913 0.02756268436578179 0.10407448377581127 0.030789085545722794 0.10822271386430686 0.03539823008849565 0.11144911504424786 0.04231194690265495 0.11329277286135701 0.05199115044247795 0.11283185840707972 0.057983038348082674 0.11052728613569328 0.06397492625368739 0.10730088495575228 0.06950589970501482 0.10407448377581127 0.07503687315634225 0.10084808259587028 0.07964601769911513 0.09623893805309743
0 0.9104567307692307 0.28078258547008544 0.9064503205128205 0.2704326923076923 0.9051148504273504 0.26208600427350426 0.9037793803418803 0.2584134615384615 0.9017761752136751 0.2537393162393162 0.9007745726495726 0.24906517094017092 0.9017761752136751 0.24639423076923075 0.9047809829059829 0.24839743589743588 0.9087873931623932 0.257411858974359 0.9117922008547008 0.26842948717948717 0.914463141025641 0.27443910256410253 0.915798611111111 0.2787793803418804 0.915798611111111 0.2834535256410256 0.9141292735042735 0.28512286324786323
0 0.17107538035961278 0.7606327800829875 0.1546507607192255 0.7493948824343015 0.13995504840940534 0.7416147994467496 0.13649723374827116 0.7385892116182572 0.13563278008298763 0.7334024896265561 0.13822614107883824 0.7342669432918395 0.15421853388658374 0.7433437067773168 0.1697786998616875 0.7537171507607192 0.17712655601659757 0.7580394190871369 0.1784232365145229 0.7610650069156293 0.17582987551867227 0.7623616874135546
0 0.3832236842105263 0.4569627192982456 0.4018640350877193 0.4325657894736842 0.4084429824561403 0.42297149122807015 0.40734649122807015 0.4213267543859649 0.4057017543859649 0.4210526315789473 0.4004934210526316 0.4290021929824561 0.3851425438596491 0.44791666666666663 0.3788377192982456 0.4553179824561403 0.3777412280701754 0.4572368421052631 0.378563596491228 0.45833333333333326
0 0.312655472636816 0.6566386815920399 0.3297574626865672 0.650419776119403 0.35502176616915426 0.6517801616915423 0.3643501243781095 0.6517801616915423 0.3608519900497512 0.6595537935323385 0.33655939054726375 0.6648009950248757 0.32237251243781095 0.6632462686567165 0.31595926616915426 0.6589707711442787
0 0.9834039548022598 0.8988186954288649 0.9986517719568566 0.9049178222907036 0.9989583333333333 0.9133482601438132 0.9912686183872624 0.9086093990755006 0.9832434514637904 0.9025102722136621
0 0.41770660011092625 0.8624514697726012 0.42515945646145314 0.8643580144204105 0.4298391569606212 0.8669578480310594 0.43382556849694953 0.8690377149195785 0.43954520244037715 0.8711175818080977 0.44422490293954525 0.8719841930116473 0.45150443704936216 0.8747573488630062 0.45601081530782034 0.8766638935108154 0.461557127010538 0.877530504714365 0.4653702163061564 0.8757972823072657 0.4624237382140876 0.8726774819744869 0.45653078202995007 0.870250970604548 0.4501178591236828 0.8683444259567388 0.4454381586245147 0.8662645590682198 0.442318358291736 0.8648779811425402 0.4372920133111481 0.8627981142540211 0.4305324459234609 0.8608915696062118 0.42654603438713257 0.8595049916805325 0.42342623405435387 0.8581184137548531 0.4204797559622851 0.8569051580698835 0.41770660011092625 0.8563851913477537 0.4156267332224071 0.8572518025513034 0.4154534109816972 0.8605449251247921
0 0.47009930915371334 0.5583441278065631 0.4749568221070812 0.5565900259067358 0.4781951640759931 0.5555105785837652 0.4808937823834197 0.5540263385146804 0.4833225388601036 0.5529468911917098 0.48669581174438686 0.551327720207254 0.4887197754749568 0.5499784110535406 0.49236291018998274 0.5482243091537133 0.4950615284974093 0.5466051381692574 0.49749028497409326 0.5451208981001727 0.4991094559585492 0.5439065198618308 0.5004587651122626 0.5406681778929188 0.4992443868739206 0.5406681778929188 0.49749028497409326 0.5414777633851469 0.494926597582038 0.5428270725388601 0.49074373920552683 0.5445811744386874 0.4891245682210708 0.5453907599309155 0.48642594991364424 0.5466051381692574 0.4831876079447323 0.5482243091537133 0.4807588514680484 0.5497085492227979 0.4772506476683938 0.5514626511226253 0.4745520293609672 0.5525420984455959 0.4722582037996546 0.5541612694300518 0.469964378238342 0.5556455094991365 0.46955958549222804 0.5563201640759932
0 0.8006208949096879 0.2413023399014778 0.8030582922824301 0.24181547619047616 0.8061371100164203 0.24373973727422 0.8088310755336617 0.24540743021346467 0.8112684729064038 0.24707512315270935 0.8139624384236452 0.24887110016420358 0.8170412561576353 0.2513084975369458 0.8212746305418718 0.2546438834154351 0.8239685960591132 0.2561832922824302 0.8279454022988504 0.2584924055829228 0.8298696633825943 0.2601600985221675 0.833076765188834 0.263110632183908 0.8364121510673234 0.2633672003284072 0.8380798440065681 0.26246921182266003 0.8376949917898192 0.2596469622331691 0.8343596059113298 0.25733784893267647 0.8314090722495895 0.2555418719211822 0.8283302545155993 0.2534893267651888 0.8253797208538587 0.2511802134646962 0.8224291871921181 0.24925595238095236 0.8199917898193759 0.24758825944170768 0.816528119868637 0.24579228243021342 0.8128078817733989 0.24348316912972082 0.8102422003284071 0.24168719211822656 0.8075482348111657 0.2400194991789819 0.8048542692939243 0.2388649425287356 0.8022885878489326 0.23796695402298845 0.79997947454844 0.23745381773399013 0.7988249178981938 0.23783866995073888 0.7989532019704433 0.2400194991789819
0 0.9746434231378763 0.19364104595879553 0.9753037506603274 0.19892366613840462 0.9761291600633915 0.20321579503433704 0.9761291600633915 0.2076730058108822 0.9749735868991019 0.21295562599049128 0.9743132593766507 0.21774300052826198 0.9738180137348124 0.22269545694664553 0.9729926043317485 0.2269875858425779 0.9736529318541997 0.23078446909667194 0.9753037506603274 0.23573692551505546 0.976459323824617 0.23837823560486 0.9795958795562598 0.23804807184363444 0.9799260433174855 0.23557184363444267 0.980256207078711 0.23045430533544636 0.980256207078711 0.22566693079767564 0.980256207078711 0.22038431061806654 0.9805863708399366 0.21526677231907024 0.9805863708399366 0.2076730058108822 0.9804212889593238 0.20123481246698363 0.9799260433174855 0.19545694664553617 0.9791006339144215 0.1900092445853143 0.9782752245113575 0.18753301637612255 0.9759640781827786 0.18621236133122027 0.9738180137348124 0.18984416270470153
