1 0.27041864583333336 0.3595855208333333 0.24683572916666666 0.3518188541666667 0.23698666666666668 0.3435139583333333 0.2284314583333333 0.3321080208333333 0.2253321875 0.322529375 0.22481208333333333 0.3173369791666667 0.22842989583333334 0.3134553125 0.23905625 0.31007729166666664 0.25383354166666666 0.3111153125 0.27327385416666666 0.32279031249999995 0.2880507291666667 0.3352266666666667 0.29270833333333335 0.34351635416666665 0.2932339583333333 0.3505109375 0.2911664583333333 0.3559628125 0.28701125 0.35932708333333335 0.28053895833333337 0.36010791666666664
1 0.3030721875 0.7523330208333333 0.30057927083333336 0.759486875 0.2934176041666667 0.7657060416666667 0.272585 0.7657055208333333 0.24738739583333333 0.7585580208333333 0.23464458333333335 0.748911875 0.22871927083333335 0.7402 0.22810947916666666 0.7258913541666666 0.23215458333333333 0.7174976041666666 0.23836989583333335 0.7159382291666667 0.25329708333333334 0.7174970833333333 0.2731991666666667 0.7240235416666666 0.28595750000000003 0.7293229166666666 0.29404614583333333 0.7352255208333334
1 0.771295625 0.21040979166666668 0.7657109375 0.22499697916666667 0.7541163541666667 0.23856354166666666 0.7429390625 0.24434614583333333 0.735225625 0.24668718750000002 0.7238740625 0.24722104166666667 0.7133386458333334 0.24281395833333336 0.701821875 0.2303878125 0.7000184375 0.22229395833333332 0.7016257291666667 0.21510145833333333 0.7109947916666666 0.2035803125 0.7266522916666667 0.19457510416666668 0.743034375 0.19151281250000002 0.7601270833333333 0.19097822916666668 0.7684108333333334 0.19619010416666666 0.7718423958333334 0.20195624999999998
1 0.8501532291666667 0.6561580208333333 0.8423839583333332 0.6416552083333333 0.8416015625 0.6222128125 0.8480789583333334 0.6076952083333332 0.8610343749999999 0.6048467708333334 0.872961875 0.6087348958333333 0.8799667708333333 0.6144332291666667 0.885144375 0.6229844791666667 0.8872128125 0.6354352083333333 0.8835905208333333 0.6517534375 0.88125 0.6566815625 0.867518125 0.6597978125
1 0.630455625 0.3374060416666667 0.6104942708333333 0.32729395833333336 0.6032371875 0.31847958333333337 0.6019405208333333 0.30967385416666665 0.6024629166666667 0.3013647916666667 0.6092027083333333 0.2938625 0.6153880208333333 0.29074791666666666 0.6263088541666666 0.29074802083333334 0.6377128125 0.29282083333333336 0.6550803125000001 0.30162989583333333 0.6623422916666667 0.31329447916666664 0.6636316666666667 0.3226294791666667 0.6636289583333334 0.33118739583333334 0.6615557291666666 0.33818062499999996 0.6561066666666666 0.3415469791666667 0.6457422916666666 0.34310395833333335
1 0.7697916666666667 0.5986226041666666 0.7555459375000001 0.6035517708333333 0.7412864583333333 0.5996583333333334 0.7324748958333333 0.5916339583333333 0.725476875 0.5791854166666667 0.7252152083333333 0.5644072916666667 0.7278021875 0.54704875 0.7384288541666667 0.5325283333333333 0.7550305208333333 0.5263069791666667 0.7666963541666667 0.5281173958333334 0.7749869791666666 0.5327853125 0.779915625 0.5405670833333333 0.7827532291666667 0.5493804166666667 0.7827586458333333 0.5659666666666666 0.7827560416666667 0.5768535416666667
1 0.7130407291666666 0.4708333333333333 0.7247078125 0.4558038541666667 0.7379190625 0.44414291666666667 0.7519101041666667 0.4397308333333333 0.7604641666666667 0.4415426041666667 0.7700553125 0.44932770833333335 0.7695322916666666 0.46280958333333333 0.7622904166666667 0.486133125 0.7550303125000001 0.4990925 0.7444059375 0.5053058333333333 0.7345505208333333 0.5092042708333333 0.726776875 0.5102310416666667 0.7158859375 0.50713125 0.7099190624999999 0.5016775 0.7070626041666667 0.49365083333333337 0.7070717708333334 0.48067802083333333
1 0.1823721875 0.7030245833333333 0.16941552083333333 0.7061381250000001 0.14476760416666667 0.7004352083333334 0.129999375 0.6890321875000001 0.12532302083333333 0.6778881250000001 0.125091875 0.6695932291666666 0.12897291666666666 0.6607715625 0.1343990625 0.6568914583333334 0.14427281250000001 0.6563665625 0.16190239583333332 0.6597422916666668 0.1745990625 0.6685570833333333 0.18237083333333332 0.6773669791666667 0.18468458333333335 0.68385 0.18756145833333332 0.6908530208333333 0.18834364583333332 0.6973254166666667
1 0.6018399999999999 0.6548678124999999 0.5901739583333333 0.6551476041666666 0.5699484375 0.6499707291666666 0.5598528125000001 0.6385385416666666 0.5593330208333334 0.6261238541666666 0.5642505208333334 0.6126466666666667 0.573849375 0.6015052083333334 0.5787655208333333 0.5991672916666667 0.5880966666666667 0.6002004166666667 0.6023619791666667 0.608756875 0.6137604166666667 0.6214587500000001 0.6176483333333334 0.6302446875 0.6176548958333333 0.6370162500000001 0.6140129166666667 0.6457989583333333
1 0.6427861458333334 0.8417513541666667 0.62491625 0.8568155208333333 0.610915 0.8583703125 0.5992440625000001 0.85422375 0.5953613541666667 0.8443539583333333 0.5948423958333334 0.8360417708333333 0.5987283333333333 0.8241561458333333 0.6109139583333333 0.8060009375 0.6285336458333333 0.7951154166666666 0.6386410416666667 0.7943457291666667 0.6482311458333334 0.799769375 0.6515978125 0.8049394791666666 0.6531609374999999 0.8158310416666666 0.6534270833333333 0.8285531249999999
1 0.7076086458333334 0.14471354166666667 0.6899007291666667 0.141689375 0.6721815625 0.13455906250000002 0.6672128125000001 0.12873354166666667 0.6650535416666667 0.11792947916666667 0.6700277083333332 0.10713364583333333 0.6793146875 0.10130104166666666 0.6966008333333333 0.09956666666666666 0.7201454166666666 0.10367322916666667 0.7343916666666667 0.11425427083333334 0.7389359375000001 0.1228978125 0.7391527083333334 0.12915791666666668 0.7358982291666667 0.136080625 0.7298626041666666 0.14255572916666667
0 0.20725010416666667 0.09664822916666667 0.19621604166666667 0.09997947916666666 0.192043125 0.10216666666666667 0.19111125 0.10394041666666666 0.19194479166666667 0.10498802083333333 0.19350760416666668 0.10529822916666666 0.20986229166666667 0.09893791666666667 0.20985645833333333 0.09748510416666667
1 0.679525625 0.22032197916666665 0.6747713541666667 0.227874375 0.6687336458333333 0.23110916666666667 0.6596642708333333 0.231550625 0.6469065625 0.2254925 0.633948125 0.2153515625 0.628341875 0.19547520833333334 0.6296275 0.17949104166666666 0.6337331249999999 0.17171270833333332 0.6384933333333334 0.16761322916666668 0.6488639583333333 0.16825875 0.6600888541666666 0.1816502083333333 0.6734832291666667 0.20238875 0.6784484375000001 0.21211177083333332
1 0.8777361458333334 0.3889846875 0.8637322916666667 0.3957235416666667 0.8422188541666666 0.3980603125 0.833151875 0.3918335416666666 0.8295119791666666 0.3843213541666667 0.8287486458333333 0.3755016666666667 0.8336594791666666 0.3635791666666667 0.8554444791666668 0.3423321875 0.8694109375 0.33351885416666666 0.8818779166666667 0.3301355208333333 0.8943146875 0.33325510416666665 0.8995030208333333 0.3389555208333333 0.9010316666666667 0.3480288541666667 0.9010374999999999 0.3534717708333333 0.8982080208333334 0.36332020833333334 0.8945445833333333 0.3721351041666667
1 0.4853459375 0.0590065625 0.47173822916666663 0.06419739583333334 0.45079125 0.06548885416666667 0.4427984375 0.06159791666666667 0.4402008333333333 0.052083333333333336 0.4412858333333334 0.04454052083333333 0.446036875 0.035021770833333334 0.45985593750000003 0.024017291666666666 0.4782091666666667 0.018830833333333335 0.49462791666666667 0.018827916666666666 0.5028347916666667 0.020779687499999998 0.5062926041666667 0.024230833333333333 0.5084507291666667 0.03049625 0.50824875 0.0374 0.5054286458333334 0.044538125 0.5026258333333333 0.049716875
0 0.569653125 0.444481875 0.5494051041666667 0.4398638541666667 0.5447757291666666 0.43948927083333333 0.5430215625 0.4407384375 0.5437744791666667 0.443106875 0.5574009375000001 0.4476119791666667 0.575656875 0.45173302083333333 0.5774039583333334 0.4517392708333333 0.579906875 0.4497385416666667 0.5792803125 0.44735656250000005
1 0.59276875 0.17180614583333334 0.5969065625 0.1811640625 0.5967386458333334 0.192501875 0.5922324999999999 0.19970104166666666 0.5835878124999999 0.20331052083333334 0.5726123958333333 0.202401875 0.5528114583333333 0.18800354166666666 0.5448880208333333 0.17684833333333336 0.5448951041666666 0.16316 0.5486683333333333 0.15524208333333334 0.5574965625 0.14985177083333331 0.5616331250000001 0.14876562499999998 0.5715285416666667 0.15091906249999998 0.5787341666666667 0.1552478125 0.5844996874999999 0.1604596875
1 0.1486875 0.2715867708333333 0.13571083333333334 0.277035625 0.11809020833333334 0.28066562500000003 0.09321489583333334 0.27573895833333334 0.07429052083333333 0.26511083333333335 0.0610690625 0.2537042708333333 0.055369062499999996 0.24229645833333333 0.05433291666666666 0.23452520833333335 0.06080739583333334 0.22182749999999998 0.08050197916666665 0.21352833333333335 0.10020322916666666 0.21197302083333333 0.1266475 0.2161184375 0.1525659375 0.23348958333333333 0.15852572916666666 0.24645531250000002 0.15956604166666669 0.2601819791666667
1 0.1823540625 0.93040375 0.15654 0.9142195833333333 0.1515571875 0.9005486458333334 0.15155229166666664 0.8890341666666667 0.15777114583333332 0.8815684375 0.17332906250000002 0.8797008333333333 0.18857062500000002 0.8849972916666666 0.21376770833333333 0.9076932291666666 0.2184346875 0.9192078124999999 0.21843322916666666 0.9266684375 0.21345083333333334 0.9325798958333333 0.20380885416666666 0.9356939583333334 0.1966623958333333 0.9360091666666667
1 0.7350686458333333 0.8347537500000001 0.7361008333333333 0.8130084375000001 0.7438761458333333 0.7943538541666667 0.7495745833333333 0.7904521875 0.7581309375 0.790693125 0.7659108333333333 0.7974305208333334 0.7703222916666667 0.8101264583333333 0.7721252083333333 0.83216625 0.7690290625 0.8503291666666667 0.7651260416666666 0.8591229166666667 0.7583877083333334 0.8630036458333333 0.7500987499999999 0.8645833333333334 0.7423315625 0.8635244791666667 0.7402504166666667 0.862483125
1 0.8300795833333333 0.17881114583333335 0.8183829166666666 0.19230875 0.8122681249999999 0.19410791666666669 0.80381 0.19446229166666665 0.7955310416666667 0.18942395833333334 0.7939056250000001 0.17682739583333335 0.8048828125 0.15289291666666666 0.8153213541666666 0.1402884375 0.8237903125 0.13415895833333333 0.8363802083333333 0.1320075 0.8423127083333333 0.13541666666666666 0.8459205208333334 0.14496260416666665 0.84448375 0.15216541666666666 0.8390803125 0.1651328125
0 0.31068406492248063 0.038677083333333334 0.29526083575581397 0.044512291666666676 0.2947415649224806 0.045140729166666664 0.29609823158914733 0.0462859375 0.3006904069767442 0.04723837209302326 0.31078604408914734 0.040244583333333334 0.3122406274224806 0.039311458333333334
1 0.1693346875 0.11301041666666665 0.17906114583333332 0.11926802083333334 0.19612083333333336 0.12013072916666667 0.21318708333333333 0.1162465625 0.22722770833333333 0.10803364583333333 0.233053125 0.10005 0.23456489583333334 0.08903124999999999 0.2304630208333333 0.08363083333333333 0.21448729166666666 0.08104125 0.2 0.0810390625 0.190509375 0.08340739583333333 0.18316166666666664 0.08751510416666666 0.1753940625 0.09399208333333334 0.17085208333333332 0.099826875
1 0.7568063541666666 0.28970468749999995 0.7775794791666667 0.2721708333333333 0.7866505208333333 0.26719937499999996 0.7985490624999999 0.26612427083333334 0.8045820833333334 0.26784864583333334 0.8093442708333334 0.27368312499999997 0.8117264583333333 0.28016166666666664 0.8099988541666666 0.28837427083333333 0.7993898958333333 0.3017666666666667 0.7855911458333333 0.3121322916666667 0.7637607291666666 0.3151464583333333 0.7533837499999999 0.31363583333333334 0.7499461458333333 0.3108339583333333 0.7484306249999999 0.30500531249999996 0.7497377083333333 0.29852239583333334
1 0.8890245833333333 0.5351239583333334 0.8732203125000001 0.5359032291666667 0.8623419791666667 0.5270833333333333 0.85534 0.5208595833333333 0.8532647916666666 0.5133528125 0.8550742708333333 0.49882333333333334 0.8602526041666666 0.49312802083333335 0.8688164583333333 0.48794031250000003 0.8874711458333333 0.4861325 0.9076918749999999 0.4918295833333334 0.9198792708333333 0.500395625 0.9261032291666667 0.5092017708333334 0.9260978125 0.5182788541666666 0.9232407291666667 0.5250120833333333 0.9146947916666667 0.5320009375 0.9019901041666666 0.535380625
0 0.8120775242923531 0.712003591043515 0.8118134769750739 0.7047422898183354 0.8108893113645964 0.6927281368821292 0.8169623996620193 0.6988012251795521 0.8207910857625685 0.7108153781157582 0.82382762991128 0.7256020278833967 0.8206590621039289 0.7322032108153781
0 0.7439195833333333 0.4655504166666667 0.7326760416666667 0.4785341666666667 0.7306711458333334 0.48291729166666664 0.7307950000000001 0.4855469791666666 0.7332976041666667 0.48554729166666666 0.7400467708333333 0.47666885416666666 0.7415448958333334 0.4734090625 0.7440416666666666 0.4692952083333333 0.74717 0.46455104166666666
1 0.27588498546511625 0.034704585755813984 0.2862785271317829 0.02868010658914731 0.3050754021317829 0.020032606589147302 0.3150093604651163 0.018524898255813983 0.32689748546511627 0.02068458575581397 0.3351067562984496 0.02738000242248065 0.33921113129844965 0.03494260658914731 0.3387668604651163 0.04379166908914729 0.33402415213178294 0.05331062742248063 0.3214845687984496 0.06388489825581396 0.29881623546511626 0.07079114825581402 0.27656508963178295 0.07554583575581403 0.2661982146317829 0.07252448158914733 0.25885633963178295 0.0662663565891473 0.2577706104651163 0.0567513565891473 0.2629629021317829 0.04418458575581397
1 0.23597125 0.48035875 0.22571 0.4839644791666667 0.2114971875 0.48306229166666664 0.18467208333333335 0.47046645833333334 0.17387354166666666 0.46145833333333336 0.16972916666666665 0.45155854166666665 0.1701021875 0.4436376041666667 0.1754996875 0.4359044791666667 0.18071374999999998 0.4322916666666667 0.18954052083333334 0.43013937500000005 0.210776875 0.43500052083333335 0.23218770833333335 0.4472415625 0.24010583333333332 0.4575029166666667 0.241915625 0.4652404166666667 0.24172958333333333 0.4731579166666667
1 0.191961875 0.5845421875 0.18278552083333333 0.5928261458333334 0.16711677083333332 0.5975014583333333 0.15398302083333335 0.5944421875 0.14480239583333335 0.5892202083333333 0.1383240625 0.5773533333333333 0.14048833333333333 0.56204625 0.14569916666666666 0.5499832291666666 0.15650520833333334 0.536303125 0.16928947916666667 0.5300058333333334 0.1800840625 0.5298290625 0.19178604166666666 0.534138125 0.19987885416666668 0.5426016666666666 0.20311635416666668 0.5505267708333333 0.203489375 0.5595253125 0.20222260416666668 0.5688761458333332
0 0.5437213541666667 0.26816427083333333 0.5217521875 0.27518458333333334 0.5124045833333333 0.28129604166666666 0.5142044791666667 0.28435635416666666 0.5177935416666667 0.28435604166666667 0.5392215625 0.27571541666666666 0.5442571875 0.27392697916666664 0.5447916666666667 0.2713991666666667
1 0.7888375900401353 0.7152313410963245 0.7888324858734687 0.7069387369296578 0.7916902983734686 0.6944964452629911 0.7981715483734687 0.6836119660963245 0.8056886317068019 0.6786960285963245 0.823571444206802 0.6794585285963245 0.8341960275401353 0.6939875910963245 0.8424945692068019 0.7152357160963245 0.8396393608734686 0.7302641535963245 0.8334204025401353 0.7395984244296578 0.8264162358734686 0.7450480077629912 0.812167069206802 0.7458172785963245 0.7994655067068019 0.7403741535963244 0.7940189442068019 0.7339030077629912
1 0.09136291666666667 0.09831479166666666 0.07429447916666666 0.09939614583333332 0.06112135416666666 0.09550968750000001 0.055501145833333335 0.08471291666666667 0.055284375000000004 0.07779614583333333 0.06176166666666667 0.06699604166666666 0.0848803125 0.051438333333333336 0.10670135416666666 0.04280302083333333 0.11943770833333334 0.043457083333333334 0.12570354166666667 0.0475553125 0.13002322916666667 0.054470833333333336 0.13110843749999998 0.06008895833333334 0.12721708333333334 0.070450625 0.11922791666666667 0.08384885416666667 0.11382520833333333 0.08860156250000001
0 0.06750166666666665 0.48312979166666664 0.06281833333333334 0.4930263541666667 0.06145833333333333 0.4966709375 0.06218864583333333 0.49927229166666665 0.06396375 0.49927625000000003 0.06969197916666667 0.4931315625 0.07594781249999999 0.47979166666666667 0.07698052083333334 0.4751139583333333 0.07656531250000001 0.4717809375 0.07438166666666667 0.47166697916666667 0.07364666666666667 0.4722925
0 0.17364583333333333 0.5525 0.16129677083333332 0.56731875 0.15791666666666665 0.5754166666666667 0.16229166666666667 0.5741666666666667 0.16583333333333333 0.5729166666666666 0.17145833333333332 0.5683333333333334 0.18010416666666668 0.5598958333333334 0.18364583333333334 0.5427083333333333 0.175 0.5471874999999999
1 0.39250427083333334 0.5010416666666667 0.38872541666666666 0.5111241666666666 0.38440010416666665 0.5156235416666667 0.3770267708333333 0.5183158333333333 0.3689180208333333 0.5188633333333333 0.35415635416666663 0.5143603125 0.3433640625 0.5044628125 0.33652322916666666 0.4904203125 0.33401010416666665 0.475835 0.3352640625 0.46378864583333335 0.3408334375 0.4551438541666667 0.35201020833333335 0.4499255208333333 0.36352385416666666 0.4506419791666667 0.3700060416666667 0.45424395833333336 0.38331750000000003 0.46792031250000005 0.3896160416666667 0.4760272916666667 0.39196854166666667 0.485030625
1 0.5276623958333333 0.30456635416666666 0.5132690624999999 0.30510927083333333 0.503363125 0.30456354166666666 0.4974192708333333 0.30061166666666667 0.49383125 0.29323229166666664 0.4940041666666667 0.28243729166666665 0.49850062500000003 0.2703698958333333 0.51163875 0.25669260416666667 0.526765625 0.25056989583333333 0.5408071875 0.24858822916666667 0.5503491666666667 0.24949510416666668 0.5633078125 0.25542947916666664 0.5669035416666667 0.25903427083333336 0.5687015624999999 0.26533072916666667 0.5676208333333334 0.2718097916666667 0.563846875 0.2809963541666667 0.5537661458333333 0.2935891666666667 0.5431429166666667 0.30132885416666666
1 0.5616607291666667 0.607985625 0.5520682291666666 0.6162779166666666 0.5310798958333334 0.6214678125 0.515783125 0.6217154166666667 0.5072316666666666 0.6178321875 0.5010095833333333 0.6097684375 0.5023053125 0.6030210416666667 0.5111211458333333 0.5937279166666667 0.5300363541666667 0.585925 0.5476648958333333 0.5838476041666667 0.5546640625 0.5846318749999999 0.5634735416666667 0.5924304166666666 0.5645154166666667 0.5978707291666667
1 0.07514416666666666 0.521725 0.06398604166666667 0.5253290625 0.0526378125 0.5245983333333333 0.04417895833333333 0.5188539583333334 0.04040604166666666 0.5100259375 0.0387846875 0.49562218750000003 0.042202500000000004 0.48050593750000004 0.05173979166666667 0.4661016666666667 0.06470020833333333 0.4551205208333334 0.0745971875 0.4522480208333333 0.08360322916666667 0.45224031249999996 0.08918177083333334 0.45565770833333336 0.09404895833333334 0.4607028125 0.09818135416666667 0.46790604166666666 0.099810625 0.4767263541666667 0.0990875 0.48590489583333335 0.09368635416666667 0.5008458333333333 0.08936208333333333 0.5100292708333334
1 0.39068958333333337 0.6185094791666667 0.3842135416666667 0.6255007291666667 0.3764282291666667 0.6278337500000001 0.36580937500000005 0.6262776041666667 0.3528501041666667 0.6112478125 0.3453289583333333 0.5863634375 0.3450782291666667 0.5770392708333334 0.3499896875 0.5687394791666667 0.35415260416666666 0.56666375 0.35932854166666667 0.565371875 0.3681354166666667 0.5648486458333333 0.3764325 0.5679622916666667 0.38421364583333334 0.5723651041666666 0.39328635416666663 0.5801453124999999 0.3961375 0.5956969791666666 0.3966485416666667 0.6055436458333333
1 0.3067873958333333 0.6356369791666666 0.30520833333333336 0.6462633333333333 0.30056999999999995 0.6511921875 0.29149166666666665 0.6532652083333333 0.2816476041666667 0.6517041666666666 0.27047343749999997 0.6447086458333333 0.26816947916666667 0.6400454166666666 0.2634695833333333 0.6265642708333333 0.26038937500000003 0.6117867708333333 0.25987125 0.602466875 0.262983125 0.59313 0.2691790625 0.5863938541666667 0.2782573958333333 0.5850903125 0.2860285416666667 0.5869098958333333 0.2961415625 0.5931269791666666 0.30186552083333335 0.6024589583333333 0.3057553125 0.6177554166666667
1 0.735063125 0.7367786458333333 0.7293620833333333 0.7458667708333333 0.720803125 0.7520651041666666 0.7109657291666667 0.7551998958333334 0.7047497916666666 0.7559529166666666 0.6995559375 0.7479520833333333 0.6985116666666666 0.7378213541666666 0.7011052083333333 0.7215042708333333 0.7086352083333334 0.7067362500000001 0.7252096874999999 0.6927083333333334 0.730916875 0.6911819791666667 0.7384323958333333 0.6965961458333333 0.7420640625 0.7017894791666667 0.743363125 0.7108589583333333 0.743359375 0.7209955208333334
1 0.4308690625 0.7090978124999999 0.41345052083333333 0.7181171875000001 0.4025722916666667 0.7199891666666667 0.3904311458333333 0.7174922916666666 0.38546427083333334 0.7112784375000001 0.384525 0.7041247916666666 0.4056863541666667 0.6811026041666667 0.423710625 0.6649302083333333 0.42838385416666663 0.6630683333333334 0.44020291666666667 0.6630710416666666 0.44642437500000004 0.667105 0.44766718749999995 0.67145875 0.44954104166666664 0.6801678125 0.44922416666666665 0.6879467708333333
0 0.08445270833333333 0.07606687499999999 0.09978541666666667 0.06634875 0.10540447916666666 0.06397562500000001 0.10734479166666668 0.06634885416666667 0.10108197916666667 0.07305125 0.08941760416666668 0.0788759375 0.08553041666666666 0.07952572916666667 0.08294270833333334 0.07843927083333332
0 0.3696946875 0.6032114583333333 0.36346947916666666 0.590514375 0.36243916666666665 0.5850630208333333 0.3634738541666667 0.5837783333333333 0.37280916666666664 0.5980280208333333 0.37488322916666666 0.6047652083333334 0.3741117708333333 0.6071026041666666
0 0.12303052083333334 0.24667124999999998 0.087776875 0.2402246875 0.07937968749999999 0.23873395833333333 0.07457895833333333 0.23902739583333332 0.073973125 0.241275625 0.07682697916666667 0.24322541666666667 0.08852833333333333 0.24653083333333334 0.11222583333333333 0.2507259375 0.12197479166666667 0.251166875 0.12738270833333334 0.25117625 0.1290215625 0.24952229166666667
1 0.5468869791666666 0.46956479166666665 0.5321055208333333 0.4625417708333333 0.5222642708333333 0.449070625 0.5204484375 0.43794 0.5217494791666667 0.42962666666666666 0.5287423958333333 0.42184895833333336 0.5424832291666667 0.4190296875 0.5676164583333333 0.418729375 0.5901692708333334 0.4249840625 0.6039150000000001 0.43664677083333336 0.6075352083333333 0.4446585416666667 0.6085775000000001 0.45373145833333334 0.6039075 0.465913125 0.5969141666666666 0.4736875 0.5844773958333334 0.4760269791666667 0.5722823958333334 0.47627708333333335
1 0.6741523958333333 0.69219125 0.6583333333333333 0.713735625 0.6466816666666666 0.7202116666666666 0.6378695833333333 0.7222838541666667 0.6306118749999999 0.7181163541666666 0.625680625 0.7106247916666667 0.6246532291666667 0.6989583333333333 0.6298321875 0.6844243750000001 0.6438269791666666 0.6629357291666668 0.6531592708333334 0.6551536458333334 0.6637889583333333 0.6525717708333333 0.6700010416666667 0.6525639583333334 0.6775211458333333 0.6574663541666667 0.6803844791666667 0.6626375 0.6814104166666667 0.6722355208333333
1 0.8094546875 0.8093513541666667 0.8107527083333333 0.7932893750000001 0.8216447916666667 0.7759089583333334 0.8283764583333333 0.7712515625 0.837455625 0.7751439583333333 0.8423845833333333 0.7808334375 0.8462707291666667 0.7906903125 0.8470390625 0.8028684375 0.8462646875 0.8147990625 0.8423846875 0.8238682291666667 0.8364090625 0.8303460416666667 0.8309758333333334 0.83423625 0.8211179166666667 0.8344926041666666 0.8159321875 0.8313822916666667 0.8141239583333333 0.8274919791666666
1 0.0022126906318082787 0.3145424836601307 0.007999727668845316 0.3045002723311547 0.018212145969498907 0.2925857843137255 0.0318287037037037 0.2895220588235294 0.04238153594771242 0.28986247276688454 0.049700435729847496 0.2978622004357298 0.05361519607843137 0.30756399782135074 0.05616830065359477 0.31998910675381265 0.05072167755991285 0.33139297385620914 0.043062363834422655 0.34194580610021785 0.0352328431372549 0.3502859477124183 0.02876497821350762 0.3557325708061002 0.02008442265795207 0.3579452614379085 0.008850762527233115 0.35675381263616557 0.003744553376906318 0.3516476034858388 0.0011914488017429193 0.34364787581699346 0.00034041394335511985 0.33275462962962965
0 0.01974400871459695 0.3349673202614379 0.023148148148148147 0.3247549019607843 0.025871459694989107 0.31318082788671026 0.0318287037037037 0.3109681372549019 0.03284994553376906 0.3164147603485839 0.029616013071895424 0.3279888344226579 0.027233115468409584 0.33309504357298475 0.024339596949891067 0.33428649237472763
1 0.08118872549019608 0.38109340958605664 0.08731617647058824 0.366625816993464 0.09667755991285402 0.3618600217864924 0.10723039215686274 0.36100898692810457 0.12357026143790849 0.3667960239651416 0.12476171023965142 0.37632761437908496 0.1244212962962963 0.3887527233115468 0.11863425925925926 0.40560321350762524 0.10774101307189542 0.42024101307189543 0.1005923202614379 0.42364515250544665 0.08799700435729847 0.42177287581699346 0.0815291394335512 0.4153050108932462 0.07795479302832244 0.4059436274509804 0.07761437908496732 0.39334831154684097
0 0.09157135076252723 0.3947099673202615 0.09361383442265796 0.386369825708061 0.09803921568627451 0.37922113289760345 0.10127314814814814 0.38109340958605664 0.10042211328976033 0.3885825163398693 0.09803921568627451 0.3957312091503268 0.09378404139433552 0.39811410675381265 0.09191176470588235 0.39641203703703703
1 0.8710972596585804 0.2477818957771788 0.8764319407008087 0.23977987421383648 0.8849955076370171 0.23458557951482478 0.8970687331536388 0.2323393980233603 0.9075977088948787 0.23247978436657682 0.9170035938903864 0.2347259658580413 0.9259883198562444 0.239920260557053 0.933569182389937 0.25409928122192277 0.937219227313567 0.26420709793351305 0.937780772686433 0.27178796046720577 0.9359557502246182 0.2778245732255166 0.9317441599281222 0.2849842767295598 0.9250056154537287 0.28807277628032346 0.9080188679245284 0.2890554806828392 0.8987533692722371 0.2870900718778077 0.8809243036837376 0.273191823899371 0.8755896226415094 0.2658917340521114 0.8713780323450135 0.25774932614555257 0.8705357142857142 0.25143194070080865
1 0.3902640264026403 0.3203382838283828 0.4038778877887789 0.30816831683168316 0.4205858085808581 0.3040429042904291 0.4428630363036304 0.3087871287128713 0.4552392739273927 0.3205445544554456 0.4566831683168317 0.3287953795379538 0.4544141914191419 0.33601485148514854 0.44224422442244227 0.34220297029702973 0.4329620462046205 0.34777227722772275 0.41398514851485146 0.3494224422442244 0.4042904290429043 0.3483910891089109 0.39624587458745875 0.34447194719471946 0.3900577557755776 0.338490099009901 0.3873762376237624 0.331476897689769 0.3873762376237624 0.324463696369637
1 0.5274339933993399 0.7238036303630363 0.5369224422442244 0.7058580858085809 0.5472359735973598 0.7011138613861386 0.5556930693069307 0.7017326732673267 0.5647689768976897 0.7077145214521452 0.5701320132013201 0.7139026402640264 0.571575907590759 0.72483498349835 0.5662128712871287 0.7425742574257426 0.5618811881188119 0.7553630363036304 0.5563118811881188 0.7621699669966997 0.5420792079207921 0.7638201320132013 0.5305280528052806 0.7588696369636965 0.5249587458745875 0.7508250825082509 0.5235148514851485 0.7407178217821783
0 0.7179626937984497 0.2252906976744186 0.7279554263565892 0.2177204457364341 0.7358021570610043 0.21138776541961576 0.7418056959892146 0.20864930906639703 0.7507583417593529 0.20791203235591507 0.7527595214020896 0.2084386585776879 0.7529701718907987 0.21180906639703403 0.7511796427367711 0.21749662959218063 0.7420163464779238 0.22318419278732726 0.732958375463431 0.22697590158409167 0.724953656892484 0.2293983822042467 0.7194767441860465 0.22802915402763732
0 0.8510392040977146 0.3794572498029945 0.854363672182821 0.36886820330969267 0.8623670212765956 0.35938731284475967 0.8719710401891252 0.3553240740740741 0.884407013396375 0.34842888100866826 0.878619976359338 0.35864854215918046 0.8687697005516154 0.3703457446808511 0.8592888100866822 0.377733451536643 0.8521473601260835 0.38118104806934594 0.8504235618597319 0.38118104806934594
0 0.8596060414026193 0.6507446134347276 0.8596060414026193 0.6380703422053231 0.8568335445711871 0.6228876214617659 0.856173426277989 0.6191909590198563 0.8623785382340514 0.6253960709759189 0.865019011406844 0.6326573722010984 0.8652830587241234 0.6405787917194761 0.8635667511618081 0.6478400929446556 0.8615863962822137 0.6511406844106464
0 0.5772243107769424 0.6184210526315789 0.581296992481203 0.6173245614035088 0.5886591478696741 0.6210839598997494 0.5955513784461153 0.62546992481203 0.5914786967418546 0.6348684210526315 0.5845864661654135 0.6318922305764411 0.5783208020050126 0.625
