1 0.8539702083333334 0.008561041666666666 0.8625234375 0.0 0.925769375 0.0 0.9288716666666667 0.002965625 0.9310401041666666 0.015951145833333333 0.9248965625000001 0.03399166666666666 0.9117188541666666 0.05926770833333333 0.9025108333333333 0.07008885416666667 0.8915126041666667 0.07838947916666666 0.8702231250000001 0.08001291666666667 0.8554196875 0.07694458333333333 0.84819875 0.06828302083333333 0.8435142708333333 0.05277 0.8462239583333333 0.0291284375 0.8509064583333333 0.016127604166666667
1 0.5731979166666666 0.09120177083333333 0.57986625 0.08272375 0.5957579166666667 0.07658489583333333 0.6078344791666667 0.07658958333333334 0.6229913541666666 0.08290135416666668 0.63112375 0.09029395833333333 0.6345452083333334 0.1018515625 0.6345504166666667 0.10852843749999999 0.6305783333333334 0.11556416666666666 0.6174016666666666 0.120619375 0.60621125 0.12097729166666667 0.5925073958333333 0.11881625 0.57787625 0.11285979166666667 0.5735586458333334 0.10672104166666667 0.5715723958333334 0.10076531250000001
1 0.7692605208333333 0.5587853125 0.7794419791666667 0.5470936458333333 0.7859430208333333 0.5449273958333334 0.7900569791666666 0.5440605208333333 0.7969864583333333 0.546875 0.8067348958333334 0.554670625 0.8110529166666667 0.5670201041666666 0.8106261458333334 0.5797847916666666 0.8041263541666667 0.5973286458333333 0.7958999999999999 0.6036063541666666 0.787894375 0.6049064583333333 0.77835625 0.6023023958333333 0.7720733333333333 0.5992793750000001 0.7688386458333334 0.5919248958333333 0.7664532291666667 0.5841165625 0.7660158333333332 0.5743788541666667
0 0.7516133333333334 0.661438125 0.74998875 0.6535864583333333 0.7511096875 0.6480680208333334 0.7528620833333334 0.6462098958333333 0.7557382291666667 0.6463203125 0.7572365624999999 0.6493356250000001 0.7594811458333334 0.6599463541666667 0.7611048958333334 0.6673207291666666 0.7603630208333333 0.6700834375 0.7578557291666667 0.6707138541666667 0.7553541666666667 0.6699407291666667
0 0.6698619791666667 0.5687114583333333 0.6742364583333333 0.5568385416666667 0.6786090625 0.5489583333333333 0.6826048958333334 0.5429592708333334 0.6862386458333333 0.5412107291666667 0.6887388541666667 0.54333875 0.6893558333333334 0.5484629166666667 0.6851113541666667 0.5578344791666667 0.6791111458333333 0.5667152083333333 0.6747311458333333 0.582091875 0.6718558333333333 0.5865928125 0.6692348958333334 0.5878378125 0.6672340625000001 0.5858387500000001 0.6654864583333333 0.5804640625 0.6656047916666666 0.5755854166666666
1 0.20776239583333334 0.684375 0.20236354166666667 0.6742076041666666 0.19585489583333335 0.6633759375 0.19586260416666665 0.6423669791666666 0.19759041666666669 0.6324117708333333 0.2023571875 0.6213663541666666 0.20690364583333334 0.6157341666666666 0.211449375 0.6135635416666666 0.22032645833333334 0.6120529166666666 0.23180395833333334 0.6150839583333333 0.24198208333333332 0.6217970833333334 0.25367572916666664 0.6369662500000001 0.2590913541666667 0.65298625 0.26039 0.6644634375 0.2614739583333333 0.677011875 0.26147770833333334 0.6845958333333333 0.25931 0.6926141666666666 0.25475989583333336 0.6991073958333334 0.24154625 0.7030055208333333 0.22444760416666665 0.7019229166666666 0.21642864583333335 0.6969466666666667
0 0.366499375 0.6685133333333333 0.36588645833333333 0.6599639583333333 0.36633385416666664 0.6563714583333333 0.369043125 0.6553135416666667 0.37263583333333333 0.6562147916666666 0.37879729166666665 0.6646241666666667 0.38209197916666665 0.6743662500000001 0.38254229166666665 0.6815682291666667 0.38029395833333335 0.6845725 0.3750494791666667 0.686066875 0.37174291666666665 0.6862138541666667 0.3689120833333333 0.6817098958333333
0 0.6688544791666666 0.6895727083333333 0.6673578125 0.683215625 0.6644865625 0.6810707291666667 0.6643636458333333 0.6781926041666666 0.6657354166666667 0.6769613541666666 0.6701113541666667 0.6769585416666666 0.6726094791666667 0.6818203125 0.6752380208333334 0.6929417708333333 0.6758605208333334 0.6994380208333334 0.6751066666666666 0.7019657291666667 0.6731079166666666 0.7024652083333333 0.6701075 0.69806375
0 0.4112236458333333 0.5252862500000001 0.41106468749999997 0.5168807291666666 0.41152822916666665 0.5098259375 0.4137765625 0.5063853125000001 0.41602125 0.5081795833333334 0.4169263541666667 0.514039375 0.41872208333333333 0.5293252083333333 0.4185628125 0.5378786458333333 0.41557041666666666 0.5438792708333333 0.41197093749999997 0.5462902083333333 0.4110726041666667 0.5440404166666667 0.41184354166666665 0.5371269791666666 0.4125636458333333 0.5312854166666666
1 0.7545027083333333 0.9371998958333333 0.77321625 0.924216875 0.7908838541666667 0.9226514583333334 0.797898125 0.9281051041666667 0.8020614583333334 0.9371992708333334 0.8031039583333333 0.9444852083333333 0.8004970833333334 0.9579922916666667 0.7927070833333333 0.9743613541666666 0.7804812499999999 0.9852753125 0.7693217708333333 0.9899547916666667 0.7573609375 0.9912585416666667 0.7415060416666667 0.9891688541666667 0.73708625 0.9834559375 0.7355405208333334 0.974095625 0.7376080208333333 0.9611058333333333 0.745671875 0.9470791666666667
0 0.1089578125 0.013249375 0.121910625 0.00604375 0.13036989583333333 9.5e-05 0.1320165625 0.0 0.13346083333333333 0.0 0.13504447916666665 0.0035264583333333337 0.13036479166666667 0.0114415625 0.11813239583333333 0.016840104166666665 0.11145833333333334 0.018284583333333333 0.10876614583333333 0.018103125 0.10733177083333333 0.014502604166666665
0 0.04613733575273731 0.5584954628275998 0.02949150241940397 0.5559425461609332 0.024680356586070634 0.5548868169942665 0.025438273252737308 0.5524953586609331 0.030234523252737306 0.5494946294942665 0.04268493991940397 0.5503876503275998 0.05468493991940399 0.5533958794942665 0.05768910658607063 0.5559379628275998 0.0582892107527373 0.5571412961609332 0.05378639825273731 0.5584945253275998
0 0.33406520833333336 0.35007760416666667 0.34666520833333336 0.3308773958333333 0.35115635416666663 0.32848020833333336 0.35280354166666666 0.32908281250000004 0.3535563541666667 0.33313156250000003 0.34741104166666664 0.3457336458333333 0.3382651041666667 0.3652298958333333 0.33466166666666664 0.36763385416666666 0.33061010416666664 0.3677882291666667 0.33015833333333333 0.3643278125 0.33076239583333333 0.3577342708333333
1 0.42392625 0.8773864583333334 0.40936729166666663 0.8784201041666667 0.3885733333333333 0.8711488541666667 0.36857270833333333 0.8599738541666666 0.35297270833333333 0.8417883333333334 0.35168583333333336 0.8295738541666666 0.34986114583333333 0.8139862499999999 0.35868843749999996 0.8009995833333333 0.3672626041666666 0.7952787499999999 0.37792302083333335 0.7937104166666666 0.40052916666666666 0.7958 0.42106104166666664 0.8087870833333334 0.4392402083333333 0.8267098958333333 0.44444239583333334 0.8412655208333334 0.44522572916666664 0.8524425 0.4428877083333333 0.8638702083333333 0.43534968749999997 0.8708859375000001
1 0.5478267708333333 0.4370761458333333 0.5592579166666667 0.42113552083333333 0.5798584375 0.4057984375 0.5961014583333333 0.40083572916666665 0.6049690625 0.4047427083333333 0.6073844791666667 0.4100048958333333 0.6076873958333333 0.4182723958333333 0.6064728125 0.42775218750000005 0.5968530208333332 0.44383406249999996 0.5840705208333333 0.45617479166666663 0.5688821875 0.4656515625 0.5598554166666666 0.4683621875 0.5558017708333334 0.4685023958333333 0.5500872916666667 0.4685032291666667 0.5460266666666667 0.4660980208333333 0.5437696875 0.4630905208333333 0.5428670833333332 0.4581351041666667 0.5428679166666667 0.44880302083333334
1 0.9431979166666667 0.6449632291666667 0.9428432291666666 0.6307038541666666 0.9462695833333333 0.6196979166666666 0.9534820833333334 0.6117519791666666 0.960878125 0.6077861458333333 0.9693597916666667 0.6077842708333333 0.974776875 0.6088655208333333 0.9801921875 0.6173454166666666 0.9832589583333333 0.6258315625 0.9837952083333333 0.6351935416666666 0.9830822916666667 0.6447730208333333 0.979653125 0.6546991666666667 0.9758570833333333 0.6624654166666667 0.970805 0.6667965625 0.9621417708333334 0.6669761458333333 0.9545678125 0.6646306249999999 0.9504146875 0.66210125 0.9478913541666666 0.6575936458333334
1 0.08979333333333334 0.03310645833333333 0.10084229166666667 0.038730625 0.11816510416666667 0.040680729166666665 0.132671875 0.038311770833333335 0.14263072916666666 0.03202708333333333 0.1556260416666667 0.019241875000000002 0.1621165625 0.005822083333333334 0.16079614583333332 0.0 0.09409572916666667 0.0 0.08979416666666666 0.007291666666666667 0.08760489583333333 0.014275208333333334 0.084794375 0.023753020833333336
0 0.6196481299212598 0.10701689632545934 0.6036540354330708 0.10701689632545934 0.5860195209973753 0.10045521653543309 0.5798679461942257 0.09286827427821524 0.5899615067257217 0.09052869750656169 0.6022186679790026 0.08876722440944884 0.6165723425196851 0.09573900918635173 0.6089854002624672 0.09860974409448821 0.6087803477690289 0.10353100393700788
1 0.30536395833333335 0.31514666666666663 0.30067635416666666 0.3210941666666667 0.29706854166666663 0.32614635416666665 0.2927332291666667 0.32741572916666667 0.28461072916666663 0.32777833333333334 0.27739260416666667 0.32290500000000005 0.2728789583333333 0.3180338541666667 0.2680164583333333 0.3108198958333333 0.26801729166666666 0.2994455208333333 0.2743233333333333 0.2817613541666667 0.2860565625 0.27201270833333335 0.29147031250000005 0.26949375 0.29615875 0.26949229166666666 0.3015786458333333 0.2703875 0.30483166666666667 0.27381802083333334 0.30716885416666667 0.2786938541666667 0.31114322916666665 0.28320572916666664 0.31150395833333333 0.3001676041666667 0.30951375 0.30612062500000004
1 0.0 0.01862072916666667 0.0033933333333333333 0.0224978125 0.015729479166666668 0.024665520833333333 0.025915208333333332 0.024228437499999998 0.029813333333333334 0.020546979166666667 0.03458208333333333 0.013400520833333334 0.0389121875 0.004089375 0.0391478125 0.0 0.0 0.0
0 0.5822667708333333 0.290774375 0.5902120833333334 0.28553052083333336 0.5969634374999999 0.28582145833333333 0.59802 0.2892758333333333 0.59742375 0.2933207291666667 0.5893179166666667 0.2973705208333334 0.5804588541666666 0.29856770833333335 0.5785134375 0.2967808333333333 0.5786735416666667 0.2933184375
0 0.2627471875 0.7973339583333333 0.262365 0.7912125 0.2626173958333333 0.78733625 0.26511583333333333 0.7864583333333334 0.2673695833333333 0.7898394791666666 0.269743125 0.8023349999999999 0.2716163541666667 0.8123427083333333 0.27112177083333333 0.8149584375 0.267874375 0.8159655208333334 0.26611875 0.8149651041666667 0.26411947916666667 0.8117116666666667
0 0.5299132291666667 0.3648678125 0.5318740625 0.357674375 0.5344194791666667 0.35436822916666666 0.5381667708333333 0.3554192708333333 0.5393682291666667 0.36112041666666667 0.5389213541666666 0.36532 0.5353142708333334 0.3686190625 0.532315 0.3689203125 0.5305163541666666 0.36831281250000003
1 0.3605870833333333 0.42881843750000004 0.36101145833333337 0.42058520833333335 0.36643281250000004 0.41300489583333333 0.3703280208333333 0.4099690625 0.378996875 0.4080282291666667 0.387433125 0.4091128125 0.399775 0.41366041666666664 0.41817906250000003 0.4314089583333333 0.42143260416666667 0.44072197916666667 0.4214309375 0.4467845833333334 0.4183982291666667 0.4541528125 0.41255416666666667 0.45804197916666667 0.4032486458333333 0.45957177083333334 0.39198125 0.45762458333333333 0.38203000000000004 0.4548095833333334 0.3716263541666667 0.4476634375 0.3649086458333333 0.4379090625
1 0.0681385579657592 0.579690661481414 0.06120772463242587 0.5831524323147473 0.03998824546575908 0.5844582656480807 0.02592407879909239 0.5809886823147473 0.01466324546575904 0.5744904531480804 0.008163662132425743 0.5621480573147472 0.009245328799092374 0.5502331614814139 0.012712828799092376 0.5430910781480806 0.017257828799092413 0.5363847239814138 0.025700328799092422 0.5324884739814139 0.04930209963242573 0.5298825364814139 0.06251595379909253 0.5324885781480806 0.07224824546575917 0.5400585781480806 0.07853001629909244 0.5493689948147472 0.08026782879909242 0.5552095156480804 0.08026647463242574 0.5634381614814138 0.07896834963242576 0.5701625364814138 0.07528814129909243 0.5751417031480804
1 0.3528496875 0.6703079166666667 0.352845 0.6603457291666667 0.35372166666666666 0.6497359374999999 0.3582691666666667 0.6430232291666667 0.3632492708333333 0.6378321875 0.36866427083333336 0.6352280208333333 0.37862333333333337 0.6339327083333333 0.39140427083333335 0.6397807291666666 0.40027427083333333 0.6562321875 0.40308927083333335 0.67311625 0.4020084375 0.68610625 0.39832802083333335 0.6941287500000001 0.38966354166666667 0.7034390625 0.38381708333333336 0.7071214583333333 0.37428197916666667 0.7079803125 0.368438125 0.7043081250000001 0.3621565625 0.6978033333333333 0.35653291666666664 0.689363125
0 0.7034298958333333 0.9460723958333334 0.6951254166666666 0.9482345833333333 0.685759375 0.9532849999999999 0.6835788541666666 0.9563516666666667 0.6857515625 0.9605046875000001 0.6922590625 0.9612196875 0.7025430208333333 0.9570673958333333 0.7059742708333334 0.9540092708333333 0.7079389583333333 0.95003375 0.7073984375 0.9482303125 0.70597875 0.9473239583333334
1 0.0 0.244940625 0.0125325 0.2447346875 0.021188645833333335 0.24907020833333335 0.035486875 0.26356302083333333 0.0437090625 0.28089677083333336 0.044580312500000004 0.29562104166666664 0.04284770833333333 0.30968875 0.03830697916666667 0.3194421875 0.025521041666666668 0.32529166666666665 0.013828958333333334 0.32593052083333335 0.0 0.3176990625
0 0.39479166666666665 0.43969572916666666 0.3829257291666667 0.43250791666666666 0.37656447916666663 0.42823083333333334 0.37740395833333334 0.4245909375 0.3831346875 0.4232329166666667 0.38968802083333337 0.42677895833333335 0.4042740625 0.4370884375 0.4064605208333333 0.43969177083333333 0.4054260416666667 0.44177958333333334 0.4026094791666667 0.4438575 0.3991723958333333 0.4435486458333333
1 0.5576092708333333 1.0 0.5515604166666667 0.985800625 0.5481809375 0.9665633333333333 0.5533796875 0.9483807291666667 0.5601291666666667 0.9410961458333333 0.5702705208333333 0.9387676041666667 0.5778046875 0.938769375 0.5861209375 0.9426590625000001 0.5931266666666667 0.9483845833333333 0.6024873958333333 0.9678741666666667 0.6040494791666667 0.9774825 0.6043101041666666 0.9969739583333334 0.6029030208333332 1.0
0 0.32002458333333333 0.5759858333333334 0.31747010416666666 0.5626351041666666 0.3171709375 0.5581333333333334 0.31973562499999997 0.5564892708333333 0.3224246875 0.5585788541666666 0.32947395833333337 0.5768821875000001 0.33202322916666666 0.5899346875 0.33248770833333335 0.5948767708333332 0.32992385416666664 0.5959344791666666 0.32662208333333337 0.5941334375 0.323773125 0.589183125
1 0.36293447916666666 0.36747010416666664 0.3546315625 0.37613729166666665 0.34541802083333334 0.3820890625 0.33279895833333334 0.38678697916666666 0.32593645833333335 0.3875 0.318355 0.3864208333333333 0.3129471875 0.3801072916666667 0.3104166666666667 0.3725266666666667 0.3113152083333333 0.36207072916666666 0.31836427083333335 0.3443821875 0.33098072916666665 0.3247098958333333 0.34308020833333336 0.3169515625 0.353183125 0.31352125 0.3618529166666667 0.3126244791666667 0.3663641666666667 0.31513979166666667 0.37123104166666665 0.31966208333333335 0.37430104166666667 0.32687958333333333 0.3744778125 0.3378853125 0.37447895833333333 0.34870947916666667
1 0.14936854166666666 0.37540135416666665 0.14806677083333333 0.35675708333333334 0.15244760416666667 0.33945520833333337 0.15950572916666667 0.3274330208333333 0.1677796875 0.3212521875 0.18176677083333334 0.31869854166666667 0.189575 0.3217185416666667 0.19678979166666669 0.3286180208333333 0.20220375 0.340061875 0.20688020833333332 0.35750041666666665 0.20792312500000001 0.3729896875 0.2079264583333333 0.38442000000000004 0.20433229166666667 0.3961396875 0.19453760416666668 0.40757770833333334 0.1879348958333333 0.41163635416666666 0.18115375 0.41298260416666666 0.17455104166666666 0.41209510416666667 0.1700290625 0.41073125000000005 0.16460645833333334 0.406073125 0.15995583333333335 0.39796510416666664 0.15633489583333335 0.39014
1 0.30752572916666665 0.5920833333333333 0.30276833333333336 0.5749823958333333 0.302764375 0.5550604166666666 0.3044926041666667 0.5468389583333334 0.3073135416666667 0.5429338541666666 0.31294072916666665 0.5403385416666667 0.3207452083333333 0.5399005208333333 0.33589833333333335 0.5472654166666667 0.3434775 0.555056875 0.34975968749999997 0.5652406249999999 0.35169875 0.583211875 0.3506196875 0.5992367708333333 0.34629864583333336 0.6094107291666667 0.33915010416666663 0.6156902083333333 0.3337347916666667 0.6169913541666666 0.3289740625 0.616993125 0.3216075 0.6146100000000001 0.3183603125 0.6104929166666667
0 0.7142406250000001 0.40555135416666666 0.7133670833333333 0.4020480208333333 0.7144947916666666 0.395670625 0.7154897916666666 0.393916875 0.7176174999999999 0.3941735416666667 0.7196198958333333 0.3962932291666667 0.7207420833333333 0.39892125 0.7217407291666667 0.4124230208333334 0.7239952083333333 0.42567093749999996 0.7226175 0.4295494791666667 0.721121875 0.4304172916666667 0.7163677083333333 0.4272944791666667 0.7153670833333333 0.4248013541666667 0.7151210416666667 0.4137928125
1 0.024615208333333336 0.951324375 0.035835 0.9444665625 0.0529934375 0.9388479166666667 0.06889260416666666 0.9388491666666667 0.0826234375 0.9450929166666667 0.08885239583333333 0.9550685416666667 0.0907196875 0.9659712500000001 0.09166072916666666 0.9768909375 0.087301875 0.988740625 0.0813675 0.994975625 0.07525166666666668 1.0 0.03597052083333333 1.0 0.0317846875 0.9974789583333333 0.023366458333333333 0.9868747916666667 0.019943854166666667 0.9762623958333333 0.017751874999999997 0.9650491666666666 0.018690416666666664 0.9581776041666666
0 0.2842680208333333 0.3046303125 0.28395875 0.29653833333333335 0.2883058333333333 0.2887329166666667 0.2929594791666667 0.28737604166666664 0.2959584375 0.2939828125 0.2944594791666667 0.3046319791666667 0.2923554166666667 0.30883229166666665 0.286810625 0.3091303125
0 0.6324377083333333 0.4724977083333333 0.6380729166666667 0.4650946875 0.6424415625000001 0.4618741666666667 0.6462935416666666 0.46187208333333335 0.6475510416666667 0.46499718749999996 0.6460857291666666 0.471761875 0.6422330208333332 0.47656010416666666 0.637234375 0.48446968749999997 0.6333821875000001 0.48603250000000003 0.6308841666666667 0.485205625 0.6302577083333334 0.481760625 0.6299421875 0.4785375
1 0.625268125 0.766453125 0.6176845833333334 0.77165 0.6062114583333333 0.77273375 0.5981891666666667 0.7722938541666667 0.5847759375 0.7694877083333334 0.5700463541666667 0.7625585416666667 0.566799375 0.7480453125000001 0.5676592708333333 0.7400320833333333 0.5758863541666667 0.7328911458333334 0.5860691666666666 0.7283336458333333 0.6077248958333333 0.7270322916666667 0.6202851041666667 0.7302868749999999 0.6272110416666667 0.7354870833333333 0.6306852083333333 0.7415489583333332 0.6334901041666666 0.7510783333333334
1 0.7006111458333333 0.38730072916666664 0.7039242708333333 0.3811291666666667 0.7099303124999999 0.3766194791666667 0.7207636458333333 0.3758666666666667 0.7302369791666667 0.3811329166666667 0.7377572916666666 0.39256385416666667 0.7418136458333334 0.40775208333333335 0.7419607291666667 0.42639614583333335 0.7374561458333333 0.439185625 0.7323382291666667 0.44444406249999996 0.7260209375 0.447295625 0.71925875 0.4486466666666667 0.7136913541666666 0.4474484375 0.7090394791666667 0.44444739583333337 0.7027157291666666 0.4316596875 0.6989583333333333 0.41708229166666666 0.6989583333333333 0.3993319791666667
0 0.3913670833333333 0.8358387500000001 0.3764930208333333 0.8273436458333333 0.3728653125 0.823211875 0.37162291666666664 0.8190867708333334 0.37324666666666667 0.8160909375000001 0.3814958333333333 0.8167171875 0.404116875 0.8317180208333333 0.4169982291666667 0.8439658333333333 0.42086802083333336 0.8504659375 0.4207423958333333 0.8528385416666667 0.4171213541666667 0.8545932291666667 0.41099427083333334 0.8550883333333333 0.40649041666666663 0.8515878125
1 0.2961598958333333 0.16831510416666667 0.3087238541666667 0.17048458333333333 0.3236832291666667 0.17957895833333334 0.330385 0.1953828125 0.3303845833333333 0.20989000000000002 0.321495 0.2246165625 0.30091802083333336 0.23544145833333333 0.2868523958333334 0.23912104166666664 0.27301625 0.23956020833333333 0.2615357291666667 0.23653010416666667 0.2524209375 0.22894364583333332 0.24678989583333333 0.21552885416666667 0.2463559375 0.20123145833333334 0.24786739583333334 0.1904060416666667 0.2537230208333333 0.17871499999999998 0.2669271875 0.17199625 0.28403177083333336 0.16809375000000001
1 0.9314068750000001 0.20356958333333333 0.9457017708333333 0.200444375 0.9690863541666667 0.20720291666666668 0.9846778125 0.21785916666666666 0.9883173958333333 0.22903104166666666 0.9890946875 0.23759875 0.9854672916666666 0.24618479166666668 0.974285 0.25033760416666667 0.9568801041666667 0.25163416666666666 0.9366116666666666 0.24332156249999998 0.921801875 0.23110489583333335 0.9191976041666667 0.2228015625 0.9207527083333333 0.21395781249999998
1 0.6573178125 0.710795 0.6508214583333333 0.69911375 0.6490892708333333 0.6794010416666667 0.6490845833333334 0.6718192708333334 0.6525503125000001 0.664889375 0.6568755208333333 0.6594876041666667 0.6640270833333334 0.6573218749999999 0.6707436458333333 0.6579676041666667 0.6807028125 0.66445875 0.6856783333333334 0.6791804166666666 0.6891507291666666 0.6952114583333333 0.6882747916666666 0.7107985416666666 0.68286625 0.7164317708333333 0.6783173958333334 0.7194664583333333 0.6731146875 0.7207704166666667 0.6670546875 0.7207678125 0.6627272916666667 0.72032875
1 0.7940778125 0.4011427083333333 0.79445625 0.38399833333333333 0.7980714583333334 0.37077052083333334 0.8060326041666667 0.36595520833333334 0.8151876041666667 0.36519572916666665 0.8233128125 0.3688192708333334 0.8308238541666667 0.3775144791666667 0.8362497916666667 0.3906179166666667 0.8386461458333333 0.4077407291666667 0.8379114583333334 0.4214359375 0.8327995833333334 0.43271041666666665 0.8258651041666667 0.43858916666666664 0.816860625 0.4406805208333333 0.81203125 0.44021895833333335 0.80692 0.43858604166666665 0.8037696875000001 0.4354166666666667 0.798948125 0.4251990625 0.795945625 0.41467552083333337
1 0.6245227083333333 0.4522701041666667 0.6341389583333333 0.4450471875 0.6431722916666666 0.44203718750000004 0.6508407291666667 0.4415923958333333 0.6604655208333334 0.4444416666666667 0.6669341666666667 0.4533134375 0.6688783333333334 0.4620390625 0.6690348958333333 0.46911270833333335 0.6651163541666667 0.48294656249999995 0.6536885416666667 0.49647458333333333 0.6397178125 0.5071519791666667 0.6335429166666666 0.508954375 0.6206108333333333 0.5051960416666667 0.6133957291666667 0.4978302083333333 0.6100852083333332 0.4875971875 0.6111444791666667 0.47662708333333337 0.6147407291666667 0.46474270833333337 0.6206126041666666 0.4558654166666667
1 0.6495146875 0.5637696875 0.6603496875 0.546875 0.6765890625 0.529340625 0.6863291666666667 0.5243542708333334 0.6945603125 0.5247866666666667 0.7023608333333333 0.5304255208333334 0.7075552083333334 0.5401583333333334 0.7082040625 0.5509982291666666 0.7066835416666667 0.5683183333333334 0.6980217708333334 0.5821710416666667 0.6815648958333332 0.6016628125000001 0.6724742708333333 0.60491625 0.665333125 0.6051291666666666 0.6584040625 0.6027471875 0.652986875 0.5973319791666667 0.6490878124999999 0.5897557291666666 0.6464828125000001 0.5828279166666667 0.6454036458333333 0.5758865624999999
0 0.7609221875000001 0.9596580208333333 0.7742577083333334 0.9478858333333334 0.783108125 0.9422698958333334 0.7868572916666667 0.9418508333333333 0.7882121875 0.9453867708333333 0.7845720833333334 0.9517438541666666 0.7762386458333334 0.9570583333333332 0.7681139583333334 0.9673684375 0.7659207291666666 0.9714295833333334 0.7634221875 0.9746572916666667 0.7600877083333334 0.9767438541666666 0.7574838541666666 0.9772680208333333 0.75571875 0.9754966666666667 0.7550916666666667 0.9729927083333333 0.7554036458333333 0.9690360416666667
1 0.5978129166666667 0.03552125 0.5822247916666666 0.04438104166666667 0.5616915625 0.052458854166666666 0.5377834375 0.053729270833333335 0.5281720833333333 0.049601875000000004 0.5255726041666666 0.04333604166666667 0.5255636458333333 0.03397979166666667 0.5263536458333333 0.024906666666666667 0.5305078125 0.013458020833333334 0.5427083333333333 0.006673020833333334 0.5535452083333333 0.0 0.60307 0.0 0.6061272916666667 0.003055 0.6084614583333334 0.013448125 0.6095036458333334 0.021539583333333334
0 0.27331656249999997 0.20113395833333333 0.29101260416666663 0.1987386458333333 0.30226427083333335 0.1979859375 0.3051129166666666 0.19813322916666667 0.3054088541666667 0.2011329166666667 0.3021055208333333 0.20398947916666668 0.28441510416666665 0.20698572916666666 0.2767642708333333 0.20832364583333335 0.27286197916666666 0.20832947916666666 0.2709154166666667 0.20578916666666666 0.27002052083333333 0.20323750000000002
0 0.7842385416666667 0.5684644791666666 0.7876089583333333 0.5663436458333333 0.7922366666666666 0.5662157291666666 0.7938541666666666 0.5707094791666666 0.7917292708333333 0.5808398958333334 0.7903598958333333 0.5844605208333333 0.7849886458333334 0.5847129166666666 0.7823623958333333 0.5833333333333334 0.780983125 0.579965625 0.7807315625 0.5752168750000001
0 0.9410572916666666 0.85953375 0.9424346875 0.853538125 0.94618 0.8529161458333333 0.94918625 0.8585352083333333 0.9493022916666667 0.86891375 0.9470589583333333 0.8739157291666667 0.9445528125 0.8754123958333333 0.9429316666666666 0.8727916666666666 0.9418072916666667 0.8657871875
1 0.7471821875 0.6858989583333333 0.7430701041666666 0.6791821875 0.7370052083333333 0.6703073958333333 0.7354805208333333 0.6629471875 0.7354845833333333 0.6557975 0.7354881249999999 0.6480067708333334 0.7387338541666666 0.639334375 0.7434919791666666 0.632851875 0.7476057291666667 0.6306820833333333 0.7558420833333332 0.62916375 0.7640634375 0.6298146875 0.7757620833333333 0.6352222916666667 0.78247 0.6415096874999999 0.7852854166666667 0.6490878124999999 0.7868118749999999 0.6596904166666667 0.7861590625 0.6705285416666666 0.7759840625 0.6824346875 0.7679664583333333 0.6861065624999999 0.76169125 0.6867664583333333 0.7547589583333333 0.6878498958333333
1 0.9335526041666667 0.7245009375 0.9402295833333334 0.7190928125 0.9497927083333334 0.7136717708333333 0.9669432291666666 0.7113329166666666 0.9846328124999999 0.7144011458333334 1.0 0.7216554166666668 1.0 0.7630066666666667 0.9887734375 0.7681692708333333 0.9626067708333333 0.7715976041666667 0.9431246875 0.7699707291666668 0.9326609375 0.7661901041666667 0.9274261458333334 0.7616719791666667 0.9248977083333333 0.7541003125 0.92490125 0.7459784375 0.9259846875 0.7382178125000001 0.9277888541666666 0.7319028125
0 0.5696796875000001 0.9742759375 0.5672852083333333 0.9649759375 0.5665389583333333 0.9595765625 0.5699854166666667 0.9556792708333333 0.5729838541666666 0.95643 0.5738776041666667 0.961529375 0.5762908333333333 0.9762204166666667 0.5824313541666667 0.9889703125 0.5831814583333333 0.9945271874999999 0.5815405208333334 0.9970763541666667 0.5761339583333334 0.9949738541666666 0.5731353124999999 0.9903247916666668 0.5702821875 0.9841798958333333
1 0.657285625 0.0108990625 0.66342375 0.00062375 0.6681398958333333 0.0 0.7162668750000001 0.0 0.7189909375 0.004403854166666666 0.7208066666666666 0.012698020833333332 0.7170115625 0.03183427083333333 0.7060092708333333 0.05168645833333333 0.6931951041666667 0.06106635416666666 0.6847138541666666 0.06394895833333333 0.6751497916666668 0.06431760416666667 0.6655933333333334 0.06305510416666667 0.6590931250000001 0.05781854166666667 0.6558415624999999 0.05024760416666666 0.6549413541666667 0.044289479166666666 0.6545743749999999 0.028591250000000002
1 0.11292239583333334 0.6733420833333333 0.11075333333333333 0.6586092708333333 0.11053822916666665 0.6443152083333333 0.11313677083333333 0.6352271875 0.11638791666666666 0.6291575 0.11964291666666667 0.6269985416666667 0.13132625 0.6254828124999999 0.13890802083333334 0.6276548958333333 0.14670552083333332 0.6345753125000001 0.15146 0.6464802083333333 0.1532034375 0.6571010416666667 0.15363447916666667 0.6655466666666666 0.15211614583333333 0.6768026041666667 0.14628104166666667 0.6882753125 0.13912489583333335 0.6932651041666666 0.13002197916666666 0.6947763541666667 0.12266666666666667 0.6932604166666666 0.11811729166666667 0.6895775000000001
1 0.9647810416666667 0.8690421875 0.9611739583333333 0.8822260416666666 0.9577340625 0.8870903125 0.9474570833333333 0.8917842708333333 0.9378873958333334 0.8903396874999999 0.9324790625 0.8879945833333333 0.9283320833333334 0.8812995833333334 0.9261585416666667 0.8757216666666667 0.9257934375 0.8699346875 0.9258007291666667 0.8614583333333333 0.9274267708333334 0.8529857291666667 0.9295920833333333 0.8477578124999999 0.9339176041666666 0.8430536458333333 0.9391552083333334 0.8405367708333333 0.9467336458333333 0.8403402083333333 0.9508816666666667 0.8414189583333334 0.9557545833333333 0.8452247916666666 0.960443125 0.8520672916666666
0 0.5789980208333334 0.4252940625 0.5851184375 0.41817583333333336 0.5896216666666666 0.41655166666666665 0.5914922916666666 0.41817072916666664 0.5909958333333333 0.42391989583333334 0.5759920833333333 0.43966854166666663 0.5688718749999999 0.44954468750000004 0.5623713541666666 0.4525472916666667 0.5591162500000001 0.45117104166666666 0.5583727083333333 0.44779562500000003 0.5601223958333333 0.44455083333333334 0.5761185416666667 0.4301710416666667
0 0.5718402083333333 0.60761875 0.569446875 0.5914239583333334 0.5691380208333333 0.5852651041666667 0.5697466666666667 0.5822629166666666 0.5713870833333333 0.5818176041666666 0.5739479166666667 0.5833160416666666 0.5779913541666667 0.5945698958333333 0.5799408333333333 0.6058215625 0.5788926041666667 0.6214210416666667 0.5763370833333333 0.6259179166666667 0.5736395833333333 0.6251666666666666 0.5731891666666667 0.6220203125
1 0.2506011458333333 0.8012526041666667 0.25059770833333334 0.7856574999999999 0.2531948958333333 0.7791611458333333 0.26124166666666665 0.7760416666666666 0.2680077083333333 0.775266875 0.27502114583333337 0.7765641666666667 0.2817790625 0.7827947916666667 0.288016875 0.791384375 0.2911286458333333 0.80228625 0.2926928125 0.8137241666666667 0.292434375 0.8259370833333333 0.28151895833333335 0.8316458333333333 0.26930885416666667 0.8334732291666668 0.2607335416666667 0.8293219791666666 0.25554031250000003 0.8217733333333332 0.253716875 0.8126852083333334
0 0.8085470833333334 0.4 0.8071635416666666 0.3927601041666666 0.8071643749999999 0.38737802083333334 0.8090316666666666 0.3853815625 0.8119160416666666 0.3853765625 0.8134153125 0.38775302083333335 0.8141604166666667 0.392384375 0.8181596875 0.40675677083333334 0.8182894791666667 0.41337541666666666 0.8171645833333333 0.41625135416666664 0.8146609374999999 0.41650770833333334 0.8135390625 0.4153810416666667 0.8114082291666667 0.4102571875 0.8100315625000001 0.40463031250000003
0 0.9761132291666667 0.7503383333333333 0.9675604166666666 0.7510927083333333 0.9584098958333332 0.754085 0.9501620833333334 0.7549976041666666 0.9452005208333334 0.7542449999999999 0.9429567708333334 0.7525838541666666 0.9422060416666667 0.7504915625 0.9435526041666668 0.7482413541666666 0.9593023958333333 0.7443392708333333 0.9767048958333333 0.7435885416666667 0.9791069791666666 0.7452405208333333 0.97986125 0.7488335416666666
0 0.17603895833333333 0.36545822916666665 0.17528552083333335 0.35 0.17514333333333332 0.34385531249999995 0.17664364583333333 0.3402558333333333 0.17783645833333334 0.34025239583333333 0.18278822916666665 0.3483630208333333 0.184428125 0.35691 0.18353729166666666 0.376108125 0.18278999999999998 0.38991010416666666 0.17978322916666667 0.3941123958333333 0.17813822916666666 0.3941134375 0.17618520833333334 0.38886333333333334 0.1751396875 0.38375239583333337
1 0.14340822916666665 0.5360959375000001 0.13380093750000002 0.5411081249999999 0.128201875 0.5414789583333334 0.11230718749999999 0.535159375 0.1032903125 0.5230765625 0.10131 0.5111553125 0.10186135416666667 0.5039215625 0.10562374999999999 0.49924250000000003 0.111425625 0.4972753125 0.11646302083333333 0.4972755208333333 0.12802520833333333 0.499605625 0.14065291666666668 0.5082647916666666 0.1438975 0.5145733333333333 0.14551166666666668 0.5210763541666666
1 0.5446529166666667 0.604874375 0.5463765625 0.5868944791666666 0.5576376041666666 0.5702197916666666 0.5637070833333334 0.5673961458333333 0.569119375 0.5669773958333334 0.578215625 0.5680573958333334 0.595535 0.5810448958333333 0.60485125 0.6000955208333333 0.5976990625 0.6336745833333333 0.5912068749999999 0.644056875 0.5777778125 0.6477420833333334 0.5675948958333333 0.6462218750000001 0.5600266666666667 0.6427616666666667 0.5543870833333333 0.6384361458333333 0.5502722916666667 0.6308519791666666 0.5459471874999999 0.6185502083333334
0 0.6788659375 0.029473854166666664 0.6859189583333334 0.010273541666666667 0.6887641666666667 0.0032232291666666668 0.6908726041666667 0.0020303125 0.693426875 0.003969270833333333 0.6940134375 0.008771979166666666 0.6880136458333334 0.029030416666666666 0.6835111458333334 0.04086875 0.6784205208333333 0.04777666666666667 0.675865 0.04912020833333333 0.6739254166666666 0.048971041666666666 0.673921875 0.04177364583333333
1 0.7242314583333334 0.09102927083333333 0.7312703125 0.08470291666666667 0.7411929166666666 0.08002031250000001 0.7489554166666667 0.07965572916666666 0.7538239583333334 0.08146739583333333 0.7576216666666666 0.08705322916666666 0.7592415625 0.09137947916666667 0.7603246875 0.101480625 0.7603310416666668 0.11032916666666666 0.7523845833333334 0.1195384375 0.7438973958333333 0.12675385416666668 0.7370452083333333 0.13036302083333334 0.7282070833333333 0.1303578125 0.7222411458333333 0.12747177083333333 0.7198975 0.12386989583333333 0.7188166666666667 0.1141190625 0.7188183333333333 0.107615625
1 0.40324708333333337 0.4987504166666667 0.414501875 0.49377947916666665 0.4212164583333333 0.4929075 0.42707229166666666 0.4937709375 0.435725 0.5035214583333334 0.43767197916666667 0.508283125 0.4407032291666667 0.51868 0.44114583333333335 0.5321098958333333 0.4385330208333333 0.5457507291666667 0.42901802083333335 0.5578790625 0.4194825 0.5626452083333333 0.4149317708333333 0.5641627083333333 0.40692218750000003 0.5635030208333334 0.40107447916666666 0.5593922916666667 0.39610333333333336 0.5526820833333334 0.39241 0.540981875 0.3924141666666667 0.5288621875 0.3932821875 0.5197610416666667 0.3961017708333333 0.5095920833333333
1 0.4467658333333333 0.6464430208333333 0.44828427083333333 0.6353997916666666 0.451961875 0.6202476041666666 0.4601891666666667 0.6107114583333334 0.46603541666666665 0.6085421875 0.47037437499999996 0.608769375 0.4775183333333333 0.6126576041666667 0.48336666666666667 0.6182933333333334 0.4898613541666667 0.6280365625000001 0.49418958333333335 0.64081375 0.49332906249999997 0.6590055208333333 0.48640416666666664 0.6700466666666667 0.4764292708333333 0.6726451041666667 0.47014885416666663 0.6732954166666667 0.46279833333333337 0.6732938541666668 0.45760270833333333 0.6691861458333332 0.45370083333333333 0.6639795833333333
1 0.5570669791666667 0.36322687499999995 0.5506023958333334 0.37480375 0.5381120833333333 0.3866867708333333 0.5304393749999999 0.38969583333333335 0.52247375 0.3890925 0.5187092708333333 0.38442802083333333 0.5148023958333333 0.377811875 0.5152575 0.3662344791666667 0.5242775 0.3454879166666667 0.5357097916666667 0.3346532291666667 0.540069375 0.33314635416666666 0.5453244791666666 0.3331545833333333 0.5480320833333334 0.33420802083333334 0.5514899999999999 0.33705625 0.5545097916666666 0.3408219791666667 0.5573576041666667 0.3539001041666667
0 0.011673333333333334 0.28370520833333335 0.0060519791666666664 0.27219625000000003 0.005045 0.26794177083333337 0.004801770833333333 0.26431583333333336 0.005922395833333333 0.26294666666666666 0.009171041666666666 0.2630653125 0.013420208333333333 0.26844072916666667 0.01905010416666667 0.2808201041666667 0.023671770833333335 0.2990671875 0.023170520833333333 0.30644354166666665 0.020424166666666667 0.3078134375 0.018674583333333335 0.30669593749999996 0.01679354166666667 0.3039380208333334 0.015922291666666664 0.29681697916666666
1 0.9585075812308869 0.9443133792048929 0.9678235187308869 0.9371690042048929 0.9821120603975536 0.9319666083715595 0.9942358103975536 0.9297982750382262 1.0013474770642203 0.9300579625382263 1.0013474770642203 0.9784533792048928 0.9682574770642203 0.9763542125382262 0.9552637270642202 0.9739762958715595 0.9504949770642203 0.9666076500382261 0.9498493520642202 0.9607650458715595 0.9498536228975536 0.9529649417048929
1 0.5682931250000001 0.28066791666666663 0.5750620833333334 0.27434854166666667 0.5884375 0.26789124999999997 0.6012266666666667 0.2674372916666667 0.6101 0.27089114583333335 0.6167152083333334 0.2775082291666667 0.6194233333333333 0.2850215625 0.6198715625 0.2911882291666667 0.6176145833333333 0.30021354166666664 0.6061961458333334 0.31044083333333333 0.598670625 0.3156982291666666 0.5885969791666666 0.31811114583333333 0.5798741666666667 0.31705218749999997 0.5732552083333334 0.3133008333333333 0.5673891666666666 0.306986875 0.5657322916666666 0.3023205208333334 0.5637907291666667 0.29450010416666667 0.5648409375 0.2863776041666667
1 0.13260166666666667 0.7572860416666667 0.151306875 0.7432516666666668 0.16690395833333332 0.7367571875 0.17806541666666667 0.7403921875 0.1832621875 0.7455840625000001 0.18560677083333335 0.7588392708333332 0.18405177083333332 0.7674196875 0.16299916666666667 0.7866360416666667 0.146634375 0.7931359375 0.13623354166666665 0.7921019791666667 0.12350041666666667 0.7861276041666667 0.12194604166666667 0.7788532291666667 0.12220822916666667 0.7702782291666667
0 0.4617413541666667 0.6442105208333333 0.4609916666666667 0.6382126041666666 0.46204718749999996 0.6329659375 0.46624166666666667 0.6316211458333334 0.4702925 0.632370625 0.4734434375 0.6391169791666667 0.4749448958333333 0.64467375 0.4749463541666667 0.6515648958333333 0.4741930208333333 0.6559174999999999 0.470301875 0.6571224999999999 0.46773989583333336 0.6562147916666666 0.4653390625 0.6529198958333333 0.4639979166666667 0.6511183333333334
1 0.7064361458333334 0.9740992708333334 0.694729375 0.9785252083333333 0.6830459375 0.9793014583333334 0.6757623958333333 0.9733313541666667 0.6716061458333333 0.9670872916666667 0.6700446875 0.9541023958333333 0.6726467708333334 0.9460390625 0.6796663541666667 0.9392886458333333 0.6908378125 0.9343447916666666 0.709290625 0.9320077083333334 0.7160446875 0.9353808333333333 0.7181155208333333 0.9405797916666666 0.7199411458333334 0.9496873958333333 0.7189019791666666 0.9600682291666666 0.7147441666666666 0.9665722916666667
0 0.22579364583333333 0.6492829166666667 0.22263895833333333 0.6458333333333334 0.220395625 0.6416361458333333 0.219045 0.6338352083333334 0.21979166666666666 0.6318922916666666 0.22114291666666666 0.6312880208333334 0.22429249999999998 0.6327813541666667 0.22924375000000002 0.6396788541666666 0.235551875 0.6533434375 0.2392959375 0.6642858333333332 0.23988875 0.671038125 0.23899645833333333 0.6762886458333334 0.23674364583333332 0.678538125 0.23388541666666668 0.6777869791666667 0.23164072916666667 0.6725329166666667 0.23149229166666666 0.6666816666666667 0.22879510416666668 0.6581415625000001
1 0.4259428125 0.2727089583333333 0.438179375 0.255778125 0.4520807291666667 0.24530927083333334 0.4661458333333333 0.24080031249999997 0.4753471875 0.2407966666666667 0.4825708333333333 0.24278739583333334 0.48617760416666667 0.24729333333333334 0.4838310416666667 0.2568626041666667 0.47716125 0.2703869791666667 0.46704604166666663 0.28500291666666666 0.45442354166666665 0.293670625 0.4340269791666667 0.3039577083333333 0.425 0.30485666666666666 0.422470625 0.3021548958333333 0.42121583333333334 0.29781802083333336 0.420666875 0.2913325 0.4206729166666667 0.2837413541666667
1 0.4625884732052578 0.3285094371418941 0.46817071115604986 0.31839821368385574 0.47870323559150657 0.30702308729356254 0.48576002696326254 0.30207280080889787 0.49207954162453654 0.30186215032018876 0.4972404785979103 0.3025994270306707 0.5033493427704753 0.3073390630266262 0.5064037748567576 0.3139745534209639 0.5031386922817661 0.32829878665318507 0.49650320188742836 0.3408324907313785 0.49207954162453654 0.3483105830805527 0.48533872598584427 0.35283956858779914 0.478597910347152 0.35473542298618127 0.4704878665318503 0.35463009774182674 0.46364172564880346 0.3507330637007078 0.4600606673407482 0.34504550050556115 0.4597446916076845 0.3361981799797775
0 0.03216911764705883 0.9696691176470588 0.040679466230936816 0.9669458061002179 0.05004084967320262 0.9664351851851851 0.06569989106753812 0.9700095315904139 0.07693355119825708 0.97307325708061 0.0679125816993464 0.9766476034858388 0.045104847494553374 0.977328431372549 0.03370098039215686 0.9727328431372548
