1 0.8512173694779116 0.14024849397590358 0.8374121485943775 0.1330321285140562 0.8345883534136546 0.1267570281124498 0.8352158634538152 0.1195406626506024 0.8383534136546184 0.11420682730923694 0.8424322289156625 0.10887299196787148 0.845883534136546 0.10510793172690762 0.8490210843373494 0.10259789156626506 0.8537274096385541 0.10008785140562249 0.8568649598393574 0.09851907630522087 0.8615712851405621 0.09757781124497991 0.8665913654618473 0.09695030120481926 0.8719252008032128 0.09663654618473895 0.8822791164658633 0.09914658634538152 0.8901229919678714 0.10197038152610441 0.8935742971887549 0.10385291164658633 0.8963980923694778 0.10667670682730922 0.8998493975903614 0.1107555220883534 0.9023594377510039 0.1151480923694779 0.9051832329317268 0.12048192771084336 0.9064382530120482 0.12612951807228914 0.9048694779116465 0.13020833333333331 0.901418172690763 0.1355421686746988 0.8976531124497991 0.13836596385542166 0.8929467871485942 0.14056224899598393 0.8891817269076304 0.1421310240963855 0.8857304216867469 0.1433860441767068 0.8819653614457831 0.14432730923694778 0.8778865461847388 0.14558232931726905 0.873180220883534 0.1458960843373494 0.8691014056224898 0.1458960843373494 0.8656501004016063 0.14526857429718873 0.8609437751004015 0.14369979919678713
1 0.8872991967871485 0.1888805220883534 0.8904367469879517 0.18511546184738953 0.8938880522088353 0.18103664658634538 0.8970256024096385 0.17852660642570278 0.901418172690763 0.17507530120481926 0.90832078313253 0.17131024096385541 0.9139683734939759 0.16942771084337346 0.918988453815261 0.16911395582329317 0.9246360441767068 0.16911395582329317 0.9299698795180722 0.17036897590361447 0.9349899598393574 0.1725652610441767 0.9400100401606425 0.1744477911646586 0.944402610441767 0.17664407630522086 0.9494226907630522 0.1788403614457831 0.9544427710843373 0.18197791164658633 0.9585215863453815 0.18480170682730923 0.9622866465863453 0.18982178714859438 0.9657379518072289 0.19452811244979917 0.9685617469879517 0.19892068273092367 0.9701305220883534 0.20425451807228914 0.9701305220883534 0.2108433734939759 0.9685617469879517 0.2186872489959839 0.9644829317269076 0.22464859437751003 0.9600903614457831 0.22715863453815258 0.9525602409638553 0.22778614457831325 0.9459713855421686 0.22778614457831325 0.9400100401606425 0.22778614457831325 0.935617469879518 0.2274723895582329 0.932793674698795 0.22684487951807228 0.9290286144578312 0.22558985943775098 0.9249497991967871 0.2243348393574297 0.9196159638554217 0.22245230923694775 0.9152233935742972 0.2202560240963855 0.9089482931726907 0.2171184738955823 0.9029869477911646 0.21335341365461843 0.8982806224899598 0.21021586345381524 0.8948293172690762 0.20707831325301204 0.8923192771084337 0.2033132530120482 0.8894954819277108 0.19892068273092367 0.8866716867469879 0.19358684738955823
1 0.5161270080321284 0.14997489959839355 0.5057730923694779 0.14244477911646586 0.5026355421686747 0.13867971887550198 0.5001255020080321 0.1330321285140562 0.4994979919678714 0.12581576305220882 0.5026355421686747 0.11797188755020079 0.5073418674698795 0.11232429718875502 0.5120481927710843 0.11012801204819275 0.5183232931726908 0.10824548192771083 0.5236571285140562 0.10761797188755019 0.5318147590361445 0.10793172690763052 0.5393448795180723 0.10918674698795179 0.5459337349397589 0.11012801204819275 0.5534638554216866 0.11138303212851405 0.5587976907630522 0.11295180722891565 0.5644452811244979 0.11577560240963855 0.5694653614457831 0.12079568273092368 0.5738579317269076 0.1267570281124498 0.5763679718875501 0.13365963855421686 0.5763679718875501 0.13836596385542166 0.5747991967871485 0.14275853413654618 0.5713478915662651 0.147464859437751 0.5669553212851405 0.14997489959839355 0.5628765060240963 0.15373995983935743 0.5575426706827309 0.15687751004016062 0.552836345381526 0.15781877510040157 0.5481300200803213 0.15781877510040157 0.5421686746987951 0.15750502008032127 0.5368348393574297 0.15687751004016062 0.533383534136546 0.15625 0.5293047188755019 0.15530873493975902 0.5236571285140562 0.15373995983935743
1 0.5970758032128514 0.2111571285140562 0.5911144578313253 0.20864708835341364 0.587976907630522 0.20739206827309237 0.5860943775100401 0.2067645582329317 0.582015562248996 0.20550953815261044 0.5766817269076304 0.20394076305220882 0.5710341365461847 0.20174447791164657 0.5641315261044176 0.19735190763052207 0.5581701807228915 0.19107680722891565 0.5562876506024096 0.18668423694779115 0.5566014056224898 0.18135040160642568 0.5594252008032128 0.1757028112449799 0.5638177710843374 0.1697414658634538 0.5688378514056224 0.16566265060240962 0.5744854417670683 0.1622113453815261 0.5810742971887549 0.15970130522088352 0.587976907630522 0.15844628514056225 0.5951932730923695 0.15844628514056225 0.6017821285140562 0.15876004016064255 0.6080572289156626 0.16001506024096385 0.613391064257028 0.16189759036144577 0.6180973895582329 0.16472138554216864 0.6215486947791165 0.16691767068273092 0.625 0.16942771084337346 0.6287650602409638 0.17193775100401607 0.6315888554216866 0.1744477911646586 0.6344126506024096 0.1772715863453815 0.6378639558232931 0.18135040160642568 0.6400602409638554 0.18511546184738953 0.6422565261044176 0.18856676706827308 0.6444528112449799 0.1920180722891566 0.6453940763052208 0.19609688755020077 0.6457078313253012 0.19954819277108432 0.6444528112449799 0.20425451807228914 0.641629016064257 0.20707831325301204 0.6391189759036143 0.20833333333333331 0.6344126506024096 0.2099021084337349 0.6297063253012047 0.21052961847389556 0.625 0.2114708835341365 0.6209211847389557 0.2124121485943775 0.61527359437751 0.2124121485943775 0.6093122489959839 0.2124121485943775 0.6027233935742972 0.2124121485943775
1 0.45274849397590355 0.268574297188755 0.44427710843373486 0.26198544176706823 0.4389432730923694 0.25884789156626503 0.43329568273092367 0.2547690763052209 0.4301581325301205 0.251004016064257 0.4295306224899598 0.2466114457831325 0.4295306224899598 0.24065010040160642 0.4310993975903614 0.23374748995983935 0.4345507028112449 0.22998242971887548 0.43957078313253006 0.22715863453815258 0.4449046184738955 0.22496234939759036 0.450238453815261 0.2243348393574297 0.4555722891566265 0.22402108433734938 0.4605923694779116 0.22402108433734938 0.4646711847389558 0.2243348393574297 0.4696912650602409 0.22653112449799195 0.47596636546184734 0.22966867469879518 0.4822414658634538 0.23343373493975902 0.48883032128514053 0.2378263052208835 0.49479166666666663 0.2419051204819277 0.5007530120481927 0.2462976907630522 0.5035768072289156 0.24880773092369476 0.5057730923694779 0.25131777108433734 0.5085968875502007 0.25445532128514053 0.5117344377510039 0.2579066265060241 0.5148719879518072 0.26261295180722893 0.5154994979919678 0.267633032128514 0.5148719879518072 0.2751631526104417 0.5123619477911646 0.28049698795180716 0.5076556224899598 0.28551706827309237 0.5001255020080321 0.28802710843373497 0.493222891566265 0.2883408634538152 0.4866340361445783 0.28739959839357426 0.48035893574297184 0.2864583333333333 0.4750251004016064 0.28551706827309237 0.46874999999999994 0.28394829317269077 0.4646711847389558 0.2817520080321285 0.46090612449799195 0.27892821285140557 0.45839608433734935 0.276418172690763 0.4561997991967871 0.2735943775100401
1 0.3840361445783132 0.10008785140562249 0.3884287148594377 0.08596887550200803 0.3909387550200803 0.08126255020080321 0.3950175702811245 0.07624246987951806 0.39909638554216864 0.07153614457831324 0.40317520080321284 0.0677710843373494 0.40819528112449793 0.06557479919678715 0.4129016064257028 0.06557479919678715 0.41541164658634533 0.06620230923694778 0.4176079317269076 0.06745732931726907 0.42074548192771083 0.07122238955823293 0.4235692771084337 0.07467369477911646 0.4254518072289156 0.07875251004016064 0.4270205823293172 0.08283132530120481 0.4285893574297189 0.0872238955823293 0.42921686746987947 0.0900476907630522 0.42921686746987947 0.09381275100401607 0.4285893574297189 0.10008785140562249 0.4276480923694779 0.10510793172690762 0.42670682730923687 0.11044176706827309 0.4254518072289156 0.11577560240963855 0.4241967871485944 0.11985441767068271 0.4223142570281124 0.12581576305220882 0.4201179718875502 0.1330321285140562 0.4169804216867469 0.14024849397590358 0.4135291164658634 0.14432730923694778 0.4091365461847389 0.14652359437751003 0.40223393574297184 0.1458960843373494 0.3981551204819277 0.14401355421686748 0.3940763052208835 0.1418172690763052 0.389683734939759 0.13773845381526104 0.38780120481927705 0.1330321285140562 0.38560491967871485 0.12644327309236947 0.38466365461847385 0.11985441767068271 0.38466365461847385 0.1151480923694779 0.38466365461847385 0.11044176706827309 0.3840361445783132 0.10510793172690762
1 0.5807605421686746 0.3244226907630522 0.5688378514056224 0.3219126506024096 0.5644452811244979 0.320343875502008 0.562562751004016 0.31908885542168675 0.5600527108433735 0.31626506024096385 0.5575426706827309 0.3128137550200803 0.5550326305220883 0.30967620481927705 0.5512675702811245 0.3052836345381526 0.5481300200803213 0.3012048192771084 0.5465612449799196 0.29712600401606426 0.547816265060241 0.293988453815261 0.5512675702811245 0.2917921686746988 0.5550326305220883 0.2908509036144578 0.5581701807228915 0.28990963855421686 0.561621485943775 0.28896837349397586 0.5660140562248995 0.2883408634538152 0.5726029116465863 0.28739959839357426 0.5795055220883534 0.2867720883534136 0.5860943775100401 0.28614457831325296 0.5933107429718875 0.28551706827309237 0.6005271084337349 0.2848895582329317 0.6071159638554217 0.2848895582329317 0.6130773092369477 0.28614457831325296 0.6177836345381525 0.28802710843373497 0.6218624497991968 0.28990963855421686 0.6268825301204818 0.2924196787148594 0.631902610441767 0.29555722891566266 0.6344126506024096 0.2993222891566265 0.6350401606425702 0.3040286144578313 0.633785140562249 0.3084211847389558 0.6297063253012047 0.3112449799196787 0.625 0.31375502008032125 0.6209211847389557 0.3172063253012048 0.6159011044176705 0.3200301204819277 0.611508534136546 0.3219126506024096 0.6074297188755019 0.3234814257028112 0.6033509036144579 0.3244226907630522 0.598644578313253 0.32536395582329314 0.5920557228915662 0.3259914658634538 0.5854668674698794 0.3259914658634538
1 0.7326179718875501 0.45274849397590355 0.7304216867469879 0.44176706827309237 0.7301079317269076 0.43768825301204817 0.7301079317269076 0.4323544176706827 0.7316767068273092 0.4270205823293172 0.7332454819277108 0.4235692771084337 0.7341867469879517 0.4185491967871486 0.7376380522088353 0.4135291164658634 0.7432856425702811 0.41070532128514053 0.7501882530120482 0.40976405622489953 0.753953313253012 0.40976405622489953 0.7577183734939759 0.41133283132530113 0.7608559236947791 0.4132153614457831 0.7643072289156626 0.4157254016064257 0.7680722891566264 0.41949046184738953 0.77152359437751 0.4235692771084337 0.7743473895582329 0.4276480923694779 0.7771711847389557 0.43204066265060237 0.7799949799196786 0.4373744979919678 0.7815637550200802 0.44239457831325296 0.7828187751004015 0.44678714859437746 0.7834462851405621 0.4521209839357429 0.7828187751004015 0.4621611445783132 0.7828187751004015 0.4665537148594377 0.7834462851405621 0.47000502008032125 0.7831325301204818 0.4750251004016064 0.7818775100401606 0.4809864457831325 0.7790537148594378 0.48318273092369474 0.7756024096385541 0.4850652610441767 0.7721511044176705 0.48694779116465864 0.7671310240963856 0.48757530120481923 0.7633659638554217 0.48694779116465864 0.7589733935742972 0.4850652610441767 0.754894578313253 0.48349648594377503 0.7501882530120482 0.4797314257028112 0.7445406626506023 0.4747113453815261 0.7392068273092369 0.467808734939759 0.7338729919678714 0.4605923694779116
1 0.6560617469879517 0.5267946787148594 0.6651606425702811 0.5148719879518072 0.6667294176706826 0.512675702811245 0.6701807228915662 0.5092243975903614 0.6742595381526103 0.5067143574297188 0.6764558232931727 0.5042043172690762 0.6808483935742972 0.5007530120481927 0.6849272088353413 0.4991842369477911 0.6886922690763052 0.4979292168674698 0.691516064257028 0.4973017068273092 0.6937123493975903 0.4973017068273092 0.6962223895582329 0.4982429718875502 0.6984186746987951 0.5004392570281124 0.7018699799196786 0.5051455823293173 0.7050075301204818 0.5111069277108433 0.7065763052208834 0.5176957831325301 0.7065763052208834 0.5239708835341365 0.7050075301204818 0.5296184738955823 0.7021837349397589 0.5346385542168675 0.6993599397590361 0.540913654618474 0.695281124497992 0.546875 0.6905747991967871 0.5515813253012049 0.6861822289156626 0.5553463855421686 0.6777108433734939 0.5600527108433735 0.6733182730923695 0.5628765060240963 0.6664156626506023 0.5653865461847389 0.6607680722891566 0.5660140562248995 0.657316767068273 0.5650727911646586 0.6535517068273092 0.562562751004016 0.6504141566265059 0.5594252008032128 0.6497866465863453 0.5572289156626505 0.648531626506024 0.5515813253012049 0.6479041164658634 0.5453062248995983 0.6494728915662651 0.5412274096385541 0.6516691767068272 0.5362073293172691
1 0.7815637550200802 0.5911144578313253 0.7781124497991967 0.5867218875502008 0.7749748995983936 0.5795055220883534 0.7756024096385541 0.570406626506024 0.7765436746987951 0.5628765060240963 0.7787399598393574 0.5569151606425702 0.7803087349397589 0.5522088353413654 0.7831325301204818 0.5471887550200802 0.7868975903614458 0.5418549196787148 0.7909764056224898 0.5362073293172691 0.796937751004016 0.5308734939759036 0.8032128514056224 0.5264809236947791 0.8091741967871485 0.5230296184738955 0.8148217871485942 0.5211470883534136 0.8201556224899598 0.5208333333333333 0.8258032128514056 0.5217745983935742 0.8308232931726907 0.5242846385542168 0.8342745983935742 0.5267946787148594 0.8367846385542168 0.5296184738955823 0.8392946787148594 0.5330697791164658 0.8421184738955823 0.5380898594377509 0.8436872489959839 0.5437374497991968 0.8436872489959839 0.5500125502008032 0.8424322289156625 0.5569151606425702 0.8405496987951807 0.5628765060240963 0.8383534136546184 0.5682103413654619 0.8358433734939759 0.5732304216867469 0.8323920682730923 0.580133032128514 0.8273719879518071 0.5867218875502008 0.8217243975903614 0.5929969879518071 0.8163905622489959 0.597703313253012 0.8098017068273092 0.6017821285140562 0.802899096385542 0.6024096385542168 0.7991340361445782 0.6024096385542168 0.795996485943775 0.6014683734939759 0.7925451807228915 0.5998995983935742 0.7894076305220883 0.5983308232931727 0.7859563253012047 0.5955070281124498
1 0.9804844377510039 0.6093122489959839 0.9726405622489959 0.6064884538152611 0.969816767068273 0.60554718875502 0.9647966867469878 0.6017821285140562 0.9622866465863453 0.5973895582329317 0.9616591365461847 0.5911144578313253 0.9632279116465863 0.5845256024096385 0.9666792168674697 0.579191767068273 0.970758032128514 0.5741716867469879 0.9751506024096385 0.570406626506024 0.9807981927710843 0.5675828313253012 0.9855045180722891 0.5650727911646586 0.9898970883534136 0.5628765060240963 0.994289658634538 0.5613077309236947 0.9986822289156625 0.5600527108433735 0.9986822289156625 0.613391064257028 0.9914658634538152 0.611508534136546
1 0.8160768072289156 0.7034387550200802 0.8094879518072289 0.6999874497991968 0.8035266064257027 0.6962223895582329 0.7997615461847388 0.6908885542168673 0.7985065261044176 0.6852409638554217 0.8000753012048192 0.6795933734939759 0.8038403614457831 0.6733182730923695 0.8069779116465863 0.668925702811245 0.8110567269076304 0.6657881526104418 0.8157630522088353 0.6620230923694778 0.8204693775100401 0.6585717871485943 0.8264307228915662 0.6560617469879517 0.8323920682730923 0.6532379518072289 0.8396084337349397 0.6522966867469879 0.8468247991967871 0.6519829317269076 0.8521586345381525 0.6526104417670683 0.8578062248995982 0.6538654618473896 0.8625125502008031 0.6557479919678714 0.8669051204819276 0.6585717871485943 0.8706701807228915 0.6623368473895581 0.8728664658634538 0.6664156626506023 0.874121485943775 0.6736320281124498 0.874121485943775 0.6805346385542168 0.8728664658634538 0.6861822289156626 0.8697289156626505 0.6902610441767068 0.866277610441767 0.6918298192771084 0.8612575301204818 0.6946536144578312 0.857492469879518 0.6959086345381525 0.851531124497992 0.6977911646586344 0.8440010040160641 0.7006149598393574 0.8358433734939759 0.7024974899598393 0.8292545180722891 0.7028112449799196 0.8229794176706826 0.7034387550200802
1 0.9214984939759036 0.7241465863453815 0.9249497991967871 0.7172439759036143 0.9315386546184737 0.7084588353413654 0.9374999999999999 0.7015562248995983 0.9437751004016063 0.6959086345381525 0.9497364457831324 0.6908885542168673 0.9563253012048192 0.6880647590361445 0.9632279116465863 0.6868097389558232 0.9710717871485942 0.6874372489959839 0.9757781124497991 0.6902610441767068 0.979543172690763 0.6946536144578312 0.9829944779116465 0.7031249999999999 0.9845632530120482 0.7097138554216866 0.9845632530120482 0.7184989959839356 0.9823669678714858 0.7269703815261044 0.9782881526104418 0.7345005020080321 0.9732680722891566 0.7410893574297188 0.9669929718875501 0.747050702811245 0.9588353413654617 0.7533258032128514 0.9494226907630522 0.7596009036144579 0.9415788152610441 0.7636797188755019 0.9359312248995982 0.7649347389558232 0.9315386546184737 0.7639934738955823 0.9271460843373494 0.76179718875502 0.9236947791164657 0.7586596385542168 0.9208709839357428 0.7542670682730923 0.9196159638554217 0.7514432730923695 0.9177334337349397 0.7457956827309237 0.9171059236947791 0.7398343373493976 0.91804718875502 0.7335592369477911
1 0.6548067269076304 0.692457329317269 0.6441390562248995 0.6871234939759036 0.640687751004016 0.6855547188755019 0.6375502008032128 0.6833584337349397 0.6347264056224898 0.6808483935742972 0.6328438755020079 0.6770833333333334 0.631902610441767 0.6717494979919678 0.633785140562249 0.667043172690763 0.6375502008032128 0.6629643574297188 0.6431977911646586 0.6588855421686746 0.6479041164658634 0.6576305220883534 0.6507279116465863 0.6570030120481928 0.6563755020080321 0.6570030120481928 0.6632781124497992 0.6566892570281124 0.6692394578313253 0.6566892570281124 0.6752008032128514 0.6566892570281124 0.6814759036144579 0.6570030120481928 0.6874372489959839 0.6588855421686746 0.6930848393574297 0.6613955823293173 0.6984186746987951 0.6648468875502008 0.7015562248995983 0.668925702811245 0.7053212851405621 0.6752008032128514 0.7062625502008031 0.681789658634538 0.7059487951807228 0.6864959839357428 0.7037525100401606 0.6902610441767068 0.7006149598393574 0.691516064257028 0.6990461847389557 0.6918298192771084 0.69339859437751 0.6937123493975903 0.6874372489959839 0.695281124497992 0.6821034136546184 0.6962223895582329 0.6773970883534136 0.6965361445783133 0.6733182730923695 0.6968498995983936 0.666101907630522 0.6962223895582329 0.6604543172690762 0.6949673694779116
1 0.5180095381526104 0.6328438755020079 0.5183232931726908 0.6228037148594378 0.5202058232931727 0.6143323293172691 0.5252259036144579 0.6058609437751004 0.5305597389558233 0.6011546184738955 0.5380898594377509 0.6005271084337349 0.547816265060241 0.6046059236947791 0.555660140562249 0.6130773092369477 0.5597389558232931 0.6209211847389557 0.562562751004016 0.6281375502008031 0.5653865461847389 0.6353539156626505 0.5672690763052208 0.6425702811244979 0.568524096385542 0.6513554216867469 0.5688378514056224 0.6623368473895581 0.5682103413654619 0.6708082329317269 0.5657003012048192 0.6770833333333334 0.5613077309236947 0.6833584337349397 0.5547188755020079 0.6868097389558232 0.5459337349397589 0.6880647590361445 0.5387173694779116 0.6871234939759036 0.5327560240963856 0.6839859437751004 0.5293047188755019 0.6792796184738955 0.5264809236947791 0.6720632530120482 0.5239708835341365 0.6648468875502008 0.5217745983935742 0.6570030120481928 0.520519578313253 0.648531626506024 0.5192645582329317 0.6403739959839357
1 0.588918172690763 0.7624246987951807 0.5860943775100401 0.7624246987951807 0.582015562248996 0.7608559236947791 0.5782505020080321 0.7561495983935742 0.5769954819277108 0.7479919678714858 0.5769954819277108 0.7432856425702811 0.579191767068273 0.7395205823293173 0.5823293172690762 0.7351280120481928 0.5886044176706826 0.7297941767068272 0.5958207831325301 0.7260291164658634 0.6061746987951807 0.7241465863453815 0.6099397590361445 0.7238328313253012 0.6140185742971888 0.7238328313253012 0.6209211847389557 0.7241465863453815 0.6281375502008031 0.7254016064257027 0.633785140562249 0.7260291164658634 0.6378639558232931 0.726656626506024 0.6410015060240963 0.7282254016064257 0.6444528112449799 0.7329317269076304 0.6475903614457831 0.738265562248996 0.6475903614457831 0.7432856425702811 0.6469628514056224 0.7489332329317269 0.6460215863453815 0.7536395582329316 0.6447665662650602 0.7570908634538152 0.6422565261044176 0.7602284136546184 0.6403739959839357 0.7621109437751004 0.6356676706827309 0.7639934738955823 0.6306475903614458 0.7649347389558232 0.625 0.7655622489959839 0.6180973895582329 0.7655622489959839 0.6127635542168675 0.7655622489959839 0.6064884538152611 0.7649347389558232 0.5995858433734939 0.7639934738955823
1 0.7072038152610441 0.8022715863453815 0.692457329317269 0.7975652610441767 0.6858684738955823 0.7956827309236947 0.6799071285140562 0.7931726907630522 0.676769578313253 0.7897213855421686 0.6755145582329317 0.7831325301204818 0.675828313253012 0.7768574297188754 0.6786521084337348 0.7708960843373494 0.6821034136546184 0.7661897590361445 0.6871234939759036 0.7621109437751004 0.6918298192771084 0.7602284136546184 0.6981049196787148 0.7586596385542168 0.7037525100401606 0.7583458835341365 0.7112826305220883 0.7580321285140562 0.7191265060240963 0.7580321285140562 0.7257153614457831 0.7586596385542168 0.7329317269076304 0.7605421686746987 0.7388930722891566 0.7630522088353413 0.7445406626506023 0.7646209839357428 0.7511295180722891 0.7674447791164657 0.7580321285140562 0.7727786144578312 0.7624246987951807 0.7774849397590361 0.7658760040160641 0.7843875502008031 0.7665035140562249 0.7906626506024096 0.7655622489959839 0.7944277108433735 0.7633659638554217 0.797879016064257 0.7605421686746987 0.8010165662650602 0.7555220883534136 0.8035266064257027 0.7501882530120482 0.8054091365461847 0.7445406626506023 0.8066641566265059 0.7376380522088353 0.8072916666666665 0.7310491967871485 0.8069779116465863 0.724774096385542 0.8063504016064257 0.7200677710843373 0.8054091365461847 0.7147339357429718 0.8038403614457831
1 0.8035266064257027 0.8151355421686746 0.8069779116465863 0.8079191767068272 0.8116842369477911 0.8025853413654617 0.8182730923694778 0.8013303212851405 0.8270582329317268 0.8013303212851405 0.8339608433734939 0.802899096385542 0.8414909638554217 0.8054091365461847 0.847766064257028 0.8082329317269076 0.8518448795180722 0.8113704819277108 0.8556099397590361 0.8138805220883534 0.860316265060241 0.8167043172690762 0.8650225903614458 0.8198418674698794 0.8700426706827308 0.823293172690763 0.874121485943775 0.8273719879518071 0.8772590361445782 0.8323920682730923 0.8791415662650601 0.8364708835341365 0.8797690763052208 0.8436872489959839 0.8778865461847388 0.84964859437751 0.875062751004016 0.8549824297188754 0.8712976907630522 0.8584337349397589 0.8656501004016063 0.8609437751004015 0.8578062248995982 0.8618850401606425 0.8493348393574297 0.8615712851405621 0.8411772088353413 0.860316265060241 0.8339608433734939 0.8587474899598393 0.8270582329317268 0.8562374497991967 0.8195281124497991 0.8509036144578312 0.8132530120481928 0.8443147590361445 0.8079191767068272 0.8377259036144579 0.8038403614457831 0.8292545180722891 0.8025853413654617 0.8229794176706826
1 0.925891064257028 0.8907505020080321 0.9224397590361445 0.8860441767068272 0.9199297188755019 0.8803965863453815 0.9199297188755019 0.8744352409638554 0.9233810240963856 0.8669051204819276 0.9299698795180722 0.860316265060241 0.9353037148594378 0.8581199799196786 0.9422063253012047 0.8562374497991967 0.9525602409638553 0.8552961847389557 0.961972891566265 0.8552961847389557 0.970758032128514 0.8559236947791165 0.9767193775100401 0.8581199799196786 0.9823669678714858 0.8612575301204818 0.98644578313253 0.8643950803212851 0.9902108433734939 0.868160140562249 0.9939759036144576 0.8722389558232931 0.99617218875502 0.8775727911646585 0.9958584337349397 0.8832203815261044 0.9930346385542168 0.8876129518072289 0.9886420682730923 0.8929467871485942 0.9839357429718875 0.8957705823293173 0.9801706827309236 0.8982806224899598 0.9767193775100401 0.8995356425702811 0.9735818273092369 0.9001631526104418 0.967934236947791 0.901418172690763 0.9629141566265059 0.9017319277108433 0.9578940763052208 0.9017319277108433 0.9528739959839356 0.9017319277108433 0.9453438755020079 0.9017319277108433 0.9362449799196786 0.900476907630522 0.9299698795180722 0.8957705823293173
1 0.5660140562248995 0.9365587349397589 0.5657003012048192 0.9315386546184737 0.5653865461847389 0.9243222891566264 0.5675828313253012 0.9183609437751004 0.570406626506024 0.9127133534136546 0.5744854417670683 0.9086345381526103 0.5782505020080321 0.9080070281124498 0.5817018072289156 0.9080070281124498 0.5857806224899598 0.9095758032128514 0.5895456827309237 0.9130271084337348 0.5936244979919678 0.9167921686746987 0.5973895582329317 0.9196159638554217 0.6011546184738955 0.9221260040160641 0.6046059236947791 0.9249497991967871 0.6086847389558232 0.92777359437751 0.611508534136546 0.9321661646586344 0.6137048192771084 0.9359312248995982 0.6143323293172691 0.9409513052208834 0.6140185742971888 0.9465988955823292 0.6121360441767068 0.9516189759036143 0.6102535140562249 0.9560115461847388 0.6071159638554217 0.9594628514056224 0.6014683734939759 0.9622866465863453 0.5958207831325301 0.9632279116465863 0.5914282128514056 0.9629141566265059 0.5870356425702811 0.9613453815261044 0.5826430722891566 0.9588353413654617 0.5782505020080321 0.9544427710843373 0.5747991967871485 0.9503639558232931 0.5710341365461847 0.9453438755020079
1 0.5280496987951807 0.9817394578313252 0.5280496987951807 0.9748368473895581 0.5305597389558233 0.967934236947791 0.5343247991967871 0.961972891566265 0.5393448795180723 0.9575803212851405 0.5443649598393574 0.9560115461847388 0.5500125502008032 0.9556977911646585 0.5544051204819277 0.9572665662650601 0.5594252008032128 0.9597766064257027 0.5650727911646586 0.9644829317269076 0.5700928714859437 0.9704442771084337 0.5726029116465863 0.9748368473895581 0.5751129518072289 0.979543172690763 0.5763679718875501 0.9870732931726907 0.5760542168674699 0.9936621485943775 0.5738734349161351 0.9989583333333333 0.5374623493975903 0.9989583333333333 0.5318147590361445 0.9917796184738955
1 0.6400602409638554 0.9767193775100401 0.6453940763052208 0.9751506024096385 0.6513554216867469 0.9735818273092369 0.6579442771084337 0.9729543172690762 0.6654743975903614 0.9735818273092369 0.6730045180722891 0.9760918674698794 0.6814759036144579 0.9801706827309236 0.6883785140562249 0.9851907630522088 0.692457329317269 0.9908383534136544 0.6946536144578312 0.9952309236947791 0.6952748493975903 0.9989583333333333 0.6246862449799196 0.9980547188755019 0.6281375502008031 0.9889558232931727 0.6306475903614458 0.9836219879518071 0.6334713855421686 0.9807981927710843
1 0.22778614457831325 0.953187751004016 0.21586345381526104 0.9506777108433735 0.2111571285140562 0.9487951807228915 0.20896084337349397 0.9465988955823292 0.2095883534136546 0.9409513052208834 0.2124121485943775 0.932793674698795 0.21617720883534136 0.9262048192771084 0.22119728915662648 0.9221260040160641 0.22621736947791163 0.91804718875502 0.23186495983935743 0.9139683734939759 0.2378263052208835 0.9108308232931727 0.24441516064257027 0.9076932730923695 0.251004016064257 0.9054969879518071 0.2575928714859438 0.9045557228915662 0.2635542168674699 0.9045557228915662 0.2701430722891566 0.9045557228915662 0.2761044176706827 0.9064382530120482 0.27955572289156627 0.90832078313253 0.2808107429718875 0.9114583333333333 0.2820657630522088 0.916164658634538 0.2823795180722891 0.9208709839357428 0.2823795180722891 0.9252635542168673 0.28143825301204817 0.9299698795180722 0.27892821285140557 0.9340486947791165 0.276418172690763 0.9374999999999999 0.2732806224899598 0.9403237951807227 0.270456827309237 0.9437751004016063 0.2670055220883534 0.9459713855421686 0.26324046184738953 0.9478539156626505 0.2579066265060241 0.9509914658634538 0.2535140562248996 0.9535015060240963 0.24818022088353411 0.9535015060240963 0.24065010040160642 0.9535015060240963 0.23468875502008033 0.9535015060240963
1 0.05396586345381526 0.918988453815261 0.057730923694779106 0.903300702811245 0.06024096385542168 0.8970256024096385 0.06306475903614457 0.8910642570281124 0.06588855421686747 0.8857304216867469 0.06965361445783132 0.8807103413654617 0.07310491967871485 0.8778865461847388 0.07875251004016064 0.8766315261044176 0.08283132530120481 0.8763177710843373 0.08659638554216867 0.8785140562248995 0.09036144578313253 0.882906626506024 0.09318524096385541 0.8882404618473896 0.09726405622489959 0.8942018072289156 0.09914658634538152 0.8998493975903614 0.1004016064257028 0.9061244979919678 0.10071536144578312 0.9133408634538152 0.10071536144578312 0.9211847389558232 0.09977409638554216 0.9284011044176705 0.09820532128514056 0.9343624497991967 0.09506777108433734 0.9418925702811244 0.09130271084337349 0.9484814257028111 0.086910140562249 0.9544427710843373 0.0825175702811245 0.9585215863453815 0.07718373493975902 0.9600903614457831 0.0709086345381526 0.9600903614457831 0.06431977911646586 0.959149096385542 0.058358433734939756 0.9569528112449799 0.05616214859437751 0.9544427710843373 0.055220883534136546 0.9500502008032128 0.054593373493975896 0.9453438755020079 0.05396586345381526 0.9403237951807227 0.05333835341365461 0.9349899598393574 0.05333835341365461 0.9299698795180722
1 0.08094879518072289 0.7825050200803213 0.07122238955823293 0.7916039156626505 0.06463353413654618 0.7966239959839356 0.05710341365461847 0.7988202811244979 0.04925953815261044 0.7994477911646586 0.042356927710843366 0.7997615461847388 0.0338855421686747 0.8007028112449799 0.0251004016064257 0.8013303212851405 0.014746485943775098 0.8019578313253012 0.006275100401606425 0.8010165662650602 0.00031375502008032123 0.7991340361445782 0.00031375502008032123 0.7671310240963856 0.010981425702811244 0.7555220883534136 0.02008032128514056 0.7514432730923695 0.023845381526104416 0.7492469879518071 0.028865461847389553 0.7467369477911646 0.03451305220883534 0.7454819277108433 0.041101907630522086 0.744226907630522 0.05082831325301205 0.7435993975903614 0.061495983935742966 0.7435993975903614 0.07028112449799197 0.7439131526104418 0.07592871485943774 0.7461094377510039 0.08000753012048192 0.7483057228915662 0.0825175702811245 0.7517570281124498 0.08565512048192771 0.7577183734939759 0.08596887550200803 0.76179718875502 0.08628263052208834 0.7668172690763052 0.08596887550200803 0.7718373493975903 0.08502761044176706 0.7759161646586344
1 0.1948418674698795 0.6516691767068272 0.20833333333333331 0.6422565261044176 0.2114708835341365 0.6403739959839357 0.21617720883534136 0.6378639558232931 0.2199422690763052 0.6366089357429718 0.22307981927710843 0.6356676706827309 0.22715863453815258 0.6340988955823293 0.23217871485943772 0.6322163654618473 0.23688504016064255 0.6303338353413654 0.24221887550200802 0.6287650602409638 0.2478664658634538 0.6275100401606425 0.2506902610441767 0.6271962851405621 0.2553965863453815 0.6284513052208834 0.2594754016064257 0.6312751004016063 0.2610441767068273 0.6340988955823293 0.2622991967871486 0.6372364457831325 0.2635542168674699 0.6422565261044176 0.26292670682730923 0.6444528112449799 0.26041666666666663 0.6469628514056224 0.25853413654618473 0.6501004016064257 0.2575928714859438 0.6532379518072289 0.2550828313253012 0.6591992971887549 0.25320030120481923 0.6635918674698794 0.2506902610441767 0.6679844377510039 0.2478664658634538 0.6717494979919678 0.2450426706827309 0.675828313253012 0.24159136546184737 0.6792796184738955 0.23814006024096382 0.6821034136546184 0.23374748995983935 0.6849272088353413 0.22935491967871482 0.6877510040160643 0.22464859437751003 0.689633534136546 0.21805973895582328 0.6908885542168673 0.2124121485943775 0.6921435742971888 0.20519578313253012 0.6940261044176705 0.199234437751004 0.6955948795180722 0.19295933734939757 0.6971636546184737 0.18668423694779115 0.6974774096385541 0.18229166666666663 0.6959086345381525 0.17978162650602408 0.6927710843373494 0.17978162650602408 0.6886922690763052 0.18229166666666663 0.68367218875502 0.1832329317269076 0.6780245983935742 0.18386044176706826 0.6711219879518071 0.1844879518072289 0.6679844377510039 0.1860567269076305 0.6639056224899598 0.18793925702811246 0.6604543172690762 0.19013554216867468 0.6570030120481928
1 0.1829191767068273 0.561621485943775 0.1744477911646586 0.5707203815261044 0.1709964859437751 0.5741716867469879 0.16534889558232932 0.580133032128514 0.15876004016064255 0.5854668674698794 0.15311244979919678 0.5886044176706826 0.14809236947791163 0.589859437751004 0.1421310240963855 0.5895456827309237 0.13648343373493974 0.5882906626506024 0.13146335341365462 0.5864081325301205 0.12518825301204817 0.5810742971887549 0.12173694779116466 0.5744854417670683 0.12110943775100401 0.5675828313253012 0.12299196787148593 0.5603664658634538 0.12644327309236947 0.5531501004016064 0.13052208835341364 0.5453062248995983 0.13491465863453814 0.5393448795180723 0.13962098393574296 0.5327560240963856 0.1433860441767068 0.5296184738955823 0.14871987951807228 0.5264809236947791 0.1546812248995984 0.5217745983935742 0.16001506024096385 0.5192645582329317 0.16534889558232932 0.5176957831325301 0.17193775100401607 0.5176957831325301 0.17915411646586346 0.518637048192771 0.1844879518072289 0.5211470883534136 0.18699799196787145 0.5255396586345381 0.1891942771084337 0.5311872489959839 0.18950803212851405 0.5387173694779116 0.18950803212851405 0.5456199799196786 0.18731174698795178 0.5525225903614458
1 0.0065888554216867465 0.5735441767068272 0.012236445783132528 0.5744854417670683 0.01725652610441767 0.5760542168674699 0.021021586345381524 0.5788780120481928 0.022590361445783132 0.5848393574297188 0.022590361445783132 0.5914282128514056 0.022276606425702807 0.597703313253012 0.02008032128514056 0.6024096385542168 0.01788403614457831 0.6061746987951807 0.014746485943775098 0.6105672690763052 0.011295180722891566 0.6137048192771084 0.005961345381526104 0.6165286144578312 0.0009412650602409637 0.6206074297188754 0.00031375502008032123 0.5744854417670683
1 0.3394829317269076 0.5769954819277108 0.33540411646586343 0.5744854417670683 0.3310115461847389 0.5729166666666666 0.3275602409638554 0.5713478915662651 0.32536395582329314 0.5672690763052208 0.32473644578313254 0.5578564257028111 0.32661897590361444 0.5553463855421686 0.3303840361445783 0.5531501004016064 0.33414909638554213 0.5512675702811245 0.337914156626506 0.5475025100401606 0.34262048192771083 0.5424824297188754 0.3482680722891566 0.5405998995983936 0.3548569277108433 0.5387173694779116 0.36521084337349397 0.5380898594377509 0.37430973895582326 0.5380898594377509 0.38152610441767065 0.5387173694779116 0.38717369477911645 0.5402861445783133 0.39313504016064255 0.5424824297188754 0.39784136546184734 0.5443649598393574 0.3997238955823293 0.5462474899598393 0.40223393574297184 0.5493850401606425 0.4044302208835341 0.552836345381526 0.4050577309236948 0.5581701807228915 0.40380271084337344 0.5638177710843374 0.4016064257028112 0.5678965863453815 0.39909638554216864 0.5716616465863453 0.39627259036144574 0.5741716867469879 0.3925075301204819 0.5776229919678715 0.38874246987951805 0.5798192771084337 0.3834086345381526 0.5813880522088353 0.3783885542168674 0.5826430722891566 0.3733684738955823 0.5832705823293173 0.36803463855421686 0.5832705823293173 0.362387048192771 0.5832705823293173 0.3564257028112449 0.5832705823293173 0.35109186746987947 0.5826430722891566 0.3463855421686747 0.5807605421686746
1 0.2290411646586345 0.48349648594377503 0.22496234939759036 0.47282881526104414 0.22370732931726905 0.4646711847389558 0.22370732931726905 0.4533760040160642 0.22558985943775098 0.44364959839357426 0.2302961847389558 0.4345507028112449 0.23688504016064255 0.43078564257028107 0.24535642570281124 0.4298443775100401 0.25288654618473894 0.4298443775100401 0.25853413654618473 0.4323544176706827 0.26261295180722893 0.43674698795180716 0.2660642570281124 0.44208082329317266 0.2682605421686747 0.4464733935742971 0.2707705823293172 0.4521209839357429 0.2726531124497992 0.4574548192771084 0.2751631526104417 0.4649849397590361 0.2767319277108433 0.47188755020080314 0.27735943775100397 0.47879016064257024 0.2776731927710843 0.4866340361445783 0.2776731927710843 0.493222891566265 0.276418172690763 0.49887048192771083 0.2735943775100401 0.502949297188755 0.2692018072289156 0.5057730923694779 0.2638679718875502 0.5076556224899598 0.2582203815261044 0.5085968875502007 0.25288654618473894 0.5079693775100401 0.24755271084337346 0.5060868473895582 0.24284638554216864 0.5032630522088353 0.2378263052208835 0.4985567269076305 0.2331199799196787 0.4922816265060241
1 0.3630145582329317 0.4533760040160642 0.35548443775100397 0.4533760040160642 0.3454442771084337 0.45274849397590355 0.3429342369477911 0.45117971887550196 0.34136546184738953 0.44929718875502006 0.33979668674698793 0.44615963855421686 0.3394829317269076 0.43957078313253006 0.3419929718875502 0.4314131526104417 0.3454442771084337 0.4245105421686747 0.3482680722891566 0.4198042168674698 0.3517193775100401 0.4157254016064257 0.3561119477911647 0.41070532128514053 0.3608182730923694 0.407254016064257 0.3664658634538152 0.4044302208835341 0.37117218875502006 0.40348895582329314 0.37619226907630515 0.40348895582329314 0.38089859437751 0.40348895582329314 0.3849774096385542 0.4044302208835341 0.38874246987951805 0.4059989959839357 0.39282128514056225 0.40882279116465864 0.397527610441767 0.4129016064257028 0.4009789156626506 0.4176079317269076 0.40129267068273083 0.425765562248996 0.39627259036144574 0.4373744979919678 0.3874874497991968 0.4445908634538152 0.3777610441767068 0.4499246987951807 0.36803463855421686 0.45243473895582326
1 0.06808483935742972 0.5048318273092369 0.05961345381526104 0.5142444779116465 0.055220883534136546 0.5180095381526104 0.050514558232931724 0.5211470883534136 0.046121987951807226 0.5245983935742972 0.041415662650602404 0.5277359437751004 0.03263052208835341 0.5321285140562249 0.023531626506024094 0.5355798192771084 0.01568775100401606 0.5318147590361445 0.011608935742971886 0.5286772088353413 0.008157630522088353 0.5245983935742972 0.005333835341365461 0.5151857429718876 0.005961345381526104 0.5070281124497992 0.009098895582329316 0.5016942771084337 0.012863955823293171 0.4951054216867469 0.01694277108433735 0.48945783132530113 0.021649096385542167 0.4838102409638554 0.026355421686746986 0.4791039156626506 0.029179216867469878 0.47690763052208834 0.0338855421686747 0.47439759036144574 0.03890562248995984 0.4722013052208835 0.042356927710843366 0.4715737951807229 0.04737700803212851 0.47126004016064255 0.05176957831325301 0.47126004016064255 0.057730923694779106 0.47282881526104414 0.06306475903614457 0.4750251004016064 0.06745732931726907 0.4791039156626506 0.06965361445783132 0.48318273092369474 0.07028112449799197 0.48883032128514053 0.07028112449799197 0.4957329317269076 0.06871234939759036 0.5013805220883534
1 0.08220381526104417 0.44678714859437746 0.078125 0.4449046184738955 0.07341867469879518 0.441453313253012 0.06933985943775099 0.43486445783132527 0.0677710843373494 0.42921686746987947 0.06745732931726907 0.4241967871485944 0.06839859437751003 0.4169804216867469 0.0709086345381526 0.4129016064257028 0.07404618473895581 0.41039156626506024 0.078125 0.40945030120481923 0.08314508032128513 0.4100778112449799 0.08596887550200803 0.4100778112449799 0.08942018072289155 0.40945030120481923 0.09287148594377509 0.4091365461847389 0.09663654618473895 0.40945030120481923 0.10228413654618472 0.4110190763052209 0.1060491967871486 0.4125878514056225 0.10824548192771083 0.41384287148594373 0.1107555220883534 0.41478413654618473 0.11389307228915663 0.4172941767068273 0.11797188755020079 0.4210592369477911 0.12173694779116466 0.4245105421686747 0.1255020080321285 0.4279618473895582 0.1295808232931727 0.4329819277108433 0.1311495983935743 0.4383157630522088 0.129894578313253 0.44113955823293166 0.12707078313253012 0.4449046184738955 0.12236445783132528 0.4486696787148594 0.11859939759036144 0.45117971887550196 0.11295180722891565 0.4521209839357429 0.10510793172690762 0.4521209839357429 0.10071536144578312 0.4521209839357429 0.09851907630522087 0.4521209839357429 0.09318524096385541 0.450238453815261 0.086910140562249 0.44772841365461846
1 0.2977535140562249 0.41886295180722893 0.28457580321285136 0.4245105421686747 0.2823795180722891 0.4245105421686747 0.27892821285140557 0.42513805220883527 0.27453564257028107 0.4254518072289156 0.267633032128514 0.4254518072289156 0.26167168674698793 0.423883032128514 0.25727911646586343 0.4216867469879518 0.25414156626506024 0.41792168674698793 0.25320030120481923 0.4125878514056225 0.2547690763052209 0.40537148594377503 0.25853413654618473 0.397527610441767 0.26167168674698793 0.39376255020080314 0.2651229919678715 0.39062499999999994 0.268574297188755 0.38780120481927705 0.2720256024096385 0.3849774096385542 0.2761044176706827 0.38278112449799195 0.2783007028112449 0.38152610441767065 0.2817520080321285 0.3793298192771084 0.28583082329317266 0.3780747991967871 0.2917921686746988 0.3768197791164658 0.29649849397590355 0.3765060240963855 0.30308734939759036 0.37713353413654616 0.3099899598393574 0.3793298192771084 0.3134412650602409 0.38309487951807225 0.3153237951807229 0.38905622489959835 0.31469628514056225 0.3950175702811245 0.31218624497991965 0.4000376506024096 0.30967620481927705 0.40474397590361444 0.3059111445783132 0.4100778112449799 0.30151857429718876 0.4157254016064257
1 0.354543172690763 0.3388554216867469 0.35391566265060237 0.33571787148594373 0.35360190763052207 0.33320783132530113 0.3529743975903614 0.3285015060240964 0.3532881526104417 0.3228539156626506 0.3557981927710843 0.3175200803212851 0.3589357429718875 0.3128137550200803 0.36364206827309237 0.3084211847389558 0.36866214859437746 0.30622489959839355 0.37525100401606426 0.3059111445783132 0.38434989959839355 0.30747991967871485 0.39188002008032125 0.3112449799196787 0.3965863453815261 0.31657881526104414 0.40035140562248994 0.3219126506024096 0.40317520080321284 0.32630522088353414 0.4059989959839357 0.3319528112449799 0.40819528112449793 0.337914156626506 0.40976405622489953 0.3435617469879518 0.41039156626506024 0.3495230923694779 0.4091365461847389 0.3557981927710843 0.4075677710843373 0.36270080321285136 0.40474397590361444 0.3692896586345381 0.40035140562248994 0.37368222891566266 0.39376255020080314 0.37619226907630515 0.38780120481927705 0.3768197791164658 0.38278112449799195 0.3758785140562249 0.3758785140562249 0.37305471887550196 0.36866214859437746 0.36960341365461846 0.3658383534136546 0.36615210843373486 0.36458333333333326 0.363328313253012 0.36270080321285136 0.3592494979919678 0.3605045180722891 0.354543172690763 0.3576807228915662 0.3492093373493976
1 0.15970130522088352 0.3153237951807229 0.15593624497991965 0.30747991967871485 0.15530873493975902 0.301832329317269 0.15656375502008033 0.2936746987951807 0.16001506024096385 0.2877133534136546 0.16315261044176707 0.2801832329317269 0.16754518072289154 0.2757906626506024 0.17319277108433734 0.2735943775100401 0.181664156626506 0.2726531124497992 0.19013554216867468 0.2735943775100401 0.19672439759036145 0.276418172690763 0.2008032128514056 0.27986947791164657 0.20519578313253012 0.28614457831325296 0.20896084337349397 0.2924196787148594 0.2124121485943775 0.29900853413654616 0.21492218875502006 0.3040286144578313 0.21649096385542166 0.30779367469879515 0.21680471887550198 0.3128137550200803 0.21617720883534136 0.31908885542168675 0.2139809236947791 0.32473644578313254 0.21178463855421684 0.3294427710843373 0.2099021084337349 0.3335215863453815 0.2067645582329317 0.33665913654618473 0.20174447791164657 0.3394829317269076 0.19452811244979917 0.3394829317269076 0.18668423694779115 0.3388554216867469 0.17978162650602408 0.33697289156626503 0.17476154618473894 0.33226656626506024 0.1697414658634538 0.32661897590361444 0.16472138554216864 0.32222640562248994
1 0.03173289183222958 0.12382726269315673 0.023109823399558495 0.1186534216335541 0.019660596026490066 0.1155491169977925 0.0127621412803532 0.11037527593818984 0.007933222958057396 0.10589128035320088 0.005518763796909493 0.09761313465783664 0.0034492273730684325 0.09243929359823398 0.0020695364238410593 0.08588576158940397 0.0017246136865342163 0.07795253863134659 0.0024144591611479026 0.0686396247240618 0.003794150110375276 0.06174116997792494 0.006898454746136865 0.05760209713024282 0.01172737306843267 0.055532560706401765 0.01724613686534216 0.053807947019867554 0.02345474613686534 0.052428256070640174 0.02862858719646799 0.052428256070640174 0.034837196467991174 0.05415286975717439 0.03966611479028697 0.05725717439293598 0.04277041942604856 0.059671633554083885 0.04587472406181015 0.063810706401766 0.04759933774834437 0.06898454746136864 0.04932395143487858 0.07346854304635761 0.05173841059602649 0.07622792494481236 0.05449779249448124 0.08071192052980132 0.05760209713024282 0.0845060706401766 0.06105132450331126 0.0893349889624724 0.063810706401766 0.09588852097130243 0.0662251655629139 0.10140728476821192 0.06725993377483444 0.10658112582781458 0.06829470198675497 0.11416942604856511 0.06829470198675497 0.11968818984547462 0.06553532008830022 0.1252069536423841 0.06277593818984548 0.12796633554083886 0.05725717439293598 0.1293460264900662 0.055532560706401765 0.12969094922737306 0.051393487858719646 0.13003587196467992 0.047254415011037526 0.13038079470198674 0.04277041942604856 0.13003587196467992 0.03932119205298013 0.12865618101545254
1 0.04932395143487858 0.022764900662251657 0.034837196467991174 0.026559050772626932 0.031043046357615893 0.026903973509933777 0.025869205298013245 0.027938741721854305 0.02138520971302428 0.028283664459161147 0.015176600441501103 0.028283664459161147 0.00862306843267108 0.02759381898454746 0.004139072847682119 0.026559050772626932 0.0 0.0255242825607064 0.0003449227373068433 0.0003449227373068433 0.05587748344370861 0.0003449227373068433 0.057947019867549666 0.007243377483443708 0.05829194260485651 0.0127621412803532 0.05829194260485651 0.015521523178807946 0.05656732891832229 0.01897075055187638 0.053118101545253864 0.02104028697571744
1 0.2462748344370861 0.0693294701986755 0.25006898454746135 0.06829470198675497 0.25386313465783666 0.06794977924944812 0.25834713024282563 0.06794977924944812 0.26352097130242824 0.06898454746136864 0.26903973509933776 0.07243377483443708 0.27524834437086093 0.07760761589403974 0.28111203090507725 0.08623068432671083 0.28594094922737306 0.09830298013245034 0.2873206401766005 0.11106512141280353 0.2869757174392936 0.12244757174392935 0.2855960264900662 0.1331401766004415 0.28352649006622516 0.14003863134657835 0.2786975717439294 0.15107615894039736 0.2714541942604856 0.1600441501103753 0.2655905077262693 0.16383830022075055 0.2621412803532009 0.16556291390728478 0.2559326710816777 0.1665976821192053 0.25075883002207505 0.1665976821192053 0.2455849889624724 0.16625275938189846 0.24041114790286977 0.16521799116997793 0.2352373068432671 0.16383830022075055 0.23247792494481237 0.1617687637969095 0.22868377483443708 0.15831953642384106 0.22419977924944812 0.1507312362030905 0.22109547461368653 0.14107339955849887 0.21971578366445915 0.1324503311258278 0.21868101545253862 0.12348233995584988 0.2183360927152318 0.11382450331125828 0.2183360927152318 0.10658112582781458 0.22040562913907286 0.09795805739514349 0.22350993377483444 0.08967991169977925 0.22626931567328917 0.08312637969094923 0.2297185430463576 0.07933222958057394 0.23385761589403972 0.07588300220750552 0.23799668874172183 0.07381346578366446
0 0.47361111111111115 0.26064814814814813 0.4587962962962963 0.25092592592592594 0.4532407407407407 0.24675925925925926 0.45 0.2412037037037037 0.4513888888888889 0.24027777777777776 0.4671296296296296 0.24537037037037035 0.4814814814814815 0.2550925925925926 0.4861111111111111 0.25833333333333336 0.4907407407407407 0.26296296296296295 0.49398148148148147 0.2689814814814815 0.49166666666666664 0.2694444444444445
0 0.8106481481481481 0.5703703703703703 0.8157407407407408 0.5587962962962963 0.8175925925925926 0.5537037037037037 0.8185185185185185 0.548148148148148 0.8185185185185185 0.5444444444444444 0.8162037037037037 0.5444444444444444 0.812962962962963 0.548611111111111 0.8092592592592592 0.5532407407407407 0.8041666666666667 0.562962962962963 0.8009259259259259 0.5694444444444444 0.799537037037037 0.575 0.8018518518518519 0.576851851851852
0 0.6583333333333333 0.6777777777777777 0.6796296296296297 0.6777777777777777 0.6861111111111111 0.6773148148148148 0.687037037037037 0.674537037037037 0.6847222222222222 0.6726851851851853 0.6773148148148148 0.6722222222222223 0.663888888888889 0.6722222222222223 0.6532407407407407 0.673611111111111 0.6527777777777778 0.6759259259259259
0 0.3592592592592593 0.4342592592592593 0.3814814814814815 0.425462962962963 0.3842592592592593 0.42268518518518516 0.38333333333333336 0.42037037037037034 0.37962962962962965 0.42037037037037034 0.36666666666666664 0.4263888888888889 0.3541666666666667 0.4337962962962963
0 0.035648148148148144 0.10138888888888889 0.027314814814814813 0.09166666666666666 0.024537037037037038 0.08611111111111111 0.023611111111111114 0.08333333333333333 0.023611111111111114 0.08055555555555555 0.029166666666666667 0.08333333333333333 0.04212962962962963 0.09861111111111112 0.04444444444444444 0.10462962962962963 0.04212962962962963 0.10509259259259258
0 0.2550663871418588 0.14500349406009783 0.25026205450733746 0.14129105520614954 0.24720475192173302 0.11115478686233402 0.24742313067784763 0.09455800139762402 0.2513539482879105 0.0932477288609364 0.255503144654088 0.10766072676450035 0.2576869322152341 0.12491264849755415 0.25681341719077566 0.14303808525506637
0 0.8485416666666666 0.119375 0.855625 0.12093749999999999 0.8641666666666666 0.1215625 0.869375 0.12218749999999999 0.8758333333333332 0.12239583333333333 0.879375 0.12145833333333332 0.8798958333333334 0.11895833333333333 0.8760416666666667 0.11812500000000001 0.8686458333333333 0.11812500000000001 0.8630208333333333 0.11760416666666668 0.8590625000000001 0.11645833333333333 0.8545833333333334 0.11552083333333334 0.85 0.11510416666666666 0.8478125 0.11552083333333334 0.8470833333333334 0.11697916666666666
0 0.5854015334947538 0.3068250605326877 0.5944814366424536 0.3068250605326877 0.600660815173527 0.3075817191283293 0.6062096448748991 0.3075817191283293 0.6077229620661824 0.3064467312348668 0.60658797417272 0.3043028652138822 0.6016696933010492 0.3020328894269573 0.5991474979822438 0.30077179176755453 0.5948597659402745 0.30077179176755453 0.587293179983858 0.30140234059725585 0.5814921307506054 0.3020328894269573 0.5785916061339791 0.30253732849071835 0.57442998385795 0.30329398708636 0.5674939467312349 0.30417675544794187 0.5658545197740114 0.30455508474576276 0.5692594834543987 0.3058161824051655 0.5730427764326069 0.30594229217110575 0.5777088377723971 0.3063206214689266 0.5811138014527846 0.3065728410008071
0 0.3888212481962482 0.3618777056277056 0.3898358585858586 0.35488816738816736 0.3888212481962482 0.35015331890331886 0.38713023088023085 0.34575667388167386 0.38476280663780665 0.34034541847041844 0.38273358585858586 0.33572330447330445 0.38126803751803756 0.3321158008658009 0.37957702020202017 0.3294101731601732 0.3783369408369408 0.3271554834054834 0.37563131313131315 0.32377344877344877 0.3740530303030303 0.3223079004329004 0.37247474747474746 0.3226461038961039 0.37179834054834054 0.3273809523809524 0.3727002164502164 0.3316648629148629 0.37427849927849927 0.3374143217893218 0.37529310966810964 0.3427128427128427 0.37720959595959597 0.3480113636363636 0.3785624098124098 0.3510551948051948 0.3796897546897547 0.3531971500721501 0.38171897546897543 0.35579004329004327 0.38442460317460314 0.3591720779220779 0.38667929292929293 0.36086309523809523
0 0.6706386784511784 0.5455597643097644 0.6769518097643098 0.5400357744107744 0.681160563973064 0.5367476851851852 0.6841856060606061 0.5345117845117845 0.6861584595959597 0.5312236952861953 0.6874736952861953 0.5284617003367004 0.6885258838383839 0.5245159932659933 0.688788930976431 0.5220170454545454 0.6866845538720538 0.5213594276094277 0.6847117003367004 0.5225431397306397 0.6827388468013468 0.5259627525252525 0.6810290404040403 0.5284617003367004 0.678135521885522 0.5312236952861953 0.6749789562289563 0.5343802609427609 0.6709017255892256 0.5368792087542088 0.6686658249158249 0.5387205387205387 0.6673505892255893 0.5420086279461279 0.6676136363636364 0.5439814814814814
0 0.20285087719298245 0.6759467265725289 0.21127513906718015 0.672068891741549 0.21528669234060763 0.66979567821994 0.2194319640564827 0.6673887462558835 0.223176080445015 0.6657841249465126 0.22705391527599486 0.6640457851946941 0.2334724005134788 0.66150513478819 0.2382862644415918 0.6588307659392384 0.24096063329054343 0.656022678647839 0.2412280701754386 0.6548192126658108 0.2389548566538297 0.6526797175866496 0.2336061189559264 0.6529471544715447 0.22986200256739409 0.6546854942233633 0.22585044929396664 0.6558889602053916 0.22197261446298674 0.6582958921694481 0.2174261874197689 0.6609702610183997 0.21287976037655112 0.6637783483097989 0.2087344886606761 0.6657841249465126 0.20418806161745826 0.6687259306803595 0.2016474112109542 0.6709991442019683 0.20071138211382114 0.6736735130509199 0.20111253744116386 0.6754118528027386
0 0.3486458333333333 0.5639583333333333 0.35520833333333335 0.5659375 0.3584375 0.5666666666666667 0.3638541666666667 0.5664583333333333 0.36895833333333333 0.5655208333333334 0.3752083333333333 0.5651041666666666 0.37958333333333333 0.5638541666666667 0.38104166666666667 0.5628124999999999 0.381875 0.5619791666666667 0.3802083333333333 0.5597916666666667 0.37614583333333335 0.5586458333333333 0.3703125 0.5584375 0.3655208333333333 0.5584375 0.3608333333333333 0.5584375 0.35583333333333333 0.5584375 0.35208333333333336 0.559375 0.3489583333333333 0.5614583333333333 0.34812499999999996 0.5628124999999999
0 0.5495863599677159 0.6676251008878128 0.552360774818402 0.661319612590799 0.552360774818402 0.6575363196125908 0.5513518966908798 0.653500807102502 0.5497124697336562 0.6487086359967715 0.5484513720742535 0.6432859160613398 0.5471902744148507 0.6381154156577885 0.5459291767554479 0.6345843422114609 0.5447941888619855 0.631431598062954 0.5427764326069411 0.6276483050847458 0.5412631154156579 0.6255044390637611 0.540002017756255 0.6244955609362389 0.5362187247780469 0.625 0.535840395480226 0.6282788539144472 0.5363448345439871 0.632314366424536 0.5374798224374495 0.637863196125908 0.5382364810330913 0.6446731234866828 0.5389931396287329 0.6503480629539952 0.5397497982243745 0.6545096852300243 0.5405064568200161 0.6577885391444713 0.5423981033091202 0.6624546004842615 0.543659200968523 0.6647245762711865 0.5456769572235675 0.6667423325262309
0 0.8465988169798191 0.8406184759916492 0.8533402922755741 0.8448590814196242 0.8568197633959638 0.8460551496172583 0.8595381002087682 0.8462726165622826 0.8609516353514266 0.8449678148921363 0.8608429018789144 0.8423582115518441 0.8576896311760612 0.8389874739039666 0.8533402922755741 0.8359429366736255 0.8510568893528184 0.8332245998608212 0.8492084203201113 0.8310499304105775 0.8448590814196242 0.828875260960334 0.8411621433542102 0.8273529923451636 0.8389874739039666 0.8261569241475295 0.8326809324982603 0.823982254697286 0.8319197981906751 0.8236560542797495 0.8302887961029923 0.8227861864996521 0.8265918580375783 0.821590118302018 0.8231123869171886 0.820937717466945 0.8202853166318719 0.820937717466945 0.8189805149617259 0.8224599860821156 0.8196329157967989 0.8245259220598469 0.8221337856645791 0.8264831245650661 0.8244171885873347 0.8286577940153097 0.8283315935977732 0.8321372651356994 0.8381176061238692 0.8360516701461378 0.8417058107167711 0.8375739387613083 0.8445328810020877 0.8395311412665275
