1 0.5574908925318761 0.06654143897996362 0.5475295992714027 0.06284153005464485 0.5443989071038252 0.059426229508196766 0.5429758652094718 0.05743397085610205 0.5412682149362478 0.0537340619307833 0.5401297814207651 0.05003415300546453 0.5398451730418945 0.04234972677595634 0.5412682149362478 0.0372267759562842 0.5475295992714027 0.02698087431693994 0.560336976320583 0.019865664845173093 0.5660291438979964 0.0175887978142077 0.5714367030965393 0.016165755919854332 0.5771288706739527 0.015881147540983655 0.5833902550091075 0.015881147540983655 0.590790072859745 0.016734972677595678 0.5967668488160293 0.0175887978142077 0.6018897996357013 0.019296448087431743 0.6075819672131147 0.02100409836065579 0.6124203096539164 0.0241347905282332 0.6158356102003644 0.02755009107468129 0.6192509107468124 0.031819216757741395 0.6226662112932605 0.037795992714025554 0.6238046448087432 0.043203551912568354 0.624089253187614 0.04974954462659386 0.6220969945355193 0.05515710382513666 0.6186816939890711 0.05971083788706744 0.6138433515482696 0.06426457194899822 0.6061589253187614 0.06739526411657563 0.600466757741348 0.06881830601092902 0.5939207650273225 0.06967213114754103 0.5879439890710383 0.06995673952641171 0.5816826047358835 0.06995673952641171 0.5762750455373407 0.06995673952641171 0.5700136612021859 0.06910291438979968 0.5620446265938069 0.06796448087431699
1 0.6502732240437159 0.14253187613843357 0.6442964480874317 0.1322859744990893 0.6423041894353371 0.12744763205828785 0.6417349726775956 0.12033242258652099 0.6417349726775956 0.11207877959927146 0.6428734061930784 0.1061020036429873 0.6468579234972679 0.09756375227686707 0.6499886156648452 0.09215619307832427 0.654542349726776 0.0895947176684882 0.6605191256830601 0.08817167577413484 0.667634335154827 0.08931010928961754 0.6753187613843352 0.09244080145719495 0.679872495446266 0.09500227686703101 0.6849954462659381 0.0995560109289618 0.6884107468123861 0.1038251366120219 0.691256830601093 0.10923269581056472 0.692964480874317 0.1149248633879782 0.6943875227686703 0.12090163934426235 0.6946721311475411 0.12630919854280515 0.6946721311475411 0.1314321493624773 0.693818306010929 0.13627049180327874 0.692110655737705 0.14196265938069222 0.6898337887067395 0.14850865209471772 0.6849954462659381 0.15277777777777782 0.6770264116575593 0.1553392531876139 0.6719034608378871 0.1550546448087432 0.666780510018215 0.15334699453551917 0.6619421675774135 0.1516393442622951 0.6579576502732241 0.14964708561020043
1 0.7718010018214937 0.1411088342440802 0.7663934426229508 0.1314321493624773 0.7652550091074681 0.1280168488160292 0.7638319672131147 0.12403233151183975 0.7621243169398908 0.11890938069216762 0.760985883424408 0.11321721311475415 0.760985883424408 0.10752504553734067 0.7635473588342442 0.10126366120218584 0.7669626593806922 0.09443306010928967 0.772370218579235 0.09272540983606563 0.7752163023679418 0.09215619307832427 0.7780623861566485 0.09272540983606563 0.7809084699453552 0.09414845173041898 0.784608378870674 0.09614071038251372 0.7905851548269581 0.09841757741347909 0.7988387978142076 0.10467896174863392 0.8088000910746813 0.11720173041894359 0.8127846083788708 0.12403233151183975 0.8159153005464481 0.13086293260473594 0.8170537340619308 0.1368397085610201 0.8164845173041895 0.14395491803278693 0.8142076502732241 0.14964708561020043 0.8113615664845174 0.15391621129326052 0.8088000910746813 0.15448542805100188 0.8022540983606558 0.1550546448087432 0.7962773224043717 0.1553392531876139 0.7908697632058288 0.15477003642987253 0.7868852459016394 0.15363160291438985 0.7834699453551913 0.1510701275045538 0.7777777777777779 0.14680100182149367 0.7737932604735884 0.14367030965391628
1 0.8654371584699454 0.1322859744990893 0.8682832422586522 0.11976320582877964 0.8705601092896175 0.11435564663023684 0.8731215846994537 0.10951730418943538 0.8773907103825137 0.1061020036429873 0.8816598360655737 0.10297131147540987 0.8867827868852459 0.10183287795992718 0.8899134790528234 0.10154826958105652 0.8938979963570127 0.10154826958105652 0.8978825136612022 0.10268670309653921 0.9030054644808743 0.10496357012750461 0.9075591985428051 0.1083788706739527 0.9112591074681239 0.1126479963570128 0.91382058287796 0.11634790528233156 0.9149590163934427 0.12033242258652099 0.915528233151184 0.12517076502732247 0.9152436247723134 0.1314321493624773 0.912966757741348 0.1365551001821494 0.9104052823315119 0.13883196721311478 0.9081284153005466 0.14196265938069222 0.9041438979963571 0.1476548269581057 0.9018670309653917 0.15192395264116582 0.8984517304189436 0.15676229508196726 0.8938979963570127 0.15989298724954465 0.8887750455373407 0.1616006375227687 0.8810906193078324 0.1616006375227687 0.8768214936247724 0.15932377049180332 0.8739754098360656 0.1561930783242259 0.8708447176684883 0.15135473588342446 0.8685678506375228 0.14680100182149367
1 0.9254895264116576 0.06113387978142081 0.9274817850637523 0.05515710382513666 0.9294740437158471 0.04918032786885251 0.9317509107468124 0.04405737704918038 0.9354508196721312 0.037795992714025554 0.9394353369763206 0.03409608378870679 0.9442736794171221 0.031534608378870725 0.9491120218579235 0.02982695810564668 0.9542349726775956 0.029542349726776006 0.9596425318761385 0.030680783242258702 0.9659039162112932 0.03381147540983612 0.9707422586520947 0.03893442622950825 0.9741575591985429 0.04604963570127509 0.9758652094717669 0.0537340619307833 0.9758652094717669 0.06084927140255014 0.9755806010928961 0.07024134790528237 0.9738729508196722 0.07764116575591991 0.9664731329690347 0.09244080145719495 0.9636270491803279 0.09642531876138438 0.9579348816029145 0.10012522768670314 0.9502504553734062 0.10097905282331517 0.9431352459016394 0.10154826958105652 0.9397199453551913 0.09984061930783247 0.9348816029143898 0.09642531876138438 0.9289048269581056 0.09158697632058294 0.9263433515482695 0.08703324225865214 0.9249203096539163 0.08247950819672135 0.9246357012750456 0.07792577413479057 0.9240664845173042 0.07052595628415306 0.9240664845173042 0.06597222222222227
1 0.47836976320582886 0.15391621129326052 0.46869307832422596 0.14452413479052828 0.460724043715847 0.133424408014572 0.458162568306011 0.12830145719489985 0.45673952641165766 0.12175546448087436 0.45617030965391625 0.1149248633879782 0.4578779599271403 0.10894808743169403 0.4612932604735884 0.10325591985428056 0.46499316939890717 0.10097905282331517 0.47040072859744997 0.09927140255009112 0.4735314207650274 0.09927140255009112 0.4769467213114755 0.09984061930783247 0.48235428051001833 0.10183287795992718 0.48520036429872504 0.10325591985428056 0.48946948998178513 0.10439435336976326 0.4943078324225866 0.10496357012750461 0.4985769581056467 0.1061020036429873 0.5031306921675774 0.10809426229508201 0.5082536429872496 0.11094034608378875 0.5125227686703098 0.11464025500910752 0.5165072859744991 0.11947859744990898 0.5196379781420766 0.1246015482695811 0.5221994535519127 0.12972449908925324 0.5250455373406193 0.13598588342440807 0.526183970856102 0.14196265938069222 0.5267531876138434 0.1487932604735884 0.5267531876138434 0.1522085610200365 0.5239071038251367 0.15790072859744997 0.5199225865209472 0.16103142076502736 0.5139458105646632 0.16216985428051006 0.508822859744991 0.16216985428051006 0.4997153916211294 0.16416211293260477 0.48946948998178513 0.16074681238615668
1 0.5543602003642988 0.22478369763205833 0.5418374316939892 0.21738387978142082 0.5372836976320584 0.21368397085610205 0.5321607468123862 0.2085610200364299 0.5284608378870674 0.20372267759562845 0.526183970856102 0.1977459016393443 0.5273224043715847 0.1903460837887068 0.5295992714025501 0.18408469945355196 0.5347222222222222 0.17753870673952646 0.5406989981785064 0.17270036429872498 0.5452527322404372 0.17099271402550095 0.55066029143898 0.1704234972677596 0.5560678506375228 0.1704234972677596 0.5623292349726776 0.1704234972677596 0.5688752276867032 0.17070810564663028 0.5757058287795993 0.17156193078324228 0.5825364298724955 0.17355418943533701 0.5893670309653917 0.17753870673952646 0.5944899817850637 0.18180783242258655 0.6007513661202187 0.18721539162112938 0.6058743169398908 0.19262295081967215 0.6090050091074682 0.19746129326047365 0.6121357012750456 0.20343806921675778 0.6141279599271403 0.21026867030965396 0.614412568306011 0.21510701275045543 0.6141279599271403 0.22108378870673956 0.6124203096539164 0.2264913479052824 0.6095742258652095 0.23019125683060115 0.604735883424408 0.23303734061930786 0.5996129326047359 0.23417577413479057 0.5933515482695811 0.23474499089253192 0.5873747723132969 0.2350295992714026 0.5816826047358835 0.2350295992714026 0.5768442622950821 0.2350295992714026 0.5722905282331513 0.23446038251366125 0.5685906193078325 0.23332194899817854 0.5643214936247724 0.2316142987249545 0.560336976320583 0.22876821493624774
1 0.8147768670309655 0.20144581056466307 0.8184767759562842 0.19945355191256833 0.822176684881603 0.19803051001821498 0.8275842440801457 0.19660746812386162 0.8346994535519127 0.19717668488160295 0.8438069216757742 0.20059198542805104 0.8529143897996357 0.2051457194899818 0.8603142076502732 0.21055327868852464 0.8688524590163935 0.21823770491803282 0.875398451730419 0.2264913479052824 0.879667577413479 0.23645264116575596 0.8813752276867032 0.2458447176684882 0.8816598360655737 0.25438296903460844 0.8810906193078324 0.26149817850637525 0.8779599271402551 0.26889799635701284 0.8728369763205829 0.27316712204007293 0.8665755919854281 0.275728597449909 0.8574681238615666 0.2760132058287797 0.8480760473588342 0.27430555555555564 0.836976320582878 0.2691826047358835 0.8241689435336976 0.2623520036429873 0.8170537340619308 0.25580601092896177 0.8102231329690347 0.24755236794171226 0.8056693989071039 0.2384448998178507 0.8019694899817851 0.2264913479052824 0.8016848816029145 0.21909153005464485 0.8031079234972679 0.21283014571949002 0.8051001821493625 0.2085610200364299 0.8085154826958106 0.20457650273224048
1 0.9630578324225866 0.26605191256830607 0.9542349726775956 0.2600751366120219 0.9511042805100183 0.25580601092896177 0.9505350637522769 0.25210610200364303 0.9528119307832423 0.24783697632058294 0.9553734061930784 0.24499089253187617 0.9599271402550091 0.24328324225865214 0.9624886156648452 0.24186020036429878 0.9659039162112932 0.23958333333333337 0.9710268670309655 0.23588342440801463 0.9761498178506376 0.23275273224043722 0.9798497267759564 0.23246812386156654 0.9849726775956285 0.23246812386156654 0.9903802367941713 0.23332194899817854 0.9989184881602914 0.23531420765027328 0.9983492714025501 0.28198998178506385 0.9889571948998179 0.2802823315118398 0.9866803278688525 0.2794285063752277 0.9841188524590164 0.27829007285974505 0.9821265938069217 0.2774362477231331 0.9781420765027323 0.27515938069216767 0.9738729508196722 0.27288251366120225 0.9693192167577414 0.2703210382513662
1 0.8426684881602914 0.42799408014571955 0.8403916211293261 0.41831739526411665 0.8398224043715847 0.41461748633879786 0.8398224043715847 0.4097791438979964 0.8403916211293261 0.40266393442622955 0.8420992714025501 0.3964025500910748 0.8452299635701276 0.39042577413479057 0.848360655737705 0.3861566484517305 0.8523451730418945 0.38131830601092903 0.8563296903460837 0.3767645719489982 0.8611680327868853 0.3730646630236795 0.864867941712204 0.37221083788706744 0.8688524590163935 0.37221083788706744 0.8725523679417122 0.37221083788706744 0.875398451730419 0.37278005464480884 0.8785291438979964 0.3736338797814208 0.8819444444444445 0.3747723132969035 0.8870673952641166 0.3776183970856103 0.8916211293260474 0.3807490892531877 0.8956056466302369 0.38387978142076506 0.8978825136612022 0.3890027322404372 0.8984517304189436 0.39355646630236796 0.8987363387978142 0.39953324225865217 0.8981671220400729 0.4043715846994536 0.8964594717668489 0.40949453551912574 0.8950364298724955 0.4134790528233152 0.8919057377049181 0.4200250455373407 0.8890596539162113 0.4262864298724955 0.8864981785063752 0.4305555555555556 0.8833674863387979 0.4356785063752277 0.8790983606557378 0.4405168488160292 0.8745446265938069 0.4427937158469946 0.8682832422586522 0.44364754098360665 0.86316029143898 0.4430783242258653 0.8580373406193079 0.4419398907103826 0.854337431693989 0.4408014571948999 0.8503529143897998 0.4390938069216758 0.8455145719489983 0.4356785063752277
1 0.9209357923497269 0.5125227686703098 0.9132513661202186 0.5091074681238617 0.9095514571948998 0.5048383424408015 0.9055669398907104 0.4985769581056467 0.9041438979963571 0.4923155737704919 0.9047131147540984 0.4854849726775957 0.9075591985428051 0.4795081967213115 0.9118283242258652 0.4741006375227687 0.9183743169398908 0.46954690346083794 0.9237818761384335 0.46641621129326055 0.9291894353369764 0.46413934426229514 0.9337431693989071 0.46300091074681243 0.940858378870674 0.4615778688524591 0.9474043715846995 0.460724043715847 0.953096539162113 0.4601548269581057 0.9579348816029145 0.4601548269581057 0.9636270491803279 0.4610086520947177 0.967896174863388 0.46271630236794176 0.9721653005464481 0.4644239526411658 0.9755806010928961 0.46641621129326055 0.979280510018215 0.46869307832422596 0.9829804189435337 0.472962204007286 0.9861111111111112 0.47723132969034615 0.9875341530054645 0.4809312386156649 0.9875341530054645 0.4857695810564664 0.9866803278688525 0.48946948998178513 0.9852572859744991 0.4943078324225866 0.9829804189435337 0.4980077413479053 0.9804189435336976 0.5017076502732241 0.9764344262295083 0.5059767759562842 0.9724499089253188 0.508822859744991 0.9667577413479053 0.5108151183970857 0.9616347905282332 0.5119535519125684 0.9579348816029145 0.5128073770491803 0.9528119307832423 0.5139458105646632 0.9468351548269581 0.5145150273224044 0.9419968123861566 0.5150842440801457 0.9374430783242259 0.5150842440801457 0.9308970856102003 0.5147996357012751 0.9254895264116576 0.5142304189435338
1 0.7672472677595629 0.46897768670309664 0.7658242258652095 0.4604394353369764 0.7666780510018216 0.4556010928961749 0.7672472677595629 0.4513319672131148 0.7686703096539163 0.44677823315118403 0.769808743169399 0.44364754098360665 0.774077868852459 0.43710154826958114 0.7783469945355193 0.43140938069216767 0.7837545537340619 0.4242941712204008 0.7891621129326047 0.4203096539162114 0.795138888888889 0.41717896174863395 0.7996926229508198 0.4166097449908926 0.8031079234972679 0.41888661202185795 0.8051001821493625 0.42144808743169404 0.80823087431694 0.42486338797814216 0.810792349726776 0.4297017304189436 0.8127846083788708 0.43482468123861573 0.8144922586520947 0.44137067395264123 0.8150614754098361 0.4470628415300547 0.8147768670309655 0.4516165755919855 0.8139230418943534 0.4578779599271403 0.8127846083788708 0.46214708561020046 0.8105077413479054 0.4684084699453553 0.80823087431694 0.4726775956284153 0.8051001821493625 0.4780851548269582 0.8019694899817851 0.4820696721311476 0.7959927140255009 0.4857695810564664 0.7905851548269581 0.48690801457194904 0.7843237704918032 0.48662340619307837 0.7789162112932605 0.4854849726775957 0.7749316939890711 0.48377732240437166 0.772370218579235 0.4809312386156649 0.769808743169399 0.47609289617486344
1 0.8472222222222222 0.6081511839708561 0.8381147540983608 0.6018897996357013 0.8338456284153006 0.5979052823315119 0.8298611111111112 0.592497723132969 0.8275842440801457 0.5862363387978142 0.8275842440801457 0.5771288706739527 0.8295765027322405 0.5711520947176685 0.8338456284153006 0.5654599271402551 0.839537795992714 0.561190801457195 0.8455145719489983 0.5574908925318761 0.850922131147541 0.5552140255009108 0.8554758652094718 0.5546448087431695 0.8668602003642988 0.5549294171220401 0.876252276867031 0.5577755009107469 0.8793829690346084 0.5600523679417122 0.8825136612021859 0.5626138433515483 0.8856443533697632 0.5660291438979964 0.8887750455373407 0.5694444444444445 0.8907673041894354 0.5720059198542806 0.8938979963570127 0.5762750455373407 0.8956056466302369 0.5802595628415301 0.8973132969034608 0.5853825136612022 0.8978825136612022 0.5910746812386157 0.8970286885245903 0.5973360655737706 0.8950364298724955 0.6027436247723134 0.8930441712204008 0.6064435336976322 0.8893442622950821 0.6109972677595629 0.8845059198542805 0.6155510018214937 0.8808060109289618 0.6164048269581056 0.8751138433515483 0.6166894353369764 0.8705601092896175 0.6166894353369764 0.8671448087431695 0.616120218579235 0.8640141165755921 0.6149817850637523 0.8588911657559198 0.6129895264116576 0.8549066484517305 0.6112818761384335
1 0.8090846994535519 0.7185792349726776 0.8042463570127505 0.7117486338797814 0.8025387067395264 0.7080487249544627 0.8005464480874317 0.705202641165756 0.7996926229508198 0.7012181238615666 0.799408014571949 0.6958105646630237 0.8008310564663024 0.6915414389799637 0.8031079234972679 0.6886953551912569 0.8073770491803279 0.6869877049180328 0.8113615664845174 0.6852800546448088 0.8144922586520947 0.6844262295081969 0.8187613843351549 0.6841416211293261 0.823030510018215 0.6841416211293261 0.8275842440801457 0.6849954462659381 0.8321379781420766 0.6872723132969035 0.836976320582878 0.6901183970856103 0.839537795992714 0.6932490892531876 0.8426684881602914 0.6975182149362478 0.8440915300546449 0.7023565573770493 0.8446607468123861 0.7066256830601093 0.8457991803278689 0.7126024590163935 0.8426684881602914 0.7185792349726776 0.839537795992714 0.7222791438979964 0.835268670309654 0.7237021857923498 0.8292918943533698 0.7248406193078325 0.8253073770491803 0.7248406193078325 0.8213228597449909 0.7248406193078325 0.8179075591985429 0.7239867941712205 0.8139230418943534 0.7225637522768671
1 0.8389685792349727 0.7726548269581056 0.8366917122040074 0.7604166666666666 0.8355532786885246 0.7555783242258652 0.8358378870673953 0.7518784153005466 0.836976320582878 0.7467554644808744 0.8381147540983608 0.7430555555555556 0.8409608378870674 0.7379326047358835 0.8443761384335156 0.733948087431694 0.848360655737705 0.7308173952641166 0.8523451730418945 0.7291097449908926 0.8571835154826959 0.7291097449908926 0.8628756830601093 0.7293943533697632 0.8674294171220401 0.7305327868852459 0.8728369763205829 0.7333788706739527 0.8782445355191257 0.7382172131147542 0.8819444444444445 0.7422017304189436 0.8856443533697632 0.7478938979963571 0.8890596539162113 0.7538706739526412 0.8913365209471766 0.7612704918032788 0.8927595628415301 0.7675318761384335 0.8930441712204008 0.774077868852459 0.8924749544626595 0.7806238615664846 0.8910519125683061 0.7860314207650274 0.8879212204007286 0.7914389799635703 0.8845059198542805 0.795138888888889 0.8793829690346084 0.797700364298725 0.8734061930783242 0.7996926229508198 0.8668602003642988 0.7999772313296903 0.861452641165756 0.8005464480874317 0.8583219489981785 0.8002618397085611 0.8549066484517305 0.7979849726775956 0.8514913479052824 0.7942850637522769 0.8480760473588342 0.7905851548269581 0.8443761384335156 0.7851775956284154 0.8412454462659381 0.7806238615664846
1 0.9047131147540984 0.8870673952641166 0.8984517304189436 0.8785291438979964 0.8967440801457195 0.8739754098360656 0.8947518214936248 0.8688524590163935 0.8944672131147542 0.864867941712204 0.8944672131147542 0.8583219489981785 0.8944672131147542 0.8506375227686703 0.8964594717668489 0.8409608378870674 0.899020947176685 0.8349840619307832 0.9021516393442623 0.8332764116575593 0.9067053734061932 0.8324225865209471 0.9106898907103826 0.8338456284153006 0.912966757741348 0.8358378870673953 0.9163820582877961 0.83783014571949 0.9203665755919855 0.839537795992714 0.924351092896175 0.8420992714025501 0.9280510018214937 0.8449453551912569 0.9320355191256832 0.8486452641165756 0.9354508196721312 0.8531989981785064 0.9377276867030966 0.8583219489981785 0.9394353369763206 0.8628756830601093 0.9405737704918032 0.8674294171220401 0.9417122040072861 0.8719831511839709 0.9428506375227688 0.8776753187613843 0.9428506375227688 0.8813752276867032 0.9431352459016394 0.8864981785063752 0.9431352459016394 0.8907673041894354 0.9405737704918032 0.8938979963570127 0.9368738615664846 0.8956056466302369 0.9320355191256832 0.8978825136612022 0.9266279599271403 0.8978825136612022 0.9217896174863388 0.8978825136612022 0.91808970856102 0.8964594717668489 0.9135359744990893 0.8947518214936248 0.9089822404371585 0.8924749544626595
1 0.9676115664845174 0.8756830601092898 0.9713114754098361 0.8642987249544627 0.9738729508196722 0.8594603825136613 0.9778574681238617 0.8537682149362478 0.9829804189435337 0.8494990892531876 0.9900956284153006 0.8466530054644809 0.9949339708561021 0.8457991803278689 0.9989583333333333 0.845044612363388 0.9989583333333333 0.900728597449909 0.9918032786885246 0.9021516393442623 0.9881033697632059 0.9021516393442623 0.9846880692167578 0.901582422586521 0.9821265938069217 0.900728597449909 0.9772882513661203 0.8987363387978142 0.9727345173041895 0.8961748633879781 0.9704576502732241 0.8941826047358835 0.9684653916211293 0.8916211293260474 0.9676115664845174 0.8893442622950821 0.9667577413479053 0.8856443533697632 0.966188524590164 0.8822290528233151
1 0.6810109289617488 0.9707422586520947 0.6849954462659381 0.9684653916211293 0.6898337887067395 0.966188524590164 0.693818306010929 0.9647654826958106 0.6989412568306012 0.9630578324225866 0.7034949908925319 0.9607809653916212 0.7080487249544627 0.9593579234972679 0.7128870673952642 0.9585040983606558 0.7171561930783242 0.9585040983606558 0.7225637522768671 0.9585040983606558 0.7274020947176685 0.9590733151183971 0.7305327868852459 0.9599271402550091 0.7330942622950821 0.9619193989071039 0.7359403460837888 0.9656193078324227 0.7367941712204008 0.9718806921675774 0.7370787795992714 0.9784266848816029 0.7362249544626595 0.9855418943533698 0.7348019125683061 0.9881033697632059 0.7325250455373407 0.991518670309654 0.729678961748634 0.9955031876138434 0.7187819637102426 0.9989583333333333 0.6670651183970856 0.9989583333333333 0.6662112932604737 0.9946493624772313 0.6662112932604737 0.9912340619307832 0.6670651183970856 0.9866803278688525 0.6690573770491803 0.9826958105646632 0.6710496357012751 0.979280510018215 0.6727572859744992 0.9767190346083789
1 0.5748520036429874 0.7484631147540984 0.5683060109289618 0.7598474499089254 0.5648907103825137 0.7646857923497269 0.5609061930783242 0.7695241347905283 0.5563524590163935 0.7732240437158471 0.549806466302368 0.7752163023679418 0.5449681238615666 0.7755009107468124 0.5401297814207651 0.7743624772313298 0.5372836976320584 0.7726548269581056 0.5344376138433516 0.7689549180327869 0.5318761384335156 0.7635473588342442 0.5301684881602915 0.7589936247723134 0.5293146630236795 0.7530168488160293 0.5293146630236795 0.7478938979963571 0.5293146630236795 0.7433401639344264 0.5304530965391622 0.7376479963570127 0.5321607468123862 0.7330942622950821 0.5335837887067396 0.7285405282331513 0.5344376138433516 0.7245560109289618 0.5361452641165756 0.7211407103825137 0.5381375227686703 0.7168715846994537 0.5418374316939892 0.7123178506375228 0.5449681238615666 0.7080487249544627 0.5486680327868854 0.704348816029144 0.5532217668488161 0.7006489071038252 0.5580601092896175 0.6986566484517305 0.562898451730419 0.6975182149362478 0.5671675774134791 0.6969489981785064 0.5711520947176685 0.6969489981785064 0.5745673952641166 0.6989412568306012 0.5782673041894354 0.7029257741347906 0.5805441712204008 0.708617941712204 0.5816826047358835 0.7131716757741349 0.5816826047358835 0.717440801457195 0.5822518214936249 0.7222791438979964 0.5816826047358835 0.7268328779599271 0.5805441712204008 0.7316712204007286 0.5794057377049181 0.7367941712204008 0.577698087431694 0.7419171220400729
1 0.10496357012750461 0.3056124772313298 0.09756375227686707 0.3030510018214937 0.09471766848816034 0.301058743169399 0.09016393442622955 0.29565118397085616 0.08874089253187618 0.2891051912568307 0.08902550091074686 0.2817053734061931 0.09130236794171225 0.27544398907103834 0.09500227686703101 0.2703210382513662 0.0995560109289618 0.26519808743169404 0.10410974499089258 0.26206739526411665 0.10894808743169403 0.25950591985428056 0.11435564663023684 0.25751366120218583 0.12033242258652099 0.25580601092896177 0.1268784153005465 0.25438296903460844 0.13313979963570133 0.25381375227686703 0.14053961748633884 0.25381375227686703 0.14623178506375234 0.25495218579234974 0.15306238615664852 0.2569444444444445 0.15903916211293265 0.2589367030965392 0.16330828779599274 0.2617827868852459 0.16643897996357018 0.26605191256830607 0.16871584699453557 0.27259790528233163 0.1692850637522769 0.2788592896174864 0.1692850637522769 0.28597449908925326 0.16786202185792354 0.2908128415300547 0.1661543715846995 0.29394353369763215 0.1630236794171221 0.2979280510018215 0.15932377049180332 0.301912568306011 0.1553392531876139 0.3041894353369764 0.15021630236794176 0.30675091074681243 0.1453779599271403 0.3084585610200365 0.14053961748633884 0.3098816029143899 0.13484744990892536 0.31016621129326055 0.12972449908925324 0.31016621129326055 0.12488615664845178 0.31016621129326055 0.12118624772313301 0.31016621129326055 0.11720173041894359 0.30959699453551914 0.11236338797814212 0.30874316939890717
1 0.030965391621129375 0.3631033697632059 0.021857923497267808 0.3522882513661203 0.018158014571949047 0.3446038251366121 0.016734972677595678 0.3369193989071039 0.016165755919854332 0.3295195810564664 0.015596539162112984 0.3241120218579236 0.015881147540983655 0.3172814207650274 0.01701958105646635 0.3107354280510019 0.02100409836065579 0.30362021857923505 0.025842440801457246 0.2984972677595629 0.03039617486338803 0.2979280510018215 0.035234517304189486 0.29821265938069225 0.040357468123861616 0.2984972677595629 0.044341985428051046 0.2990664845173043 0.04775728597449914 0.30048952641165766 0.05231102003642992 0.3039048269581057 0.05544171220400733 0.30902777777777785 0.05885701275045542 0.31415072859744997 0.06084927140255014 0.31870446265938074 0.06284153005464485 0.3238274134790529 0.0645491803278689 0.32895036429872504 0.06597222222222227 0.3346425318761385 0.0668260473588343 0.33976548269581064 0.0668260473588343 0.34517304189435344 0.0668260473588343 0.34915755919854286 0.06597222222222227 0.355134335154827 0.06369535519125688 0.3605418943533698 0.05999544626593812 0.36481102003642996 0.055726320582878006 0.3685109289617487 0.04918032786885251 0.3702185792349727 0.04291894353369768 0.3702185792349727 0.03950364298724959 0.3696493624772314 0.0372267759562842 0.36794171220400734
1 0.21026867030965396 0.3693647540983607 0.2057149362477232 0.35570355191256836 0.20457650273224048 0.35029599271402556 0.20400728597449913 0.34517304189435344 0.20372267759562845 0.33805783242258663 0.20628415300546452 0.33037340619307837 0.2085610200364299 0.3238274134790529 0.21169171220400734 0.31870446265938074 0.21738387978142082 0.316712204007286 0.2227914389799636 0.31557377049180335 0.22933743169398912 0.3152891621129327 0.23474499089253192 0.31585837887067403 0.23958333333333337 0.3195582877959928 0.24413706739526417 0.32525045537340624 0.24783697632058294 0.3320810564663024 0.2509676684881603 0.33948087431693996 0.25324453551912574 0.34659608378870677 0.25438296903460844 0.3531420765027323 0.25466757741347906 0.3605418943533698 0.25438296903460844 0.367372495446266 0.2526753187613844 0.3739184881602915 0.2501138433515483 0.3801798724954463 0.2469831511839709 0.3844489981785065 0.24100637522768675 0.38757969034608386 0.2338911657559199 0.38757969034608386 0.2284836065573771 0.38644125683060115 0.22449908925318765 0.3850182149362478 0.22136839708561024 0.3835951730418944 0.2193761384335155 0.38188752276867033
1 0.3147199453551913 0.3576958105646631 0.30618169398907114 0.35285746812386165 0.30362021857923505 0.35029599271402556 0.3016279599271403 0.3443192167577414 0.301058743169399 0.33834244080145726 0.301912568306011 0.3323656648451731 0.3041894353369764 0.32610428051001833 0.3076047358834245 0.3206967213114755 0.31244307832422596 0.31585837887067403 0.3172814207650274 0.31415072859744997 0.3215505464480875 0.31415072859744997 0.3255350637522769 0.3147199453551913 0.33037340619307837 0.3161429872495447 0.33720400728597455 0.3189890710382514 0.3434653916211294 0.3218351548269582 0.3477345173041895 0.32439663023679427 0.3522882513661203 0.3269581056466303 0.355134335154827 0.33037340619307837 0.3576958105646631 0.3357809653916212 0.36025728597449913 0.342042349726776 0.3613957194899819 0.3488729508196722 0.3605418943533698 0.35342668488160295 0.3579804189435338 0.3579804189435338 0.355134335154827 0.3605418943533698 0.35029599271402556 0.3628187613843352 0.34488843351548276 0.3639571948998179 0.340334699453552 0.3645264116575593 0.3337887067395265 0.3642418032786886 0.3292349726775957 0.3633879781420765
1 0.30333561020036437 0.431124772313297 0.29308970856102007 0.42941712204007293 0.2865437158469946 0.42913251366120225 0.28369763205828785 0.42799408014571955 0.28085154826958114 0.4242941712204008 0.2802823315118398 0.41860200364298733 0.28113615664845176 0.4112021857923498 0.2845514571948999 0.4043715846994536 0.2885359744990893 0.39953324225865217 0.29308970856102007 0.3949795081967214 0.2976434426229509 0.3912795992714026 0.30219717668488166 0.3892873406193079 0.3084585610200365 0.38757969034608386 0.3144353369763207 0.3867258652094719 0.3189890710382514 0.38644125683060115 0.3258196721311476 0.38644125683060115 0.3315118397085611 0.38786429872495454 0.33777322404371596 0.3901411657559199 0.34488843351548276 0.39213342440801463 0.3500113843351549 0.3938410746812387 0.3537112932604736 0.3964025500910748 0.3554189435336977 0.40038706739526414 0.3545651183970857 0.40323315118397096 0.352572859744991 0.406648451730419 0.3517190346083789 0.4086407103825137 0.34915755919854286 0.41319444444444453 0.3457422586520948 0.4174635701275046 0.3423269581056467 0.4217326958105648 0.3366347905282332 0.42571721311475413 0.3315118397085611 0.4285632969034609 0.3258196721311476 0.43027094717668496 0.3206967213114755 0.43140938069216767 0.3164275956284153 0.43169398907103834 0.3115892531876139 0.43169398907103834
1 0.16131602914389806 0.45019353369763215 0.16245446265938074 0.4447859744990893 0.16444672131147545 0.43880919854280515 0.1672928051001822 0.432832422586521 0.1729849726775957 0.42571721311475413 0.1792463570127505 0.4228711293260474 0.18408469945355196 0.4217326958105648 0.1889230418943534 0.42116347905282336 0.19404599271402556 0.42116347905282336 0.1977459016393443 0.42116347905282336 0.20258424408014578 0.42258652094717675 0.2085610200364299 0.4260018214936248 0.2142531876138434 0.431124772313297 0.21709927140255011 0.43681693989071047 0.2176684881602915 0.4427937158469946 0.2176684881602915 0.44791666666666674 0.21681466302367947 0.4547472677595629 0.21567622950819676 0.45987021857923505 0.21396857923497273 0.46499316939890717 0.211976320582878 0.4709699453551913 0.20913023679417128 0.47751593806921677 0.20599954462659384 0.48434653916211295 0.20201502732240442 0.4900387067395265 0.19803051001821498 0.4954462659380693 0.19205373406193083 0.49686930783242267 0.18408469945355196 0.49630009107468126 0.17953096539162117 0.4951616575591986 0.17554644808743175 0.49345400728597455 0.17156193078324228 0.49089253187613846 0.1672928051001822 0.48662340619307837 0.16387750455373412 0.4817850637522769 0.16103142076502736 0.4769467213114755 0.15989298724954465 0.4726775956284153 0.159608378870674 0.4675546448087432 0.16017759562841535 0.4604394353369764 0.16074681238615668 0.45303961748633886
1 0.2680441712204008 0.5150842440801457 0.2703210382513662 0.5079690346083789 0.27288251366120225 0.5008538251366121 0.27459016393442626 0.49686930783242267 0.27686703096539167 0.49345400728597455 0.28142076502732244 0.48946948998178513 0.2868283242258653 0.48662340619307837 0.2928051001821494 0.4854849726775957 0.29707422586520954 0.48520036429872504 0.30077413479052834 0.4863387978142077 0.3050432604735884 0.4889002732240438 0.30874316939890717 0.4937386156648452 0.31244307832422596 0.4997153916211294 0.3152891621129327 0.5059767759562842 0.31699681238615673 0.5119535519125684 0.31785063752276876 0.5176457194899818 0.31785063752276876 0.5227686703096539 0.3181352459016394 0.5276070127504554 0.31785063752276876 0.5330145719489983 0.31699681238615673 0.5387067395264117 0.315004553734062 0.5429758652094718 0.31244307832422596 0.548952641165756 0.3098816029143899 0.5520833333333335 0.30618169398907114 0.5563524590163935 0.30333561020036437 0.5589139344262295 0.29935109289617495 0.5606215846994537 0.2947973588342441 0.5614754098360656 0.2893897996357014 0.5620446265938069 0.2862591074681239 0.5614754098360656 0.2845514571948999 0.560336976320583 0.2817053734061931 0.5574908925318761 0.2802823315118398 0.5529371584699454 0.2777208561020037 0.548952641165756 0.275728597449909 0.5475295992714027 0.27430555555555564 0.5458219489981785 0.2720286885245902 0.5415528233151184 0.26946721311475413 0.5361452641165756 0.26747495446265945 0.5304530965391622 0.2669057377049181 0.5258993624772315 0.26662112932604737 0.52106102003643
1 0.024419398907103877 0.513091985428051 0.024419398907103877 0.5036999089253188 0.027265482695810618 0.49772313296903464 0.030965391621129375 0.49345400728597455 0.03438069216757746 0.49060792349726784 0.03950364298724959 0.4877618397085611 0.0449112021857924 0.4854849726775957 0.050318761384335206 0.48463114754098363 0.05344945355191262 0.48463114754098363 0.05629553734061935 0.486054189435337 0.060564663023679466 0.4891848816029144 0.06255692167577419 0.4926001821493625 0.06625683060109294 0.49772313296903464 0.06910291438979968 0.5019922586520947 0.07223360655737711 0.5062613843351549 0.07479508196721317 0.510530510018215 0.07735655737704922 0.5153688524590164 0.08048724954462665 0.52106102003643 0.08247950819672135 0.52533014571949 0.08390255009107474 0.5295992714025501 0.08504098360655742 0.5344376138433516 0.08703324225865214 0.5406989981785064 0.08874089253187618 0.5466757741347906 0.08817167577413484 0.5532217668488161 0.08589480874316945 0.5600523679417122 0.08191029143898002 0.564606102003643 0.07650273224043722 0.5691598360655737 0.06938752276867036 0.5728597449908926 0.0634107468123862 0.5748520036429874 0.05771857923497273 0.5742827868852459 0.0537340619307833 0.5720059198542806 0.04889571948998184 0.5671675774134791 0.04405737704918038 0.5609061930783242 0.03921903460837892 0.5540755919854281 0.03608834244080151 0.5486680327868854 0.03324225865209477 0.5426912568306012 0.030965391621129375 0.536714480874317 0.028119307832422634 0.5304530965391622 0.026411657559198595 0.5247609289617486 0.02470400728597455 0.5179303278688525
1 0.24271402550091078 0.6314890710382514 0.23474499089253192 0.6220969945355193 0.23218351548269583 0.6132741347905283 0.23360655737704925 0.6072973588342442 0.23645264116575596 0.6033128415300547 0.23986794171220405 0.600466757741348 0.24499089253187617 0.5981898907103826 0.2492600182149363 0.5967668488160293 0.25409836065573776 0.5961976320582879 0.25865209471766853 0.5961976320582879 0.26292122040072863 0.5973360655737706 0.26889799635701284 0.5993283242258652 0.2737363387978143 0.6016051912568307 0.2791438979963571 0.604735883424408 0.28398224043715853 0.6075819672131147 0.28796675774134795 0.611851092896175 0.29109744990892544 0.614412568306011 0.29451275045537345 0.617827868852459 0.2976434426229509 0.6220969945355193 0.29935109289617495 0.6252276867030966 0.2984972677595629 0.6289275956284154 0.29678961748633886 0.6314890710382514 0.2950819672131148 0.6340505464480874 0.29252049180327877 0.6377504553734062 0.29024362477231336 0.6420195810564664 0.28711293260473597 0.6462887067395264 0.28426684881602926 0.6485655737704918 0.2791438979963571 0.6488501821493625 0.27288251366120225 0.6479963570127505 0.26861338797814216 0.6471425318761385 0.26349043715847 0.6454348816029145 0.2580828779599272 0.6437272313296903 0.2535291438979964 0.6408811475409837 0.24869080145719497 0.6383196721311476
1 0.1246015482695811 0.7103255919854281 0.11663251366120224 0.6980874316939892 0.11435564663023684 0.693818306010929 0.11236338797814212 0.6892645719489983 0.11065573770491807 0.6841416211293261 0.10951730418943538 0.67731102003643 0.10980191256830606 0.6716188524590164 0.11179417122040076 0.6656420765027323 0.11634790528233156 0.6613729508196722 0.12204007285974504 0.6590960837887069 0.12659380692167582 0.6576730418943535 0.12943989071038256 0.6571038251366121 0.133424408014572 0.6576730418943535 0.13911657559198548 0.6602345173041895 0.14367030965391628 0.6630806010928961 0.14822404371584702 0.6662112932604737 0.15192395264116582 0.6687727686703098 0.15562386156648456 0.6724726775956285 0.15932377049180332 0.6764571948998179 0.16245446265938074 0.68158014571949 0.16586976320582883 0.6878415300546449 0.16786202185792354 0.6926798724954464 0.1692850637522769 0.6978028233151184 0.17070810564663028 0.7029257741347906 0.17184653916211298 0.7080487249544627 0.1724157559198543 0.7148793260473589 0.1729849726775957 0.7214253187613845 0.1729849726775957 0.7282559198542806 0.1704234972677596 0.7345173041894354 0.16586976320582883 0.7385018214936248 0.16017759562841535 0.7385018214936248 0.15562386156648456 0.7362249544626595 0.14964708561020043 0.7336634790528234 0.14281648451730425 0.7299635701275046 0.1365551001821494 0.7256944444444445 0.13171675774134795 0.720856102003643 0.12744763205828785 0.7160177595628416
1 0.018158014571949047 0.624089253187614 0.015027322404371634 0.6297814207650274 0.008196721311475462 0.6377504553734062 0.0005122950819672647 0.6468579234972679 0.0007969034608379388 0.6024590163934427 0.006773679417122092 0.6038820582877961 0.010758196721311527 0.6044512750455374 0.01388888888888894 0.6053051001821494 0.016450364298725005 0.6067281420765027 0.018158014571949047 0.6090050091074682 0.018727231329690397 0.6121357012750456 0.01901183970856107 0.6155510018214937 0.01901183970856107 0.6209585610200364
1 0.3093123861566485 0.704348816029144 0.3115892531876139 0.7012181238615666 0.3144353369763207 0.6978028233151184 0.3195582877959928 0.6935336976320584 0.3241120218579236 0.6898337887067395 0.329804189435337 0.6867030965391622 0.33492714025500914 0.6864184881602914 0.3389116575591986 0.6872723132969035 0.3423269581056467 0.6895491803278689 0.3471653005464482 0.693818306010929 0.3520036429872496 0.6986566484517305 0.35598816029143904 0.705202641165756 0.3582650273224044 0.7111794171220401 0.3591188524590165 0.7185792349726776 0.3588342440801458 0.7251252276867032 0.35712659380692174 0.7311020036429874 0.3539959016393443 0.7390710382513661 0.35058060109289624 0.7464708561020037 0.3457422586520948 0.7547244990892532 0.33976548269581064 0.7618397085610201 0.3352117486338798 0.7644011839708561 0.33065801457194904 0.7644011839708561 0.32610428051001833 0.7635473588342442 0.3212659380692168 0.7612704918032788 0.3147199453551913 0.7564321493624774 0.3093123861566485 0.7513091985428051 0.3053278688524591 0.7456170309653917 0.30333561020036437 0.7393556466302369 0.30248178506375234 0.7328096539162113 0.30248178506375234 0.7256944444444445 0.30333561020036437 0.7182946265938069 0.3047586520947177 0.7117486338797814
1 0.39184881602914395 0.6872723132969035 0.392702641165756 0.68158014571949 0.39412568306010937 0.6758879781420766 0.39668715846994546 0.6699112021857924 0.39953324225865217 0.6656420765027323 0.405794626593807 0.6619421675774135 0.41148679417122047 0.6590960837887069 0.4166097449908926 0.6573884335154827 0.42144808743169404 0.6571038251366121 0.4274248633879782 0.6573884335154827 0.4339708561020037 0.6605191256830601 0.43880919854280515 0.6642190346083789 0.44137067395264123 0.668488160291439 0.44364754098360665 0.6741803278688525 0.4453551912568307 0.6795878870673954 0.44563979963570133 0.6858492714025501 0.4462090163934427 0.6898337887067395 0.4462090163934427 0.6952413479052824 0.4462090163934427 0.6992258652094718 0.4462090163934427 0.7049180327868853 0.4447859744990893 0.7123178506375228 0.44336293260473597 0.7197176684881603 0.43994763205828785 0.7259790528233151 0.43454007285974505 0.7305327868852459 0.4274248633879782 0.7342326958105647 0.41945582877959936 0.7348019125683061 0.41461748633879786 0.7345173041894354 0.41205601092896177 0.7325250455373407 0.40778688524590173 0.7285405282331513 0.40294854280510023 0.7222791438979964 0.39867941712204014 0.7154485428051003 0.39441029143898004 0.7089025500910747 0.3912795992714026 0.7017873406193079 0.39071038251366125 0.6969489981785064 0.39071038251366125 0.6926798724954464
1 0.38103369763205835 0.8119307832422588 0.38331056466302377 0.8085154826958106 0.3870104735883425 0.8053847905282332 0.39213342440801463 0.8022540983606558 0.3955487249544627 0.8011156648451732 0.39981785063752284 0.8002618397085611 0.40636384335154835 0.8002618397085611 0.41376366120218583 0.8011156648451732 0.4208788706739527 0.8031079234972679 0.4282786885245902 0.8053847905282332 0.4351092896174864 0.8088000910746813 0.44108606557377056 0.8125 0.4462090163934427 0.8173383424408015 0.45019353369763215 0.822176684881603 0.45332422586520954 0.8267304189435337 0.45617030965391625 0.83356102003643 0.45844717668488166 0.8440915300546449 0.45759335154826963 0.8529143897996357 0.4541780510018215 0.8586065573770493 0.4490551001821494 0.8611680327868853 0.44393214936247727 0.8608834244080146 0.43994763205828785 0.8600295992714027 0.43482468123861573 0.8588911657559198 0.4268556466302369 0.8571835154826959 0.41831739526411665 0.8546220400728598 0.40949453551912574 0.851775956284153 0.4020947176684882 0.848360655737705 0.39583333333333337 0.8446607468123861 0.3861566484517305 0.8375455373406193 0.3827413479052824 0.8290072859744991 0.38103369763205835 0.823030510018215 0.380464480874317 0.8187613843351549
1 0.27459016393442626 0.8591757741347906 0.2868283242258653 0.8557604735883425 0.2908128415300547 0.8551912568306012 0.29565118397085616 0.8546220400728598 0.2990664845173043 0.8546220400728598 0.3041894353369764 0.8546220400728598 0.3084585610200365 0.8549066484517305 0.31301229508196726 0.8563296903460837 0.3172814207650274 0.8577527322404371 0.3215505464480875 0.8597449908925319 0.3255350637522769 0.8620218579234974 0.32838114754098363 0.864867941712204 0.33122723132969045 0.8688524590163935 0.33321948998178513 0.873690801457195 0.33492714025500914 0.8805214025500911 0.33492714025500914 0.8856443533697632 0.3337887067395265 0.890198087431694 0.33122723132969045 0.8936133879781422 0.32496584699453557 0.8964594717668489 0.3189890710382514 0.8987363387978142 0.31244307832422596 0.9012978142076503 0.3047586520947177 0.902436247723133 0.2979280510018215 0.9030054644808743 0.2919512750455374 0.9027208561020037 0.28198998178506385 0.9010132058287798 0.2708902550091076 0.8973132969034608 0.2617827868852459 0.8927595628415301 0.2569444444444445 0.88849043715847 0.25466757741347906 0.8839367030965393 0.25324453551912574 0.8768214936247724 0.25466757741347906 0.8697062841530055 0.2577982695810565 0.8668602003642988 0.26206739526411665 0.8645833333333334 0.26491347905282336 0.8634448998178507 0.26747495446265945 0.8625910746812386
1 0.32468123861566495 0.9690346083788708 0.3292349726775957 0.9641962659380693 0.3337887067395265 0.9619193989071039 0.34005009107468126 0.9607809653916212 0.34972677595628426 0.9613501821493625 0.36025728597449913 0.96448087431694 0.3702185792349727 0.96875 0.3807490892531877 0.9747267759562842 0.3887181238615665 0.9795651183970856 0.3949795081967214 0.9846880692167578 0.4001024590163935 0.9903802367941713 0.40294854280510023 0.9952185792349727 0.4044444444444445 0.9989583333333333 0.3189890710382514 0.9989583333333333 0.3172814207650274 0.9903802367941713 0.31785063752276876 0.9846880692167578 0.31870446265938074 0.9795651183970856 0.31984289617486344 0.9764344262295083 0.3212659380692168 0.9733037340619308
0 0.5941306755260243 0.044919712070874925 0.579249723145072 0.047342192691029954 0.5647148394241417 0.048726467331118545 0.5612541528239202 0.048380398671096406 0.5588316722037653 0.04630398671096351 0.5591777408637874 0.04388150609080847 0.5626384274640088 0.04076688815060914 0.574404761904762 0.03869047619047625 0.5896317829457364 0.03869047619047625 0.5993217054263565 0.03869047619047625 0.6020902547065338 0.03972868217054269 0.6013981173864894 0.043189368770764174
0 0.4955011074197121 0.13939645625692146 0.48823366555924697 0.13420542635658922 0.48338870431893693 0.12901439645625698 0.48165836101882614 0.12589977851605763 0.4802740863787376 0.12243909191583616 0.4802740863787376 0.11932447397563681 0.481312292358804 0.11863233665559253 0.48408084163898124 0.11932447397563681 0.4955011074197121 0.12866832779623483 0.5038067552602437 0.13558970099667783 0.5062292358803987 0.138358250276855 0.5083056478405317 0.14112679955703217 0.5076135105204873 0.14389534883720936 0.5065753045404209 0.1449335548172758 0.502422480620155 0.1428571428571429
0 0.5827104097452935 0.21241694352159474 0.5626384274640088 0.20238095238095244 0.553640642303433 0.19684385382059807 0.551218161683278 0.19580564784053162 0.5484496124031008 0.19338316722037657 0.5474114064230343 0.19096068660022156 0.5494878183831672 0.18957641196013295 0.5636766334440753 0.19234496124031014 0.5750968992248062 0.1971899224806202 0.58374861572536 0.20307308970099675 0.5865171650055371 0.20549557032115176 0.5892857142857142 0.2086101882613511 0.5892857142857142 0.21137873754152828 0.5882475083056478 0.21345514950166117
0 0.665766888150609 0.1293604651162791 0.6636904761904762 0.12105481727574756 0.6626522702104097 0.10721207087486162 0.6626522702104097 0.10340531561461799 0.6636904761904762 0.10202104097452941 0.6671511627906976 0.10271317829457369 0.6692275747508306 0.10582779623477304 0.670265780730897 0.112749169435216 0.6716500553709855 0.1269379844961241 0.6716500553709855 0.13247508305647845 0.670265780730897 0.13558970099667783 0.6685354374307863 0.13558970099667783
0 0.8882890365448505 0.1369739756367664 0.8875968992248062 0.1234772978959026 0.8875968992248062 0.11897840531561467 0.8889811738648947 0.11690199335548178 0.8910575858250276 0.11690199335548178 0.8914036544850498 0.11967054263565897 0.8924418604651162 0.12555370985603548 0.8924418604651162 0.13385935769656707 0.8924418604651162 0.13662790697674423
0 0.9433139534883721 0.07398947951273538 0.9460825027685492 0.06499169435215953 0.950235326688815 0.05253322259136218 0.9523117386489479 0.048726467331118545 0.9540420819490586 0.04699612403100781 0.9557724252491694 0.04665005537098566 0.9564645625692136 0.048726467331118545 0.9557724252491694 0.05287929125138433 0.9543881506090808 0.05807032115171655 0.9512735326688815 0.06672203765227028 0.9488510520487263 0.07710409745293471 0.9471207087486156 0.08229512735326695 0.945390365448505 0.08402547065337768 0.9433139534883721 0.08021871539313405
0 0.8623338870431893 0.42075027685492805 0.8623338870431893 0.41486710963455153 0.8623338870431893 0.4110603543743079 0.8623338870431893 0.4072535991140643 0.863718161683278 0.40379291251384275 0.8651024363233666 0.40137043189368776 0.8664867109634551 0.39860188261351054 0.8675249169435215 0.3965254706533777 0.8689091915836101 0.3937569213732005 0.8702934662236987 0.3920265780730897 0.8723698781838317 0.3913344407530454 0.8747923588039866 0.3916805094130676 0.8754844961240309 0.3934108527131783 0.8754844961240309 0.3954872646733112 0.8744462901439646 0.40102436323366564 0.8713316722037653 0.41417497231450723 0.8675249169435215 0.4228266888150609 0.866140642303433 0.425249169435216 0.8640642303433002 0.42594130675526026
0 0.7882751937984496 0.4612403100775194 0.7879291251384274 0.4515503875968993 0.7886212624584718 0.4425526024363234 0.7896594684385382 0.4397840531561462 0.7906976744186046 0.4377076411960133 0.7931201550387595 0.43701550387596905 0.7945044296788483 0.43736157253599117 0.7955426356589147 0.4411683277962348 0.7948504983388704 0.45639534883720934 0.7941583610188261 0.4667774086378738 0.7931201550387595 0.46816168327796237 0.7910437430786267 0.4667774086378738
0 0.9291251384274639 0.4920404208194906 0.9405454042081948 0.4910022148394242 0.9530038759689922 0.4903100775193799 0.9561184939091915 0.4896179401993356 0.9585409745293466 0.4875415282392027 0.9581949058693244 0.4854651162790698 0.954734219269103 0.4851190476190476 0.9433139534883721 0.4858111849390919 0.9325858250276854 0.4865033222591363 0.9263565891472868 0.4875415282392027 0.9253183831672203 0.4899640088593577
0 0.8706395348837208 0.5930924695459578 0.8578349944629015 0.5847868217054264 0.8505675526024363 0.5802879291251384 0.8488372093023255 0.5789036544850498 0.8484911406423035 0.5764811738648948 0.8509136212624584 0.574750830564784 0.8536821705426356 0.5740586932447397 0.8578349944629015 0.5757890365448505 0.8626799557032114 0.5799418604651162 0.873062015503876 0.5882475083056478 0.8751384274640088 0.5910160575858251 0.8758305647840531 0.59343853820598
0 0.41659745293466227 0.6993355481727573 0.41521317829457366 0.6889534883720929 0.41625138427464015 0.6768410852713178 0.4172895902547066 0.6737264673311184 0.418327796234773 0.6719961240310077 0.4204042081949059 0.6754568106312292 0.42213455149501666 0.6799557032115171 0.4238648947951274 0.6837624584717609 0.4238648947951274 0.6875692137320044 0.4238648947951274 0.6910299003322258 0.4242109634551496 0.6955287929125138 0.42490310077519383 0.6993355481727573 0.425249169435216 0.7038344407530454 0.42490310077519383 0.7069490586932446 0.4238648947951274 0.7090254706533776 0.4217884828349945 0.7086794019933554 0.41936600221483944 0.7066029900332225 0.4172895902547066 0.7027962347729789
0 0.4224806201550388 0.8360326688815061 0.4093300110741972 0.8287652270210409 0.40137043189368776 0.8253045404208195 0.3975636766334441 0.8221899224806201 0.39583333333333337 0.819421373200443 0.3979097452934663 0.8173449612403101 0.4027547065337763 0.8176910299003323 0.41279069767441867 0.8246124031007752 0.42594130675526026 0.833610188261351 0.4294019933554818 0.8360326688815061 0.43286267995570327 0.8374169435215946 0.4359772978959026 0.838455149501661 0.43736157253599117 0.8412236987818383 0.4356312292358805 0.8439922480620154 0.4335548172757476 0.8439922480620154 0.4294019933554818 0.8419158361018826
0 0.29097452934662243 0.5290697674418605 0.29028239202657813 0.5141888150609081 0.29028239202657813 0.5086517165005537 0.28993632336655595 0.5051910299003323 0.29201273532668887 0.504498892580288 0.2930509413067553 0.5048449612403101 0.2944352159468439 0.5079595791805095 0.2975498338870432 0.5159191583610189 0.2978959025470654 0.520764119601329 0.2978959025470654 0.525609080841639 0.2972037652270211 0.5297619047619048 0.29651162790697677 0.5335686600221483 0.2951273532668882 0.5359911406423035 0.2933970099667775 0.5366832779623477 0.29201273532668887 0.5356450719822813
0 0.18230897009966782 0.4667774086378738 0.18403931339977855 0.45362679955703217 0.18542358803986717 0.4487818383167221 0.18646179401993362 0.4446290143964563 0.18750000000000006 0.44151439645625695 0.1899224806201551 0.44082225913621265 0.19130675526024368 0.44082225913621265 0.19234496124031014 0.4428986710963455 0.19338316722037657 0.44566722037652273 0.1940753045404209 0.45016611295681064 0.19442137320044303 0.4546650055370986 0.19372923588039873 0.4595099667774087 0.19234496124031014 0.4640088593576966 0.19096068660022156 0.4674695459579181 0.18853820598006651 0.47058416389811747 0.18542358803986717 0.4740448504983389 0.18265503875969 0.4750830564784054 0.1819629014396457 0.4750830564784054 0.1819629014396457 0.4712763012181617
0 0.3300802879291252 0.34357696566998897 0.3200442967884829 0.33838593576965675 0.31831395348837216 0.33630952380952384 0.31727574750830567 0.33388704318936885 0.31796788482835 0.3314645625692138 0.3200442967884829 0.3307724252491695 0.32765780730897015 0.3352713178294574 0.334233111849391 0.3394241417497232 0.33700166112956814 0.3408084163898118 0.33977021040974537 0.34288482834994466 0.3421926910299004 0.3456533776301219 0.34288482834994466 0.34842192691029905 0.3418466223698783 0.3487679955703212 0.3394241417497232 0.34807585825027687 0.3359634551495017 0.3453073089700997
0 0.11344130675526029 0.28751384274640096 0.12659191583610194 0.2864756367663345 0.1328211517165006 0.2850913621262459 0.13732004429678854 0.2843992248062016 0.14147286821705435 0.2837070874861573 0.14597176079734225 0.2826688815060908 0.14943244739756376 0.28093853820598014 0.14977851605758588 0.2799003322259137 0.14908637873754157 0.27851605758582504 0.1463178294573644 0.2781699889258029 0.14147286821705435 0.27851605758582504 0.1369739756367664 0.27851605758582504 0.13316722037652276 0.2788621262458472 0.12832225913621267 0.2795542635658915 0.1234772978959026 0.28059246954595796 0.11932447397563681 0.28059246954595796 0.1155177187153932 0.28093853820598014 0.11067275747508311 0.28197674418604657 0.10721207087486162 0.2837070874861573 0.10686600221483948 0.28578349944629017 0.10859634551495022 0.28716777408637884
0 0.04255174291938998 0.33956290849673204 0.0394880174291939 0.33803104575163395 0.034211601307189546 0.32866966230936817 0.033871187363834425 0.31862745098039214 0.03880718954248366 0.3187976579520697 0.040679466230936816 0.32628676470588236 0.043402777777777776 0.3346269063180828
0 0.23179517133956387 0.36820969626168226 0.22412869937694704 0.35932632398753894 0.22157320872274144 0.3428981697819315 0.22254672897196262 0.3374221183800623 0.2263191199376947 0.3369353582554517 0.22741433021806853 0.3381522585669782 0.23167348130841123 0.3525116822429907 0.235202492211838 0.3662626557632399
0 0.2971875 0.41041666666666665 0.30927083333333333 0.4038541666666667 0.32260416666666664 0.4032291666666667 0.3310416666666667 0.40239583333333334 0.3314583333333333 0.40552083333333333 0.32208333333333333 0.41000000000000003 0.30885416666666665 0.41302083333333334 0.29916666666666664 0.41343749999999996
0 0.04520440251572326 0.5075122292103423 0.051100628930817606 0.5107879105520614 0.059399021663172596 0.5260744234800838 0.06791579315164221 0.5500960866526904 0.067479035639413 0.5522798742138364 0.06267470300489168 0.5527166317260657 0.05350279524807826 0.5411425576519915 0.04542278127183787 0.5175576519916142
0 0.29153563941299787 0.8833420684835779 0.2847658979734451 0.8774458420684835 0.2908805031446541 0.8741701607267645 0.30594863731656186 0.8743885394828791 0.31184486373165615 0.8756988120195666 0.3109713487071977 0.8800663871418588 0.30376484975541573 0.8822501747030048
0 0.5489551735760027 0.7465453319851701 0.5470593191776204 0.7460187057633973 0.5467433434445568 0.7419110212335692 0.5521149309066397 0.7310625210650488 0.553484159083249 0.7265335355578024 0.556433265925177 0.7244270306707111 0.5569598921469497 0.7317997977755308 0.5533788338388945 0.7406471183013145 0.5514829794405123 0.7449654533198516
0 0.8706867388362652 0.7754003157419936 0.8642027514659448 0.7718764095624717 0.8578597203428056 0.7549616599007667 0.8543358141632836 0.7459404600811907 0.8588464140730717 0.7448128101037438 0.8644846639603067 0.7556664411366711 0.871955345060893 0.7728631032927378
0 0.815 0.7003125 0.8214583333333334 0.7028125000000001 0.8313541666666667 0.70625 0.8233333333333334 0.7069791666666667 0.818125 0.7055208333333333 0.8151041666666666 0.7025
0 0.9132291666666668 0.8542708333333333 0.9186458333333333 0.8572916666666667 0.9221874999999999 0.8681249999999999 0.9265625 0.8726041666666667 0.9264583333333333 0.8797916666666666 0.9248958333333334 0.8790625 0.91875 0.8697916666666666 0.9142708333333334 0.8576041666666666
0 0.8642824392480513 0.2574793672627235 0.859267537826685 0.2527510316368638 0.8521033929390188 0.2425779458963778 0.847804906006419 0.2365600641907382 0.842073590096286 0.23125859697386517 0.8396377808344795 0.2276765245300321 0.836772122879413 0.22380788629069231 0.8349094452086199 0.22065566254011917 0.8321870701513067 0.21807657038055936 0.8277453003209536 0.21621389270976615 0.8237333791838606 0.21506762952773956 0.8223005502063273 0.2177900045850527 0.828318431911967 0.22337803759743238 0.8346228794131132 0.22796309032553871 0.8387780834479596 0.23211829436038514 0.841643741403026 0.23627349839523154 0.8445093993580925 0.23999885373681795 0.8459422283356257 0.24229138010087115 0.8482347546996789 0.2457301696469509 0.8505272810637322 0.24888239339752405 0.8541093535075653 0.2538972948188904 0.8561153140761119 0.2569062356717102 0.858407840440165 0.25977189362677666 0.8615600641907382 0.26120472260430994 0.8635660247592847 0.26091815680880326
0 0.6895739064856712 0.9947680995475113 0.6986472473604827 0.9931184012066365 0.705717383107089 0.9908795248868779 0.7104308069381599 0.9891119909502263 0.713965874811463 0.9871087858220212 0.7183257918552036 0.9847520739064858 0.7203289969834087 0.9815705128205129 0.7206825037707391 0.9789781297134238 0.7157334087481146 0.976857088989442 0.710902149321267 0.9779176093514329 0.7063065610859728 0.9798029788838613 0.7018288084464556 0.9821596907993968 0.6946408371040724 0.9852234162895928 0.689691742081448 0.9885228129713425 0.6873350301659126 0.9905260180995475 0.6850961538461539 0.9942967571644042
