1 0.6253434065934067 0.33039529914529914 0.6188568376068377 0.32085622710622713 0.6184752747252749 0.31398809523809523 0.6188568376068377 0.3082646520146521 0.6211462148962149 0.3025412087912088 0.624198717948718 0.29490995115995117 0.6280143467643469 0.2907127594627595 0.6325931013431014 0.2868971306471307 0.6386981074481075 0.2849893162393162 0.6470924908424909 0.282699938949939 0.6497634310134311 0.2823183760683761 0.6531974969474971 0.2823183760683761 0.6619734432234433 0.2834630647130647 0.6711309523809524 0.2861340048840049 0.6776175213675214 0.2884233821733822 0.6821962759462761 0.29109432234432236 0.6848672161172161 0.29338369963369965 0.6875381562881563 0.29719932844932845 0.6905906593406594 0.3025412087912088 0.6924984737484738 0.3082646520146521 0.6928800366300367 0.31398809523809523 0.6924984737484738 0.3197115384615385 0.692116910866911 0.3239087301587302 0.6905906593406594 0.327724358974359 0.6879197191697192 0.33192155067155066 0.6844856532356532 0.3353556166056166 0.6802884615384617 0.3380265567765568 0.6753281440781441 0.33993437118437125 0.6676968864468865 0.3414606227106228 0.6615918803418804 0.3429868742368743 0.6539606227106227 0.3433684371184372 0.6474740537240538 0.34375 0.6428952991452993 0.3433684371184372 0.6383165445665446 0.34184218559218565 0.6318299755799757 0.3380265567765568 0.6280143467643469 0.33497405372405376
1 0.5158348595848596 0.34184218559218565 0.5127823565323566 0.33382936507936506 0.511637667887668 0.32619810744810745 0.5131639194139195 0.32047466422466425 0.5150717338217338 0.31475122100122105 0.5188873626373627 0.3086462148962149 0.5230845543345544 0.301778083028083 0.5265186202686203 0.2975808913308914 0.5314789377289377 0.2941468253968254 0.5360576923076923 0.292239010989011 0.5417811355311356 0.2907127594627595 0.546741452991453 0.2903311965811966 0.5517017704517706 0.2903311965811966 0.5581883394383396 0.292239010989011 0.5642933455433456 0.29490995115995117 0.5677274114774116 0.29796245421245426 0.5700167887667889 0.3010149572649573 0.5715430402930404 0.3048305860805861 0.5719246031746033 0.3097909035409036 0.5723061660561661 0.3151327838827839 0.5711614774114775 0.32123778998779 0.5692536630036631 0.3281059218559219 0.5673458485958487 0.3345924908424909 0.5623855311355312 0.34107905982905984 0.5558989621489623 0.34603937728937734 0.5509386446886447 0.34794719169719174 0.5475045787545788 0.34871031746031744 0.5398733211233212 0.34985500610500614 0.5333867521367522 0.3506181318681319 0.5288079975579976 0.3506181318681319 0.5215583028083028 0.3471840659340659
1 0.5745955433455434 0.21783424908424912 0.5738324175824177 0.20715048840048841 0.5742139804639805 0.20219017094017094 0.5753586691086692 0.19799297924297926 0.5768849206349207 0.1930326617826618 0.5776480463980465 0.18769078144078147 0.5787927350427352 0.18425671550671555 0.5829899267399269 0.17777014652014653 0.5871871184371185 0.17280982905982908 0.5948183760683762 0.1705204517704518 0.6005418192918194 0.1701388888888889 0.6051205738705739 0.1701388888888889 0.6085546398046399 0.1701388888888889 0.6127518315018317 0.17204670329670332 0.6184752747252749 0.17586233211233215 0.624198717948718 0.18120421245421248 0.6287774725274726 0.18616452991452992 0.6322115384615385 0.1907432844932845 0.6348824786324787 0.19608516483516486 0.6356456043956045 0.20066391941391942 0.6364087301587303 0.20791361416361417 0.6367902930402932 0.21363705738705743 0.6356456043956045 0.21974206349206352 0.6345009157509158 0.22699175824175827 0.6318299755799757 0.23538614163614166 0.6280143467643469 0.2411095848595849 0.6230540293040294 0.2449252136752137 0.617712148962149 0.24874084249084252 0.61122557997558 0.2514117826617827 0.6039758852258853 0.2525564713064713 0.5993971306471307 0.2510302197802198 0.5959630647130648 0.24874084249084252 0.5913843101343103 0.2445436507936508 0.5864239926739928 0.23958333333333337 0.5829899267399269 0.23500457875457878 0.5803189865689866 0.23118894993894998 0.5757402319902322 0.22355769230769235
1 0.7337072649572651 0.22546550671550675 0.7237866300366301 0.2144001831501832 0.7218788156288157 0.21058455433455434 0.7199710012210013 0.20638736263736265 0.7176816239316239 0.20104548229548233 0.7173000610500612 0.19494047619047622 0.7184447496947498 0.18769078144078147 0.7207341269841271 0.18120421245421248 0.7253128815628817 0.17319139194139196 0.7306547619047621 0.16861263736263737 0.7363782051282052 0.1663232600732601 0.7421016483516484 0.16479700854700857 0.746680402930403 0.16365231990231993 0.7508775946275947 0.16327075702075705 0.7539300976800978 0.16365231990231993 0.7577457264957267 0.16479700854700857 0.762706043956044 0.16746794871794876 0.7676663614163616 0.17166514041514044 0.7730082417582419 0.17738858363858367 0.7749160561660562 0.17967796092796096 0.7783501221001221 0.18387515262515264 0.7825473137973139 0.18959859584859587 0.7848366910866911 0.19417735042735046 0.7867445054945056 0.20028235653235657 0.7878891941391942 0.20676892551892553 0.7882707570207571 0.21287393162393167 0.7863629426129427 0.21745268620268624 0.7836920024420025 0.22279456654456659 0.7802579365079366 0.22699175824175827 0.7779685592185593 0.23118894993894998 0.7745344932844934 0.23614926739926742 0.7711004273504275 0.23920177045177046 0.7661401098901099 0.2411095848595849 0.7607982295482297 0.2411095848595849 0.7543116605616607 0.24034645909645913 0.7516407203907204 0.23920177045177046 0.7478250915750916 0.2372939560439561 0.7428647741147743 0.2346230158730159 0.7375228937728939 0.2300442612942613
1 0.8130723443223444 0.23614926739926742 0.8165064102564104 0.2243208180708181 0.8195589133089134 0.218215811965812 0.8226114163614164 0.21325549450549453 0.8268086080586081 0.20791361416361417 0.8317689255189256 0.20257173382173385 0.8374923687423689 0.19799297924297926 0.843597374847375 0.19608516483516486 0.8508470695970697 0.19570360195360198 0.8588598901098902 0.19608516483516486 0.865728021978022 0.19761141636141638 0.8710699023199024 0.20104548229548233 0.8745039682539684 0.205242673992674 0.8767933455433456 0.2121108058608059 0.8771749084249085 0.21859737484737488 0.8771749084249085 0.224702380952381 0.8767933455433456 0.2327152014652015 0.8741224053724055 0.2411095848595849 0.8718330280830282 0.24759615384615385 0.868780525030525 0.25370115995116 0.8649648962148964 0.2590430402930403 0.8603861416361417 0.2617139804639805 0.853136446886447 0.2647664835164835 0.8458867521367522 0.26629273504273504 0.8405448717948719 0.26629273504273504 0.8367292429792431 0.2655296092796093 0.8317689255189256 0.2647664835164835 0.824137667887668 0.26247710622710624 0.8195589133089134 0.26018772893772896 0.8161248473748475 0.2556089743589744 0.8138354700854702 0.2468330280830281
1 0.862675518925519 0.1750992063492064 0.849702380952381 0.17128357753357756 0.8458867521367522 0.166704822954823 0.8428342490842492 0.16327075702075705 0.8416895604395606 0.15678418803418806 0.8409264346764348 0.14991605616605622 0.8413079975579977 0.14419261294261296 0.8432158119658121 0.13885073260073263 0.8462683150183151 0.1331272893772894 0.8504655067155068 0.12778540903540908 0.85618894993895 0.12549603174603177 0.8615308302808304 0.1232066544566545 0.8653464590964592 0.12244352869352873 0.8710699023199024 0.12168040293040297 0.8752670940170941 0.12168040293040297 0.8813721001221002 0.12282509157509162 0.888621794871795 0.12549603174603177 0.8935821123321124 0.12854853479853484 0.8977793040293042 0.13236416361416364 0.9008318070818072 0.13579822954822957 0.9035027472527474 0.14114010989010992 0.9050289987789989 0.14610042735042736 0.9050289987789989 0.15067918192918198 0.904647435897436 0.1541132478632479 0.9031211843711844 0.1579288766788767 0.9012133699633701 0.16288919413919417 0.8985424297924299 0.166704822954823 0.895108363858364 0.1701388888888889 0.8890033577533578 0.17280982905982908 0.8748855311355312 0.17548076923076925 0.8718330280830282 0.17548076923076925
1 0.4181547619047619 0.1701388888888889 0.41090506715506714 0.16021825396825398 0.40976037851037855 0.15373168498168502 0.4093788156288156 0.14877136752136755 0.4112866300366301 0.14037698412698416 0.41395757020757024 0.1350351037851038 0.4200625763125763 0.12549603174603177 0.42654914529914534 0.11939102564102569 0.43189102564102566 0.11633852258852263 0.4364697802197802 0.11481227106227111 0.44066697191697196 0.11443070818070823 0.44829822954822957 0.11328601953601956 0.453258547008547 0.11328601953601956 0.4578373015873016 0.11519383394383399 0.4627976190476191 0.11900946275946281 0.46852106227106227 0.12435134310134315 0.4696657509157509 0.12893009768009772 0.4711920024420025 0.13770604395604397 0.4700473137973138 0.1434294871794872 0.4681394993894994 0.1491529304029304 0.46661324786324787 0.15373168498168502 0.46470543345543347 0.15716575091575094 0.4624160561660562 0.16098137973137974 0.4601266788766789 0.16479700854700857 0.453258547008547 0.1701388888888889 0.4444826007326007 0.176243894993895 0.44104853479853484 0.17738858363858367 0.43723290598290604 0.17777014652014653 0.43379884004884006 0.17777014652014653 0.42998321123321126 0.17662545787545791 0.4254044566544567 0.1750992063492064
1 0.3628281440781441 0.29796245421245426 0.3578678266178266 0.2880418192918193 0.35557844932844934 0.2819368131868132 0.3548153235653236 0.27621336996337004 0.3551968864468865 0.26820054945054944 0.3578678266178266 0.26209554334554336 0.36206501831501836 0.2556089743589744 0.3654990842490842 0.24912240537240538 0.3670253357753358 0.24530677655677657 0.3719856532356533 0.2388202075702076 0.37694597069597074 0.23347832722832726 0.38266941391941395 0.2300442612942613 0.38724816849816857 0.22737332112332115 0.39259004884004883 0.22508394383394387 0.4002213064713065 0.22279456654456659 0.4063263125763126 0.22164987789987792 0.4131944444444445 0.2201236263736264 0.41777319902319904 0.21936050061050064 0.42082570207570213 0.2205051892551893 0.4261675824175824 0.2243208180708181 0.430746336996337 0.2300442612942613 0.4349435286935287 0.23576770451770454 0.43875915750915756 0.2426358363858364 0.44143009768009767 0.2510302197802198 0.4418116605616606 0.2575167887667888 0.44066697191697196 0.2647664835164835 0.4383775946275946 0.27163461538461536 0.4353250915750916 0.2792658730158731 0.43036477411477414 0.2861340048840049 0.4254044566544567 0.2937652625152625 0.41968101343101344 0.29796245421245426 0.41204975579975583 0.30215964590964595 0.40480006105006106 0.30559371184371187 0.39869505494505497 0.30788308913308915 0.39411630036630035 0.3086462148962149 0.3876297313797314 0.3090277777777778 0.382287851037851 0.3090277777777778 0.37694597069597074 0.3082646520146521 0.3742750305250305 0.3071199633699634
1 0.26247710622710624 0.2735424297924298 0.25484584859584863 0.2685821123321123 0.250267094017094 0.26400335775335776 0.24645146520146524 0.2575167887667888 0.24530677655677657 0.24950396825396828 0.24606990231990233 0.24187271062271065 0.24950396825396828 0.2346230158730159 0.25370115995116 0.2285180097680098 0.2598061660561661 0.22203144078144083 0.2647664835164835 0.218215811965812 0.27163461538461536 0.21516330891330895 0.2800289987789988 0.21287393162393167 0.28766025641025644 0.2113476800976801 0.29529151404151405 0.21096611721611724 0.3013965201465202 0.211729242979243 0.30750152625152627 0.21401862026862029 0.31360653235653235 0.218215811965812 0.3174221611721612 0.22317612942612944 0.3193299755799756 0.2300442612942613 0.3197115384615385 0.23958333333333337 0.3197115384615385 0.24759615384615385 0.3174221611721612 0.2540827228327229 0.31475122100122105 0.2575167887667888 0.3113171550671551 0.26209554334554336 0.30635683760683763 0.26820054945054944 0.29987026862026867 0.2735424297924298 0.2937652625152625 0.27697649572649574 0.2868971306471307 0.27888431013431014 0.27964743589743596 0.2792658730158731 0.2739239926739927 0.2792658730158731 0.26934523809523814 0.2773580586080586
1 0.20982142857142858 0.1640338827838828 0.2163079975579976 0.15525793650793654 0.21897893772893776 0.15258699633699635 0.22126831501831506 0.1495344932844933 0.224702380952381 0.14724511599511603 0.22775488400488403 0.14419261294261296 0.23157051282051283 0.14266636141636144 0.23538614163614166 0.140758547008547 0.23958333333333337 0.1396138583638584 0.24339896214896217 0.13846916971916973 0.24568833943833948 0.13846916971916973 0.2514117826617827 0.14114010989010992 0.2552274114774115 0.1434294871794872 0.25827991452991456 0.14610042735042736 0.2613324175824176 0.1495344932844933 0.26247710622710624 0.15373168498168502 0.2636217948717949 0.1605998168498169 0.263240231990232 0.16517857142857145 0.2617139804639805 0.1724282661782662 0.25675366300366304 0.18005952380952384 0.250267094017094 0.18692765567765568 0.24378052503052505 0.19150641025641027 0.2372939560439561 0.1945589133089133 0.23118894993894998 0.19570360195360198 0.2243208180708181 0.19570360195360198 0.218215811965812 0.19494047619047622 0.21287393162393167 0.1934142246642247 0.21058455433455434 0.19150641025641027 0.20982142857142858 0.1888354700854701 0.20829517704517705 0.1850198412698413 0.2075320512820513 0.1808226495726496 0.20791361416361417 0.17586233211233215 0.20829517704517705 0.16975732600732604
1 0.29719932844932845 0.39602411477411475 0.2868971306471307 0.39182692307692313 0.2830815018315019 0.3891559829059829 0.27888431013431014 0.3834325396825397 0.27659493284493286 0.37656440781440786 0.2754502442002442 0.36588064713064716 0.27659493284493286 0.3563415750915751 0.28041056166056166 0.3452762515262516 0.2846077533577534 0.33840811965811973 0.2899496336996337 0.3345924908424909 0.29681776556776557 0.330776862026862 0.3025412087912088 0.3281059218559219 0.3086462148962149 0.32619810744810745 0.31665903540903545 0.32505341880341887 0.32276404151404153 0.32505341880341887 0.3292506105006105 0.3254349816849817 0.3353556166056166 0.327724358974359 0.34260531135531136 0.33192155067155066 0.34756562881562886 0.3365003052503053 0.350236568986569 0.3414606227106228 0.3529075091575092 0.350236568986569 0.35328907203907206 0.3578678266178266 0.3521443833943834 0.3635912698412699 0.3509996947496948 0.3693147130647131 0.34794719169719174 0.3746565934065934 0.33382936507936506 0.38686660561660563 0.32276404151404153 0.39259004884004883 0.31818528693528697 0.39449786324786323 0.31322496947496953 0.3964056776556777 0.3097909035409036 0.39716880341880345 0.30597527472527475 0.39716880341880345
1 0.27506868131868134 0.47996794871794873 0.2735424297924298 0.4689026251526252 0.2735424297924298 0.4624160561660562 0.27506868131868134 0.4551663614163614 0.27773962148962156 0.44829822954822957 0.2819368131868132 0.44066697191697196 0.28727869352869356 0.434180402930403 0.2930021367521368 0.4288385225885226 0.3002518315018315 0.4254044566544567 0.30597527472527475 0.4227335164835165 0.3105540293040293 0.42235195360195366 0.31551434676434675 0.4219703907203908 0.32085622710622713 0.4219703907203908 0.3269612332112332 0.4234966422466423 0.334210927960928 0.42654914529914534 0.34069749694749696 0.430746336996337 0.3452762515262516 0.4349435286935287 0.34871031746031744 0.43952228327228327 0.34985500610500614 0.4444826007326007 0.350236568986569 0.44944291819291826 0.350236568986569 0.4559294871794872 0.3471840659340659 0.4612713675213675 0.3445131257631258 0.46546855921855923 0.33192155067155066 0.479204822954823 0.31436965811965817 0.49255952380952384 0.3105540293040293 0.4948489010989011 0.30750152625152627 0.49599358974358976 0.30368589743589747 0.4963751526251527 0.2991071428571429 0.4963751526251527 0.29643620268620274 0.4963751526251527 0.2926205738705739 0.4948489010989011 0.2888049450549451 0.4937042124542125 0.2849893162393162 0.4917963980463981 0.2807921245421246 0.48874389499389503
1 0.4326541514041515 0.4357066544566545 0.4368513431013431 0.43036477411477414 0.44257478632478636 0.42654914529914534 0.4475351037851038 0.4227335164835165 0.45211385836385837 0.41968101343101344 0.45631105006105005 0.4181547619047619 0.46165293040293043 0.4170100732600733 0.46661324786324787 0.4162469474969475 0.47195512820512825 0.41586538461538464 0.4784416971916972 0.41586538461538464 0.48416514041514047 0.41586538461538464 0.49255952380952384 0.4170100732600733 0.4990460927960928 0.4200625763125763 0.5043879731379731 0.4246413308913309 0.5078220390720392 0.43036477411477414 0.5101114163614163 0.43608821733821734 0.5108745421245422 0.4433379120879121 0.5112561050061051 0.45020604395604397 0.5120192307692307 0.45554792429792434 0.5127823565323566 0.4601266788766789 0.5127823565323566 0.46356074481074483 0.5104929792429792 0.4692841880341881 0.5074404761904762 0.47386294261294265 0.5036248473748474 0.47806013431013433 0.4979014041514042 0.48263888888888895 0.49065170940170943 0.4864545177045177 0.48454670329670335 0.48874389499389503 0.48149420024420025 0.4898885836385836 0.47424450549450553 0.4914148351648352 0.46623168498168505 0.4914148351648352 0.45821886446886445 0.4914148351648352 0.4513507326007326 0.4895070207570208 0.4402854090354091 0.482257326007326 0.4330357142857143 0.47538919413919417 0.43227258852258854 0.47309981684981683 0.43036477411477414 0.4673763736263737 0.4292200854700855 0.46317918192918195 0.4292200854700855 0.45669261294261293 0.4296016483516484 0.4498244810744811 0.4296016483516484 0.4429563492063492
1 0.54368894993895 0.4124313186813187 0.5452152014652015 0.3929716117216117 0.5486492673992676 0.38648504273504275 0.5497939560439561 0.3838141025641026 0.553228021978022 0.3780906593406594 0.5574252136752137 0.372748778998779 0.5620039682539684 0.3685515873015873 0.5665827228327228 0.3651175213675214 0.5723061660561661 0.363209706959707 0.5780296092796093 0.3616834554334555 0.582608363858364 0.3613018925518926 0.5864239926739928 0.3613018925518926 0.5894764957264959 0.3613018925518926 0.5929105616605618 0.3624465811965812 0.5971077533577535 0.3654990842490842 0.6009233821733823 0.36969627594627597 0.6039758852258853 0.37618284493284493 0.6062652625152627 0.38419566544566547 0.6066468253968255 0.39259004884004883 0.6055021367521368 0.3990766178266178 0.6035943223443224 0.405181623931624 0.6005418192918194 0.4105235042735043 0.5955815018315019 0.4170100732600733 0.5902396214896215 0.42158882783882784 0.5837530525030525 0.4261675824175824 0.5784111721611722 0.4288385225885226 0.5742139804639805 0.43189102564102566 0.5692536630036631 0.4334172771672772 0.5635302197802198 0.43379884004884006 0.5585699023199024 0.43227258852258854 0.556280525030525 0.4311278998778999 0.553228021978022 0.4288385225885226 0.5497939560439561 0.4257860195360196 0.5459783272283274 0.42044413919413925
1 0.682577838827839 0.4475351037851038 0.682577838827839 0.44066697191697196 0.682577838827839 0.434180402930403 0.6844856532356532 0.42845695970695974 0.6871565934065935 0.4227335164835165 0.6902090964590966 0.4173916361416362 0.6936431623931625 0.4105235042735043 0.6970772283272285 0.4044184981684982 0.701655982905983 0.3990766178266178 0.7092872405372407 0.39487942612942617 0.7138659951159952 0.39259004884004883 0.7173000610500612 0.39259004884004883 0.7214972527472528 0.39259004884004883 0.7249313186813188 0.39373473748473753 0.7276022588522589 0.39526098901098905 0.7317994505494506 0.3983134920634921 0.7363782051282052 0.40365537240537247 0.7401938339438341 0.40976037851037855 0.7421016483516484 0.4166285103785104 0.7428647741147743 0.42425976800976806 0.7428647741147743 0.43036477411477414 0.7428647741147743 0.43723290598290604 0.740575396825397 0.443719474969475 0.7394307081807082 0.44944291819291826 0.737141330891331 0.4559294871794872 0.7344703907203908 0.4620344932844933 0.7302731990231991 0.46775793650793657 0.7260760073260074 0.4711920024420025 0.7199710012210013 0.47348137973137977 0.7138659951159952 0.47386294261294265 0.7092872405372407 0.47386294261294265 0.7050900488400489 0.47386294261294265 0.7005112942612944 0.47309981684981683 0.6970772283272285 0.47195512820512825 0.692116910866911 0.4700473137973138 0.6894459706959708 0.4681394993894994 0.6852487789987791 0.46317918192918195
1 0.5841346153846154 0.501717032967033 0.5730692918192919 0.4990460927960928 0.5688721001221002 0.4971382783882784 0.5646749084249085 0.49408577533577536 0.5623855311355312 0.4883623321123321 0.5620039682539684 0.479204822954823 0.5635302197802198 0.47309981684981683 0.5673458485958487 0.4696657509157509 0.5707799145299146 0.46775793650793657 0.5745955433455434 0.46470543345543347 0.5791742979242981 0.4605082417582418 0.5833714896214897 0.45707417582417587 0.5879502442002443 0.4540216727716728 0.5925289987789989 0.45287698412698413 0.5982524420024421 0.4517322954822955 0.6024496336996338 0.4513507326007326 0.6066468253968255 0.4513507326007326 0.6096993284493286 0.4513507326007326 0.614659645909646 0.45211385836385837 0.617712148962149 0.4536401098901099 0.6211462148962149 0.45554792429792434 0.6234355921855922 0.4586004273504274 0.6249618437118438 0.46356074481074483 0.6268696581196581 0.4708104395604396 0.6261065323565325 0.4769154456654457 0.6234355921855922 0.48263888888888895 0.620764652014652 0.48874389499389503 0.6165674603174605 0.4933226495726496 0.6131333943833945 0.4948489010989011 0.6089362026862027 0.4971382783882784 0.6039758852258853 0.4998092185592186 0.5993971306471307 0.5009539072039072 0.5925289987789989 0.5024801587301587
1 0.78865231990232 0.39526098901098905 0.7943757631257633 0.38419566544566547 0.7970467032967034 0.37923534798534797 0.8000992063492064 0.37503815628815634 0.8042963980463982 0.3708409645909646 0.8104014041514043 0.3674068986568987 0.8168879731379732 0.3647359584859585 0.8226114163614164 0.3639728327228327 0.827571733821734 0.36626221001221004 0.8321504884004884 0.3712225274725275 0.8348214285714287 0.37885378510378515 0.8359661172161172 0.3891559829059829 0.8359661172161172 0.39678724053724057 0.8352029914529915 0.40403693528693535 0.8344398656898658 0.41014194139194143 0.8336767399267401 0.41395757020757024 0.8317689255189256 0.42082570207570213 0.8287164224664225 0.42845695970695974 0.8252823565323566 0.4345619658119658 0.8210851648351649 0.4383775946275946 0.8142170329670331 0.43952228327228327 0.8077304639804641 0.43875915750915756 0.8016254578754579 0.4364697802197802 0.798191391941392 0.4345619658119658 0.7924679487179488 0.43189102564102566 0.7901785714285715 0.42845695970695974 0.7871260683760685 0.42235195360195366 0.7859813797313798 0.4173916361416362 0.7859813797313798 0.41166819291819295 0.7859813797313798 0.4070894383394384
1 0.33993437118437125 0.5673458485958487 0.33153998778998783 0.5627670940170941 0.3292506105006105 0.5600961538461539 0.32619810744810745 0.5558989621489623 0.32429029304029305 0.5505570818070818 0.3235271672771673 0.5459783272283274 0.32429029304029305 0.5394917582417583 0.3269612332112332 0.5318605006105006 0.33039529914529914 0.5269001831501832 0.33497405372405376 0.5230845543345544 0.3403159340659341 0.5188873626373627 0.35710470085470086 0.5112561050061051 0.3670253357753358 0.5078220390720392 0.3723672161172161 0.5078220390720392 0.37732753357753357 0.508203601953602 0.3815247252747253 0.5093482905982907 0.38648504273504275 0.5112561050061051 0.39068223443223443 0.514690170940171 0.39602411477411475 0.5196504884004884 0.39869505494505497 0.5246108058608059 0.40136599511599513 0.5303342490842491 0.401747557997558 0.5356761294261295 0.401747557997558 0.5425442612942615 0.40136599511599513 0.550175518925519 0.39869505494505497 0.5566620879120879 0.39449786324786323 0.5604777167277167 0.3903006715506716 0.5654380341880343 0.38457722832722835 0.5684905372405373 0.37847222222222227 0.5711614774114775 0.3708409645909646 0.5723061660561661 0.36435439560439564 0.5730692918192919 0.3578678266178266 0.5730692918192919 0.3540521978021978 0.5730692918192919 0.34985500610500614 0.5730692918192919 0.34603937728937734 0.5719246031746033
1 0.31360653235653235 0.6520528083028084 0.3067384004884005 0.6444215506715507 0.30368589743589747 0.6406059218559219 0.30215964590964595 0.6356456043956045 0.3010149572649573 0.6287774725274726 0.3013965201465202 0.6211462148962149 0.3048305860805861 0.614659645909646 0.30940934065934067 0.6093177655677657 0.3174221611721612 0.6043574481074482 0.3254349816849817 0.6013049450549451 0.33497405372405376 0.5993971306471307 0.34260531135531136 0.5990155677655679 0.34985500610500614 0.5990155677655679 0.3563415750915751 0.6001602564102565 0.3605387667887668 0.6020680708180709 0.36435439560439564 0.6058836996336997 0.3674068986568987 0.61122557997558 0.3693147130647131 0.6169490231990232 0.3708409645909646 0.6234355921855922 0.3708409645909646 0.630685286935287 0.3689331501831502 0.6352640415140416 0.3666437728937729 0.6390796703296704 0.3647359584859585 0.6425137362637364 0.3616834554334555 0.6451846764346765 0.35672313797313804 0.6482371794871795 0.35176282051282054 0.6505265567765568 0.3464209401709402 0.6520528083028084 0.3395528083028083 0.6528159340659342 0.33344780219780223 0.65357905982906 0.3273427960927961 0.65357905982906 0.32276404151404153 0.65357905982906
1 0.401747557997558 0.7188263125763127 0.3910637973137973 0.7157738095238096 0.38686660561660563 0.7138659951159952 0.3838141025641026 0.7115766178266179 0.382287851037851 0.7081425518925519 0.3811431623931624 0.7031822344322346 0.3811431623931624 0.6978403540903542 0.38305097680097683 0.6924984737484738 0.38610347985347987 0.6879197191697192 0.38991910866910867 0.6844856532356532 0.39526098901098905 0.6799068986568988 0.40136599511599513 0.6749465811965812 0.4078525641025641 0.6718940781440782 0.414720695970696 0.669223137973138 0.4219703907203908 0.6669337606837609 0.4288385225885226 0.6650259462759464 0.4353250915750916 0.6642628205128206 0.44257478632478636 0.6642628205128206 0.44867979242979245 0.6646443833943835 0.45554792429792434 0.666170634920635 0.46088980463980467 0.6680784493284494 0.46585012210012217 0.673038766788767 0.46852106227106227 0.6806700244200244 0.4692841880341881 0.6909722222222222 0.46661324786324787 0.6963141025641026 0.46317918192918195 0.7008928571428572 0.45936355311355315 0.7050900488400489 0.4536401098901099 0.7092872405372407 0.4460088522588523 0.7138659951159952 0.43990384615384615 0.7157738095238096 0.4311278998778999 0.7173000610500612 0.42425976800976806 0.7184447496947498 0.4173916361416362 0.7188263125763127 0.4112866300366301 0.7188263125763127
1 0.5837530525030525 0.630685286935287 0.5726877289377291 0.620764652014652 0.5684905372405373 0.6173305860805861 0.5658195970695972 0.6131333943833945 0.5635302197802198 0.608173076923077 0.5623855311355312 0.6020680708180709 0.5650564713064714 0.5959630647130648 0.5677274114774116 0.5906211843711844 0.5723061660561661 0.5871871184371185 0.5776480463980465 0.5852793040293042 0.5848977411477413 0.5837530525030525 0.5868055555555556 0.5837530525030525 0.5974893162393163 0.5837530525030525 0.6077915140415141 0.5852793040293042 0.6158043345543347 0.5875686813186813 0.6226724664224665 0.5906211843711844 0.6280143467643469 0.5940552503052504 0.6333562271062273 0.6013049450549451 0.637171855921856 0.6074099511599512 0.6394612332112334 0.6154227716727718 0.6390796703296704 0.6238171550671551 0.637171855921856 0.6329746642246643 0.6333562271062273 0.6375534188034189 0.627251221001221 0.6394612332112334 0.6203830891330891 0.6409874847374848 0.6154227716727718 0.6413690476190477 0.608173076923077 0.6413690476190477 0.6028311965811967 0.6413690476190477 0.5982524420024421 0.6406059218559219 0.5932921245421245 0.6386981074481075 0.5887133699633701 0.6360271672771673
1 0.6474740537240538 0.6753281440781441 0.6516712454212455 0.673038766788767 0.6573946886446886 0.6715125152625153 0.6654075091575092 0.6703678266178268 0.6722756410256411 0.6696047008547009 0.67876221001221 0.6696047008547009 0.6860119047619049 0.6696047008547009 0.6913537851037852 0.6699862637362639 0.6955509768009769 0.6715125152625153 0.6989850427350428 0.6738018925518927 0.7028006715506716 0.67609126984127 0.7058531746031746 0.67876221001221 0.7104319291819293 0.6829594017094018 0.7157738095238096 0.6871565934065935 0.7192078754578756 0.6909722222222222 0.7222603785103786 0.6955509768009769 0.7256944444444445 0.7005112942612944 0.7283653846153847 0.7066163003663005 0.7279838217338218 0.7100503663003664 0.7264575702075703 0.7161553724053725 0.7245497557997559 0.7211156898656899 0.7226419413919415 0.7276022588522589 0.7192078754578756 0.7344703907203908 0.7165369352869354 0.7398122710622712 0.7134844322344324 0.7440094627594629 0.7108134920634921 0.7455357142857143 0.707760989010989 0.7478250915750916 0.704708485958486 0.750114468864469 0.698221916971917 0.7524038461538463 0.6917353479853481 0.7543116605616607 0.6875381562881563 0.7543116605616607 0.6795253357753359 0.7535485347985349 0.6688415750915752 0.750114468864469 0.6554868742368744 0.7443910256410257 0.6467109279609281 0.737141330891331 0.6394612332112334 0.7268391330891332 0.6379349816849818 0.7237866300366301 0.6367902930402932 0.7188263125763127 0.6367902930402932 0.7127213064713066 0.6364087301587303 0.7066163003663005 0.6360271672771673 0.7008928571428572 0.6364087301587303 0.695169413919414 0.6379349816849818 0.6902090964590966 0.6394612332112334 0.6871565934065935 0.6432768620268622 0.6833409645909647 0.6455662393162395 0.6799068986568988
1 0.779113247863248 0.6558684371184372 0.7806394993894995 0.6386981074481075 0.7836920024420025 0.6310668498168499 0.78865231990232 0.6245802808302809 0.7947573260073262 0.620764652014652 0.8004807692307694 0.6180937118437119 0.8058226495726496 0.6165674603174605 0.8100198412698414 0.6158043345543347 0.8157432844932846 0.6150412087912088 0.8218482905982907 0.6150412087912088 0.8290979853479854 0.6150412087912088 0.8344398656898658 0.6165674603174605 0.840163308913309 0.6184752747252749 0.8458867521367522 0.6215277777777779 0.8500839438339439 0.6257249694749696 0.8523733211233212 0.630685286935287 0.8554258241758242 0.6364087301587303 0.8577152014652015 0.6413690476190477 0.8588598901098902 0.6470924908424909 0.8584783272283274 0.65357905982906 0.8565705128205129 0.6615918803418804 0.8535180097680098 0.669223137973138 0.849702380952381 0.6745650183150184 0.8439789377289378 0.6802884615384617 0.8363476800976801 0.6844856532356532 0.8283348595848598 0.6871565934065935 0.820703601953602 0.6871565934065935 0.8104014041514043 0.6871565934065935 0.7993360805860806 0.6871565934065935 0.7913232600732603 0.6852487789987791 0.7871260683760685 0.6821962759462761 0.7836920024420025 0.6764728327228329 0.7814026251526252 0.6699862637362639 0.7798763736263737 0.6634996947496948
1 0.8367292429792431 0.7676663614163616 0.8394001831501832 0.7649954212454213 0.8451236263736265 0.7611797924297926 0.8519917582417583 0.7573641636141637 0.8619123931623933 0.7550747863247864 0.8710699023199024 0.7543116605616607 0.8802274114774116 0.7546932234432234 0.8867139804639805 0.7562194749694751 0.8935821123321124 0.759653540903541 0.898160866910867 0.7630876068376069 0.9008318070818072 0.7672847985347987 0.9038843101343103 0.7711004273504275 0.9061736874236874 0.775679181929182 0.9080815018315019 0.7814026251526252 0.9080815018315019 0.7863629426129427 0.9088446275946277 0.7932310744810745 0.9092261904761905 0.7993360805860806 0.9069368131868133 0.8042963980463982 0.9031211843711844 0.8104014041514043 0.8993055555555556 0.8134539072039073 0.8958714896214897 0.8157432844932846 0.8893849206349207 0.817651098901099 0.8821352258852261 0.8210851648351649 0.8767933455433456 0.8214667277167279 0.872214590964591 0.8214667277167279 0.8653464590964592 0.8214667277167279 0.8588598901098902 0.8203220390720392 0.8516101953601954 0.8184142246642246 0.8470314407814409 0.8161248473748475 0.8420711233211233 0.8126907814407816 0.8386370573870574 0.8092567155067155 0.8355845543345544 0.8058226495726496 0.8332951770451771 0.8031517094017094 0.8317689255189256 0.7997176434676435 0.8298611111111112 0.7947573260073262 0.8298611111111112 0.7894154456654457 0.830242673992674 0.7836920024420025 0.830242673992674 0.778731684981685 0.8317689255189256 0.7752976190476191
1 0.5028617216117216 0.7844551282051283 0.4875992063492064 0.7794948107448109 0.48302045177045183 0.7783501221001221 0.4765338827838828 0.7752976190476191 0.47233669108669113 0.7695741758241759 0.47309981684981683 0.7630876068376069 0.4746260683760684 0.7577457264957267 0.47615231990231993 0.7524038461538463 0.4788232600732601 0.7474435286935288 0.48416514041514047 0.7436278998779 0.4891254578754579 0.740575396825397 0.495230463980464 0.7379044566544567 0.5047695360195361 0.737141330891331 0.5093482905982907 0.7375228937728939 0.5139270451770452 0.7390491452991453 0.5200320512820513 0.7421016483516484 0.5253739316239316 0.7459172771672773 0.5299526862026862 0.7516407203907204 0.5333867521367522 0.7573641636141637 0.5333867521367522 0.7623244810744811 0.5326236263736264 0.7695741758241759 0.5314789377289377 0.7741529304029305 0.5269001831501832 0.7772054334554336 0.5219398656898657 0.7814026251526252 0.5158348595848596 0.7836920024420025 0.5112561050061051 0.7848366910866911
1 0.38724816849816857 0.808112026862027 0.37732753357753357 0.7974282661782663 0.3742750305250305 0.7913232600732603 0.37160409035409037 0.7844551282051283 0.3712225274725275 0.7779685592185593 0.3731303418803419 0.7695741758241759 0.37656440781440786 0.7619429181929183 0.3811431623931624 0.7554563492063493 0.385721916971917 0.7524038461538463 0.39373473748473753 0.7493513431013432 0.401747557997558 0.7474435286935288 0.40976037851037855 0.7470619658119659 0.41891788766788773 0.7474435286935288 0.42654914529914534 0.7493513431013432 0.4334172771672772 0.7524038461538463 0.43952228327228327 0.7573641636141637 0.44257478632478636 0.7623244810744811 0.4456272893772894 0.7695741758241759 0.44639041514041516 0.7760607448107449 0.44677197802197804 0.7825473137973139 0.4452457264957265 0.7894154456654457 0.4421932234432235 0.7955204517704518 0.43914072039072044 0.8004807692307694 0.4353250915750916 0.8046779609279611 0.4296016483516484 0.8069673382173383 0.4246413308913309 0.8084935897435898 0.42044413919413925 0.8096382783882785 0.4151022588522589 0.8104014041514043 0.4089972527472528 0.8107829670329672 0.40327380952380953 0.8107829670329672 0.39716880341880345 0.8104014041514043
1 0.4078525641025641 0.8851877289377291 0.41166819291819295 0.8767933455433456 0.4173916361416362 0.868780525030525 0.4227335164835165 0.8653464590964592 0.43379884004884006 0.8607677045177046 0.443719474969475 0.8577152014652015 0.4498244810744811 0.8577152014652015 0.4559294871794872 0.8580967643467645 0.4627976190476191 0.8607677045177046 0.4700473137973138 0.8653464590964592 0.47615231990231993 0.872214590964591 0.47806013431013433 0.8802274114774116 0.479204822954823 0.8897664835164836 0.479204822954823 0.8985424297924299 0.47767857142857145 0.904647435897436 0.47424450549450553 0.9122786935286936 0.4681394993894994 0.9199099511599512 0.45936355311355315 0.9260149572649573 0.4498244810744811 0.9283043345543347 0.43952228327228327 0.9283043345543347 0.4288385225885226 0.9275412087912088 0.42311507936507936 0.9256333943833945 0.41586538461538464 0.920673076923077 0.41166819291819295 0.9138049450549451 0.40823412698412703 0.9061736874236874 0.4059447496947497 0.8993055555555556 0.4063263125763126 0.8935821123321124
1 0.30750152625152627 0.8832799145299146 0.3113171550671551 0.8756486568986569 0.31665903540903545 0.8695436507936508 0.32276404151404153 0.8649648962148964 0.32963217338217343 0.8619123931623933 0.3376449938949939 0.8596230158730159 0.34375 0.8584783272283274 0.34871031746031744 0.8584783272283274 0.35748626373626374 0.859241452991453 0.3639728327228327 0.8611492673992676 0.36969627594627597 0.8642017704517706 0.3735119047619048 0.8695436507936508 0.37618284493284493 0.8775564713064714 0.37694597069597074 0.8848061660561661 0.37732753357753357 0.8912927350427352 0.37580128205128205 0.8962530525030525 0.3719856532356533 0.9012133699633701 0.3670253357753358 0.9065552503052504 0.3628281440781441 0.9088446275946277 0.35748626373626374 0.9099893162393163 0.3521443833943834 0.9099893162393163 0.34756562881562886 0.9096077533577535 0.3441315628815629 0.9096077533577535 0.3380265567765568 0.9092261904761905 0.33382936507936506 0.9088446275946277 0.3281059218559219 0.9076999389499391 0.3220009157509158 0.9057921245421245 0.3174221611721612 0.9035027472527474 0.31284340659340665 0.9004502442002443 0.3105540293040293 0.8970161782661783 0.30788308913308915 0.892055860805861
1 0.24874084249084252 0.837110805860806 0.24835927960927962 0.8268086080586081 0.2525564713064713 0.8153617216117216 0.2571352258852259 0.8062042124542125 0.2590430402930403 0.8012438949938951 0.2617139804639805 0.798191391941392 0.26629273504273504 0.7932310744810745 0.2723977411477412 0.7871260683760685 0.2773580586080586 0.7825473137973139 0.2834630647130647 0.7806394993894995 0.29338369963369965 0.7802579365079366 0.29987026862026867 0.781784188034188 0.3048305860805861 0.7852182539682541 0.3086462148962149 0.7909416971916973 0.3109355921855922 0.7974282661782663 0.3124618437118437 0.8062042124542125 0.31208028083028083 0.8149801587301587 0.3109355921855922 0.8229929792429793 0.3082646520146521 0.830624236874237 0.3048305860805861 0.8378739316239318 0.3013965201465202 0.8413079975579977 0.2983440170940171 0.8458867521367522 0.2930021367521368 0.8500839438339439 0.28727869352869356 0.8558073870573871 0.2819368131868132 0.859241452991453 0.27621336996337004 0.8600045787545788 0.2704899267399268 0.8603861416361417 0.26400335775335776 0.859241452991453 0.25827991452991456 0.8573336385836386 0.2540827228327229 0.8550442612942615 0.250267094017094 0.8493208180708182 0.24874084249084252 0.843597374847375
1 0.7279838217338218 0.8195589133089134 0.7237866300366301 0.808112026862027 0.7234050671550672 0.8016254578754579 0.7237866300366301 0.7943757631257633 0.7256944444444445 0.7875076312576313 0.7283653846153847 0.7806394993894995 0.7310363247863249 0.7760607448107449 0.7348519536019537 0.7741529304029305 0.7394307081807082 0.7733898046398048 0.7440094627594629 0.7726266788766789 0.7482066544566545 0.772245115995116 0.7535485347985349 0.7733898046398048 0.7600351037851039 0.7764423076923078 0.7649954212454213 0.7806394993894995 0.7680479242979243 0.7844551282051283 0.7711004273504275 0.78865231990232 0.7741529304029305 0.7932310744810745 0.7760607448107449 0.7978098290598292 0.7783501221001221 0.8046779609279611 0.7798763736263737 0.81116452991453 0.7798763736263737 0.8172695360195361 0.779113247863248 0.8222298534798536 0.7768238705738707 0.8264270451770452 0.7733898046398048 0.8317689255189256 0.7688110500610501 0.8344398656898658 0.7642322954822957 0.8359661172161172 0.7581272893772895 0.8363476800976801 0.7527854090354091 0.8367292429792431 0.7485882173382173 0.8363476800976801 0.7451541514041514 0.8348214285714287 0.740575396825397 0.8325320512820513 0.7344703907203908 0.8287164224664225
1 0.7653769841269842 0.956158424908425 0.7684294871794872 0.9511981074481075 0.7730082417582419 0.9470009157509158 0.7802579365079366 0.9439484126984128 0.7867445054945056 0.9420405982905984 0.7928495115995117 0.9408959096459097 0.7970467032967034 0.9408959096459097 0.8027701465201466 0.9420405982905984 0.8092567155067155 0.9458562271062273 0.8149801587301587 0.9515796703296704 0.8199404761904763 0.9580662393162395 0.824137667887668 0.9649343711843713 0.8264270451770452 0.9695131257631259 0.827190170940171 0.9740918803418804 0.827571733821734 0.9790521978021979 0.827571733821734 0.985157203907204 0.827190170940171 0.9924068986568988 0.8264270451770452 0.9969856532356532 0.8252823565323566 0.9988934676434678 0.7588904151404152 0.998130341880342 0.7573641636141637 0.991643772893773 0.7569826007326008 0.9874465811965812 0.7569826007326008 0.9828678266178268 0.7569826007326008 0.9782890720390721 0.7573641636141637 0.9729471916971917 0.759653540903541 0.9668421855921856 0.7611797924297926 0.962644993894994
1 0.27659493284493286 0.9534874847374848 0.2815552503052503 0.9416590354090355 0.28575244200244204 0.9370802808302809 0.28956807081807084 0.9336462148962149 0.29338369963369965 0.9321199633699635 0.29796245421245426 0.9309752747252749 0.30406746031746035 0.9298305860805861 0.3097909035409036 0.9286858974358976 0.31436965811965817 0.9286858974358976 0.3197115384615385 0.9290674603174605 0.3239087301587302 0.930212148962149 0.32963217338217343 0.9321199633699635 0.33230311355311354 0.9336462148962149 0.33840811965811973 0.9374618437118438 0.3433684371184372 0.9408959096459097 0.34794719169719174 0.9447115384615385 0.35138125763125766 0.9489087301587303 0.3529075091575092 0.9531059218559219 0.3544337606837607 0.9599740537240538 0.3551968864468865 0.9668421855921856 0.35328907203907206 0.9771443833943835 0.34794719169719174 0.985157203907204 0.3445131257631258 0.988209706959707 0.33917124542124544 0.9927884615384617 0.334210927960928 0.9958409645909647 0.32963217338217343 0.9969856532356532 0.32505341880341887 0.9969856532356532 0.31360653235653235 0.9973672161172161 0.2991071428571429 0.9939331501831502 0.2861340048840049 0.985157203907204 0.2819368131868132 0.9805784493284494 0.27888431013431014 0.9763812576312577 0.2773580586080586 0.9733287545787547 0.27659493284493286 0.969131562881563 0.27659493284493286 0.9649343711843713
1 0.8905296092796093 0.9695131257631259 0.8989239926739928 0.9573031135531136 0.9035027472527474 0.9538690476190477 0.9103708791208792 0.9500534188034189 0.9187652625152627 0.9473824786324787 0.9260149572649573 0.946619352869353 0.936698717948718 0.9477640415140416 0.9443299755799757 0.9508165445665446 0.9519612332112334 0.9553952991452993 0.9573031135531136 0.9595924908424909 0.9615003052503054 0.9656974969474971 0.9637896825396826 0.9710393772893774 0.96607905982906 0.9775259462759464 0.9668421855921856 0.9840125152625153 0.96607905982906 0.9924068986568988 0.9656974969474971 0.998130341880342 0.8870955433455434 0.998130341880342 0.8851877289377291 0.9920253357753359 0.8870955433455434 0.9809600122100123
1 0.9454746642246643 0.7543116605616607 0.942803724053724 0.7413385225885226 0.9424221611721613 0.7352335164835165 0.942803724053724 0.7298916361416362 0.9443299755799757 0.7256944444444445 0.946619352869353 0.7207341269841271 0.949671855921856 0.7146291208791209 0.9534874847374848 0.7092872405372407 0.9584478021978023 0.7058531746031746 0.9634081196581197 0.7039453601953604 0.969131562881563 0.7035637973137975 0.972184065934066 0.7043269230769231 0.9752365689865691 0.7054716117216118 0.9794337606837609 0.707760989010989 0.9832493894993896 0.711195054945055 0.9866834554334555 0.7153922466422468 0.9901175213675214 0.7207341269841271 0.9931700244200244 0.7264575702075703 0.9946962759462761 0.7310363247863249 0.9954594017094018 0.7375228937728939 0.9958409645909647 0.7432463369963371 0.9958409645909647 0.7497329059829061 0.9935515873015873 0.7558379120879122 0.9901175213675214 0.7638507326007328 0.9859203296703298 0.7680479242979243 0.981723137973138 0.7699557387057389 0.9767628205128206 0.7707188644688646 0.9714209401709403 0.7707188644688646 0.9664606227106227 0.7699557387057389 0.9637896825396826 0.7688110500610501 0.9592109279609281 0.7669032356532358 0.9538690476190477 0.7646138583638584 0.9489087301587303 0.7611797924297926
1 0.9477640415140416 0.6077915140415141 0.9420405982905984 0.5978708791208792 0.9408959096459097 0.5944368131868133 0.9393696581196581 0.5883318070818072 0.9382249694749696 0.5837530525030525 0.9363171550671551 0.5787927350427352 0.9355540293040294 0.5726877289377291 0.9359355921855923 0.5665827228327228 0.9374618437118438 0.5600961538461539 0.940132783882784 0.5551358363858365 0.9447115384615385 0.5517017704517706 0.9492902930402932 0.5497939560439561 0.9527243589743591 0.5486492673992676 0.956158424908425 0.5463598901098902 0.9599740537240538 0.5448336385836386 0.9637896825396826 0.5440705128205129 0.9702762515262516 0.54368894993895 0.9759996947496948 0.5429258241758242 0.9813415750915752 0.5425442612942615 0.985538766788767 0.5425442612942615 0.9908806471306472 0.5440705128205129 0.9958409645909647 0.546741452991453 0.9977487789987791 0.5475045787545788 0.9977487789987791 0.6230540293040294 0.9904990842490843 0.6264880952380953 0.9859203296703298 0.627251221001221 0.981723137973138 0.627251221001221 0.9752365689865691 0.627251221001221 0.9714209401709403 0.6268696581196581 0.9676053113553115 0.6257249694749696 0.9634081196581197 0.624198717948718 0.9599740537240538 0.6226724664224665 0.9550137362637364 0.6196199633699635 0.9504349816849818 0.6154227716727718
1 0.7623244810744811 0.5742139804639805 0.7508775946275947 0.5688721001221002 0.7485882173382173 0.5639117826617828 0.7478250915750916 0.5589514652014653 0.7485882173382173 0.5539911477411478 0.7520222832722834 0.5475045787545788 0.7539300976800978 0.5429258241758242 0.7566010378510379 0.5379655067155068 0.7600351037851039 0.5318605006105006 0.7623244810744811 0.5284264346764347 0.7661401098901099 0.524229242979243 0.7695741758241759 0.52117673992674 0.7741529304029305 0.5188873626373627 0.779113247863248 0.5162164224664225 0.7848366910866911 0.5127823565323566 0.7905601343101344 0.5104929792429792 0.7966651404151405 0.5093482905982907 0.8039148351648353 0.5089667277167277 0.8088751526251526 0.5089667277167277 0.8138354700854702 0.5112561050061051 0.8180326617826619 0.5150717338217338 0.8210851648351649 0.5200320512820513 0.8229929792429793 0.5261370573870574 0.8229929792429793 0.5322420634920635 0.8222298534798536 0.5383470695970697 0.820703601953602 0.5452152014652015 0.8184142246642246 0.5497939560439561 0.8153617216117216 0.5558989621489623 0.8107829670329672 0.5620039682539684 0.8065857753357755 0.5654380341880343 0.8012438949938951 0.5673458485958487 0.795138888888889 0.5692536630036631 0.7905601343101344 0.5711614774114775 0.7875076312576313 0.5726877289377291 0.7840735653235654 0.5742139804639805 0.778731684981685 0.5753586691086692 0.7718635531135531 0.5757402319902322
1 0.8943452380952382 0.5009539072039072 0.8851877289377291 0.49217796092796096 0.8828983516483517 0.482257326007326 0.8832799145299146 0.4765338827838828 0.8851877289377291 0.4700473137973138 0.8878586691086692 0.46508699633699635 0.8912927350427352 0.4601266788766789 0.8947268009768011 0.45631105006105005 0.8977793040293042 0.4536401098901099 0.9019764957264959 0.4509691697191698 0.9065552503052504 0.44829822954822957 0.9122786935286936 0.4452457264957265 0.9176205738705739 0.4433379120879121 0.9221993284493286 0.4421932234432235 0.9252518315018317 0.44143009768009767 0.9279227716727718 0.44066697191697196 0.9321199633699635 0.44066697191697196 0.9370802808302809 0.4418116605616606 0.9408959096459097 0.4441010378510379 0.946619352869353 0.4475351037851038 0.9504349816849818 0.4498244810744811 0.9527243589743591 0.45287698412698413 0.9550137362637364 0.45745573870573875 0.9584478021978023 0.46508699633699635 0.9592109279609281 0.472718253968254 0.9584478021978023 0.479204822954823 0.9565399877899878 0.485691391941392 0.9531059218559219 0.49065170940170943 0.9477640415140416 0.49408577533577536 0.9405143467643469 0.4975198412698413 0.9374618437118438 0.5001907814407814 0.9325015262515264 0.5032432844932846 0.9260149572649573 0.5062957875457876 0.9202915140415141 0.5085851648351648 0.9153311965811967 0.5089667277167277 0.9092261904761905 0.5085851648351648 0.9031211843711844 0.5078220390720392 0.8996871184371185 0.5062957875457876 0.8970161782661783 0.5043879731379731
1 0.9325015262515264 0.36817002442002444 0.9248702686202688 0.3796169108669109 0.9202915140415141 0.3838141025641026 0.9153311965811967 0.385721916971917 0.9092261904761905 0.38686660561660563 0.9027396214896215 0.38724816849816857 0.895108363858364 0.3853403540903541 0.8863324175824177 0.38038003663003667 0.8809905372405373 0.37389346764346765 0.8790827228327228 0.3666437728937729 0.8802274114774116 0.3578678266178266 0.8828983516483517 0.350236568986569 0.8848061660561661 0.3456578144078144 0.888621794871795 0.33878968253968256 0.8928189865689866 0.33115842490842495 0.8962530525030525 0.32505341880341887 0.9019764957264959 0.32085622710622713 0.9069368131868133 0.3193299755799756 0.9130418192918194 0.3193299755799756 0.9183836996336997 0.32047466422466425 0.9244887057387058 0.3239087301587302 0.9290674603174605 0.3292506105006105 0.9321199633699635 0.3361187423687424 0.9344093406593408 0.3414606227106228 0.9355540293040294 0.3521443833943834 0.9340277777777779 0.36206501831501836
1 0.9664606227106227 0.3551968864468865 0.9664606227106227 0.350236568986569 0.9668421855921856 0.3448946886446887 0.9698946886446886 0.33917124542124544 0.972184065934066 0.33497405372405376 0.9748550061050062 0.330776862026862 0.9790521978021979 0.3254349816849817 0.9836309523809524 0.3200931013431013 0.9878281440781441 0.3178037240537241 0.991643772893773 0.31665903540903545 0.995077838827839 0.31665903540903545 0.9989583333333333 0.3173057844932845 0.9985119047619049 0.3910637973137973 0.9897359584859585 0.3895375457875458 0.985538766788767 0.38801129426129427 0.9832493894993896 0.38686660561660563 0.9801968864468865 0.38495879120879123 0.9771443833943835 0.38266941391941395 0.9752365689865691 0.38038003663003667 0.9718025030525032 0.37694597069597074 0.9698946886446886 0.3723672161172161 0.9676053113553115 0.3651175213675214 0.9672237484737486 0.36015720390720396
1 0.9115155677655679 0.2445436507936508 0.914186507936508 0.23309676434676438 0.9172390109890111 0.22737332112332115 0.9210546398046399 0.2201236263736264 0.92372557997558 0.21516330891330895 0.9286858974358976 0.21249236874236876 0.9336462148962149 0.21020299145299148 0.9374618437118438 0.2075320512820513 0.9424221611721613 0.20409798534798537 0.9462377899877901 0.20219017094017094 0.9515796703296704 0.20104548229548233 0.9565399877899878 0.20066391941391942 0.9615003052503054 0.2018086080586081 0.9672237484737486 0.20486111111111113 0.9702762515262516 0.20791361416361417 0.9718025030525032 0.21325549450549453 0.9714209401709403 0.2201236263736264 0.9710393772893774 0.2266101953601954 0.9710393772893774 0.23309676434676438 0.9706578144078145 0.23958333333333337 0.969131562881563 0.24530677655677657 0.9668421855921856 0.2510302197802198 0.9649343711843713 0.25675366300366304 0.9615003052503054 0.2636217948717949 0.956158424908425 0.27010836385836384 0.9477640415140416 0.27773962148962156 0.943185286935287 0.28041056166056166 0.9393696581196581 0.282699938949939 0.9359355921855923 0.28384462759462764 0.9317384004884006 0.28384462759462764 0.9279227716727718 0.28384462759462764 0.9233440170940171 0.2830815018315019 0.9202915140415141 0.2823183760683761 0.9153311965811967 0.27850274725274726 0.9107524420024421 0.27277930402930406 0.9096077533577535 0.26629273504273504 0.9099893162393163 0.2598061660561661 0.9107524420024421 0.25484584859584863 0.911134004884005 0.24950396825396828
1 0.7134844322344324 0.03353937728937732 0.7153922466422468 0.02590811965811969 0.7184447496947498 0.019421550671550707 0.7226419413919415 0.01293498168498172 0.727220695970696 0.007974664224664259 0.7352335164835165 0.004159035409035444 0.740575396825397 0.002251221001221036 0.7485882173382173 0.0003434065934066281 0.7530525030525036 0.0 0.7592719780219781 0.0 0.7680479242979243 0.0007249694749695096 0.7772054334554336 0.0033959096459096807 0.7836920024420025 0.006448412698412733 0.7863629426129427 0.00835622710622714 0.78865231990232 0.011408730158730195 0.7897970085470086 0.014842796092796129 0.7897970085470086 0.022092490842490875 0.7890338827838829 0.0278159340659341 0.78865231990232 0.031250000000000035 0.7878891941391942 0.03506562881562885 0.7867445054945056 0.039262820512820554 0.7852182539682541 0.04307844932844937 0.7825473137973139 0.0465125152625153 0.779113247863248 0.049946581196581234 0.7749160561660562 0.0526175213675214 0.7718635531135531 0.05452533577533581 0.7676663614163616 0.05567002442002446 0.7623244810744811 0.057196275946275986 0.7573641636141637 0.05872252747252751 0.7527854090354091 0.059485653235653274 0.7478250915750916 0.060248778998779035 0.7428647741147743 0.060630341880341915 0.737141330891331 0.060248778998779035 0.7298916361416362 0.057577838827838866 0.724168192918193 0.05490689865689869 0.7226419413919415 0.05299908424908429 0.7188263125763127 0.048420329670329706 0.7157738095238096 0.04498626373626378 0.7134844322344324 0.04117063492063496 0.7123397435897437 0.038118131868131906
1 0.15907356532356537 0.07093253968253972 0.1491529304029304 0.06673534798534803 0.14610042735042736 0.06368284493284497 0.14228479853479856 0.0568147130647131 0.140758547008547 0.04536782661782666 0.14266636141636144 0.03353937728937732 0.14686355311355312 0.027052808302808335 0.1518238705738706 0.02323717948717952 0.15678418803418806 0.021329365079365115 0.16288919413919417 0.019039987789987823 0.16899420024420028 0.016750610500610535 0.1750992063492064 0.014842796092796129 0.18005952380952384 0.013698107448107483 0.18540140415140416 0.013316544566544603 0.19226953601953603 0.013698107448107483 0.19532203907203907 0.014842796092796129 0.19990079365079366 0.01713217338217342 0.20638736263736265 0.02056623931623935 0.21020299145299148 0.024381868131868163 0.21401862026862029 0.029342185592185623 0.21592643467643471 0.03544719169719173 0.21592643467643471 0.04269688644688649 0.21401862026862029 0.050709706959706995 0.211729242979243 0.0568147130647131 0.20943986568986572 0.060248778998779035 0.20600579975579977 0.06368284493284497 0.2018086080586081 0.0671169108669109 0.19799297924297926 0.06902472527472532 0.1934142246642247 0.07093253968253972 0.1888354700854701 0.07245879120879124 0.182730463980464 0.07398504273504278 0.17815170940170943 0.07512973137973142 0.17471764346764349 0.07512973137973142 0.17166514041514044 0.07512973137973142 0.16556013431013433 0.07398504273504278
1 0.023618742368742403 0.16899420024420028 0.0339209401709402 0.17777014652014653 0.039262820512820554 0.18959859584859587 0.04078907203907208 0.1930326617826618 0.04117063492063496 0.19951923076923078 0.04117063492063496 0.205242673992674 0.039644383394383434 0.21020299145299148 0.037736568986569026 0.2155448717948718 0.03468406593406597 0.21897893772893776 0.032013125763125795 0.22241300366300368 0.028960622710622743 0.2243208180708181 0.02552655677655681 0.2262286324786325 0.021329365079365115 0.22775488400488403 0.01713217338217342 0.22928113553113555 0.014842796092796129 0.22928113553113555 0.011027167277167313 0.2285180097680098 0.007593101343101377 0.22737332112332115 0.0007249694749695096 0.22546550671550675 0.0007249694749695096 0.15869200244200246 0.009500915750915785 0.16021825396825398 0.011790293040293076 0.16098137973137974 0.015224358974359009 0.1625076312576313
1 0.1331272893772894 0.3746565934065934 0.12358821733821738 0.3712225274725275 0.12091727716727721 0.3670253357753358 0.11977258852258857 0.3635912698412699 0.11786477411477415 0.3490918803418804 0.11824633699633703 0.3429868742368743 0.12015415140415145 0.3361187423687424 0.12244352869352873 0.33115842490842495 0.12435134310134315 0.32619810744810745 0.1274038461538462 0.32085622710622713 0.13083791208791212 0.3158959096459097 0.13465354090354092 0.31322496947496953 0.1396138583638584 0.30940934065934067 0.14419261294261296 0.30635683760683763 0.15029761904761907 0.3044490231990232 0.15563949938949942 0.3029227716727717 0.1625076312576313 0.301778083028083 0.16556013431013433 0.301778083028083 0.1678495115995116 0.3025412087912088 0.1705204517704518 0.30406746031746035 0.17395451770451772 0.30597527472527475 0.1789148351648352 0.3097909035409036 0.18196733821733824 0.31398809523809523 0.18425671550671555 0.3185668498168498 0.18616452991452992 0.3235271672771673 0.18616452991452992 0.32848748473748474 0.18616452991452992 0.33382936507936506 0.1850198412698413 0.34069749694749696 0.18311202686202688 0.3464209401709402 0.18005952380952384 0.3529075091575092 0.17662545787545791 0.35710470085470086 0.17204670329670332 0.36206501831501836 0.16861263736263737 0.36435439560439564 0.16479700854700857 0.36626221001221004 0.16136294261294265 0.36778846153846156 0.15716575091575094 0.37007783882783885 0.1533501221001221 0.372748778998779 0.14991605616605622 0.3742750305250305 0.14457417582417584 0.3754197191697192 0.13770604395604397 0.37580128205128205
1 0.12778540903540908 0.47233669108669113 0.12473290598290603 0.4559294871794872 0.12587759462759465 0.44867979242979245 0.12893009768009772 0.4418116605616606 0.1331272893772894 0.43379884004884006 0.13732448107448111 0.4273122710622711 0.1434294871794872 0.42082570207570213 0.15106074481074483 0.4170100732600733 0.16021825396825398 0.4124313186813187 0.1640338827838828 0.41090506715506714 0.16746794871794876 0.41014194139194143 0.17166514041514044 0.41014194139194143 0.17471764346764349 0.4105235042735043 0.17815170940170943 0.4112866300366301 0.18158577533577536 0.4124313186813187 0.18616452991452992 0.41395757020757024 0.19036172161172163 0.41548382173382176 0.1930326617826618 0.4181547619047619 0.19570360195360198 0.42235195360195366 0.19684829059829062 0.4273122710622711 0.1972298534798535 0.43379884004884006 0.19837454212454214 0.44104853479853484 0.19837454212454214 0.4479166666666667 0.19837454212454214 0.453258547008547 0.19188797313797318 0.46470543345543347 0.18196733821733824 0.47615231990231993 0.16937576312576313 0.48530982905982906 0.16517857142857145 0.4864545177045177 0.16021825396825398 0.4868360805860806 0.15640262515262518 0.4868360805860806 0.1522054334554335 0.4868360805860806 0.14762667887667888 0.4860729548229549 0.14381105006105008 0.4860729548229549 0.1396138583638584 0.48530982905982906 0.13579822954822957 0.48454670329670335 0.1331272893772894 0.48340201465201466 0.1293116605616606 0.48111263736263743
1 0.20943986568986572 0.5368208180708182 0.19417735042735046 0.5337683150183151 0.19188797313797318 0.5322420634920635 0.1888354700854701 0.5303342490842491 0.18769078144078147 0.5265186202686203 0.1873092185592186 0.52117673992674 0.18845390720390723 0.5150717338217338 0.1907432844932845 0.508203601953602 0.1934142246642247 0.5036248473748474 0.19684829059829062 0.4998092185592186 0.2018086080586081 0.4967567155067155 0.20715048840048841 0.4933226495726496 0.21287393162393167 0.49027014652014655 0.218215811965812 0.4883623321123321 0.22355769230769235 0.4868360805860806 0.22737332112332115 0.4864545177045177 0.23118894993894998 0.4864545177045177 0.2365308302808303 0.4868360805860806 0.2426358363858364 0.4898885836385836 0.24988553113553116 0.49408577533577536 0.25370115995116 0.4990460927960928 0.25637210012210015 0.5062957875457876 0.25675366300366304 0.511637667887668 0.25637210012210015 0.5162164224664225 0.25484584859584863 0.5207951770451771 0.2525564713064713 0.5261370573870574 0.2449252136752137 0.5322420634920635 0.2372939560439561 0.537202380952381 0.224702380952381 0.5394917582417583 0.21707112332112335 0.5387286324786326
1 0.14991605616605622 0.7008928571428572 0.14266636141636144 0.6959325396825398 0.13732448107448111 0.6924984737484738 0.13541666666666669 0.6894459706959708 0.1331272893772894 0.6844856532356532 0.13083791208791212 0.67876221001221 0.13007478632478636 0.6703678266178268 0.13160103785103788 0.6634996947496948 0.13541666666666669 0.656631562881563 0.1392322954822955 0.6524343711843713 0.14419261294261296 0.6490003052503054 0.15029761904761907 0.6463293650793652 0.15754731379731382 0.643658424908425 0.1640338827838828 0.6417506105006106 0.1705204517704518 0.6409874847374848 0.1789148351648352 0.640224358974359 0.18387515262515264 0.6394612332112334 0.19036172161172163 0.6394612332112334 0.19570360195360198 0.6398427960927963 0.20104548229548233 0.6421321733821734 0.2056242368742369 0.6448031135531136 0.20829517704517705 0.6486187423687425 0.2113476800976801 0.6524343711843713 0.21478174603174605 0.6573946886446886 0.21745268620268624 0.663118131868132 0.21897893772893776 0.669223137973138 0.21897893772893776 0.6738018925518927 0.21745268620268624 0.67876221001221 0.21516330891330895 0.6837225274725276 0.20982142857142858 0.6898275335775337 0.20028235653235657 0.698221916971917 0.18959859584859587 0.7039453601953604 0.17815170940170943 0.7062347374847376 0.16899420024420028 0.7073794261294263 0.16517857142857145 0.7073794261294263 0.15754731379731382 0.7054716117216118
1 0.057196275946275986 0.7550747863247864 0.050328144078144114 0.746680402930403 0.049946581196581234 0.740575396825397 0.049565018315018354 0.7344703907203908 0.049565018315018354 0.7264575702075703 0.05223595848595852 0.7203525641025642 0.05567002442002446 0.7161553724053725 0.05834096459096463 0.7123397435897437 0.06330128205128209 0.7104319291819293 0.06749847374847379 0.7089056776556777 0.07284035409035414 0.7073794261294263 0.07703754578754583 0.7069978632478634 0.08085317460317464 0.7073794261294263 0.08466880341880345 0.7089056776556777 0.08848443223443227 0.7115766178266179 0.09306318681318684 0.7153922466422468 0.09764194139194142 0.7192078754578756 0.10222069597069601 0.7245497557997559 0.10718101343101347 0.7306547619047621 0.10985195360195363 0.7352335164835165 0.1106150793650794 0.7398122710622712 0.1106150793650794 0.7459172771672773 0.10947039072039075 0.7543116605616607 0.10603632478632483 0.7592719780219781 0.10260225885225889 0.7630876068376069 0.09802350427350431 0.7653769841269842 0.09458943833943838 0.7680479242979243 0.08962912087912092 0.769192612942613 0.0858134920634921 0.769192612942613 0.08161630036630041 0.7676663614163616 0.07703754578754583 0.7661401098901099 0.07398504273504278 0.7649954212454213 0.07055097680097684 0.7634691697191698 0.06749847374847379 0.7615613553113554 0.06406440781440785 0.7592719780219781
1 0.16975732600732604 0.8733592796092797 0.1560210622710623 0.8733592796092797 0.1480082417582418 0.8706883394383396 0.1453373015873016 0.8683989621489623 0.140758547008547 0.8649648962148964 0.13656135531135533 0.8607677045177046 0.13350885225885228 0.8573336385836386 0.13045634920634924 0.8508470695970697 0.12893009768009772 0.8432158119658121 0.1293116605616606 0.8374923687423689 0.13083791208791212 0.8317689255189256 0.13236416361416364 0.827190170940171 0.1350351037851038 0.8214667277167279 0.13808760683760687 0.8161248473748475 0.14190323565323568 0.8115460927960929 0.1453373015873016 0.8065857753357755 0.1495344932844933 0.8020070207570208 0.15449481074481078 0.798191391941392 0.15983669108669113 0.7947573260073262 0.1659416971916972 0.791704822954823 0.16975732600732604 0.7901785714285715 0.1743360805860806 0.7890338827838829 0.17967796092796096 0.7878891941391942 0.18234890109890112 0.7878891941391942 0.18654609279609283 0.78865231990232 0.18959859584859587 0.7897970085470086 0.19379578754578755 0.791704822954823 0.19761141636141638 0.7939942002442003 0.2033348595848596 0.7989545177045178 0.20715048840048841 0.8035332722832724 0.21096611721611724 0.808112026862027 0.21363705738705743 0.8119276556776557 0.21668956043956047 0.8180326617826619 0.21707112332112335 0.8229929792429793 0.21668956043956047 0.8294795482295483 0.21478174603174605 0.8359661172161172 0.2121108058608059 0.840163308913309 0.20943986568986572 0.8443605006105007 0.20676892551892553 0.8481761294261295 0.2033348595848596 0.8519917582417583 0.19990079365079366 0.8558073870573871 0.19608516483516486 0.8596230158730159 0.18998015873015875 0.8645833333333335 0.18349358974358979 0.8680173992673994 0.17929639804639808 0.8699252136752137
1 0.05872252747252751 0.9664606227106227 0.0526175213675214 0.9634081196581197 0.050328144078144114 0.9603556166056166 0.047657203907203946 0.956158424908425 0.04574938949938954 0.9519612332112334 0.04460470085470089 0.946619352869353 0.04422313797313801 0.9382249694749696 0.04460470085470089 0.9321199633699635 0.04574938949938954 0.9267780830280831 0.048420329670329706 0.9199099511599512 0.05109126984126988 0.9145680708180709 0.05567002442002446 0.9107524420024421 0.06139346764346768 0.9073183760683762 0.0671169108669109 0.9054105616605618 0.07245879120879124 0.904647435897436 0.07741910866910871 0.9042658730158731 0.08199786324786329 0.9061736874236874 0.0858134920634921 0.9099893162393163 0.08848443223443227 0.9164758852258853 0.09115537240537244 0.9225808913308914 0.09268162393162396 0.9294490231990232 0.09306318681318684 0.9355540293040294 0.09306318681318684 0.940132783882784 0.09077380952380956 0.9458562271062273 0.08848443223443227 0.9523427960927963 0.08466880341880345 0.9573031135531136 0.08123473748473753 0.9611187423687425 0.07894536019536023 0.9645528083028084 0.0755112942612943 0.9672237484737486 0.07016941391941396 0.9687500000000001 0.06330128205128209 0.969131562881563
1 0.15067918192918198 0.9542506105006106 0.15449481074481078 0.9500534188034189 0.16021825396825398 0.9454746642246643 0.16517857142857145 0.9416590354090355 0.16975732600732604 0.9405143467643469 0.17548076923076925 0.9408959096459097 0.18158577533577536 0.9416590354090355 0.18654609279609283 0.943185286935287 0.19150641025641027 0.9458562271062273 0.19570360195360198 0.9508165445665446 0.19799297924297926 0.9573031135531136 0.19837454212454214 0.9637896825396826 0.19761141636141638 0.9698946886446886 0.19608516483516486 0.9733287545787547 0.1945589133089133 0.9779075091575092 0.19265109890109894 0.9821047008547009 0.1907432844932845 0.9874465811965812 0.18654609279609283 0.9927884615384617 0.1850198412698413 0.9966040903540904 0.18311202686202688 0.9985119047619049 0.13274572649572652 0.9977487789987791 0.1350351037851038 0.985538766788767 0.13579822954822957 0.9824862637362639 0.13656135531135533 0.978670634920635 0.13770604395604397 0.9744734432234433 0.1392322954822955 0.9702762515262516 0.1415216727716728 0.9656974969474971 0.14419261294261296 0.9611187423687425
0 0.9114756367663345 0.48269656699889263 0.9287790697674418 0.474390919158361 0.9318936877076411 0.4716223698781839 0.9308554817275747 0.469545957918051 0.9287790697674418 0.4688538205980067 0.9183970099667774 0.47266057585825033 0.9093992248062015 0.47785160575858254 0.9080149501661129 0.481312292358804
0 0.9675387596899224 0.5899778516057587 0.964078073089701 0.5795957918050941 0.964078073089701 0.5750968992248062 0.964078073089701 0.572328349944629 0.9637320044296788 0.5692137320044297 0.9647702104097452 0.5660991140642303 0.966500553709856 0.5643687707641195 0.9692691029900332 0.5636766334440753 0.9727297895902546 0.5647148394241417 0.9744601328903654 0.5678294573643411 0.9779208194905868 0.5802879291251384 0.9824197120708749 0.6010520487264673 0.9827657807308969 0.6045127353266887 0.9820736434108527 0.6055509413067551 0.9789590254706533 0.6045127353266887 0.975844407530454 0.6020902547065338 0.9730758582502769 0.5996677740863787 0.9703073089700995 0.5958610188261351
0 0.355343300110742 0.5460271317829457 0.36918604651162795 0.5446428571428571 0.37333887043189373 0.5436046511627908 0.3781838316722038 0.542220376522702 0.3788759689922481 0.5401439645625692 0.37922203765227025 0.5373754152823921 0.37679955703211526 0.5359911406423035 0.3629568106312293 0.5373754152823921 0.3501522702104098 0.5391057585825028 0.34772978959025475 0.539797895902547 0.3456533776301219 0.5418743078626799 0.3453073089700997 0.5439507198228128 0.34772978959025475 0.5456810631229235
0 0.8540282392026577 0.7900055370985603 0.8785991140642302 0.7924280177187153 0.8830980066445182 0.7924280177187153 0.8862126245847175 0.7913898117386489 0.8844822812846068 0.7896594684385382 0.882751937984496 0.7882751937984496 0.8734080841638981 0.7865448504983389 0.8606035437430786 0.784814507198228 0.852297895902547 0.7844684385382059 0.8502214839424141 0.7865448504983389
0 0.434593023255814 0.8879429678848283 0.4453211517165006 0.8875968992248062 0.45016611295681064 0.8875968992248062 0.4546650055370986 0.8879429678848283 0.45777962347729795 0.8889811738648947 0.45916389811738656 0.8907115171650055 0.45985603543743087 0.8938261351052048 0.45916389811738656 0.8955564784053156 0.4553571428571429 0.8983250276854927 0.4515503875968993 0.9007475083056478 0.4470514950166113 0.9017857142857142 0.4428986710963455 0.9017857142857142 0.4377076411960133 0.9010935769656699 0.4339008859357697 0.8993632336655591 0.43009413067552604 0.896594684385382 0.4273255813953489 0.8941722037652269 0.42663344407530457 0.8927879291251384 0.4273255813953489 0.8900193798449612
0 0.784814507198228 0.985188261351052 0.7841223698781837 0.9727297895902546 0.784814507198228 0.9685769656699889 0.786890919158361 0.9647702104097452 0.789313399778516 0.9630398671096345 0.7913898117386489 0.964078073089701 0.7934662236987818 0.9671926910299004 0.7948504983388704 0.9709994462901439 0.7955426356589147 0.975844407530454 0.7955426356589147 0.9827657807308969 0.793812292358804 0.9893410852713178 0.7924280177187153 0.99453211517165 0.789313399778516 0.9976467331118494 0.7851605758582502 0.9952242524916942
0 0.9336240310077518 0.9869186046511627 0.9208194905869325 0.9855343300110742 0.9173588039867109 0.985188261351052 0.9138981173864894 0.9844961240310077 0.9114756367663345 0.9831118493909191 0.9111295681063123 0.9799972314507197 0.9145902547065338 0.9779208194905868 0.9187430786267996 0.9768826135105204 0.9239341085271316 0.9768826135105204 0.9284330011074197 0.9775747508305647 0.9322397563676632 0.9793050941306755 0.9350083056478405 0.9813815060908084 0.9367386489479512 0.9838039867109634 0.9370847176079734 0.9862264673311184
0 0.8415697674418604 0.23941029900332234 0.8467607973421926 0.22591362126245854 0.8495293466223699 0.2227990033222592 0.8512596899224806 0.22314507198228134 0.8519518272425248 0.22729789590254715 0.8505675526024363 0.23179678848283505 0.8481450719822813 0.23767995570321157 0.8433001107419712 0.24390919158361024 0.840531561461794 0.24460132890365452
0 0.3041251384274641 0.37230066445182725 0.31104651162790703 0.36780177187153934 0.31277685492801777 0.36434108527131787 0.31450719822812856 0.3608803986710964 0.31796788482835 0.35880398671096353 0.3217746400885936 0.35638150609080843 0.3241971207087487 0.35395902547065344 0.3245431893687708 0.3518826135105205 0.32315891472868224 0.35049833887043197 0.32073643410852715 0.35049833887043197 0.3113925802879292 0.355343300110742 0.3051633444075305 0.362264673311185 0.30274086378737547 0.36468715393134 0.30066445182724255 0.3674557032115172 0.299280177187154 0.3702242524916944 0.29893410852713187 0.3729928017718716
0 0.3826827242524917 0.2709025470653378 0.39410299003322263 0.2570598006644519 0.3979097452934663 0.25325304540420823 0.4024086378737542 0.25048449612403106 0.4075996677740864 0.2487541528239203 0.41036821705426363 0.24979235880398676 0.41002214839424145 0.2542912513842747 0.3989479512735327 0.26536544850498345 0.3857973421926911 0.2764396456256922 0.3819905869324475 0.28059246954595796 0.3788759689922481 0.2826688815060908 0.3774916943521595 0.2816306755260244 0.3788759689922481 0.2781699889258029
0 0.16050664451827248 0.6785714285714286 0.17677187153931348 0.6754568106312292 0.1819629014396457 0.6747646733111848 0.18576965669988932 0.6730343300110742 0.18819213732004433 0.6716500553709855 0.19026854928017725 0.6699197120708749 0.19130675526024368 0.6681893687707642 0.1906146179401994 0.6668050941306755 0.18853820598006651 0.6664590254706533 0.18403931339977855 0.6668050941306755 0.1726190476190477 0.6688815060908084 0.15877630121816175 0.6719961240310077 0.15531561461794027 0.6737264673311184 0.15462347729789597 0.67718715393134
0 0.16223698781838322 0.8419158361018826 0.17504152823920271 0.8339562569213732 0.18542358803986717 0.8246124031007752 0.18888427464008867 0.8208056478405316 0.1892303433001108 0.8176910299003323 0.1878460686600222 0.8163067552602435 0.18334717607973428 0.8173449612403101 0.17400332225913626 0.8242663344407529 0.1611987818383168 0.8339562569213732 0.15808416389811744 0.8370708748615725 0.1549695459579181 0.8408776301218162 0.15393133997785166 0.8443383167220376 0.15669988925802886 0.8450304540420819
0 0.31796788482835 0.9678848283499446 0.30827796234772986 0.966500553709856 0.3037790697674419 0.964424141749723 0.30066445182724255 0.9616555924695459 0.2996262458471761 0.9585409745293466 0.2999723145071983 0.9568106312292358 0.3044712070874862 0.9557724252491694 0.31727574750830567 0.9592331118493909 0.32592746400885936 0.9613095238095237 0.3293881506090809 0.9637320044296788 0.329734219269103 0.966500553709856 0.3286960132890366 0.968923034330011 0.32592746400885936 0.9696151716500553
0 0.33095238095238094 0.8889880952380953 0.34226190476190477 0.8889880952380953 0.3491071428571429 0.8883928571428572 0.350297619047619 0.8875 0.3508928571428571 0.8845238095238095 0.3488095238095238 0.8830357142857143 0.3458333333333333 0.8824404761904762 0.33958333333333335 0.8824404761904762 0.33452380952380956 0.8824404761904762 0.33154761904761904 0.8827380952380952 0.32857142857142857 0.8842261904761906 0.32767857142857143 0.886904761904762
0 0.2704588779956427 0.8387799564270152 0.26875680827886705 0.8261846405228758 0.2799904684095861 0.806781045751634 0.28969226579520696 0.8004833877995643 0.28799019607843135 0.8105255991285403 0.2803308823529412 0.8289079520697168 0.2753948801742919 0.8363970588235293
0 0.9686526479750779 0.7518821391484942 0.9623247663551402 0.7489615784008308 0.9620002596053998 0.7387396157840083 0.9650830737279336 0.7242990654205607 0.9686526479750779 0.722027518172378 0.9714109553478713 0.7277063862928349 0.9704374350986501 0.741822429906542 0.9702751817237799 0.7505841121495327
0 0.7424889746416758 0.7919882396177875 0.7513322307975009 0.7952039691289966 0.7587973171628077 0.8078371922087467 0.7579933847850054 0.8143834987137082 0.7516767732451304 0.8133498713708195 0.7481165012862918 0.8099044468945241 0.7457047041528849 0.8012908857037854 0.7427186696067622 0.7984196986402058 0.7409959573686145 0.791643697170158
0 0.7754046762589929 0.5567670863309353 0.7710956235011991 0.5496477817745803 0.7842101318944844 0.531849520383693 0.7960131894484412 0.5275404676258993 0.8023830935251798 0.534097721822542 0.7911420863309353 0.546275479616307 0.7830860311750599 0.5530200839328537
0 0.7068345323741008 0.45334982014388486 0.705335731414868 0.4484787170263789 0.7098321342925659 0.43424010791366907 0.7133917865707434 0.4211255995203837 0.7167640887290168 0.41850269784172667 0.7148905875299759 0.4306804556354916 0.7111435851318945 0.44623051558752996 0.71001948441247 0.45166366906474825
0 0.564562706270627 0.4127475247524753 0.5631188118811881 0.408003300330033 0.5730198019801981 0.38943894389438943 0.5802392739273928 0.3813943894389439 0.5800330033003301 0.38943894389438943 0.570957095709571 0.40635313531353134
0 0.4047539893617021 0.6992464539007092 0.41334219858156024 0.6967531028368794 0.4197140957446808 0.694813829787234 0.42913342198581556 0.6931515957446808 0.43522828014184395 0.6931515957446808 0.4421542553191489 0.6909352836879432 0.44935726950354604 0.6876108156028368 0.4490802304964539 0.6859485815602837 0.44243129432624106 0.6845633865248227 0.4299645390070922 0.6862256205673758 0.4247007978723404 0.6873337765957447 0.41583554964539005 0.6887189716312057 0.4111258865248227 0.6903812056737588 0.4039228723404255 0.692043439716312 0.4014295212765957 0.6956449468085106 0.39782801418439717 0.6967531028368794
0 0.9074797453703703 0.36385995370370366 0.9100115740740742 0.3602430555555556 0.9125434027777779 0.3562644675925926 0.913990162037037 0.3526475694444445 0.9147135416666666 0.3486689814814815 0.9147135416666666 0.34396701388888895 0.913990162037037 0.3407118055555556 0.9125434027777779 0.3389033564814815 0.9096498842592593 0.3407118055555556 0.908203125 0.34252025462962965 0.9060329861111112 0.34686053240740744 0.9049479166666666 0.3515625 0.9038628472222222 0.35771122685185186
0 0.42949879227053145 0.15801127214170693 0.4365438808373591 0.15574677938808373 0.44031803542673115 0.15297906602254427 0.44384057971014496 0.1489533011272142 0.4491243961352657 0.14266304347826086 0.45013083735909826 0.14065016103059583 0.4523953301127214 0.13712761674718196 0.4544082125603865 0.1341082930756844 0.4556662640901772 0.1318438003220612 0.45491143317230276 0.12907608695652176 0.4498792270531401 0.13033413848631242 0.4428341384863124 0.13310185185185186 0.43905998389694045 0.1358695652173913 0.43629227053140096 0.13914049919484703 0.4317632850241546 0.14316626409017716 0.4292471819645733 0.1459339774557166 0.428743961352657 0.1481984702093398 0.42647946859903385 0.15172101449275363 0.42647946859903385 0.1570048309178744
0 0.6371124031007752 0.31217700258397935 0.6427648578811369 0.31217700258397935 0.64906330749354 0.31330749354005166 0.6526162790697675 0.3145994832041344 0.6576227390180878 0.3155684754521964 0.6610142118863049 0.3166989664082687 0.6648901808785529 0.31766795865633074 0.6689276485788114 0.3187984496124031 0.6715116279069767 0.3192829457364341 0.6719961240310077 0.31718346253229973 0.6700581395348837 0.31492248062015504 0.6658591731266149 0.3141149870801033 0.662467700258398 0.3126614987080103 0.6590762273901808 0.31169250645994834 0.6560077519379844 0.3105620155038759 0.6527777777777778 0.30927002583979324 0.649547803617571 0.3084625322997416 0.646156330749354 0.3074935400516796 0.6416343669250646 0.3071705426356589 0.6384043927648579 0.3070090439276486 0.6363049095607235 0.3070090439276486 0.6351744186046511 0.3081395348837209 0.6348514211886305 0.31169250645994834
0 0.930732109227872 0.2624764595103578 0.9372057438794726 0.2586511299435028 0.9419138418079096 0.2554143126177025 0.9448564030131827 0.24982344632768363 0.9475047080979284 0.2445268361581921 0.9492702448210922 0.23805320150659132 0.9498587570621468 0.23422787193973632 0.9504472693032014 0.22981403013182672 0.9507415254237288 0.22569444444444445 0.9507415254237288 0.2236346516007533 0.9448564030131827 0.22540018832391712 0.9407368173258004 0.2292255178907721 0.9369114877589453 0.2327565913370998 0.9339689265536724 0.23834745762711862 0.9322033898305084 0.24217278719397364 0.9310263653483992 0.24688088512241055 0.9301435969868173 0.2551200564971751
0 0.318357783211084 0.6313671556642217 0.3234515077424613 0.6311124694376529 0.32676242868785654 0.6311124694376529 0.33465770171149145 0.6298390383048085 0.3400061124694377 0.629074979625102 0.3445904645476773 0.6278015484922576 0.3466279543602282 0.6265281173594133 0.34713732681336595 0.6239812550937246 0.3466279543602282 0.6214343928280359 0.34331703341483294 0.6206703341483293 0.33847799511002447 0.6206703341483293 0.3333842705786471 0.6219437652811736 0.32854523227383864 0.6234718826405868 0.3231968215158924 0.6255093724531378 0.3196312143439283 0.6272921760391198 0.31682966585167077 0.629074979625102
0 0.39302600472813237 0.7838356973995271 0.395488573680063 0.7838356973995271 0.4013987391646966 0.7845744680851062 0.4092789598108747 0.7840819542947202 0.41543538219070125 0.7830969267139479 0.42011426319936956 0.7818656422379825 0.4220843183609141 0.7798955870764381 0.4223305752561071 0.7762017336485421 0.4203605200945626 0.7744779353821906 0.41420409771473593 0.7722616233254531 0.40977147360126076 0.7712765957446808 0.40460007880220644 0.7712765957446808 0.3984436564223798 0.7739854215918045 0.39474980299448376 0.7762017336485421 0.3913022064617809 0.7789105594956658 0.39105594956658785 0.7816193853427895
0 0.5761002444987775 0.6051344743276285 0.5862876935615322 0.6102281988590057 0.5936735941320294 0.613539119804401 0.6030969845150775 0.6148125509372453 0.6089547677261613 0.6163406682966586 0.6158312958435208 0.6178687856560717 0.6237265688671557 0.6193969030154849 0.625 0.6186328443357784 0.6214343928280359 0.6148125509372453 0.6127750611246944 0.6120110024449877 0.6061532192339038 0.6102281988590057 0.5997860635696822 0.6071719641401793 0.5967298288508558 0.6053891605541973 0.5939282803585982 0.6036063569682152 0.5898533007334964 0.6023329258353709 0.5845048899755502 0.602078239608802 0.5768643031784841 0.6018235533822331
1 0.8475540386803185 0.9406996587030716 0.851820250284414 0.9481655290102389 0.8596416382252559 0.95669795221843 0.8688850967007963 0.9598976109215016 0.8752844141069397 0.9616751990898748 0.8809726962457337 0.9534982935153583 0.8827502844141069 0.9456769055745163 0.8838168373151307 0.936433447098976 0.88452787258248 0.9321672354948805 0.8834613196814562 0.9271899886234357 0.8809726962457337 0.9218572241183162 0.878839590443686 0.9158134243458474 0.8763509670079636 0.911547212741752 0.8735068259385665 0.9069254835039817 0.8688850967007963 0.90372582480091 0.8631968145620023 0.900881683731513 0.8582195676905574 0.900881683731513 0.8521757679180887 0.9044368600682593 0.8486205915813424 0.9087030716723549 0.8464874857792946 0.9140358361774743 0.8450654152445961 0.9193686006825939 0.8450654152445961 0.9247013651877133 0.8454209328782708 0.9311006825938566 0.8464874857792946 0.9357224118316267
1 0.9839924670433146 0.9160193032015066 0.9913488700564971 0.9054260828625236 0.9925258945386063 0.8995409604519774 0.9934086629001884 0.8942443502824858 0.9937029190207156 0.8913017890772128 0.9925258945386063 0.8860051789077212 0.9901718455743879 0.8827683615819208 0.9866407721280602 0.8807085687382298 0.9813441619585688 0.878060263653484 0.973987758945386 0.8765889830508474 0.9695739171374764 0.8757062146892655 0.9636887947269304 0.8757062146892655 0.956626647834275 0.8760004708097928 0.951918549905838 0.8774717514124294 0.9445621468926554 0.8810028248587571 0.9389712806026366 0.8889477401129944 0.9366172316384181 0.8951271186440678 0.9351459510357816 0.8995409604519774 0.9354402071563089 0.9051318267419962 0.9380885122410546 0.9107226930320151 0.9430908662900188 0.9136652542372882 0.9463276836158191 0.9166078154425612 0.9569209039548023 0.918373352165725 0.963394538606403 0.9186676082862524 0.9707509416195857 0.9186676082862524 0.9795786252354048 0.9171963276836158
1 0.16489583333333335 0.04635416666666667 0.16010416666666666 0.04541666666666667 0.1553125 0.04458333333333333 0.1546875 0.041875 0.15791666666666665 0.04125 0.1646875 0.042083333333333334 0.1690625 0.042604166666666665 0.17270833333333335 0.043229166666666666 0.17677083333333332 0.043645833333333335 0.18135416666666665 0.043958333333333335 0.18614583333333332 0.04447916666666667 0.19145833333333334 0.04510416666666666 0.1946875 0.04604166666666667 0.19791666666666666 0.04708333333333334 0.19791666666666666 0.05072916666666667 0.19666666666666668 0.05072916666666667 0.19333333333333333 0.0496875 0.19010416666666666 0.04864583333333334 0.18791666666666668 0.04802083333333333 0.18479166666666666 0.04708333333333334 0.18135416666666665 0.0465625 0.17875 0.04635416666666667 0.17520833333333333 0.04625 0.17145833333333332 0.04625 0.16854166666666667 0.04625 0.1665625 0.04625
