1 0.3372395833333333 0.11410984848484845 0.3360558712121212 0.10937499999999999 0.3325047348484848 0.10227272727272725 0.3135653409090909 0.09753787878787876 0.30054450757575757 0.0939867424242424 0.2910748106060606 0.08925189393939391 0.2816051136363636 0.09161931818181816 0.2674005681818182 0.09161931818181816 0.26029829545454547 0.09872159090909088 0.2591145833333333 0.10819128787878786 0.26266571969696967 0.12121212121212119 0.2685842803030303 0.12831439393939392 0.2780539772727273 0.13660037878787878 0.29580965909090906 0.14015151515151514 0.3135653409090909 0.14015151515151514 0.3265861742424242 0.13778409090909088 0.33487215909090906 0.12949810606060602
1 0.027107007575757555 0.23366477272727268 0.03657670454545452 0.2372159090909091 0.04841382575757575 0.2372159090909091 0.06025094696969694 0.23366477272727268 0.07090435606060605 0.22656249999999997 0.07800662878787877 0.21590909090909088 0.07919034090909088 0.20288825757575754 0.07563920454545453 0.19460227272727268 0.07208806818181816 0.1886837121212121 0.06261837121212119 0.18513257575757575 0.055516098484848474 0.18394886363636362 0.04841382575757575 0.18394886363636362 0.04012784090909089 0.1827651515151515 0.030658143939393916 0.18513257575757575 0.02237215909090908 0.19105113636363633 0.01645359848484847 0.20288825757575754 0.01645359848484847 0.21590909090909088 0.02000473484848483 0.2277462121212121
1 0.7290482954545453 0.25023674242424243 0.7195785984848484 0.24550189393939392 0.7089251893939393 0.24313446969696967 0.695904356060606 0.24313446969696967 0.6852509469696969 0.24313446969696967 0.676964962121212 0.24550189393939392 0.6686789772727273 0.24786931818181818 0.6509232954545453 0.256155303030303 0.6473721590909091 0.26325757575757575 0.6438210227272727 0.2727272727272727 0.6450047348484849 0.28219696969696967 0.6485558712121211 0.2869318181818182 0.6592092803030302 0.2940340909090909 0.6734138257575758 0.2964015151515151 0.6935369318181818 0.295217803030303 0.7112926136363635 0.2904829545454545 0.7243134469696969 0.28219696969696967 0.7325994318181818 0.27746212121212116 0.734966856060606 0.2715435606060606 0.734966856060606 0.25970643939393934
1 0.7408854166666666 0.16974431818181818 0.7432528409090909 0.18158143939393936 0.7479876893939393 0.18631628787878787 0.7586410984848484 0.1886837121212121 0.7681107954545453 0.18513257575757575 0.774029356060606 0.17921401515151514 0.7823153409090909 0.1721117424242424 0.7882339015151516 0.16264204545454544 0.7917850378787877 0.15080492424242423 0.794152462121212 0.13778409090909088 0.7906013257575758 0.12239583333333331 0.7834990530303031 0.11647727272727271 0.7787642045454545 0.11647727272727271 0.7692945075757576 0.11766098484848483 0.7633759469696969 0.11884469696969695 0.755089962121212 0.12357954545454543 0.7491714015151516 0.1330492424242424 0.7456202651515151 0.14251893939393936 0.7420691287878787 0.15672348484848483
1 0.8024384469696969 0.24550189393939392 0.8083570075757576 0.25142045454545453 0.8190104166666666 0.25260416666666663 0.833214962121212 0.24905303030303028 0.8426846590909091 0.2443181818181818 0.8533380681818182 0.23603219696969693 0.8639914772727273 0.22656249999999997 0.8734611742424242 0.21946022727272724 0.8793797348484849 0.20643939393939392 0.8793797348484849 0.19696969696969693 0.872277462121212 0.1886837121212121 0.8604403409090909 0.18394886363636362 0.8486032196969698 0.18394886363636362 0.8367660984848484 0.18631628787878787 0.8284801136363635 0.18986742424242423 0.8190104166666666 0.19578598484848483 0.813091856060606 0.20170454545454544 0.8048058712121211 0.2111742424242424 0.8000710227272727 0.22301136363636362 0.8000710227272727 0.23484848484848483
1 0.833214962121212 0.4455492424242424 0.8261126893939393 0.4479166666666667 0.813091856060606 0.4538352272727273 0.8059895833333334 0.4633049242424242 0.8036221590909091 0.4739583333333333 0.8024384469696969 0.4822443181818182 0.8048058712121211 0.49763257575757575 0.8107244318181818 0.5106534090909091 0.8190104166666666 0.5177556818181818 0.8272964015151516 0.5224905303030303 0.8450520833333334 0.5213068181818181 0.8545217803030302 0.5142045454545454 0.8628077651515151 0.49881628787878785 0.8651751893939393 0.4917140151515151 0.8663589015151516 0.4798768939393939 0.8628077651515151 0.46567234848484845 0.8568892045454545 0.4550189393939394 0.8497869318181818 0.4479166666666667 0.8403172348484849 0.4455492424242424
1 0.9827508960573476 0.3269489247311828 0.9905913978494625 0.3247087813620072 0.9984318996415772 0.32022849462365593 0.9989583333333333 0.31443772401433795 0.9989583333333333 0.289986559139785 0.9989583333333333 0.2519041218637993 0.9989583333333333 0.24966397849462368 0.9973118279569892 0.2507840501792115 0.9849910394265233 0.2507840501792115 0.9760304659498209 0.2507840501792115 0.9648297491039428 0.2507840501792115 0.9558691756272402 0.2530241935483871 0.9424283154121864 0.26086469534050183 0.9312275985663082 0.2720654121863799 0.9256272401433692 0.28102598566308246 0.921146953405018 0.2888664874551971 0.9166666666666666 0.2989471326164875 0.9166666666666666 0.3090277777777778 0.9222670250896058 0.3224686379928316 0.9301075268817205 0.3291890681003585 0.9390681003584229 0.33254928315412186 0.9525089605734767 0.33366935483870974 0.9670698924731183 0.3314292114695341
1 0.9670698924731183 0.127576164874552 0.9603494623655914 0.13541666666666669 0.9581093189964158 0.14661738351254483 0.9614695340501793 0.15781810035842297 0.969310035842294 0.16677867383512548 0.9816308243727598 0.17461917562724016 0.9950716845878137 0.17909946236559143 0.9989583333333333 0.1806541218637993 0.9989583333333333 0.17461917562724016 0.9989583333333333 0.1589381720430108 0.9989583333333333 0.14101702508960576 0.9989583333333333 0.12533602150537637 0.9905913978494625 0.12197580645161295 0.9816308243727598 0.12197580645161295
1 0.7990591397849462 0.8040994623655914 0.8080197132616488 0.7951388888888888 0.8147401433691758 0.7872983870967741 0.8203405017921148 0.776097670250896 0.8214605734767025 0.7648969534050178 0.8158602150537635 0.7480958781362007 0.8080197132616488 0.7368951612903225 0.7990591397849462 0.7324148745519712 0.788978494623656 0.7324148745519712 0.7811379928315413 0.7391353046594982 0.7744175627240144 0.7480958781362007 0.7688172043010754 0.7559363799283153 0.7632168458781362 0.7704973118279569 0.7643369175627241 0.7861783154121863 0.7688172043010754 0.7984991039426522 0.77665770609319 0.8063396057347669 0.7878584229390682 0.8085797491039426
1 0.74081541218638 0.6954525089605734 0.7464157706093191 0.6909722222222221 0.7486559139784946 0.6775313620071685 0.7452956989247312 0.6708109318996415 0.7363351254480287 0.6629704301075268 0.728494623655914 0.6596102150537634 0.7184139784946237 0.6573700716845877 0.710573476702509 0.6573700716845877 0.7027329749103942 0.6584901433691756 0.6960125448028674 0.6640905017921147 0.6892921146953406 0.6719310035842293 0.6870519713261649 0.6820116487455196 0.6870519713261649 0.6932123655913978 0.6904121863799284 0.7021729390681003 0.6948924731182796 0.7077732974910393 0.7038530465949822 0.7111335125448028 0.7128136200716847 0.7122535842293907 0.7240143369175628 0.7077732974910393 0.7329749103942653 0.7032930107526881
1 0.734094982078853 0.8500224014336918 0.7396953405017921 0.8410618279569892 0.7419354838709677 0.829861111111111 0.7385752688172044 0.8141801075268816 0.7318548387096775 0.8029793906810034 0.7217741935483872 0.7962589605734767 0.710573476702509 0.7940188172043011 0.6971326164874552 0.7928987455197132 0.6859318996415771 0.7962589605734767 0.6736111111111112 0.8063396057347669 0.6668906810035843 0.818660394265233 0.6646505376344086 0.829861111111111 0.6668906810035843 0.8433019713261648 0.6736111111111112 0.8533826164874551 0.6859318996415771 0.860103046594982 0.6960125448028674 0.8623431899641576 0.7083333333333334 0.8634632616487454 0.7195340501792115 0.8612231182795699 0.728494623655914 0.8556227598566308
1 0.5504032258064517 0.8455421146953405 0.5616039426523298 0.8433019713261648 0.5716845878136201 0.8399417562724013 0.5795250896057348 0.8332213261648745 0.5896057347670252 0.8253808243727597 0.596326164874552 0.8175403225806451 0.6008064516129034 0.8029793906810034 0.6019265232974911 0.7940188172043011 0.5985663082437276 0.7828181003584229 0.5907258064516129 0.7738575268817204 0.5817652329749105 0.7704973118279569 0.5750448028673836 0.7704973118279569 0.5672043010752689 0.7716173835125448 0.560483870967742 0.7772177419354839 0.5537634408602151 0.7828181003584229 0.5470430107526882 0.788418458781362 0.5369623655913979 0.8029793906810034 0.5336021505376345 0.8164202508960573 0.5336021505376345 0.8287410394265232 0.5392025089605735 0.8365815412186379 0.5436827956989247 0.8410618279569892
1 0.3543906810035843 0.7682571684587813 0.35887096774193544 0.7805779569892473 0.3655913978494624 0.7906586021505376 0.3756720430107527 0.7940188172043011 0.38799283154121866 0.7917786738351253 0.39471326164874554 0.7861783154121863 0.4003136200716846 0.7727374551971326 0.4014336917562724 0.7592965949820788 0.398073476702509 0.7413754480286737 0.39247311827956993 0.7290546594982079 0.385752688172043 0.7212141577060931 0.3790322580645161 0.7178539426523297 0.3689516129032258 0.715613799283154 0.35999103942652333 0.7212141577060931 0.3543906810035843 0.7357750896057347 0.3532706093189964 0.7514560931899641
0 0.15431415929203546 0.47649336283185845 0.1506268436578172 0.47280604719764013 0.14786135693215346 0.47280604719764013 0.14786135693215346 0.4774151917404131 0.14878318584070804 0.48294616519174044 0.14970501474926262 0.48755530973451333 0.15154867256637178 0.4940081120943953 0.15247050147492633 0.49769542772861364 0.15800147492625377 0.5069137168141593 0.1598451327433629 0.5069137168141593 0.16168879056047206 0.503226401179941 0.16168879056047206 0.49769542772861364 0.16076696165191748 0.49308628318584075 0.1598451327433629 0.4884771386430679 0.15800147492625377 0.4838679941002951 0.15615781710914461 0.4792588495575221
0 0.14804817275747514 0.4034468438538206 0.14735603543743087 0.39998615725359915 0.14666389811738656 0.39514119601328906 0.1463178294573644 0.39064230343300116 0.14562569213732013 0.3868355481727575 0.14354928017718724 0.38406699889258034 0.14216500553709863 0.38406699889258034 0.14 0.38416666666666666 0.13916666666666666 0.38833333333333336 0.14 0.3925 0.14008859357696574 0.39860188261351054 0.14078073089701001 0.40206256921373207 0.14112679955703217 0.40621539313399785 0.14216500553709863 0.41002214839424145 0.1428571428571429 0.4138289036544851 0.14424141749723152 0.41486710963455153 0.1463178294573644 0.41486710963455153 0.14770210409745302 0.4131367663344408 0.14874031007751942 0.41071428571428575 0.14874031007751942 0.4072535991140643
0 0.24910022148394248 0.3965254706533777 0.2508305647840532 0.40033222591362133 0.2529069767441861 0.40206256921373207 0.2542912513842747 0.4034468438538206 0.2563676633444076 0.4034468438538206 0.2577519379844962 0.4017165005537099 0.2580980066445183 0.39860188261351054 0.2570598006644519 0.39444905869324476 0.25602159468438546 0.3920265780730897 0.2535991140642304 0.3868355481727575 0.2515227021040975 0.3819905869324475 0.2487541528239203 0.3778377630121817 0.24633167220376528 0.3736849390919159 0.2442552602436324 0.3712624584717608 0.24252491694352163 0.36987818383167226 0.2401024363233666 0.36849390919158365 0.23767995570321157 0.36918604651162795 0.23698781838316726 0.37230066445182725 0.23733388704318945 0.37437707641196016 0.2401024363233666 0.38095238095238104 0.2421788482834995 0.38372093023255816 0.24460132890365452 0.3885658914728683 0.24598560354374313 0.390296234772979 0.2470238095238096 0.3937569213732005
0 0.3920265780730897 0.5522563676633444 0.3913344407530454 0.5546788482834994 0.39064230343300116 0.5564091915836101 0.3892580287929126 0.5598698781838317 0.3875276854928018 0.5640227021040974 0.3864894795127354 0.5674833887043189 0.38337486157253603 0.5733665559246954 0.3816445182724253 0.5778654485049833 0.38129844961240317 0.5834025470653378 0.38129844961240317 0.5879014396456257 0.3819905869324475 0.5903239202657807 0.38475913621262464 0.5903239202657807 0.3875276854928018 0.5885935769656699 0.38995016611295685 0.5865171650055371 0.3920265780730897 0.5847868217054264 0.39444905869324476 0.5820182724252491 0.3965254706533777 0.5795957918050941 0.3982558139534884 0.5754429678848284 0.39929401993355484 0.5712901439645626 0.40033222591362133 0.5685215946843853 0.40206256921373207 0.5643687707641195 0.4027547065337763 0.560562015503876 0.40379291251384275 0.5564091915836101 0.40379291251384275 0.5515642303433002 0.4034468438538206 0.5484496124031008 0.4024086378737542 0.5439507198228128 0.4017165005537099 0.5418743078626799 0.39964008859357697 0.5411821705426356 0.3975636766334441 0.5425664451827242 0.3965254706533777 0.5446428571428571 0.39514119601328906 0.5474114064230343 0.3934108527131783 0.5498338870431893
0 0.5114202657807309 0.4965393133997785 0.5096899224806202 0.49480897009966784 0.506921373200443 0.4916943521594685 0.5027685492801772 0.48615725359911405 0.5006921373200444 0.4865033222591363 0.5000000000000001 0.4899640088593577 0.5013842746400886 0.49307862679955705 0.5034606866002215 0.4958471760797343 0.5055370985603544 0.4989617940199336 0.5083056478405317 0.5017303433001108 0.5107281284606866 0.5051910299003323 0.5131506090808416 0.5083056478405317 0.5145348837209303 0.5103820598006644 0.5190337763012182 0.5159191583610189 0.5204180509413068 0.5176495016611296 0.5228405315614618 0.5176495016611296 0.5249169435215947 0.5169573643410853 0.525609080841639 0.5148809523809524 0.5245708748615726 0.5124584717607974 0.5218023255813954 0.5079595791805095 0.5211101882613511 0.5051910299003323 0.5169573643410853 0.5017303433001108 0.513842746400886 0.49930786267995575
0 0.5868055555555556 0.6235200364298726 0.5885132058287798 0.6277891621129327 0.5905054644808744 0.6331967213114755 0.5922131147540984 0.6380350637522769 0.5942053734061932 0.638888888888889 0.5959130236794171 0.6377504553734062 0.5967668488160293 0.6366120218579235 0.5979052823315119 0.6337659380692169 0.5973360655737706 0.6312044626593808 0.5953438069216759 0.6277891621129327 0.5939207650273225 0.6235200364298726 0.5922131147540984 0.6192509107468124 0.589936247723133 0.613558743169399 0.5870901639344264 0.6081511839708561 0.5845286885245903 0.6027436247723134 0.5822518214936249 0.5961976320582879 0.5788365209471767 0.5885132058287798 0.5762750455373407 0.5902208561020037 0.5757058287795993 0.5919285063752278 0.5757058287795993 0.5942053734061932 0.5765596539162113 0.5979052823315119 0.577698087431694 0.6010359744990893 0.5788365209471767 0.6041666666666666 0.5808287795992714 0.6098588342440803 0.5828210382513661 0.613558743169399 0.5842440801457195 0.6181124772313298
0 0.4726775956284153 0.7783469945355193 0.47239298724954465 0.78290072859745 0.4726775956284153 0.78716985428051 0.47324681238615673 0.7903005464480874 0.47466985428051006 0.7908697632058288 0.47723132969034615 0.7900159380692169 0.47865437158469953 0.7883082877959927 0.4803620218579236 0.7860314207650274 0.48121584699453557 0.7817622950819673 0.4820696721311476 0.7769239526411659 0.48235428051001833 0.7737932604735884 0.48263888888888895 0.7700933515482696 0.483492714025501 0.7669626593806922 0.48434653916211295 0.7652550091074681 0.4854849726775957 0.758424408014572 0.486054189435337 0.7558629326047359 0.48491575591985436 0.7513091985428051 0.483492714025501 0.7496015482695811 0.4829234972677596 0.7496015482695811 0.4803620218579236 0.7507399817850637 0.47922358834244083 0.7513091985428051 0.47751593806921677 0.7530168488160293 0.47495446265938074 0.7564321493624774 0.4741006375227687 0.7587090163934427 0.4738160291438981 0.7641165755919855 0.472962204007286 0.7703779599271403 0.472962204007286 0.7743624772313298
0 0.44677823315118403 0.7225637522768671 0.44734744990892533 0.7248406193078325 0.4499089253187615 0.7251252276867032 0.45303961748633886 0.7231329690346084 0.4547472677595629 0.720002276867031 0.4564549180327869 0.7177254098360656 0.45730874316939896 0.7137408925318761 0.45759335154826963 0.7094717668488161 0.45730874316939896 0.7046334244080146 0.45730874316939896 0.7006489071038252 0.45673952641165766 0.6983720400728598 0.4541780510018215 0.6969489981785064 0.4527550091074682 0.6963797814207651 0.4516165755919855 0.6966643897996357 0.45076275045537345 0.6969489981785064 0.4490551001821494 0.6992258652094718 0.44791666666666674 0.7000796903460837 0.44649362477231336 0.706056466302368 0.44649362477231336 0.7094717668488161 0.44649362477231336 0.7120332422586522 0.44677823315118403 0.7163023679417122 0.44677823315118403 0.7197176684881603
0 0.619212962962963 0.16358024691358025 0.6188271604938271 0.1697530864197531 0.6199845679012345 0.1732253086419753 0.6203703703703703 0.1763117283950617 0.6203703703703703 0.18094135802469136 0.6207561728395061 0.18557098765432095 0.6207561728395061 0.1905864197530864 0.6215277777777778 0.19483024691358025 0.6226851851851851 0.19945987654320987 0.6242283950617283 0.20138888888888887 0.6265432098765431 0.20138888888888887 0.6284722222222221 0.2010030864197531 0.6292438271604938 0.19868827160493827 0.6284722222222221 0.19483024691358025 0.6280864197530864 0.18788580246913578 0.626929012345679 0.18287037037037035 0.6277006172839507 0.17785493827160492 0.6271446078431372 0.17294730392156865 0.6265432098765431 0.16743827160493827 0.6246141975308641 0.16319444444444445 0.6234567901234568 0.16010802469135801 0.6219135802469135 0.1597222222222222 0.6207561728395061 0.16049382716049382
0 0.5789950419527078 0.27722158657513346 0.5792334096109839 0.280081998474447 0.5801868802440885 0.2846109839816934 0.5806636155606407 0.28651792524790237 0.5813787185354691 0.2889016018306636 0.5818554538520214 0.2908085430968726 0.5823321891685735 0.2917620137299771 0.5825705568268498 0.29438405797101447 0.5823321891685735 0.29700610221205187 0.5825705568268498 0.3015350877192982 0.5835240274599542 0.30439549961861173 0.5847158657513348 0.30701754385964913 0.5861460717009915 0.3082093821510297 0.5882913806254767 0.3082093821510297 0.5892448512585812 0.30797101449275366 0.5899599542334095 0.3055873379099924 0.5897215865751335 0.3020118230358505 0.5897215865751335 0.3001048817696415 0.5892448512585812 0.29700610221205187 0.5875762776506483 0.2927154843630816 0.5866228070175439 0.2891399694889397 0.5861460717009915 0.2869946605644546 0.5856693363844394 0.2846109839816934 0.584954233409611 0.2812738367658276 0.5844774980930587 0.2767448512585812 0.5828089244851259 0.27483790999237223 0.5813787185354691 0.2745995423340961 0.5801868802440885 0.27507627765064835
0 0.638103318250377 0.388763197586727 0.642816742081448 0.39159125188536953 0.6484728506787331 0.39394796380090497 0.6560143288084465 0.39630467571644046 0.6607277526395173 0.39771870286576166 0.6677978883861238 0.39960407239819 0.6725113122171945 0.40054675716440424 0.6767533936651584 0.40148944193061836 0.6805241327300151 0.40148944193061836 0.6824095022624435 0.40054675716440424 0.6833521870286575 0.39771870286576166 0.6819381598793364 0.39489064856711914 0.6791101055806938 0.3934766214177979 0.6753393665158371 0.3920625942684766 0.6710972850678733 0.39064856711915535 0.6673265460030166 0.3897058823529412 0.6630844645550529 0.38829185520361986 0.6578996983408748 0.38687782805429866 0.653657616892911 0.3854638009049774 0.6508295625942684 0.38452111613876316 0.6470588235294117 0.38310708898944196 0.643288084464555 0.3821644042232277 0.63763197586727 0.3826357466063348 0.6352752639517346 0.38357843137254904 0.6343325791855203 0.3854638009049774
0 0.7604166666666666 0.4095731083844581 0.7626533742331288 0.4105316973415133 0.7658486707566462 0.410851226993865 0.7709611451942741 0.410851226993865 0.7763931492842535 0.4105316973415133 0.7799079754601227 0.40989263803680986 0.7837423312883435 0.4095731083844581 0.7869376278118609 0.4092535787321064 0.7907719836400818 0.4076559304703477 0.7933282208588958 0.40605828220858897 0.795245398773006 0.404780163599182 0.7965235173824131 0.40318251533742333 0.7965235173824131 0.4019043967280164 0.795245398773006 0.4012653374233129 0.7926891615541922 0.40062627811860946 0.79045245398773 0.4003067484662577 0.7878962167689161 0.40094580777096117 0.785659509202454 0.40094580777096117 0.7834228016359918 0.40254345603271985 0.7818251533742332 0.40318251533742333 0.7789493865030674 0.40350204498977504 0.7760736196319018 0.40350204498977504 0.7728783231083844 0.40350204498977504 0.7684049079754601 0.4041411042944786 0.764890081799591 0.40605828220858897 0.7610557259713702 0.4076559304703477
0 0.7705176767676767 0.563131313131313 0.7676767676767676 0.5618686868686869 0.7626262626262625 0.5612373737373737 0.7613636363636364 0.5625 0.762310606060606 0.5647095959595959 0.764520202020202 0.5666035353535352 0.7660984848484848 0.5672348484848484 0.7679924242424242 0.5688131313131313 0.7698863636363635 0.5710227272727272 0.7730429292929292 0.57260101010101 0.7752525252525252 0.5744949494949495 0.7790404040404039 0.577020202020202 0.7812499999999999 0.5779671717171716 0.7834595959595958 0.5804924242424242 0.7850378787878788 0.5823863636363635 0.7866161616161615 0.5836489898989898 0.7885101010101009 0.5849116161616161 0.7904040404040403 0.5852272727272727 0.7926136363636364 0.5836489898989898 0.7945075757575757 0.5830176767676767 0.795770202020202 0.5814393939393939 0.7954545454545454 0.5801767676767676 0.7922979797979797 0.5785984848484848 0.7897727272727272 0.5763888888888888 0.7869318181818181 0.5741792929292928 0.7847222222222221 0.5719696969696969 0.7825126262626262 0.570391414141414 0.7803030303030302 0.5684974747474747 0.7780934343434343 0.5669191919191919 0.7765151515151515 0.5659722222222221 0.773989898989899 0.5643939393939393 0.7720959595959596 0.5637626262626262
0 0.8787996277915633 0.5999017783291977 0.8769902812241522 0.6004187344913152 0.8756978908188586 0.6019696029776676 0.8782826716294458 0.6037789495450786 0.8800920181968569 0.6053298180314309 0.8816428866832093 0.607139164598842 0.8842276674937966 0.6086900330851944 0.8862954921422664 0.6104993796526055 0.8891387510339123 0.6125672043010754 0.8919820099255583 0.6146350289495451 0.8943083126550868 0.6159274193548387 0.8976685277088503 0.6179952440033085 0.9005117866004964 0.6198045905707197 0.903613523573201 0.6210969809760133 0.9067152605459057 0.6223893713813069 0.9090415632754342 0.6221308933002482 0.9095585194375517 0.6205800248138957 0.9085246071133167 0.6185122001654261 0.9072322167080231 0.6164443755169562 0.9041304797353185 0.6143765508684864 0.90180417700579 0.6123087262200165 0.8989609181141439 0.6107578577336643 0.8958591811414393 0.608948511166253 0.8930159222497932 0.6076561207609594 0.8906896195202647 0.6058467741935484 0.8878463606286187 0.6045543837882548 0.8852615798180314 0.6030035153019024 0.8831937551695616 0.6019696029776676
0 0.8994778742762614 0.7063947477253929 0.9012872208436724 0.7094964846980977 0.9030965674110836 0.7123397435897437 0.9056813482216709 0.7141490901571548 0.9077491728701406 0.7149245244003309 0.9090415632754342 0.7162169148056245 0.9108509098428453 0.7175093052109182 0.9116263440860215 0.7154414805624484 0.9108509098428453 0.7118227874276262 0.9090415632754342 0.7092380066170388 0.9077491728701406 0.7063947477253929 0.9059398263027295 0.7043269230769231 0.9041304797353185 0.7022590984284532 0.902579611248966 0.7001912737799835 0.9005117866004964 0.6970895368072788 0.8992193961952027 0.6942462779156329 0.8974100496277916 0.6926954094292804 0.8937913564929694 0.6924369313482217 0.8940498345740282 0.6942462779156329 0.8950837468982631 0.6960556244830439 0.8958591811414393 0.6983819272125724 0.8968930934656741 0.7012251861042185 0.897927005789909 0.703551488833747
0 0.816764888337469 0.8364092224979323 0.8154724979321754 0.8389940033085195 0.8141801075268817 0.8418372622001654 0.8131461952026469 0.843129652605459 0.8108198924731183 0.8464898676592225 0.8100444582299422 0.8488161703887511 0.8090105459057072 0.8514009511993383 0.8072011993382961 0.8542442100909843 0.8066842431761787 0.8565705128205129 0.8069427212572374 0.8581213813068652 0.8074596774193549 0.8591552936311001 0.809269023986766 0.8591552936311001 0.8110783705541771 0.8586383374689827 0.8128877171215881 0.8570874689826303 0.8141801075268817 0.8542442100909843 0.8157309760132342 0.8521763854425145 0.8170233664185278 0.8501085607940447 0.81857423490488 0.8467483457402812 0.819608147229115 0.844163564929694 0.8203835814722912 0.842354218362283 0.8216759718775849 0.8392524813895782 0.8232268403639371 0.8369261786600497 0.8240022746071134 0.8348583540115798 0.8250361869313482 0.8330490074441688 0.825294665012407 0.8309811827956989 0.8245192307692307 0.8294303143093467 0.8237437965260546 0.8283964019851117 0.8237437965260546 0.828137923904053 0.8229683622828785 0.828137923904053 0.8216759718775849 0.828137923904053 0.8206420595533499 0.8299472704714641 0.8190911910669976 0.8320150951199339 0.8180572787427626 0.8343413978494624
0 0.16725352112676056 0.10746772300469484 0.16468603286384978 0.1111355633802817 0.16248532863849766 0.11553697183098592 0.15991784037558687 0.11883802816901408 0.15771713615023478 0.12140551643192489 0.15551643192488263 0.123606220657277 0.15221537558685447 0.12800762910798122 0.15038145539906103 0.1313086854460094 0.1514818075117371 0.13277582159624413 0.15331572769953053 0.1331426056338028 0.1566167840375587 0.1316754694835681 0.16028462441314553 0.12910798122065728 0.16285211267605634 0.12544014084507044 0.1668867370892019 0.12250586854460095 0.16835387323943662 0.12030516431924883 0.16982100938967137 0.11737089201877934 0.17312206572769953 0.11260269953051644 0.17458920187793428 0.11040199530516433 0.17715669014084506 0.10783450704225353 0.17825704225352113 0.10453345070422534 0.18119131455399062 0.09976525821596245 0.1815580985915493 0.09719776995305165 0.18045774647887322 0.09536384976525822 0.17862382629107984 0.09536384976525822 0.1767899061032864 0.09646420187793428 0.17568955399061034 0.0982981220657277 0.1738556338028169 0.10013204225352114 0.17055457746478872 0.10453345070422534
0 0.3446392276422764 0.19537601626016257 0.3433689024390244 0.19423272357723573 0.3420985772357723 0.1933434959349593 0.3409552845528455 0.19207317073170727 0.3398119918699187 0.19156504065040644 0.3384146341463415 0.19042174796747963 0.3366361788617886 0.19004065040650403 0.33600101626016254 0.19054878048780483 0.33511178861788615 0.19105691056910565 0.33498475609756095 0.19207317073170727 0.33523882113821135 0.1932164634146341 0.3357469512195122 0.19448678861788612 0.3366361788617886 0.196265243902439 0.33777947154471544 0.197535569105691 0.3389227642276422 0.19944105691056904 0.3404471544715447 0.20185467479674793 0.34133638211382106 0.20325203252032514 0.3420985772357723 0.20477642276422758 0.3433689024390244 0.20642784552845525 0.3447662601626016 0.20833333333333331 0.34603658536585363 0.21011178861788612 0.3471798780487804 0.21150914634146337 0.3481961382113821 0.2121443089430894 0.3497205284552845 0.21239837398373979 0.3511178861788618 0.2120172764227642 0.352515243902439 0.21100101626016257 0.35378556910569103 0.21036585365853655 0.3540396341463415 0.2090955284552845 0.35315040650406504 0.20769817073170727 0.3521341463414634 0.20579268292682923 0.35099085365853655 0.20325203252032514 0.35035569105691056 0.20198170731707313 0.3487042682926829 0.19944105691056904 0.3475609756097561 0.19766260162601623 0.3462906504065041 0.1963922764227642
0 0.13041166166166168 0.8404967467467467 0.13009884884884887 0.8426864364364364 0.12916041041041043 0.8448761261261261 0.12916041041041043 0.8464401901901901 0.12884759759759762 0.8480042542542542 0.12978603603603606 0.8486298798798798 0.13135010010010012 0.8486298798798798 0.13228853853853856 0.848317067067067 0.13291416416416418 0.8473786286286287 0.13447822822822827 0.8448761261261261 0.1351038538538539 0.8429992492492492 0.13635510510510515 0.8401839339339339 0.1372935435435436 0.8373686186186187 0.13823198198198203 0.833302052052052 0.13917042042042044 0.8292354854854854 0.1401088588588589 0.8261073573573573 0.14073448448448453 0.8226664164164164 0.1401088588588589 0.8211023523523523 0.13917042042042044 0.8204767267267267 0.13698073073073078 0.8204767267267267 0.13572947947947953 0.8214151651651651 0.1347910410410411 0.8245432932932933 0.13447822822822827 0.8264201701701701 0.13447822822822827 0.8292354854854854 0.133226976976977 0.8323636136136137 0.13197572572572575 0.8354917417417417 0.1310372872872873 0.838307057057057
0 0.16607232232232236 0.9099411911911911 0.16544669669669673 0.9071258758758758 0.1648210710710711 0.9043105605605605 0.16419544544544548 0.9014952452452452 0.16325700700700704 0.8989927427427428 0.1623185685685686 0.8968030530530531 0.16075450450450454 0.8946133633633634 0.1595032532532533 0.8927364864864864 0.15825200200200204 0.8917980480480481 0.1548110610610611 0.8921108608608608 0.15418543543543545 0.8943005505505505 0.1548110610610611 0.8977414914914914 0.15543668668668673 0.9005568068068067 0.15606231231231235 0.903372122122122 0.15668793793793798 0.905248998998999 0.1573135635635636 0.9077515015015014 0.15887762762762767 0.9105668168168167 0.1595032532532533 0.9130693193193193 0.16106731731731735 0.9161974474474474 0.1620057557557558 0.918387137137137 0.16294419419419423 0.9196383883883884 0.16388263263263267 0.9215152652652652 0.1648210710710711 0.9218280780780781 0.16638513513513517 0.9190127627627628 0.1670107607607608 0.9161974474474474 0.1670107607607608 0.9140077577577578
0 0.08687106918238995 0.9196147798742139 0.08726415094339623 0.917059748427673 0.08706761006289308 0.9154874213836479 0.0862814465408805 0.914504716981132 0.08510220125786164 0.914504716981132 0.08392295597484277 0.9152908805031447 0.08215408805031446 0.9164701257861636 0.08117138364779874 0.9178459119496856 0.08038522012578617 0.9192216981132076 0.07979559748427674 0.9213836477987422 0.07940251572327045 0.9235455974842767 0.07881289308176101 0.9249213836477987 0.07841981132075472 0.926690251572327 0.07822327044025158 0.929245283018868 0.07763364779874213 0.9319968553459119 0.0770440251572327 0.9341588050314465 0.07645440251572327 0.9363207547169812 0.07586477987421383 0.9386792452830189 0.07547169811320754 0.941627358490566 0.07547169811320754 0.9435927672955976 0.07606132075471699 0.9445754716981133 0.07724056603773585 0.9445754716981133 0.07861635220125787 0.9439858490566039 0.07979559748427674 0.9435927672955976 0.08117138364779874 0.9418238993710693 0.08235062893081761 0.9386792452830189 0.08294025157232704 0.9363207547169812 0.08352987421383648 0.9335691823899371 0.08411949685534591 0.9304245283018868 0.0849056603773585 0.9280660377358491 0.08569182389937108 0.925314465408805 0.08608490566037737 0.9239386792452831 0.0862814465408805 0.9219732704402516
1 0.08121612466124659 0.2556741192411924 0.08958333333333333 0.2552083333333333 0.10069444444444442 0.2590616531165312 0.10492886178861786 0.2624491869918699 0.11339769647696474 0.2709180216802168 0.1176321138211382 0.2759993224932249 0.11847899728997288 0.27938685636856364 0.1176321138211382 0.2861619241192412 0.11509146341463412 0.2912432249322493 0.11255081300813005 0.29717140921409213 0.11170392953929537 0.2988651761517615 0.10662262872628724 0.3047933604336043 0.1015413279132791 0.30987466124661245 0.0947662601626016 0.31495596205962056 0.08629742547425472 0.3183434959349593 0.07952235772357721 0.32173102981029805 0.07020663956639564 0.32427168021680214 0.06258468834688345 0.3259654471544715 0.05326897018970188 0.32681233062330617 0.04734078590785906 0.32681233062330617 0.038871951219512174 0.3251185636856368 0.03463753387533874 0.3183434959349593 0.03379065040650405 0.3081808943089431 0.03548441734417342 0.29971205962059616 0.04141260162601624 0.29209010840108396 0.046493902439024376 0.2836212737127371 0.0515752032520325 0.278539972899729 0.058350271002710015 0.2717649051490515 0.06258468834688345 0.2666836043360433 0.07190040650406501 0.2590616531165312
1 0.14811991869918698 0.0803692411924119 0.15320121951219512 0.07528794037940377 0.1599762872628726 0.07020663956639564 0.16590447154471544 0.0668191056910569 0.1743733062330623 0.06343157181571814 0.1828421409214092 0.06089092140921407 0.18877032520325204 0.06258468834688345 0.1972391598915989 0.0668191056910569 0.20147357723577236 0.07190040650406501 0.2057079945799458 0.07613482384823846 0.20909552845528454 0.08206300813008127 0.21248306233062328 0.09137872628726286 0.2107892953929539 0.10408197831978318 0.20740176151761516 0.11255081300813005 0.2048611111111111 0.12017276422764225 0.20147357723577236 0.12948848238482383 0.1972391598915989 0.13626355013550134 0.18792344173441736 0.14557926829268292 0.18030149051490515 0.15066056910569106 0.1735264227642276 0.15574186991869918 0.16421070460704607 0.15912940379403792 0.1548949864498645 0.16167005420054198 0.1472730352303523 0.16167005420054198 0.1404979674796748 0.15912940379403792 0.13711043360433603 0.15658875338753386 0.13287601626016257 0.1540481029810298 0.12948848238482383 0.14981368563685635 0.12610094850948508 0.1464261517615176 0.1244071815718157 0.13626355013550134 0.12525406504065037 0.12948848238482383 0.12694783197831977 0.12017276422764225 0.1303353658536585 0.11255081300813005 0.13456978319783197 0.10238821138211379 0.1404979674796748 0.09137872628726286
0 0.29264937106918243 0.11163522012578617 0.29402515723270445 0.11222484276729561 0.29540094339622647 0.1126179245283019 0.29677672955974843 0.11320754716981132 0.2985455974842768 0.11379716981132075 0.30051100628930816 0.11419025157232704 0.3020833333333333 0.11438679245283019 0.3044418238993711 0.11497641509433962 0.3064072327044025 0.11556603773584907 0.30856918238993714 0.11713836477987422 0.30994496855345915 0.11733490566037737 0.3113207547169811 0.1179245283018868 0.31348270440251574 0.11890723270440252 0.31525157232704404 0.11988993710691824 0.31505503144654085 0.12087264150943396 0.313875786163522 0.12106918238993711 0.31269654088050314 0.12126572327044025 0.311124213836478 0.12106918238993711 0.30974842767295596 0.12087264150943396 0.3071933962264151 0.12028301886792453 0.3054245283018868 0.1196933962264151 0.3028694968553459 0.11910377358490566 0.30070754716981135 0.11812106918238995 0.29874213836477986 0.11772798742138366 0.2965801886792453 0.11713836477987422 0.29461477987421386 0.11635220125786165 0.2922562893081761 0.11536949685534591 0.2904874213836478 0.11458333333333333 0.2883254716981132 0.11301100628930817 0.28655660377358494 0.11183176100628932 0.286753144654088 0.11104559748427674 0.2873427672955975 0.1104559748427673 0.2883254716981132 0.11065251572327045 0.2897012578616352 0.11084905660377359
1 0.34502811860940696 0.16161809815950923 0.3488624744376278 0.16417433537832313 0.35653118609406953 0.16864775051124747 0.36036554192229037 0.17312116564417182 0.36419989775051126 0.17759458077709617 0.36867331288343563 0.1846242331288344 0.37186860940695304 0.19101482617586915 0.3744248466257669 0.19996165644171784 0.3763420245398773 0.21082566462167693 0.3763420245398773 0.22041155419222908 0.37186860940695304 0.2280802658486708 0.3654780163599182 0.2331927402862986 0.3578093047034765 0.23510991820040902 0.3526968302658487 0.2357489775051125 0.34758435582822084 0.23510991820040902 0.33991564417177916 0.23255368098159515 0.33480316973415136 0.22935838445807774 0.32969069529652356 0.22424591002044994 0.3245782208588957 0.21785531697341518 0.3201048057259714 0.21018660531697347 0.31627044989775055 0.2031569529652352 0.3137142126789366 0.19357106339468308 0.3124360940695297 0.18526329243353787 0.31307515337423314 0.1763164621676892 0.3137142126789366 0.16928680981595096 0.3188266871165644 0.16353527607361967 0.3239391615541923 0.16097903885480577 0.33224693251533743 0.1597009202453988
1 0.24533486707566465 0.34566717791411045 0.2517254601226994 0.34950153374233134 0.25875511247443767 0.3546140081799591 0.26386758691206547 0.35972648261758694 0.2683410020449898 0.36419989775051126 0.27345347648261764 0.37250766871165647 0.276648773006135 0.3801763803680982 0.2792050102249489 0.3878450920245399 0.28112218813905937 0.39295756646216773 0.28112218813905937 0.398709100204499 0.28112218813905937 0.4044606339468303 0.27984406952965235 0.41149028629856854 0.2753706543967281 0.4178808793456033 0.27025817995910023 0.42491053169734155 0.26450664621676895 0.4281058282208589 0.2581160531697342 0.4293839468302659 0.2523645194274029 0.43002300613496935 0.24789110429447855 0.4281058282208589 0.24213957055214727 0.4236324130879346 0.23830521472392643 0.42171523517382414 0.2338317995910021 0.4172418200408998 0.23063650306748468 0.412129345603272 0.2268021472392638 0.40573875255623726 0.22424591002044994 0.40062627811860946 0.22105061349693253 0.39615286298568514 0.2172162576687117 0.38848415132924335 0.21593813905930476 0.38401073619631904 0.21466002044989776 0.3769810838445808 0.21466002044989776 0.3712295501022495 0.21593813905930476 0.3654780163599182 0.2191334355828221 0.35908742331288346 0.22041155419222908 0.3546140081799591 0.22360685071574646 0.35077965235173825 0.2268021472392638 0.34758435582822084 0.23127556237218816 0.34502811860940696 0.23510991820040902 0.34438905930470354
1 0.1571446830265849 0.37250766871165647 0.1603399795501023 0.3769810838445808 0.1628962167689162 0.37825920245398775 0.16481339468302664 0.38273261758691207 0.16736963190184054 0.38720603271983645 0.1699258691206544 0.3955138036809816 0.1699258691206544 0.40254345603271985 0.1699258691206544 0.4089340490797546 0.1699258691206544 0.41596370143149286 0.16609151329243357 0.4236324130879346 0.1622571574642127 0.4281058282208589 0.1571446830265849 0.43130112474437626 0.15331032719836407 0.4332183026584867 0.14691973415132928 0.4344964212678937 0.13925102249488755 0.4344964212678937 0.13349948875255627 0.4325792433537832 0.12966513292433543 0.43066206543967284 0.12455265848670762 0.425549591002045 0.12135736196319025 0.41596370143149286 0.1194401840490798 0.4095731083844581 0.11880112474437633 0.4038215746421268 0.11880112474437633 0.40062627811860946 0.1194401840490798 0.3948747443762782 0.1194401840490798 0.3891232106339469 0.12199642126789371 0.3808154396728016 0.12710889570552153 0.3757029652351739 0.1309432515337424 0.3712295501022495 0.13733384458077713 0.36867331288343563 0.14308537832310844 0.3667561349693252 0.14883691206543972 0.3680342535787321
1 0.15650562372188143 0.45366820040899797 0.1628962167689162 0.4562244376278119 0.16736963190184054 0.45941973415132925 0.17312116564417182 0.46453220858895705 0.18015081799591004 0.47283997955010226 0.18206799591002049 0.47859151329243355 0.1839851738241309 0.48689928425357876 0.18334611451942745 0.4958461145194274 0.18206799591002049 0.506071063394683 0.18015081799591004 0.5143788343558282 0.17503834355828224 0.5194913087934561 0.1699258691206544 0.5226866053169734 0.1628962167689162 0.5252428425357873 0.15394938650306753 0.5258819018404908 0.14691973415132928 0.5258819018404908 0.13925102249488755 0.5246037832310838 0.13477760736196323 0.5214084867075665 0.1303041922290389 0.5137397750511248 0.12902607361963195 0.5079882413087935 0.12646983640081805 0.5003195296523517 0.12583077709611457 0.4900945807770961 0.12583077709611457 0.47986963190184045 0.1283870143149285 0.4690056237218814 0.1328604294478528 0.46325408997955014 0.13733384458077713 0.45878067484662577 0.1437244376278119 0.45558537832310836
1 0.05489519427402868 0.562308282208589 0.0625639059304704 0.5635864008179959 0.0683154396728017 0.5661426380368099 0.07470603271983646 0.5680598159509203 0.0817356850715747 0.5712551124744376 0.08684815950920251 0.5763675869120655 0.09132157464212684 0.5789238241308793 0.09707310838445812 0.5865925357873211 0.09962934560327204 0.5942612474437627 0.10026840490797552 0.601290899795501 0.100907464212679 0.6095986707566463 0.09899028629856857 0.6153502044989775 0.09707310838445812 0.6204626789366052 0.09132157464212684 0.6262142126789366 0.08557004089979556 0.629409509202454 0.07534509202453994 0.6319657464212679 0.06703732106339474 0.6319657464212679 0.06128578732106345 0.6300485685071575 0.05489519427402868 0.62685327198364 0.049782719836400875 0.6236579754601227 0.0433921267893661 0.6179064417177914 0.03764059304703482 0.6121549079754601 0.03444529652351744 0.6070424335378324 0.032528118609407006 0.6019299591002044 0.029332822085889623 0.5929831288343558 0.029332822085889623 0.5827581799591002 0.031250000000000056 0.5750894683026585 0.03636247443762786 0.5699769938650306 0.04211400817995915 0.5648645194274029 0.04786554192229044 0.5635864008179959
1 0.20763036809815955 0.5412193251533742 0.21082566462167693 0.5386630879345603 0.21529907975460125 0.5361068507157465 0.22041155419222908 0.5335506134969326 0.22552402862985688 0.5309943762781186 0.22999744376278122 0.5277990797546013 0.23510991820040902 0.5265209611451943 0.24213957055214727 0.5265209611451943 0.24725204498977507 0.5297162576687117 0.25108640081799594 0.5335506134969326 0.25492075664621683 0.5405802658486708 0.25619887525562374 0.5469708588957055 0.25619887525562374 0.5508052147239264 0.25492075664621683 0.5540005112474439 0.2517254601226994 0.5559176891615542 0.24725204498977507 0.559752044989775 0.2446958077709612 0.5629473415132924 0.24213957055214727 0.5661426380368099 0.23766615541922292 0.571894171779141 0.23191462167689164 0.5757285276073619 0.2280802658486708 0.5795628834355828 0.2248849693251534 0.5808410020449898 0.21785531697341518 0.5846753578732107 0.2114647239263804 0.5872315950920246 0.20571319018404913 0.5904268916155418 0.20123977505112478 0.5923440695296524 0.1954882413087935 0.5936221881390593 0.19101482617586915 0.5923440695296524 0.1878195296523518 0.5885097137014316 0.1865414110429448 0.5802019427402864 0.18718047034764831 0.571894171779141 0.18973670756646221 0.5616692229038855 0.1922929447852761 0.5565567484662577 0.19932259713701436 0.5495270961145194
1 0.37378578732106343 0.5405802658486708 0.3776201431492843 0.5361068507157465 0.3808154396728016 0.5322724948875256 0.3833716768916156 0.5290771983640082 0.3891232106339469 0.5265209611451943 0.39295756646216773 0.5258819018404908 0.39807004089979553 0.5246037832310838 0.40318251533742333 0.5246037832310838 0.4089340490797546 0.5271600204498977 0.4140465235173824 0.5297162576687117 0.4185199386503068 0.535467791411043 0.42427147239263807 0.5444146216768916 0.4261886503067485 0.5488880368098159 0.4274667689161554 0.5571958077709611 0.4261886503067485 0.5667816973415133 0.4229933537832311 0.5763675869120655 0.4197980572597137 0.5846753578732107 0.4146855828220859 0.5923440695296524 0.4102121676891616 0.5993737218813906 0.40318251533742333 0.6070424335378324 0.39615286298568514 0.6127939672801636 0.3904013292433538 0.6159892638036809 0.38273261758691207 0.618545501022495 0.37506390593047034 0.6179064417177914 0.370590490797546 0.6166283231083844 0.36419989775051126 0.6083205521472392 0.35972648261758694 0.5955393660531698 0.36036554192229037 0.5853144171779141 0.3622827198364008 0.5731722903885481 0.36483895705521474 0.562308282208589 0.3680342535787321 0.5540005112474439
1 0.520769427402863 0.4773133946830266 0.5252428425357873 0.4817868098159509 0.5290771983640082 0.48689928425357876 0.532911554192229 0.49137269938650313 0.5380240286298569 0.4958461145194274 0.5418583844580777 0.5035148261758692 0.5444146216768916 0.5099054192229039 0.5450536809815951 0.5131007157464212 0.5463317995910021 0.5201303680981595 0.5456927402862985 0.5258819018404908 0.5418583844580777 0.5322724948875256 0.535467791411043 0.5386630879345603 0.5277990797546013 0.5399412065439673 0.5201303680981595 0.5399412065439673 0.5124616564417178 0.5386630879345603 0.5041538854805726 0.534189672801636 0.4964851738241309 0.5297162576687117 0.49201175869120656 0.5226866053169734 0.4862602249488753 0.5156569529652352 0.48306492842535786 0.5092663599182005 0.47986963190184045 0.4996804703476483 0.47923057259713703 0.4907336400817996 0.4811477505112475 0.4817868098159509 0.48370398773006135 0.4760352760736196 0.4894555214723927 0.4709228016359919 0.49520705521472397 0.467088445807771 0.5003195296523517 0.46772750511247446 0.5067101226993865 0.4683665644171779 0.5124616564417178 0.4709228016359919
1 0.6319657464212679 0.36611707566462165 0.6370782208588958 0.36483895705521474 0.6409125766871165 0.3635608384458078 0.6453859918200409 0.3622827198364008 0.6504984662576686 0.36292177914110435 0.6581671779141105 0.3622827198364008 0.6632796523517382 0.36292177914110435 0.6703093047034765 0.3654780163599182 0.6754217791411042 0.36739519427402867 0.6862857873210634 0.37250766871165647 0.6907592024539877 0.3757029652351739 0.6965107361963191 0.3801763803680982 0.7009841513292433 0.3846497955010225 0.7035403885480573 0.3948747443762782 0.7029013292433538 0.39934815950920244 0.7022622699386503 0.40573875255623726 0.699066973415133 0.4140465235173824 0.6945935582822086 0.41915899795501027 0.6869248466257668 0.4223542944785276 0.6779780163599182 0.42427147239263807 0.6696702453987731 0.425549591002045 0.6632796523517382 0.425549591002045 0.6536937627811861 0.4236324130879346 0.6473031697341514 0.42171523517382414 0.6415516359918201 0.4185199386503068 0.6332438650306749 0.4140465235173824 0.6255751533742332 0.40701687116564417 0.6204626789366052 0.4019043967280164 0.6159892638036809 0.39807004089979553 0.6140720858895706 0.3897622699386503 0.6153502044989775 0.3833716768916156 0.618545501022495 0.37825920245398775 0.6242970347648261 0.3712295501022495
1 0.5936221881390593 0.5757285276073619 0.5968174846625767 0.5795628834355828 0.6019299591002044 0.5846753578732107 0.6057643149284253 0.589148773006135 0.6102377300613497 0.5961784253578732 0.6121549079754601 0.6006518404907976 0.6134330265848671 0.6064033742331288 0.6166283231083844 0.6153502044989775 0.617267382413088 0.6230189161554193 0.6179064417177914 0.629409509202454 0.6153502044989775 0.6402735173824131 0.6140720858895706 0.6453859918200409 0.6095986707566463 0.6524156441717791 0.6051252556237219 0.6568890593047034 0.5980956032719836 0.6581671779141105 0.5955393660531698 0.6581671779141105 0.5859534764826175 0.65625 0.5821191206543967 0.6524156441717791 0.5789238241308793 0.6485812883435583 0.5731722903885481 0.6428297546012269 0.5674207566462167 0.6345219836400818 0.5642254601226994 0.62685327198364 0.561030163599182 0.6191845603271984 0.5578348670756647 0.6108767893660532 0.5565567484662577 0.6070424335378324 0.5552786298568507 0.6006518404907976 0.5540005112474439 0.5936221881390593 0.5552786298568507 0.5865925357873211 0.5559176891615542 0.5789238241308793 0.5603911042944785 0.5738113496932515 0.5642254601226994 0.5693379345603272 0.5693379345603272 0.5667816973415133 0.5757285276073619 0.5655035787321064 0.5814800613496932 0.5674207566462167 0.5872315950920246 0.5712551124744376
1 0.45366820040899797 0.6728655419222903 0.4626150306748466 0.6754217791411042 0.46772750511247446 0.6798951942740286 0.4715618609406953 0.68564672801636 0.4747571574642127 0.6901201431492843 0.47667433537832316 0.6984279141104294 0.47859151329243355 0.7105700408997956 0.4773133946830266 0.7188778118609407 0.4747571574642127 0.7271855828220859 0.4715618609406953 0.7335761758691207 0.47028374233128833 0.7361324130879345 0.4664493865030675 0.7386886503067485 0.45878067484662577 0.7444401840490797 0.44855572597137017 0.7489135991820041 0.4396088957055215 0.7450792433537833 0.4325792433537832 0.738049591002045 0.4274667689161554 0.7278246421267893 0.42491053169734155 0.7150434560327199 0.4261886503067485 0.7009841513292433 0.43002300613496935 0.6907592024539877 0.4338573619631902 0.683090490797546 0.438969836400818 0.6754217791411042 0.44855572597137017 0.6715874233128835
1 0.47667433537832316 0.7322980572597136 0.48370398773006135 0.7297418200408998 0.4900945807770961 0.7297418200408998 0.4964851738241309 0.7329371165644172 0.5003195296523517 0.7393277096114519 0.5035148261758692 0.7469964212678936 0.5047929447852761 0.7565823108384458 0.5047929447852761 0.764890081799591 0.5028757668711656 0.7751150306748467 0.5015976482617587 0.7866180981595092 0.4964851738241309 0.7993992842535786 0.49265081799591004 0.8064289366053169 0.48689928425357876 0.8109023517382413 0.47411809815950917 0.8140976482617587 0.4651712678936606 0.8128195296523517 0.45814161554192234 0.807707055214724 0.45430725971370145 0.8013164621676891 0.45111196319018404 0.7942868098159509 0.4498338445807771 0.7847009202453987 0.44919478527607365 0.7744759713701431 0.4498338445807771 0.7591385480572598 0.4517510224948875 0.7521088957055215 0.4530291411042945 0.7489135991820041 0.45878067484662577 0.7444401840490797 0.46772750511247446 0.7386886503067485
1 0.4753962167689162 0.8786426380368099 0.48306492842535786 0.8799207566462167 0.4881774028629857 0.8856722903885481 0.49201175869120656 0.8958972392638036 0.49520705521472397 0.9067612474437627 0.4958461145194274 0.9163471370143149 0.4964851738241309 0.9265720858895706 0.4958461145194274 0.9367970347648261 0.49201175869120656 0.9470219836400818 0.48562116564417185 0.9578859918200409 0.47859151329243355 0.9649156441717791 0.47283997955010226 0.96875 0.46325408997955014 0.970028118609407 0.4562244376278119 0.96875 0.4530291411042945 0.9661937627811861 0.4466385480572598 0.9585250511247444 0.44344325153374237 0.9483001022494887 0.4421651329243354 0.9342407975460123 0.4440823108384458 0.9227377300613496 0.44599948875255624 0.9118737218813906 0.4498338445807771 0.9029268916155418 0.4517510224948875 0.8952581799591002 0.4575025562372188 0.8882285276073619 0.4651712678936606 0.8831160531697342
1 0.5757285276073619 0.8971753578732107 0.5808410020449898 0.8946191206543967 0.587870654396728 0.8920628834355828 0.5955393660531698 0.8888675869120654 0.6044861963190183 0.8863113496932515 0.6147111451942741 0.8856722903885481 0.6242970347648261 0.8863113496932515 0.629409509202454 0.8901457055214724 0.6313266871165644 0.8971753578732107 0.6313266871165644 0.9080393660531698 0.6274923312883435 0.9176252556237219 0.6191845603271984 0.9284892638036809 0.6140720858895706 0.9380751533742332 0.6051252556237219 0.9463829243353783 0.5923440695296524 0.9521344580777096 0.5808410020449898 0.956607873210634 0.5686988752556238 0.9591641104294478 0.562308282208589 0.9559688139059304 0.559752044989775 0.9502172801635992 0.5565567484662577 0.93935327198364 0.5571958077709611 0.9278502044989775 0.5603911042944785 0.9176252556237219 0.5667816973415133 0.9074003067484662
1 0.18718047034764831 0.7680853783231084 0.19165388548057263 0.7680853783231084 0.19740541922290392 0.7680853783231084 0.20443507157464216 0.7680853783231084 0.2121037832310839 0.7687244376278118 0.2191334355828221 0.7712806748466258 0.22552402862985688 0.778310327198364 0.22999744376278122 0.7866180981595092 0.22935838445807774 0.791730572597137 0.2268021472392638 0.8006774028629857 0.22232873210633952 0.8057898773006135 0.21593813905930476 0.8096242331288344 0.20699130879345606 0.8121804703476483 0.20379601226993868 0.8128195296523517 0.1954882413087935 0.8147367075664622 0.18526329243353787 0.8147367075664622 0.17759458077709617 0.8134585889570551 0.1712039877300614 0.8096242331288344 0.16736963190184054 0.80515081799591 0.16545245398773012 0.7987602249488752 0.16545245398773012 0.791730572597137 0.16673057259713706 0.7847009202453987 0.17184304703476486 0.777032208588957 0.17695552147239269 0.7719197341513292
1 0.13541666666666669 0.8025945807770961 0.14180725971370148 0.8032336400817995 0.14564161554192231 0.8045117586912066 0.1513931492842536 0.8089851738241308 0.15842280163599184 0.8166538854805726 0.16161809815950923 0.8249616564417177 0.1628962167689162 0.8300741308793457 0.1622571574642127 0.8377428425357873 0.1603399795501023 0.8447724948875256 0.1571446830265849 0.8498849693251533 0.15203220858895708 0.8556365030674847 0.14564161554192231 0.8607489775051125 0.13669478527607368 0.8645833333333334 0.1303041922290389 0.8658614519427402 0.12391359918200415 0.8639442740286298 0.11560582822085895 0.8607489775051125 0.1117714723926381 0.8562755623721882 0.10793711656441723 0.8505240286298569 0.10793711656441723 0.8402990797546012 0.10921523517382418 0.8307131901840491 0.11368865030674852 0.8217663599182004 0.11752300613496938 0.8153757668711656 0.12263548057259718 0.8096242331288344 0.1283870143149285 0.80515081799591
1 0.16353527607361967 0.8754473415132924 0.168008691206544 0.8773645194274028 0.17248210633946834 0.8818379345603272 0.17695552147239269 0.8863113496932515 0.18078987730061352 0.8965362985685071 0.1839851738241309 0.9086784253578732 0.18526329243353787 0.9195424335378324 0.18270705521472397 0.9304064417177914 0.17695552147239269 0.9361579754601227 0.1699258691206544 0.9387142126789366 0.1622571574642127 0.93935327198364 0.1552275051124745 0.9387142126789366 0.15011503067484666 0.9374360940695295 0.14564161554192231 0.9336017382413088 0.14244631901840496 0.9284892638036809 0.13989008179959103 0.9195424335378324 0.1386119631901841 0.9086784253578732 0.1386119631901841 0.8978144171779141 0.1405291411042945 0.8901457055214724 0.14244631901840496 0.8850332310838446 0.14691973415132928 0.8799207566462167 0.15267126789366056 0.8773645194274028
1 0.07214979550102256 0.8965362985685071 0.07854038854805732 0.8952581799591002 0.08620910020449904 0.8946191206543967 0.0925996932515338 0.8965362985685071 0.100907464212679 0.9029268916155418 0.10410276073619638 0.9074003067484662 0.10601993865030682 0.9157080777096115 0.10793711656441723 0.9278502044989775 0.10665899795501028 0.9380751533742332 0.10538087934560332 0.9444657464212678 0.10154652351738247 0.9534125766871165 0.09579498977505119 0.9610812883435583 0.09004345603271989 0.9668328220858895 0.08045756646216776 0.9725843558282209 0.07151073619631908 0.9745015337423312 0.06703732106339474 0.9725843558282209 0.06192484662576692 0.9674718813905929 0.05745143149284259 0.9610812883435583 0.05425613496932521 0.9483001022494887 0.05425613496932521 0.9367970347648261 0.05681237218813911 0.9246549079754601 0.06320296523517387 0.9080393660531698 0.06639826175869126 0.9022878323108384
1 0.06128578732106345 0.7706416155419223 0.06512014314928431 0.7719197341513292 0.07406697341513298 0.7763931492842535 0.07854038854805732 0.7815056237218815 0.0817356850715747 0.7898133946830266 0.08365286298568514 0.7968430470347648 0.08493098159509208 0.8045117586912066 0.08620910020449904 0.8185710633946831 0.08620910020449904 0.829435071574642 0.08684815950920251 0.8396600204498977 0.08684815950920251 0.8511630879345603 0.08301380368098164 0.858831799591002 0.07342791411042951 0.8639442740286298 0.06575920245398778 0.8639442740286298 0.059368609406953016 0.8613880368098159 0.05489519427402868 0.8537193251533742 0.05106083844580782 0.846689672801636 0.04722648261758697 0.8377428425357873 0.0433921267893661 0.8268788343558282 0.042753067484662635 0.817292944785276 0.04211400817995915 0.8096242331288344 0.04211400817995915 0.8006774028629857 0.04211400817995915 0.793008691206544 0.0433921267893661 0.779588445807771 0.04850460122699392 0.7731978527607362 0.053617075664621726 0.7706416155419223
1 0.5563177506775067 0.28700880758807584 0.5597052845528455 0.26753048780487804 0.5639397018970189 0.2616023035230352 0.5724085365853658 0.2556741192411924 0.5817242547425473 0.25313346883468835 0.591039972899729 0.2556741192411924 0.5969681571815717 0.2632960704607046 0.6020494579945799 0.27515243902439024 0.6062838753387534 0.2887025745257452 0.6079776422764227 0.3047933604336043 0.604590108401084 0.31919037940379397 0.5978150406504065 0.3251185636856368 0.5893462059620596 0.32935298102981025 0.580030487804878 0.3301998644986449 0.5715616531165311 0.32850609756097554 0.5647865853658536 0.3234247967479674 0.5597052845528455 0.3132621951219512 0.5563177506775067 0.30225271002710025 0.5563177506775067 0.29209010840108396
1 0.6012025745257452 0.2057079945799458 0.6003556910569104 0.19977981029810296 0.5978150406504065 0.18792344173441736 0.5986619241192411 0.1777608401084011 0.6003556910569104 0.16590447154471544 0.6037432249322492 0.15658875338753386 0.6113651761517614 0.14811991869918698 0.6189871273712737 0.1464261517615176 0.6266090785907859 0.1464261517615176 0.6350779132791328 0.15150745257452575 0.6401592140921408 0.1599762872628726 0.6435467479674796 0.17013888888888887 0.6469342818428184 0.1828421409214092 0.6486280487804877 0.19469850948509485 0.6477811653116531 0.2048611111111111 0.6435467479674796 0.2184112466124661 0.6367716802168021 0.2285738482384824 0.6299966124661246 0.2336551490514905 0.6198340108401084 0.2336551490514905 0.6122120596205962 0.23111449864498645 0.6054369918699186 0.2243394308943089
1 0.7570291327913279 0.38440040650406504 0.7629573170731707 0.38185975609756095 0.7722730352303523 0.37931910569105687 0.7807418699186992 0.3776253387533875 0.7900575880758807 0.37931910569105687 0.7976795392953929 0.38101287262872624 0.8095359078590786 0.38694105691056907 0.8146172086720866 0.3920223577235772 0.8171578590785908 0.40303184281842813 0.8163109756097561 0.4131944444444444 0.8112296747967479 0.4208163956639566 0.8027608401084011 0.4267445799457994 0.7909044715447154 0.4326727642276422 0.7773543360433605 0.4352134146341463 0.76465108401084 0.4352134146341463 0.7502540650406504 0.43013211382113814 0.7434789972899729 0.422510162601626 0.7409383468834688 0.4123475609756097 0.7426321138211381 0.3996443089430894 0.7468665311653117 0.3903285907859078
1 0.784129403794038 0.5461551490514904 0.7917513550135501 0.5503895663956639 0.8002201897018969 0.5580115176151761 0.8086890243902438 0.5681741192411923 0.8129234417344173 0.5783367208672086 0.8154640921409214 0.5893462059620596 0.8137703252032521 0.5986619241192411 0.8078421409214092 0.6054369918699186 0.7976795392953929 0.6079776422764227 0.7824356368563685 0.6079776422764227 0.770579268292683 0.6054369918699186 0.7638042005420054 0.5995088075880759 0.7570291327913279 0.5944275067750677 0.7485602981029811 0.5834180216802167 0.7434789972899729 0.5698678861788617 0.7392445799457994 0.5571646341463414 0.7392445799457994 0.5478489159891599 0.7443258807588076 0.5410738482384824 0.7553353658536586 0.5376863143631436 0.7680386178861788 0.5393800813008129
1 0.9001524390243902 0.580030487804878 0.9094681571815717 0.5884993224932249 0.9179369918699187 0.5944275067750677 0.9297933604336044 0.6054369918699186 0.9391090785907859 0.6164464769647696 0.9408028455284553 0.6291497289972899 0.9391090785907859 0.6393123306233063 0.9340277777777778 0.6460873983739838 0.9238651761517614 0.6511686991869918 0.9043868563685636 0.6520155826558265 0.8959180216802167 0.6494749322493225 0.8840616531165311 0.6443936314363143 0.8722052845528455 0.6350779132791328 0.8628895663956639 0.6206808943089431 0.8561144986449865 0.6062838753387534 0.8552676151761517 0.593580623306233 0.8611957994579946 0.5808773712737128 0.8671239837398373 0.5741023035230353 0.8764397018970189 0.5732554200542005 0.8882960704607046 0.5749491869918698
1 0.8891429539295392 0.6757283197831978 0.8959180216802167 0.6740345528455284 0.9009993224932249 0.6740345528455284 0.9086212737127372 0.6757283197831978 0.9162432249322493 0.6774220867208671 0.9230182926829269 0.6833502710027101 0.9289464769647696 0.6926659891598915 0.9331808943089431 0.7002879403794038 0.9348746612466124 0.7087567750677507 0.9340277777777778 0.7163787262872628 0.9306402439024389 0.7256944444444444 0.9255589430894309 0.7316226287262872 0.91454945799458 0.7367039295392954 0.9026930894308942 0.7367039295392954 0.8908367208672086 0.7324695121951219 0.8798272357723577 0.7256944444444444 0.8747459349593496 0.7163787262872628 0.8713584010840109 0.7045223577235772 0.8730521680216802 0.6909722222222221 0.8781334688346883 0.6808096205962059
1 0.789210704607046 0.8417174796747967 0.7934451219512194 0.8332486449864498 0.7993733062330624 0.8230860433604336 0.8095359078590786 0.8137703252032521 0.8171578590785908 0.8086890243902438 0.8281673441734417 0.8036077235772356 0.840870596205962 0.8053014905149051 0.8484925474254742 0.8129234417344173 0.8535738482384824 0.8239329268292683 0.8510331978319783 0.8417174796747967 0.849339430894309 0.8484925474254742 0.8442581300813008 0.8578082655826559 0.838329945799458 0.8688177506775067 0.8239329268292683 0.8806741192411923 0.8103827913279132 0.8874491869918698 0.7942920054200542 0.8874491869918698 0.7849762872628726 0.8798272357723577 0.7824356368563685 0.8662771002710027 0.7832825203252032 0.8561144986449865
1 0.9677706552706553 0.44782763532763536 0.9731125356125357 0.44248575498575504 0.9820156695156697 0.4415954415954416 0.9882478632478633 0.4415954415954416 0.9989316239316239 0.44782763532763536 0.9989583333333333 0.4523966578715919 0.9989583333333333 0.4573438874230431 0.9989583333333333 0.46036719437115214 0.9989316239316239 0.4727564102564103 0.9989583333333333 0.5057167985927881 0.9989583333333333 0.519184256816183 0.9989583333333333 0.5238566402814424 0.9989583333333333 0.5263302550571679 0.994480056980057 0.5306267806267806 0.9918091168091169 0.531517094017094 0.9820156695156697 0.5306267806267806 0.9740028490028491 0.5252849002849004 0.9677706552706553 0.5190527065527066 0.962428774928775 0.503917378917379 0.9606481481481483 0.49412393162393164 0.9588675213675214 0.4780982905982906 0.9588675213675214 0.46652421652421655 0.9633190883190884 0.4558404558404559
0 0.9833992963940194 0.46119173262972735 0.9844986807387863 0.4636653474054529 0.9855980650835533 0.4686125769569041 0.9866974494283202 0.47465919085312225 0.9872471416007037 0.4807058047493404 0.9875219876868954 0.48730211081794195 0.9866974494283202 0.48977572559366755 0.985872911169745 0.49389841688654357 0.9847735268249781 0.49747141600703604 0.9828496042216359 0.4988456464379947 0.9814753737906773 0.49829595426561124 0.9801011433597185 0.49664687774846084 0.9795514511873351 0.49389841688654357 0.9787269129287599 0.48977572559366755 0.9787269129287599 0.48647757255936674 0.9784520668425681 0.4829045734388743 0.9779023746701847 0.4793315743183817 0.9776275285839929 0.47410949868073876 0.9768029903254177 0.4697119613016711 0.9768029903254177 0.46311565523306947 0.9776275285839929 0.4592678100263852 0.9790017590149517 0.4573438874230431 0.9809256816182937 0.4565193491644679 0.9828496042216359 0.4565193491644679
1 0.04519581056466307 0.00734289617486344 0.04633424408014577 0.013604280510018267 0.046903460837887115 0.01958105646630242 0.04718806921675779 0.025842440801457246 0.046618852459016445 0.03238843351548275 0.044341985428051046 0.0372267759562842 0.04234972677595634 0.03978825136612027 0.040072859744990946 0.04178051001821499 0.03694216757741353 0.04405737704918038 0.03324225865209477 0.04604963570127509 0.029257741347905333 0.04633424408014577 0.0252732240437159 0.045480418943533746 0.019296448087431743 0.04234972677595634 0.015596539162112984 0.040357468123861616 0.008196721311475462 0.035519125683060156 0.003927595628415352 0.031534608378870725 0.0005122950819672647 0.028688524590163984 0.0005122950819672647 0.0007969034608379388 0.039560564663026265 0.0
1 0.004781420765027374 0.1354166666666667 0.00961976320582883 0.1322859744990893 0.016734972677595678 0.1302937158469946 0.020434881602914443 0.12915528233151188 0.0252732240437159 0.12830145719489985 0.028688524590163984 0.12830145719489985 0.03267304189435342 0.13313979963570133 0.03494990892531881 0.13911657559198548 0.03637295081967218 0.1453779599271403 0.036657559198542855 0.15192395264116582 0.03494990892531881 0.15562386156648456 0.03210382513661207 0.15903916211293265 0.027265482695810618 0.16330828779599274 0.02214253187613848 0.16814663023679424 0.017873406193078374 0.17184653916211298 0.012750455373406244 0.17640027322404378 0.0076275045537341135 0.17981557377049187 0.004212204007286027 0.18095400728597452 0.0016507285974499608 0.18123861566484523 0.0007969034608379388 0.18095400728597452 0.0005122950819672647 0.14139344262295087
1 0.02100409836065579 0.44763205828779606 0.013035063752276917 0.4604394353369764 0.0064890710382514176 0.46812386156648456 0.0005122950819672647 0.47239298724954465 0.0002276867030965909 0.4134790528233152 0.004212204007286027 0.4126252276867032 0.0076275045537341135 0.41290983606557385 0.011896630236794221 0.4149020947176686 0.015027322404371634 0.4163251366120219 0.01901183970856107 0.41860200364298733 0.022427140255009158 0.42514799635701284 0.0241347905282332 0.431978597449909 0.023850182149362527 0.43681693989071047
1 0.9233138780804151 0.9646562905317769 0.9216926070038911 0.951686121919585 0.9212872892347601 0.9439850843060961 0.9212872892347601 0.9375 0.9233138780804151 0.931014915693904 0.9269617380025941 0.9261511024643322 0.934257457846952 0.9233138780804151 0.9435797665369651 0.9241245136186771 0.9484435797665369 0.9273670557717251 0.952496757457847 0.9362840466926071 0.954928664072633 0.9439850843060961 0.956549935149157 0.95371271076524 0.956955252918288 0.965061608300908 0.954928664072633 0.9739785992217899 0.950064850843061 0.978437094682231 0.941958495460441 0.9800583657587549 0.935473411154345 0.9796530479896239 0.932230869001297 0.9776264591439688 0.9289883268482491 0.975194552529183
1 0.9792477302204929 0.9111543450064852 0.9780317769131 0.9026426718547341 0.9776264591439688 0.8937256809338522 0.9812743190661479 0.8848086900129702 0.987759403372244 0.8819714656290533 0.99424448767834 0.8835927367055771 0.9982976653696499 0.8868352788586252 0.9989583333333333 0.931430366407261 0.9982976653696499 0.941958495460441 0.991001945525292 0.934257457846952 0.9861381322957199 0.9257457846952011
1 0.2659665300546448 0.016649590163934427 0.26425887978142076 0.024334016393442622 0.26255122950819676 0.029030054644808744 0.2604166666666667 0.03543374316939891 0.2565744535519126 0.039702868852459015 0.2531591530054645 0.04269125683060109 0.24675546448087432 0.04482581967213115 0.23565573770491804 0.04439890710382514 0.22797131147540986 0.04012978142076503 0.22498292349726776 0.03287226775956284 0.2228483606557377 0.021772540983606557 0.2224214480874317 0.012807377049180328 0.2224214480874317 0.00469603825136612 0.2224214480874317 0.0008538251366120218 0.26895491803278687 0.001280737704918033
1 0.7453893442622951 0.014515027322404372 0.7347165300546448 0.02689549180327869 0.7253244535519127 0.033299180327868855 0.7125170765027323 0.03671448087431694 0.7078210382513661 0.033299180327868855 0.7048326502732241 0.026041666666666668 0.703125 0.017503415300546447 0.702271174863388 0.011953551912568305 0.702271174863388 0.005976775956284153 0.7018442622950819 0.0004269125683060109 0.7509392076502732 0.0
0 0.7866742500842602 0.7837251432423322 0.786463599595551 0.7755097741826761 0.7874115267947421 0.7625547691270643 0.7919405123019885 0.7521275699359623 0.7960481968318166 0.7520222446916076 0.7956268958543984 0.7597109875294911 0.7912032355915065 0.7765630266262218 0.7882541287495787 0.7840411189753961
0 0.5796142208774584 0.9318267776096822 0.587178517397882 0.9300932929904185 0.5920637922339889 0.9277294503277862 0.5971066565809379 0.9218986384266262 0.6004160363086233 0.9192196167423096 0.6051437216338881 0.9159102370146243 0.6076651538073625 0.9137039838628341 0.6098714069591528 0.9092914775592537 0.6108169440242057 0.9066124558749369 0.6097138174483107 0.9055093292990418 0.6064044377206252 0.9053517397881997 0.6012039838628341 0.9069276348966213 0.5985249621785174 0.9085035300050428 0.5939548663640948 0.9110249621785174 0.590330307614725 0.9140191628845183 0.5868633383761976 0.9168557740796772 0.5807173474533535 0.9217410489157841 0.5800869894099848 0.9230017650025214 0.578195915279879 0.9270990922844174 0.5780383257690367 0.9285173978819969
0 0.18299549549549549 0.7919377711044377 0.1869577911244578 0.7933975642308976 0.1919627961294628 0.7941274607941274 0.19540373707040373 0.7941274607941274 0.19926176176176175 0.7935018351685018 0.20259843176509842 0.7929804804804804 0.20603937270603936 0.7922505839172506 0.20948031364698033 0.7918335001668334 0.21323406740073408 0.7906865198531865 0.21354688021354687 0.7892267267267267 0.210523023023023 0.7876626626626627 0.205518018018018 0.7868284951618284 0.20020020020020018 0.7862028695362028 0.19769769769769768 0.7857857857857857 0.19456956956956958 0.7857857857857857 0.19133717050383717 0.7857857857857857 0.18966883550216884 0.7859943276609943 0.1861236236236236 0.787037037037037 0.1844552886219553 0.7882882882882883 0.18330830830830833 0.7888096429763096 0.18289122455789122 0.7901651651651651 0.18289122455789122 0.7908950617283951
