1 0.13146335341365462 0.0 0.13762358757062146 0.008739406779660999 0.14027189265536721 0.017567090395480208 0.14115466101694912 0.02904307909604518 0.14027189265536721 0.038753531073446305 0.1358580508474576 0.04581567796610168 0.12791313559322032 0.05022951977401128 0.11643714689265534 0.0511122881355932 0.1058439265536723 0.04934675141242936 0.097899011299435 0.04493290960451976 0.09525070621468924 0.036987994350282466 0.09171963276836156 0.03080861581920902 0.08995409604519772 0.019332627118644048 0.0900476907630522 0.0 0.09726405622489959 0.0 0.11044176706827309 0.0
1 0.19077797202797203 0.035620629370629354 0.19660547785547786 0.03270687645687644 0.2024329836829837 0.030521561771561758 0.2082604895104895 0.02979312354312353 0.21700174825174826 0.02833624708624707 0.22428613053613053 0.02833624708624707 0.23157051282051283 0.031249999999999986 0.23666958041958042 0.0392628205128205 0.23666958041958042 0.047275641025641 0.23302738927738928 0.05528846153846152 0.22719988344988346 0.06330128205128203 0.22282925407925408 0.0698572261072261 0.21627331002331002 0.07204254079254079 0.20898892773892774 0.0749562937062937 0.1973339160839161 0.07714160839160839 0.1878642191142191 0.07714160839160839 0.18203671328671328 0.07422785547785547 0.17985139860139862 0.06694347319347319 0.17985139860139862 0.058930652680652666 0.17985139860139862 0.04946095571095569 0.18422202797202797 0.04217657342657341
1 0.20898892773892774 0.10482226107226107 0.21773018648018647 0.10336538461538461 0.22647144522144522 0.10263694638694637 0.23521270396270397 0.10700757575757575 0.24541083916083917 0.11064976689976688 0.251238344988345 0.12011946386946386 0.24978146853146851 0.12886072261072262 0.24322552447552448 0.1368735431235431 0.2359411421911422 0.14051573426573424 0.22719988344988346 0.1441579254079254 0.21263111888111888 0.1463432400932401 0.20316142191142192 0.1463432400932401 0.19369172494172496 0.14488636363636365 0.1878642191142191 0.14270104895104893 0.1827651515151515 0.13541666666666666 0.18130827505827504 0.12449009324009323 0.1849504662004662 0.1157488344988345 0.19223484848484848 0.11064976689976688 0.19951923076923078 0.10846445221445221
1 0.2978583916083916 0.061115967365967354 0.30878496503496505 0.05747377622377621 0.3146124708624709 0.05528846153846152 0.3189831002331002 0.05528846153846152 0.3255390442890443 0.05528846153846152 0.3306381118881119 0.05528846153846152 0.3415646853146853 0.05747377622377621 0.3488490675990676 0.061115967365967354 0.35831876456876455 0.06548659673659672 0.35831876456876455 0.06548659673659672 0.3656031468531468 0.07204254079254079 0.3714306526806527 0.07714160839160839 0.37507284382284384 0.08588286713286712 0.3736159673659674 0.09753787878787877 0.3685168997668998 0.10627913752913752 0.3626893939393939 0.10846445221445221 0.3539481351981352 0.11137820512820512 0.3452068764568764 0.11356351981351981 0.33428030303030304 0.11356351981351981 0.3240821678321678 0.11137820512820512 0.30951340326340326 0.10627913752913752 0.3073280885780886 0.10409382284382283 0.3007721445221445 0.10118006993006994 0.2949446386946387 0.09753787878787877 0.29057400932400934 0.09316724941724942 0.28620337995337997 0.08806818181818181 0.28328962703962707 0.0800553613053613 0.2840180652680653 0.07204254079254079 0.28984557109557113 0.06402972027972026
1 0.02615093240093239 0.2388548951048951 0.03489219114219112 0.23958333333333334 0.04071969696969695 0.24249708624708624 0.048732517482517466 0.251238344988345 0.05456002331002329 0.2599796037296037 0.058202214452214435 0.27163461538461536 0.06184440559440558 0.2876602564102564 0.06038752913752912 0.302229020979021 0.05747377622377621 0.30878496503496505 0.05237470862470861 0.3131555944055944 0.04509032634032632 0.3138840326340326 0.03343531468531467 0.31169871794871795 0.02615093240093239 0.3051427738927739 0.02032342657342656 0.2978583916083916 0.0137674825174825 0.2876602564102564 0.010853729603729588 0.27309149184149184 0.010853729603729588 0.2628933566433566 0.0137674825174825 0.25050990675990675
1 0.2104458041958042 0.25560897435897434 0.21335955710955712 0.25269522144522144 0.21773018648018647 0.2483245920745921 0.22210081585081587 0.24249708624708624 0.22719988344988346 0.2381264568764569 0.2359411421911422 0.2308420745920746 0.24104020979020976 0.2286567599067599 0.24686771561771562 0.22501456876456874 0.25269522144522144 0.22355769230769232 0.2599796037296037 0.225743006993007 0.2628933566433566 0.23229895104895107 0.2643502331002331 0.2381264568764569 0.2643502331002331 0.24468240093240096 0.2614364801864802 0.25342365967365965 0.2570658508158508 0.2628933566433566 0.25488053613053613 0.2679924242424242 0.25050990675990675 0.27454836829836826 0.24613927738927738 0.2796474358974359 0.2381264568764569 0.2854749417249417 0.22938519813519814 0.28911713286713286 0.22210081585081587 0.292759324009324 0.21700174825174826 0.29348776223776224 0.21263111888111888 0.29203088578088576 0.2082604895104895 0.28911713286713286 0.20461829836829837 0.2847465034965035 0.20316142191142192 0.2760052447552448 0.20534673659673658 0.26872086247086246
1 0.06840034965034963 0.37507284382284384 0.07277097902097901 0.3823572261072261 0.07714160839160839 0.3910984848484848 0.0800553613053613 0.4027534965034965 0.0800553613053613 0.4122231934731935 0.0800553613053613 0.4180506993006993 0.07641317016317015 0.4260635198135198 0.07131410256410256 0.43116258741258745 0.06184440559440558 0.43261946386946387 0.053831585081585066 0.43407634032634035 0.042905011655011635 0.4304341491841492 0.03707750582750581 0.4238782051282051 0.035620629370629354 0.4122231934731935 0.035620629370629354 0.39838286713286714 0.03853438228438227 0.38381410256410253 0.042905011655011635 0.37580128205128205 0.047275641025641 0.3721590909090909 0.05310314685314684 0.37070221445221446 0.06038752913752912 0.3714306526806527
1 0.1266754079254079 0.5076486013986014 0.12886072261072262 0.5003642191142191 0.13250291375291376 0.4923513986013986 0.13760198135198135 0.4850670163170163 0.14197261072261072 0.4828817016317017 0.14998543123543123 0.4836101398601399 0.15726981351981353 0.4836101398601399 0.16236888111888112 0.487252331002331 0.16746794871794873 0.49380827505827507 0.17038170163170163 0.5010926573426573 0.17111013986013987 0.5120192307692307 0.17038170163170163 0.5236742424242424 0.16673951048951047 0.5331439393939393 0.1638257575757576 0.5411567599067599 0.15799825174825174 0.5469842657342656 0.149256993006993 0.5477127039627039 0.13978729603729603 0.5469842657342656 0.13104603729603728 0.5455273892773892 0.12740384615384615 0.5418851981351981 0.12521853146853146 0.5346008158508158 0.12449009324009323 0.5251311188811189
1 0.050917832167832154 0.5142045454545454 0.05528846153846152 0.5171182983682984 0.06184440559440558 0.522217365967366 0.06840034965034963 0.5295017482517482 0.07058566433566434 0.538243006993007 0.07131410256410256 0.5484411421911422 0.06694347319347319 0.5564539627039626 0.06330128205128203 0.5586392773892773 0.05674533799533798 0.5622814685314684 0.053831585081585066 0.563738344988345 0.0443618881118881 0.5644667832167832 0.0392628205128205 0.5630099067599067 0.03489219114219112 0.5615530303030302 0.027607808857808842 0.5549970862470862 0.023965617715617702 0.5469842657342656 0.02032342657342656 0.5411567599067599 0.019594988344988334 0.5324155011655012 0.021780303030303018 0.5229458041958043 0.023965617715617702 0.5171182983682984 0.03270687645687644 0.5120192307692307 0.03853438228438227 0.5112907925407926
1 0.20097610722610723 0.35467657342657344 0.2111742424242424 0.35540501165501165 0.2206439393939394 0.35904720279720276 0.22719988344988346 0.3656031468531468 0.23229895104895107 0.37288752913752915 0.23739801864801863 0.38381410256410253 0.24104020979020976 0.39838286713286714 0.24031177156177155 0.4071241258741259 0.23666958041958042 0.41295163170163174 0.23157051282051283 0.41732226107226106 0.22647144522144522 0.4195075757575758 0.21408799533799533 0.41659382284382285 0.20680361305361306 0.4122231934731935 0.200247668997669 0.4049388111888112 0.19369172494172496 0.39401223776223776 0.1900495337995338 0.3794434731934732 0.1900495337995338 0.3648747086247086 0.19442016317016317 0.35904720279720276
1 0.31971153846153844 0.32918123543123545 0.3233537296037296 0.3218968531468532 0.3269959207459207 0.3153409090909091 0.32990967365967366 0.31097027972027974 0.33428030303030304 0.3051427738927739 0.3430215617715618 0.3029574592074592 0.3481206293706294 0.3044143356643357 0.3524912587412587 0.30878496503496505 0.3612325174825175 0.31971153846153844 0.3626893939393939 0.32845279720279724 0.3605040792540793 0.3408362470862471 0.3517628205128205 0.35904720279720276 0.3517628205128205 0.35831876456876455 0.3444784382284382 0.3619609557109557 0.3357371794871795 0.3626893939393939 0.3269959207459207 0.3597756410256411 0.32043997668997665 0.35759032634032634 0.31679778554778554 0.3524912587412587 0.3160693473193473 0.3444784382284382
1 0.3743444055944056 0.3816287878787879 0.3816287878787879 0.3816287878787879 0.3867278554778555 0.38381410256410253 0.3918269230769231 0.3845425407925408 0.4005681818181818 0.3910984848484848 0.4027534965034965 0.3991113053613054 0.40421037296037293 0.4071241258741259 0.40421037296037293 0.41659382284382285 0.3991113053613054 0.4231497668997669 0.3889131701631702 0.4260635198135198 0.3816287878787879 0.4253350815850816 0.3743444055944056 0.4238782051282051 0.3663315850815851 0.4195075757575758 0.3634178321678322 0.41295163170163174 0.3612325174825175 0.40566724941724946 0.35904720279720276 0.39546911421911424 0.3597756410256411 0.3874562937062937 0.3656031468531468 0.38381410256410253
1 0.2975335249042146 0.5286159003831418 0.3035201149425288 0.5334051724137931 0.3089080459770115 0.5399904214559387 0.31489463601532564 0.5483716475095785 0.31788793103448276 0.5615421455938698 0.31788793103448276 0.5729166666666666 0.3160919540229885 0.580699233716475 0.3113026819923371 0.5872844827586207 0.30531609195402304 0.5896791187739463 0.29813218390804597 0.592073754789272 0.2927442528735632 0.5908764367816093 0.2873563218390805 0.5878831417624522 0.2819683908045977 0.584889846743295 0.27837643678160917 0.5801005747126436 0.2741858237547892 0.5723180076628352 0.27238984674329497 0.5651340996168582 0.27238984674329497 0.5543582375478927 0.2711925287356322 0.5465756704980843 0.27358716475095785 0.5399904214559387 0.276580459770115 0.5334051724137931 0.2801724137931034 0.5292145593869731 0.286757662835249 0.5280172413793103
1 0.04968869731800766 0.6285919540229885 0.055675287356321844 0.6303879310344828 0.0676484674329502 0.6327825670498084 0.07004310344827586 0.6381704980842912 0.07303639846743296 0.643558429118774 0.07363505747126436 0.6525383141762452 0.07363505747126436 0.6597222222222222 0.0712404214559387 0.6675047892720306 0.0676484674329502 0.676484674329502 0.06345785440613026 0.6830699233716475 0.05627394636015326 0.686661877394636 0.0508860153256705 0.6896551724137931 0.044899425287356326 0.6902538314176245 0.03771551724137931 0.6914511494252873 0.0305316091954023 0.6908524904214559 0.026939655172413795 0.6872605363984674 0.02454501915708812 0.6818726053639848 0.02215038314176245 0.6704980842911877 0.02334770114942529 0.6615181992337165 0.025742337164750956 0.6495450191570882 0.02873563218390805 0.6399664750957855 0.03591954022988506 0.6339798850574713 0.04011015325670498 0.6315852490421456
1 0.1694204980842912 0.646551724137931 0.17480842911877395 0.643558429118774 0.1795977011494253 0.642361111111111 0.18797892720306514 0.6405651340996169 0.1969588122605364 0.6441570881226054 0.20294540229885055 0.6501436781609196 0.20414272030651343 0.6561302681992338 0.203544061302682 0.6645114942528736 0.19935344827586207 0.6722940613026821 0.19576149425287356 0.6776819923371648 0.19216954022988506 0.6836685823754789 0.18618295019157088 0.6908524904214559 0.17899904214559387 0.69683908045977 0.17061781609195403 0.6992337164750958 0.16343390804597702 0.6998323754789272 0.15565134099616856 0.6986350574712644 0.1460727969348659 0.6932471264367817 0.14367816091954025 0.6824712643678161 0.14487547892720307 0.675287356321839 0.15146072796934865 0.665110153256705 0.15744731800766282 0.6597222222222222 0.16283524904214558 0.6513409961685823
1 0.07602969348659004 0.726772030651341 0.07962164750957855 0.7207854406130267 0.08321360153256706 0.7165948275862069 0.08740421455938698 0.7112068965517242 0.08979885057471265 0.70941091954023 0.09638409961685825 0.7064176245210728 0.10296934865900383 0.7034243295019157 0.10955459770114942 0.7040229885057471 0.11254789272030652 0.7058189655172414 0.11973180076628352 0.7130028735632183 0.12092911877394635 0.719588122605364 0.11973180076628352 0.7285680076628352 0.12092911877394635 0.7225814176245211 0.11913314176245211 0.738146551724138 0.11613984674329501 0.7441331417624522 0.11254789272030652 0.7525143678160919 0.10835727969348659 0.7590996168582376 0.101772030651341 0.7650862068965517 0.09458812260536398 0.7698754789272031 0.0850095785440613 0.7758620689655172 0.07722701149425287 0.7758620689655172 0.07064176245210728 0.7728687739463601 0.06645114942528736 0.7680795019157088 0.06525383141762452 0.7573036398467433 0.06704980842911877 0.7447318007662835 0.07183908045977012 0.7333572796934865
1 0.15086206896551724 0.802801724137931 0.15565134099616856 0.8045977011494253 0.16044061302681992 0.8051963601532567 0.16822318007662837 0.8069923371647509 0.1736111111111111 0.8111829501915708 0.17899904214559387 0.8147749042145593 0.18498563218390804 0.8195641762452107 0.1873802681992337 0.8225574712643678 0.18797892720306514 0.8297413793103449 0.18678160919540232 0.8333333333333334 0.18438697318007663 0.8387212643678161 0.18139367816091953 0.8411159003831418 0.1772030651340996 0.8435105363984674 0.1730124521072797 0.8447078544061303 0.16463122605363983 0.8482998084291188 0.15864463601532566 0.8482998084291188 0.14727011494252873 0.8482998084291188 0.14068486590038315 0.8471024904214559 0.13409961685823754 0.8435105363984674 0.12931034482758622 0.8381226053639848 0.12332375478927203 0.8303400383141762 0.1221264367816092 0.8207614942528736 0.1251197318007663 0.8135775862068966 0.13050766283524903 0.8087883141762452 0.13769157088122605 0.8045977011494253
1 0.2274904214559387 0.7531130268199233 0.23168103448275862 0.7477250957854407 0.2340756704980843 0.7435344827586207 0.2418582375478927 0.738146551724138 0.250838122605364 0.736949233716475 0.258022030651341 0.7363505747126436 0.26221264367816094 0.7375478927203065 0.26640325670498083 0.7399425287356322 0.26760057471264365 0.7405411877394636 0.27238984674329497 0.7429358237547893 0.2747844827586207 0.7471264367816093 0.2753831417624521 0.7537116858237548 0.2753831417624521 0.759698275862069 0.2753831417624521 0.7656848659003831 0.27598180076628354 0.7698754789272031 0.2747844827586207 0.7758620689655172 0.2717911877394636 0.7836446360153257 0.2681992337164751 0.7890325670498084 0.26340996168582376 0.7938218390804598 0.25862068965517243 0.7980124521072797 0.25203544061302685 0.8016044061302682 0.24305555555555555 0.8034003831417624 0.23347701149425287 0.8034003831417624 0.2244971264367816 0.8010057471264368 0.2209051724137931 0.7956178160919539 0.21910919540229884 0.788433908045977 0.21791187739463602 0.7752634099616859 0.21910919540229884 0.7656848659003831 0.22270114942528738 0.7585009578544061
1 0.27957375478927204 0.6459530651340996 0.2855603448275862 0.6525383141762452 0.2915469348659004 0.6633141762452107 0.29334291187739464 0.6710967432950191 0.29334291187739464 0.6818726053639848 0.2903496168582375 0.6878591954022988 0.2855603448275862 0.6926484674329502 0.27717911877394635 0.6956417624521073 0.26760057471264365 0.6974377394636015 0.26221264367816094 0.693845785440613 0.258022030651341 0.6884578544061303 0.25383141762452105 0.6824712643678161 0.250838122605364 0.675287356321839 0.24904214559386972 0.6657088122605365 0.24964080459770116 0.6555316091954022 0.25203544061302685 0.6477490421455939 0.25622605363984674 0.643558429118774 0.26221264367816094 0.642361111111111 0.26999521072796934 0.6429597701149425
1 0.33524904214559387 0.7112068965517242 0.3400383141762452 0.7106082375478927 0.3472222222222222 0.70941091954023 0.35141283524904215 0.7112068965517242 0.3585967432950191 0.7142001915708812 0.36518199233716475 0.7177921455938698 0.37176724137931033 0.7249760536398467 0.37296455938697315 0.7321599616858238 0.37176724137931033 0.7393438697318008 0.36398467432950193 0.7495210727969348 0.35739942528735635 0.7513170498084292 0.3472222222222222 0.7507183908045978 0.3388409961685824 0.7471264367816093 0.3298611111111111 0.7399425287356322 0.32447318007662834 0.7333572796934865 0.3226772030651341 0.7231800766283525 0.32567049808429116 0.7177921455938698
1 0.33045977011494254 0.8022030651340996 0.33644636015325674 0.8004070881226054 0.34063697318007663 0.7980124521072797 0.34662356321839083 0.7962164750957855 0.3544061302681992 0.7950191570881225 0.359794061302682 0.7950191570881225 0.3681752873563218 0.7980124521072797 0.3747605363984674 0.8004070881226054 0.3795498084291188 0.8093869731800767 0.37895114942528735 0.8177681992337165 0.3753591954022989 0.8249521072796935 0.36697796934865906 0.8309386973180076 0.359794061302682 0.835727969348659 0.35261015325670503 0.8381226053639848 0.3508141762452108 0.8381226053639848 0.34422892720306514 0.8399185823754789 0.33285440613026823 0.842911877394636 0.3220785440613027 0.842911877394636 0.31489463601532564 0.8423132183908046 0.3089080459770115 0.8375239463601533 0.30531609195402304 0.8279454022988505 0.30711206896551724 0.8189655172413793 0.3136973180076629 0.8099856321839081 0.3220785440613027 0.8051963601532567
1 0.37236590038314177 0.6291906130268199 0.3771551724137931 0.6303879310344828 0.385536398467433 0.6339798850574713 0.39511494252873564 0.6417624521072797 0.40229885057471265 0.6519396551724138 0.4052921455938697 0.6627155172413793 0.40229885057471265 0.6722940613026821 0.39750957854406127 0.6758860153256705 0.3897270114942529 0.6782806513409961 0.3819444444444445 0.6806752873563219 0.37356321839080464 0.6788793103448276 0.3645833333333333 0.6758860153256705 0.3568007662835249 0.6710967432950191 0.3496168582375479 0.665110153256705 0.34782088122605365 0.6621168582375478 0.3460249042145594 0.6531369731800767 0.34662356321839083 0.6441570881226054 0.3502155172413793 0.6345785440613027 0.3568007662835249 0.6303879310344828 0.3657806513409962 0.6291906130268199
1 0.5214319923371648 0.5974616858237548 0.526221264367816 0.5950670498084292 0.5328065134099617 0.5938697318007662 0.5387931034482759 0.5932710727969348 0.5483716475095785 0.5962643678160919 0.55316091954023 0.603448275862069 0.5567528735632183 0.6100335249042145 0.5615421455938698 0.6184147509578544 0.5639367816091954 0.6255986590038314 0.5651340996168582 0.6333812260536399 0.5651340996168582 0.6417624521072797 0.563338122605364 0.6477490421455939 0.5591475095785441 0.6507423371647509 0.5549568965517242 0.6525383141762452 0.5483716475095785 0.6537356321839081 0.537595785440613 0.6531369731800767 0.5328065134099617 0.6489463601532567 0.5286159003831418 0.6417624521072797 0.5244252873563219 0.6345785440613027 0.5208333333333334 0.6244013409961686 0.5196360153256705 0.617816091954023 0.5184386973180077 0.6052442528735632
1 0.48910440613026823 0.5040708812260537 0.4861111111111111 0.4992816091954023 0.4843151340996169 0.4932950191570881 0.48192049808429116 0.48670977011494254 0.48012452107279696 0.4795258620689655 0.4813218390804598 0.47174329501915707 0.48551245210727967 0.46695402298850575 0.49269636015325674 0.4627634099616858 0.4986829501915709 0.46036877394636017 0.505866858237548 0.4621647509578544 0.5130507662835249 0.4675526819923371 0.5214319923371648 0.4723419540229885 0.5280172413793103 0.4789272030651341 0.5346024904214559 0.4885057471264368 0.5381944444444444 0.4986829501915709 0.5393917624521073 0.5052681992337165 0.5387931034482759 0.5130507662835249 0.5357998084291188 0.5178400383141762 0.5298132183908046 0.5214319923371648 0.5238266283524904 0.5220306513409961 0.5142480842911877 0.5220306513409961 0.5052681992337165 0.5196360153256705 0.4992816091954023 0.5166427203065134 0.494492337164751 0.5124521072796935
1 0.5986590038314177 0.5130507662835249 0.603448275862069 0.5070641762452107 0.6094348659003831 0.5028735632183908 0.6136254789272031 0.5022749042145594 0.6226053639846743 0.501676245210728 0.6291906130268199 0.5046695402298851 0.6357758620689655 0.5112547892720306 0.6393678160919539 0.520234674329502 0.6393678160919539 0.5310105363984674 0.636374521072797 0.5393917624521073 0.6333812260536399 0.5471743295019157 0.6279932950191571 0.5513649425287356 0.6196120689655172 0.55316091954023 0.6124281609195402 0.5525622605363985 0.6070402298850576 0.5489703065134101 0.6016522988505747 0.5459770114942529 0.5974616858237548 0.5411877394636015 0.5944683908045978 0.5340038314176245 0.5956657088122606 0.5214319923371648
1 0.6184147509578544 0.5974616858237548 0.6238026819923372 0.5956657088122606 0.6297892720306513 0.5968630268199233 0.6369731800766284 0.5974616858237548 0.6441570881226054 0.5998563218390804 0.6525383141762452 0.6046455938697318 0.6603208812260537 0.6094348659003831 0.6669061302681992 0.6166187739463601 0.6716954022988505 0.6261973180076628 0.6716954022988505 0.6357758620689655 0.6687021072796935 0.6399664750957855 0.6669061302681992 0.6429597701149425 0.6603208812260537 0.6459530651340996 0.6483477011494253 0.6459530651340996 0.6327825670498084 0.643558429118774 0.6220067049808429 0.6393678160919539 0.6130268199233716 0.6315852490421456 0.606441570881226 0.625 0.603448275862069 0.6172174329501916 0.603448275862069 0.6082375478927203 0.6070402298850576 0.6028496168582376
1 0.6788793103448276 0.5507662835249042 0.6878591954022988 0.5507662835249042 0.6956417624521073 0.5525622605363985 0.7028256704980843 0.5567528735632183 0.7100095785440613 0.5621408045977012 0.7159961685823755 0.5657327586206897 0.7219827586206897 0.573515325670498 0.7261733716475096 0.5854885057471264 0.7237787356321839 0.5956657088122606 0.719588122605364 0.5998563218390804 0.7130028735632183 0.6016522988505747 0.7100095785440613 0.6022509578544061 0.7040229885057471 0.6028496168582376 0.6986350574712644 0.6016522988505747 0.6932471264367817 0.5998563218390804 0.6878591954022988 0.5962643678160919 0.6788793103448276 0.5902777777777778 0.6740900383141762 0.581896551724138 0.6704980842911877 0.574712643678161 0.6698994252873564 0.5651340996168582 0.6710967432950191 0.5579501915708812
1 0.8081896551724138 0.5597461685823755 0.8135775862068966 0.5585488505747127 0.8195641762452107 0.5567528735632183 0.8249521072796935 0.5555555555555556 0.8303400383141762 0.5555555555555556 0.8387212643678161 0.556154214559387 0.8435105363984674 0.556154214559387 0.8512931034482759 0.5579501915708812 0.8644636015325671 0.5681273946360154 0.8674568965517242 0.5783045977011495 0.8632662835249042 0.5866858237547893 0.8602729885057471 0.5914750957854407 0.8536877394636015 0.5980603448275862 0.8453065134099618 0.6016522988505747 0.8369252873563219 0.6046455938697318 0.8285440613026821 0.6052442528735632 0.8201628352490421 0.6040469348659004 0.8105842911877394 0.6010536398467433 0.802801724137931 0.5968630268199233 0.7974137931034483 0.5914750957854407 0.7938218390804598 0.5854885057471264 0.7932231800766284 0.5765086206896551 0.7974137931034483 0.5681273946360154 0.8004070881226054 0.563338122605364
1 0.7758620689655172 0.44600095785440613 0.7824473180076628 0.443007662835249 0.7902298850574713 0.4418103448275862 0.8004070881226054 0.4412116858237548 0.8117816091954022 0.4442049808429119 0.8231561302681992 0.45079022988505746 0.8273467432950191 0.45677681992337166 0.8267480842911877 0.4651580459770115 0.8237547892720306 0.47294061302681994 0.8237547892720306 0.47294061302681994 0.8195641762452107 0.4789272030651341 0.8147749042145593 0.4843151340996169 0.8087883141762452 0.4885057471264368 0.802801724137931 0.4909003831417625 0.7962164750957855 0.49209770114942525 0.7908285440613027 0.494492337164751 0.7842432950191571 0.494492337164751 0.7770593869731801 0.4932950191570881 0.7692768199233716 0.49149904214559387 0.762691570881226 0.48790708812260536 0.7573036398467433 0.48192049808429116 0.7543103448275862 0.47653256704980845 0.7537116858237548 0.46575670498084293 0.7549090038314177 0.4597701149425288 0.762691570881226 0.4537835249042146 0.7686781609195402 0.4501915708812261
1 0.6788793103448276 0.4537835249042146 0.6848659003831418 0.45557950191570884 0.6914511494252873 0.4591714559386973 0.6980363984674329 0.46336206896551724 0.7046216475095785 0.46635536398467436 0.7088122605363985 0.47294061302681994 0.7142001915708812 0.4789272030651341 0.7183908045977012 0.48551245210727967 0.719588122605364 0.4932950191570881 0.7177921455938698 0.4998802681992337 0.712404214559387 0.5040708812260537 0.7046216475095785 0.505866858237548 0.6956417624521073 0.505866858237548 0.6902538314176245 0.5040708812260537 0.6824712643678161 0.501676245210728 0.6746886973180076 0.4962883141762452 0.669300766283525 0.490301724137931 0.665110153256705 0.48311781609195403 0.6603208812260537 0.4723419540229885 0.6591235632183908 0.46455938697318006 0.6615181992337165 0.4585727969348659 0.6657088122605365 0.4549808429118774
1 0.8465038314176245 0.43582375478927204 0.8542863984674329 0.4352250957854406 0.8614703065134101 0.4370210727969349 0.868654214559387 0.4418103448275862 0.8746408045977012 0.44600095785440613 0.8812260536398467 0.4531848659003831 0.8848180076628352 0.46036877394636017 0.887212643678161 0.4699473180076629 0.886015325670498 0.47713122605363983 0.8824233716475096 0.48311781609195403 0.8752394636015326 0.4873084291187739 0.8668582375478927 0.48910440613026823 0.8590756704980843 0.4885057471264368 0.8506944444444444 0.4837164750957854 0.8471024904214559 0.4813218390804598 0.8423132183908046 0.47653256704980845 0.8345306513409961 0.4681513409961686 0.8309386973180076 0.45737547892720304 0.8309386973180076 0.447198275862069 0.8351293103448276 0.43941570881226055 0.8411159003831418 0.4364224137931034
1 0.574712643678161 0.3939176245210728 0.5783045977011495 0.38613505747126436 0.5842911877394636 0.381345785440613 0.5908764367816093 0.3795498084291188 0.5980603448275862 0.37895114942528735 0.606441570881226 0.3795498084291188 0.6154214559386973 0.3843390804597701 0.6202107279693487 0.3915229885057471 0.625 0.3993055555555555 0.6285919540229885 0.4106800766283525 0.6261973180076628 0.4220545977011494 0.6226053639846743 0.4310344827586207 0.6172174329501916 0.4388170498084291 0.6112308429118775 0.443007662835249 0.6040469348659004 0.4436063218390805 0.5914750957854407 0.4418103448275862 0.5872844827586207 0.4382183908045977 0.5824952107279694 0.43462643678160917 0.5783045977011495 0.42863984674329497 0.5753113026819924 0.41965996168582376 0.5741139846743295 0.4112787356321839
1 0.42025862068965514 0.21252394636015326 0.4268438697318008 0.2137212643678161 0.43462643678160917 0.21671455938697318 0.443007662835249 0.2209051724137931 0.45198754789272033 0.2268917624521073 0.4585727969348659 0.2310823754789272 0.4651580459770115 0.2406609195402299 0.47054597701149425 0.25323275862068967 0.47294061302681994 0.26580459770114945 0.4711446360153257 0.27358716475095785 0.46635536398467436 0.27717911877394635 0.4579741379310345 0.2825670498084291 0.4513888888888889 0.2825670498084291 0.4418103448275862 0.2801724137931034 0.43462643678160917 0.276580459770115 0.4268438697318008 0.2717911877394636 0.41965996168582376 0.2646072796934866 0.41427203065134105 0.25921934865900387 0.40888409961685823 0.250838122605364 0.4040948275862069 0.2406609195402299 0.40229885057471265 0.2274904214559387 0.4040948275862069 0.21910919540229884 0.40828544061302685 0.21491858237547892
1 0.4310344827586207 0.1149425287356322 0.4352250957854406 0.11314655172413793 0.4412116858237548 0.11135057471264369 0.44959291187739464 0.10895593869731801 0.45737547892720304 0.10835727969348659 0.46635536398467436 0.11015325670498084 0.47413793103448276 0.11374521072796935 0.48012452107279696 0.11913314176245211 0.48192049808429116 0.12691570881226052 0.4795258620689655 0.1352969348659004 0.4747365900383142 0.1424808429118774 0.4693486590038314 0.14667145593869732 0.46156609195402304 0.15146072796934865 0.4525862068965517 0.1532567049808429 0.4436063218390805 0.15505268199233718 0.432830459770115 0.15565134099616856 0.421455938697318 0.15505268199233718 0.41487068965517243 0.15146072796934865 0.4118773946360153 0.14427681992337163 0.4112787356321839 0.1352969348659004 0.41606800766283525 0.12691570881226052 0.421455938697318 0.12092911877394635
1 0.5028735632183908 0.039511494252873564 0.5076628352490421 0.03891283524904214 0.5166427203065134 0.038314176245210725 0.5250239463601533 0.03711685823754789 0.5340038314176245 0.03771551724137931 0.5447796934865899 0.04250478927203065 0.5501676245210728 0.04669540229885058 0.5513649425287356 0.055675287356321844 0.5495689655172414 0.06465517241379311 0.5453783524904215 0.07004310344827586 0.5393917624521073 0.07483237547892721 0.530411877394636 0.07722701149425287 0.5184386973180077 0.07782567049808428 0.5064655172413793 0.07782567049808428 0.49688697318007663 0.07602969348659004 0.4909003831417625 0.07004310344827586 0.48670977011494254 0.056872605363984675 0.4873084291187739 0.047892720306513405 0.49149904214559387 0.04310344827586207
1 0.5663314176245211 0.08022030651340996 0.5723180076628352 0.07543103448275862 0.5777059386973179 0.07303639846743296 0.5860871647509579 0.07183908045977012 0.5962643678160919 0.07543103448275862 0.6016522988505747 0.07902298850574713 0.6088362068965517 0.08920019157088123 0.6130268199233716 0.09758141762452108 0.6154214559386973 0.11075191570881225 0.6136254789272031 0.12033045977011494 0.6094348659003831 0.1251197318007663 0.6004549808429118 0.12631704980842912 0.5890804597701149 0.1257183908045977 0.5795019157088123 0.12152777777777778 0.5741139846743295 0.1149425287356322 0.5699233716475096 0.10656130268199233 0.5657327586206897 0.09937739463601532 0.5639367816091954 0.09039750957854406
1 0.5184386973180077 0.16103927203065135 0.5214319923371648 0.16044061302681992 0.5250239463601533 0.15984195402298848 0.5298132183908046 0.15984195402298848 0.5363984674329502 0.16223659003831417 0.5435823754789272 0.16522988505747127 0.5513649425287356 0.16822318007662837 0.5579501915708812 0.1730124521072797 0.5657327586206897 0.18079501915708812 0.5687260536398467 0.18678160919540232 0.5687260536398467 0.1969588122605364 0.5645354406130267 0.20474137931034483 0.5579501915708812 0.20893199233716475 0.5501676245210728 0.21192528735632182 0.5441810344827586 0.21252394636015326 0.5352011494252873 0.21132662835249044 0.5280172413793103 0.2095306513409962 0.520234674329502 0.20593869731800765 0.5130507662835249 0.20114942528735633 0.5076628352490421 0.1927681992337165 0.5046695402298851 0.18139367816091953 0.505866858237548 0.1700191570881226 0.5100574712643678 0.16403256704980845
1 0.6267959770114943 0.1772030651340996 0.632183908045977 0.17600574712643677 0.6387691570881225 0.1754070881226054 0.6471503831417624 0.1754070881226054 0.6555316091954022 0.17840038314176246 0.6657088122605365 0.18438697318007663 0.6728927203065135 0.19097222222222224 0.6758860153256705 0.19755747126436782 0.676484674329502 0.20474137931034483 0.6746886973180076 0.2137212643678161 0.6716954022988505 0.21970785440613028 0.6663074712643678 0.22210249042145594 0.6573275862068966 0.2215038314176245 0.6459530651340996 0.22030651340996169 0.635177203065134 0.21731321839080459 0.6255986590038314 0.210727969348659 0.6190134099616859 0.203544061302682 0.6190134099616859 0.1939655172413793 0.6220067049808429 0.18139367816091953
1 0.6962404214559387 0.15744731800766282 0.6992337164750958 0.15086206896551724 0.7058189655172414 0.14667145593869732 0.7136015325670498 0.1454741379310345 0.7201867816091954 0.14727011494252873 0.7255747126436781 0.15146072796934865 0.7303639846743295 0.16044061302681992 0.7303639846743295 0.1736111111111111 0.7279693486590039 0.18378831417624522 0.7225814176245211 0.19157088122605362 0.7118055555555556 0.19456417624521072 0.7010296934865899 0.19456417624521072 0.6962404214559387 0.1903735632183908 0.6932471264367817 0.18079501915708812 0.693845785440613 0.1694204980842912
1 0.7357519157088123 0.07962164750957855 0.7435344827586207 0.08022030651340996 0.7531130268199233 0.08381226053639847 0.7602969348659004 0.09279214559386974 0.7650862068965517 0.10356800766283526 0.7674808429118775 0.11613984674329501 0.7650862068965517 0.1257183908045977 0.7590996168582376 0.13110632183908047 0.7525143678160919 0.13469827586206898 0.7399425287356322 0.13409961685823754 0.729765325670498 0.12811302681992337 0.7201867816091954 0.12033045977011494 0.7177921455938698 0.11374521072796935 0.7159961685823755 0.10237068965517242 0.7171934865900382 0.09099616858237548 0.7219827586206897 0.08441091954022988 0.7285680076628352 0.08081896551724138
1 0.6303879310344828 0.26101532567049807 0.6357758620689655 0.25862068965517243 0.643558429118774 0.2556273946360153 0.6513409961685823 0.25383141762452105 0.6585249042145593 0.25263409961685823 0.6687021072796935 0.25203544061302685 0.676484674329502 0.2544300766283525 0.6836685823754789 0.2568247126436782 0.6860632183908046 0.25981800766283525 0.6878591954022988 0.26700191570881227 0.6878591954022988 0.2747844827586207 0.6842672413793103 0.28376436781609193 0.6776819923371648 0.28855363984674326 0.6698994252873564 0.2915469348659004 0.6573275862068966 0.2951388888888889 0.6453544061302682 0.29454022988505746 0.6345785440613027 0.29454022988505746 0.6261973180076628 0.2915469348659004 0.6214080459770115 0.2855603448275862 0.6202107279693487 0.2777777777777778 0.6208093869731801 0.26999521072796934
1 0.7650862068965517 0.31429597701149425 0.7734674329501916 0.3190852490421456 0.7818486590038314 0.32447318007662834 0.7896312260536399 0.33165708812260536 0.7968151340996169 0.3394396551724138 0.8010057471264368 0.3508141762452108 0.8016044061302682 0.35739942528735635 0.7992097701149425 0.36637931034482757 0.7932231800766284 0.37296455938697315 0.7854406130268199 0.3747605363984674 0.774066091954023 0.37356321839080464 0.763888888888889 0.3681752873563218 0.7579022988505747 0.36099137931034486 0.7495210727969348 0.3502155172413793 0.7459291187739463 0.33644636015325674 0.7465277777777778 0.32567049808429116 0.7489224137931034 0.3184865900383142 0.7537116858237548 0.3136973180076629
1 0.7992097701149425 0.16762452107279693 0.8039990421455939 0.16762452107279693 0.814176245210728 0.16822318007662837 0.8249521072796935 0.1700191570881226 0.8333333333333334 0.1742097701149425 0.842911877394636 0.18318965517241378 0.8477011494252873 0.19456417624521072 0.8459051724137931 0.203544061302682 0.8387212643678161 0.2095306513409962 0.8303400383141762 0.21252394636015326 0.8177681992337165 0.21491858237547892 0.8069923371647509 0.2137212643678161 0.7962164750957855 0.210727969348659 0.7872365900383141 0.20474137931034483 0.7830459770114943 0.19935344827586207 0.7806513409961686 0.18857758620689655 0.7830459770114943 0.17899904214559387 0.7872365900383141 0.1730124521072797 0.7920258620689655 0.1694204980842912
1 0.8728448275862069 0.23227969348659003 0.8782327586206897 0.2346743295019157 0.8788314176245211 0.23527298850574713 0.8836206896551724 0.23826628352490423 0.887212643678161 0.24305555555555555 0.893199233716475 0.25263409961685823 0.897389846743295 0.26101532567049807 0.8985871647509579 0.27238984674329497 0.8985871647509579 0.2777777777777778 0.8955938697318008 0.28376436781609193 0.8902059386973181 0.28855363984674326 0.8836206896551724 0.2915469348659004 0.8764367816091954 0.290948275862069 0.8674568965517242 0.2873563218390805 0.8590756704980843 0.2807710727969349 0.8512931034482759 0.27358716475095785 0.8488984674329502 0.26640325670498083 0.8465038314176245 0.25981800766283525 0.8471024904214559 0.24664750957854406 0.8512931034482759 0.2406609195402299 0.8578783524904215 0.23706896551724138 0.86566091954023 0.23227969348659003
1 0.8333333333333334 0.7764607279693487 0.8393199233716475 0.7704741379310345 0.8471024904214559 0.7644875478927203 0.8554837164750958 0.759698275862069 0.8644636015325671 0.7567049808429118 0.8770354406130267 0.7549090038314177 0.8848180076628352 0.7585009578544061 0.8908045977011495 0.763888888888889 0.8937978927203065 0.7674808429118775 0.8967911877394636 0.7746647509578544 0.8937978927203065 0.7866379310344828 0.8890086206896551 0.7950191570881225 0.8836206896551724 0.8010057471264368 0.8770354406130267 0.8087883141762452 0.8680555555555556 0.8153735632183908 0.8632662835249042 0.8189655172413793 0.8542863984674329 0.8225574712643678 0.8453065134099618 0.8231561302681992 0.8339319923371648 0.8219588122605365 0.8267480842911877 0.8159722222222222 0.8225574712643678 0.8057950191570882 0.8225574712643678 0.7980124521072797 0.8261494252873564 0.7866379310344828
1 0.6878591954022988 0.894396551724138 0.6914511494252873 0.8914032567049809 0.6956417624521073 0.8890086206896551 0.7016283524904215 0.886015325670498 0.7112068965517242 0.883022030651341 0.7183908045977012 0.8818247126436781 0.726772030651341 0.8824233716475096 0.7333572796934865 0.8866139846743295 0.738146551724138 0.8908045977011495 0.7399425287356322 0.8961925287356322 0.738146551724138 0.9051724137931034 0.7327586206896551 0.9147509578544061 0.7285680076628352 0.9183429118773946 0.7225814176245211 0.9231321839080461 0.7165948275862069 0.9261254789272031 0.7082136015325671 0.9285201149425287 0.6980363984674329 0.9309147509578544 0.6896551724137931 0.9309147509578544 0.6818726053639848 0.930316091954023 0.6776819923371648 0.9255268199233716 0.6776819923371648 0.9171455938697318 0.6806752873563219 0.9069683908045978 0.6836685823754789 0.9003831417624522
1 0.5765086206896551 0.9375 0.5836925287356322 0.9363026819923372 0.592073754789272 0.9345067049808429 0.5968630268199233 0.9357040229885057 0.6040469348659004 0.9357040229885057 0.6130268199233716 0.9375 0.617816091954023 0.9434865900383141 0.6238026819923372 0.9518678160919539 0.6255986590038314 0.9578544061302682 0.6244013409961686 0.9608477011494253 0.6190134099616859 0.9680316091954022 0.6142241379310345 0.9722222222222222 0.6070402298850576 0.9770114942528736 0.6010536398467433 0.9800047892720306 0.592073754789272 0.9812021072796935 0.5842911877394636 0.981800766283525 0.5783045977011495 0.981800766283525 0.5693247126436781 0.980603448275862 0.5627394636015326 0.9788074712643678 0.5585488505747127 0.9728208812260537 0.5573515325670498 0.9644396551724138 0.5579501915708812 0.9542624521072797 0.5609434865900382 0.9482758620689655 0.5675287356321839 0.9428879310344828
1 0.6926484674329502 0.9530651340996169 0.7016283524904215 0.9536637931034483 0.7100095785440613 0.9572557471264368 0.7171934865900382 0.9614463601532567 0.726772030651341 0.9698275862068966 0.7327586206896551 0.9788074712643678 0.7375478927203065 0.9865900383141762 0.7387452107279694 0.9937739463601533 0.7381691677309494 0.9989583333333333 0.7321599616858238 0.9989583333333333 0.7231800766283525 0.9989583333333333 0.7118055555555556 0.9989583333333333 0.6950431034482759 0.9979645593869733 0.6900742337164751 0.9989583333333333 0.6854645593869733 0.9961685823754789 0.6812739463601533 0.9925766283524904 0.6770833333333334 0.9871886973180076 0.6740900383141762 0.9812021072796935 0.6716954022988505 0.9746168582375478 0.6728927203065135 0.9644396551724138 0.6770833333333334 0.959051724137931 0.6824712643678161 0.956058429118774
1 0.7800526819923372 0.947677203065134 0.7836446360153257 0.9404932950191571 0.7890325670498084 0.930316091954023 0.7962164750957855 0.9225335249042145 0.8016044061302682 0.9207375478927203 0.8093869731800767 0.9213362068965517 0.8165708812260537 0.9255268199233716 0.8201628352490421 0.9291187739463601 0.8231561302681992 0.9404932950191571 0.8225574712643678 0.9500718390804598 0.8201628352490421 0.9620450191570882 0.8177681992337165 0.9698275862068966 0.8117816091954022 0.9788074712643678 0.8057950191570882 0.9841954022988505 0.7974137931034483 0.9853927203065135 0.7890325670498084 0.9859913793103449 0.7836446360153257 0.9841954022988505 0.7782567049808429 0.9794061302681992 0.7752634099616859 0.9680316091954022 0.7776580459770115 0.9578544061302682
1 0.9222222222222223 0.8631944444444444 0.9291666666666667 0.8631944444444444 0.9395833333333333 0.8645833333333334 0.9479166666666666 0.8694444444444444 0.9597222222222223 0.8784722222222222 0.9659722222222222 0.8861111111111111 0.9666666666666667 0.8902777777777777 0.9659722222222222 0.8993055555555556 0.9618055555555556 0.9041666666666667 0.9555555555555556 0.9104166666666667 0.945138888888889 0.9118055555555556 0.9326388888888889 0.9104166666666667 0.9166666666666666 0.9041666666666667 0.9076388888888889 0.8965277777777777 0.9027777777777778 0.8840277777777777 0.9041666666666667 0.8722222222222222 0.9104166666666667 0.8659722222222223
1 0.9226190476190476 0.20089285714285715 0.9289148351648352 0.20432692307692307 0.9352106227106226 0.2100503663003663 0.9409340659340659 0.2174908424908425 0.9472298534798534 0.2249313186813187 0.9523809523809523 0.23809523809523808 0.9512362637362638 0.24954212454212454 0.9443681318681318 0.25526556776556775 0.9352106227106226 0.2586996336996337 0.9237637362637362 0.2569826007326007 0.9174679487179487 0.24954212454212454 0.9134615384615384 0.2403846153846154 0.9100274725274725 0.23179945054945056 0.9048763736263736 0.22378663003663002 0.9025869963369964 0.21520146520146521 0.9054487179487178 0.20718864468864467 0.9105998168498168 0.20375457875457875
0 0.77152359437751 0.3564257028112449 0.7646209839357428 0.3451305220883534 0.7624246987951807 0.34230672690763053 0.7602284136546184 0.33979668674698793 0.7570908634538152 0.33540411646586343 0.7555220883534136 0.330070281124498 0.7542670682730923 0.32567771084337344 0.7542670682730923 0.32222640562248994 0.7574046184738955 0.32254016064257024 0.7608559236947791 0.32818775100401604 0.7630522088353413 0.33320783132530113 0.767758534136546 0.34073795180722893 0.7752886546184737 0.35234688755020077 0.7774849397590361 0.3564257028112449 0.7771711847389557 0.3589357429718875
0 0.5129894578313252 0.49636044176706823 0.5048318273092369 0.48694779116465864 0.4998117469879518 0.4841239959839357 0.4985567269076305 0.4806726907630522 0.49887048192771083 0.47879016064257024 0.5016942771084337 0.47722138554216864 0.5045180722891566 0.4791039156626506 0.5082831325301205 0.48286897590361444 0.510793172690763 0.48600652610441764 0.5136169678714859 0.48945783132530113 0.5170682730923695 0.49290913654618473 0.5208333333333333 0.49604668674698793 0.5214608433734939 0.4994979919678714 0.518637048192771 0.5013805220883534
0 0.330070281124498 0.8245481927710843 0.344816767068273 0.8214106425702811 0.3507781124497992 0.8207831325301205 0.3542294176706827 0.8185868473895581 0.35673945783132527 0.8160768072289156 0.35799447791164657 0.8138805220883534 0.354543172690763 0.8141942771084337 0.3504643574297189 0.8151355421686746 0.3429342369477911 0.8160768072289156 0.33697289156626503 0.8173318273092369 0.3319528112449799 0.8185868473895581 0.32818775100401604 0.8207831325301205 0.32630522088353414 0.8226656626506023
0 0.044553212851405614 0.6720632530120482 0.046435742971887545 0.666101907630522 0.04706325301204819 0.6610818273092369 0.04800451807228915 0.6570030120481928 0.04925953815261044 0.6504141566265059 0.05082831325301205 0.6444528112449799 0.05208333333333333 0.6413152610441767 0.05490712851405622 0.6453940763052208 0.05616214859437751 0.6516691767068272 0.055220883534136546 0.657316767068273 0.05427961847389558 0.6626506024096385 0.05208333333333333 0.6673569277108433 0.0502008032128514 0.6714357429718875 0.04800451807228915 0.674887048192771 0.045180722891566265 0.6770833333333334 0.043298192771084335 0.675828313253012
0 0.147464859437751 0.5252259036144579 0.1506024096385542 0.512675702811245 0.15248493975903613 0.5070281124497992 0.15279869477911648 0.5032630522088353 0.15279869477911648 0.4985567269076305 0.1509161646586345 0.4966741967871486 0.14871987951807228 0.49636044176706823 0.14652359437751003 0.4998117469879518 0.14526857429718873 0.5051455823293173 0.14307228915662648 0.5123619477911646 0.14244477911646586 0.5183232931726908 0.14087600401606426 0.5245983935742972 0.14087600401606426 0.528363453815261 0.14369979919678713 0.5289909638554217
0 0.2936746987951807 0.5716616465863453 0.2917921686746988 0.5581701807228915 0.29022339357429716 0.5534638554216866 0.28865461847389556 0.5481300200803213 0.28739959839357426 0.5437374497991968 0.28865461847389556 0.5415411646586344 0.2917921686746988 0.5418549196787148 0.2927334337349397 0.5446787148594378 0.293988453815261 0.5484437751004017 0.29618473895582326 0.5562876506024096 0.2993222891566265 0.5663278112449799 0.3008910642570281 0.5710341365461847 0.30057730923694775 0.5747991967871485 0.2983810240963855 0.5757404618473896 0.29555722891566266 0.5741716867469879
1 0.38309487951807225 0.553777610441767 0.3893699799196787 0.5481300200803213 0.3965863453815261 0.5443649598393574 0.40035140562248994 0.5443649598393574 0.4056852409638554 0.5446787148594378 0.41070532128514053 0.546875 0.41541164658634533 0.5500125502008032 0.41886295180722893 0.5544051204819277 0.4220005020080321 0.5600527108433735 0.4245105421686747 0.5666415662650602 0.4260793172690763 0.5779367469879517 0.423883032128514 0.582015562248996 0.41886295180722893 0.5867218875502008 0.4132153614457831 0.588918172690763 0.40537148594377503 0.589859437751004 0.39878263052208834 0.5886044176706826 0.3940763052208835 0.5860943775100401 0.3893699799196787 0.5826430722891566 0.38466365461847385 0.5773092369477911 0.3805848393574297 0.5713478915662651 0.38027108433734935 0.5647590361445782 0.38089859437751 0.5584839357429718
0 0.2435576566555432 0.7809603262884687 0.24622265480163144 0.7690257693733779 0.25410177975528364 0.7591768631813126 0.25387004078605857 0.7635799035965888 0.25120504263997034 0.7718066370040785 0.24564330737856876 0.7799175009269559
0 0.8482347546996789 0.457932141219624 0.849524300779459 0.4603679504814305 0.8513869784502521 0.4615142136634571 0.8526765245300321 0.46266047684548367 0.8548257679963319 0.46395002292526366 0.8566884456671251 0.4653828519027969 0.857548143053645 0.4660992663915635 0.8604138010087116 0.46767537826685 0.8615600641907382 0.4679619440623567 0.8644257221458047 0.46810522696011 0.8662883998165979 0.46824850985786337 0.8682943603851444 0.46839179275561665 0.8701570380559376 0.46853507565337 0.8703003209536909 0.4669589637780834 0.8691540577716643 0.4650962861072902 0.8675779458963777 0.46294704264099035 0.8658585511233379 0.4619440623567171 0.8647122879413113 0.4605112333791838 0.8635660247592847 0.4596515359926639 0.8612734983952315 0.45864855570839064 0.8599839523154515 0.457932141219624 0.8572615772581383 0.4567858780375974 0.8558287482806052 0.45606946354883077 0.8531063732232921 0.4553530490600642 0.8509571297569921 0.4550664832645575 0.8489511691884456 0.4550664832645575 0.8479481889041723 0.4553530490600642
0 0.8468635889410536 0.8069248826291079 0.8501238914971309 0.8030125195618152 0.8520800730307772 0.8008933229003651 0.8564814814814814 0.7973069900886801 0.8586006781429316 0.7935576421491913 0.8607198748043817 0.791601460615545 0.8630020865936358 0.7891562336984871 0.8641431924882628 0.7875260824204485 0.8670774647887323 0.7837767344809597 0.8688706311945747 0.7818205529473133 0.8716418883672403 0.780027386541471 0.8734350547730828 0.7779081898800209 0.875554251434533 0.7756259780907668 0.8765323422013562 0.7736697965571204 0.8783255086071987 0.7700834637454356 0.8786515388628064 0.7676382368283776 0.8781624934793949 0.7656820552947312 0.8750652060511215 0.7669861763171623 0.8713158581116327 0.7720396452790818 0.8685446009389671 0.7759520083463745 0.8659363588941053 0.7793753260302555 0.8628390714658319 0.7819835680751174 0.8582746478873239 0.7860589462702138 0.8555033907146582 0.7885041731872717 0.852243088158581 0.7919274908711528 0.8501238914971309 0.7945357329160145 0.8483307250912885 0.7971439749608763 0.8452334376630151 0.8004042775169535 0.8434402712571726 0.8020344287949921 0.8426251956181533 0.8039906103286384 0.8426251956181533 0.8051317162232654 0.8437663015127803 0.8065988523735003
0 0.9209428452231957 0.8833959115561119 0.9209428452231957 0.8815707133917396 0.924723612849395 0.8806581143095537 0.929025865665415 0.8805277430120985 0.9329370045890696 0.881049228201919 0.9359355444305382 0.8823529411764706 0.9393251981643721 0.8832655402586567 0.9424541093032958 0.8845692532332081 0.9457133917396746 0.8858729662077597 0.9479297037964122 0.8866551939924906 0.9500156445556946 0.8880892782644972 0.9514497288277012 0.8897841051314141 0.9507978723404255 0.8910878181059658 0.9450615352523989 0.8906967042136003 0.9416718815185648 0.8903055903212349 0.9382822277847309 0.8901752190237797 0.9355444305381727 0.8892626199415936 0.932415519399249 0.887828535669587 0.9285043804755945 0.8873070504797663 0.9269399249061326 0.8871766791823111 0.9245932415519399 0.8866551939924906 0.9234198998748435 0.8860033375052149
0 0.6842708333333333 0.5705208333333334 0.6807291666666667 0.5695833333333333 0.6795833333333333 0.5686458333333333 0.6809375000000001 0.5665625 0.6852083333333333 0.56625 0.6883333333333332 0.5665625 0.6907291666666667 0.5669791666666666 0.6933333333333334 0.5683333333333334 0.6969791666666667 0.5696875 0.6988541666666667 0.5705208333333334 0.7008333333333333 0.571875 0.703125 0.5735416666666667 0.7066666666666667 0.5770833333333333 0.709375 0.5793750000000001 0.7113541666666666 0.5819791666666667 0.7132291666666667 0.5838541666666667 0.7136458333333333 0.5852083333333333 0.7116666666666667 0.5855208333333334 0.7096874999999999 0.584375 0.7061458333333334 0.5827083333333333 0.7027083333333334 0.5807291666666666 0.7 0.5804166666666667 0.6915625 0.5755208333333334 0.6878124999999999 0.5742708333333333 0.6861458333333333 0.5727083333333333
0 0.6377482555018787 0.2777777777777778 0.6422772410091251 0.27828099838969406 0.6452965646806227 0.27861647879763823 0.6491545893719807 0.27844873859366615 0.6520061728395062 0.2779455179817499 0.6565351583467526 0.2777777777777778 0.659219001610306 0.2772745571658615 0.6632447665056361 0.27660359634997317 0.6650899087493289 0.2757648953301127 0.6665995705850778 0.2747584541062802 0.6676060118089103 0.2734165324745035 0.6701221148684916 0.2703972088030059 0.6677737520128825 0.2702294685990338 0.6617351046698873 0.27056494900697803 0.6560319377348363 0.2715713902308105 0.6506642512077294 0.27257783145464304 0.645967525496511 0.2732487922705314 0.6409353193773484 0.2732487922705314
0 0.5201569264069265 0.1799242424242424 0.5167748917748918 0.17800775613275613 0.5159857503607503 0.1772186147186147 0.5158730158730159 0.17597853535353536 0.519142316017316 0.1755275974025974 0.5220734126984127 0.17575306637806637 0.5254554473304472 0.1765422077922078 0.5288374819624819 0.17755681818181818 0.5321067821067821 0.17958603896103895 0.5343614718614719 0.18161525974025974 0.5370670995670995 0.18353174603174602 0.5401109307359307 0.18499729437229437 0.5441693722943722 0.18680104617604618 0.5475514069264069 0.18871753246753245 0.5518353174603174 0.1911976911976912 0.5558937590187589 0.19446699134199133 0.5573593073593074 0.19593253968253968 0.5566829004329004 0.1967216810966811 0.5534136002886003 0.1964962121212121 0.5501443001443002 0.19593253968253968 0.546875 0.1949179292929293 0.542478354978355 0.19446699134199133 0.5412382756132756 0.19424152236652237 0.5386453823953824 0.19300144300144298 0.5361652236652237 0.1920995670995671 0.5342487373737373 0.18995761183261184 0.5325577200577201 0.18781565656565657 0.5301902958152958 0.18680104617604618 0.5270337301587301 0.18601190476190474 0.5253427128427128 0.18386994949494948 0.5236516955266955 0.18285533910533908 0.5215097402597403 0.18138979076479075
0 0.3034284284284284 0.08206122789456122 0.30885051718385054 0.08268685352018684 0.31343843843843844 0.08414664664664664 0.31594094094094094 0.08414664664664664 0.3185477143810477 0.08435518852185518 0.32178011344678015 0.08456373039706372 0.3246996996996997 0.08477227227227227 0.32678511845178515 0.08529362696029362 0.3299132465799132 0.08623206539873206 0.3328328328328328 0.08696196196196196 0.3370036703370037 0.08737904571237905 0.33919336002669337 0.08779612946279612 0.3426343009676343 0.08883883883883884 0.3457624290957624 0.08904738071404737 0.34899482816149485 0.08946446446446446 0.35316566566566565 0.08998581915248582 0.35879629629629634 0.09009009009009009 0.3594219219219219 0.08977727727727729 0.36025608942275605 0.0879004004004004 0.3560852519185852 0.0864406072739406 0.3519144144144144 0.08529362696029362 0.34805638972305636 0.08529362696029362 0.34284284284284283 0.08404237570904237 0.33815065065065064 0.08310393727060393 0.3357524190857524 0.08310393727060393 0.3300175175175175 0.08174841508174842 0.32574240907574237 0.08122706039372705 0.32251001001001 0.08080997664330997 0.3193818818818819 0.08080997664330997 0.31343843843843844 0.0807057057057057 0.31177010343677014 0.0799758091424758 0.30885051718385054 0.07935018351685018 0.3049924924924925 0.07862028695362029 0.30196863530196866 0.07862028695362029 0.3003003003003003 0.07872455789122455 0.2999874874874875 0.08091424758091424 0.3014472806139473 0.08153987320653987 0.3023857190523857 0.08195695695695696
0 0.11291666666666668 0.020625 0.11114583333333333 0.0175 0.10958333333333334 0.014583333333333334 0.10885416666666667 0.011770833333333335 0.10760416666666667 0.007500000000000001 0.10843749999999999 0.007395833333333333 0.11229166666666666 0.00875 0.115 0.010520833333333333 0.11624999999999999 0.012395833333333333 0.11812500000000001 0.014583333333333334 0.11927083333333334 0.016354166666666666 0.12010416666666666 0.019375 0.12104166666666667 0.023125 0.12166666666666666 0.02645833333333333 0.12166666666666666 0.029479166666666667 0.1215625 0.031875 0.119375 0.03208333333333333 0.11812500000000001 0.030000000000000002 0.11614583333333334 0.027708333333333335 0.11437499999999999 0.0265625 0.11364583333333332 0.024270833333333335 0.11354166666666667 0.0228125 0.11333333333333333 0.021666666666666667
0 0.19645833333333332 0.06197916666666667 0.19614583333333335 0.058854166666666666 0.19666666666666668 0.057916666666666665 0.2025 0.05479166666666667 0.20447916666666668 0.05416666666666667 0.20802083333333332 0.0525 0.21166666666666664 0.05229166666666667 0.215 0.05354166666666667 0.21520833333333333 0.05458333333333333 0.21302083333333333 0.05697916666666667 0.21197916666666666 0.058124999999999996 0.209375 0.05979166666666667 0.20802083333333332 0.06083333333333333 0.20520833333333333 0.06208333333333334 0.20364583333333333 0.0625 0.20083333333333334 0.0628125 0.19875 0.06291666666666666 0.19770833333333335 0.06291666666666666
0 0.42885416666666665 0.2378125 0.4266666666666667 0.23541666666666666 0.42572916666666666 0.23333333333333334 0.42572916666666666 0.231875 0.4292708333333334 0.23260416666666667 0.43312500000000004 0.235 0.4390625 0.2409375 0.44645833333333335 0.24760416666666665 0.45041666666666663 0.25302083333333336 0.4530208333333333 0.2554166666666667 0.455 0.25927083333333334 0.4561458333333333 0.26166666666666666 0.45875 0.2658333333333333 0.4605208333333334 0.26791666666666664 0.46 0.26927083333333335 0.45770833333333333 0.2684375 0.455 0.26614583333333336 0.4509375 0.2632291666666667 0.4486458333333333 0.261875 0.44708333333333333 0.2605208333333333 0.44635416666666666 0.2582291666666667 0.4453125 0.255625 0.44447916666666665 0.25437499999999996 0.44260416666666663 0.2528125 0.44166666666666665 0.25166666666666665 0.4404166666666667 0.25052083333333336 0.4391666666666667 0.249375 0.43854166666666666 0.24822916666666667 0.4377083333333333 0.24708333333333332 0.4360416666666667 0.24604166666666666 0.43354166666666666 0.24458333333333335 0.4328125 0.24354166666666668 0.43197916666666664 0.24208333333333334 0.4311458333333333 0.24083333333333332 0.4301041666666666 0.23958333333333334
0 0.05395833333333333 0.5483333333333333 0.0546875 0.5470833333333334 0.054375 0.5451041666666666 0.05364583333333333 0.5433333333333333 0.05302083333333333 0.541875 0.051770833333333335 0.5398958333333332 0.050104166666666665 0.5378124999999999 0.0490625 0.5361458333333334 0.04802083333333333 0.5344791666666667 0.04625 0.533125 0.04520833333333333 0.5320833333333334 0.044270833333333336 0.5316666666666666 0.04291666666666667 0.5314583333333334 0.04135416666666667 0.5325 0.041041666666666664 0.5333333333333333 0.04125 0.535 0.04291666666666667 0.5379166666666666 0.043958333333333335 0.5397916666666667 0.0453125 0.5420833333333334 0.04625 0.5440625 0.04760416666666667 0.5464583333333334 0.04833333333333333 0.5471874999999999 0.050104166666666665 0.5481250000000001 0.0509375 0.5485416666666667
0 0.5783333333333334 0.9635416666666666 0.5826041666666666 0.9638541666666666 0.5857291666666666 0.9640625 0.5895833333333333 0.9640625 0.5919791666666666 0.96375 0.5947916666666667 0.9629166666666666 0.5967708333333334 0.9621875000000001 0.5995833333333334 0.9612499999999999 0.6006250000000001 0.9605208333333334 0.6014583333333333 0.9583333333333334 0.6017708333333334 0.9567708333333333 0.6015625 0.955625 0.5997916666666666 0.955625 0.5967708333333334 0.95625 0.5924999999999999 0.9570833333333333 0.5897916666666667 0.9572916666666667 0.5864583333333333 0.9575 0.5832291666666667 0.9575 0.5811458333333334 0.9575 0.57875 0.958125 0.5768749999999999 0.9585416666666667 0.5753125 0.9594791666666667 0.5748958333333333 0.9605208333333334 0.5763541666666666 0.9617708333333332 0.5771875000000001 0.9625
0 0.21350383373688459 0.27857647296206617 0.21653046811945117 0.275297619047619 0.22006154156577884 0.2730276432606941 0.2223315173527038 0.27138821630347054 0.22497982243744957 0.2701271186440678 0.22649313962873288 0.2692443502824859 0.22901533494753837 0.26810936238902344 0.23015032284100082 0.26697437449556094 0.2322941888619855 0.2650827280064568 0.23380750605326878 0.26293886198547217 0.23582526230831316 0.26155165456012913 0.23847356739305894 0.25915556900726394 0.2397346650524617 0.2578944713478612 0.2411218724778047 0.2553722760290557 0.24263518966908798 0.25108454398708635 0.24540960451977403 0.24528349475383374 0.2469229217110573 0.24263518966908798 0.2489406779661017 0.2396085552865214 0.25032788539144474 0.23733857949959647 0.24906678773204197 0.23733857949959647 0.24566182405165457 0.2380952380952381 0.24326573849878935 0.24036521388216306 0.24023910411622276 0.2425090799031477 0.2380952380952381 0.24440072639225183 0.2346902744148507 0.24818401937046006 0.23292473769168687 0.2509584342211461 0.2302764326069411 0.2534806295399516 0.22800645682001616 0.25638115415657786 0.22611481033091205 0.25890334947538335 0.2243492736077482 0.26104721549636806 0.2218270782889427 0.26256053268765134 0.21905266343825666 0.2639477401129943 0.2158999192897498 0.2676049233252623 0.21451271186440676 0.27025322841000804 0.21299939467312348 0.272523204196933 0.2109816384180791 0.27428874092009686 0.20858555286521388 0.27580205811138014 0.20833333333333334 0.27769370460048426 0.20858555286521388 0.27971146085552867 0.21060330912025826 0.28046811945117034 0.21274717514124294 0.28046811945117034
