1 0.4394379844961241 0.4581256921373201 0.4383997785160576 0.45224252491694356 0.4377076411960133 0.4442829457364342 0.4377076411960133 0.4380537098560355 0.4377076411960133 0.4335548172757476 0.4394379844961241 0.4273255813953489 0.4428986710963455 0.4228266888150609 0.44843576965669996 0.42144241417497236 0.460202104097453 0.42144241417497236 0.4691998892580288 0.4231727574750831 0.47646733111849393 0.42628737541528244 0.4823504983388705 0.4297480620155039 0.48857973421926915 0.4339008859357697 0.49411683277962354 0.4394379844961241 0.49861572535991144 0.44566722037652273 0.502076411960133 0.45189645625692143 0.504498892580288 0.4581256921373201 0.5065753045404209 0.4647009966777409 0.5076135105204873 0.47266057585825033 0.5079595791805095 0.47923588039867115 0.5065753045404209 0.4851190476190476 0.5041528239202658 0.4899640088593577 0.4989617940199336 0.4955011074197121 0.4899640088593577 0.49757751937984496 0.4795819490586933 0.4979235880398672 0.4712763012181617 0.4961932447397564 0.4647009966777409 0.49307862679955705 0.4595099667774087 0.48892580287929127 0.45362679955703217 0.48269656699889263 0.4498200442967885 0.47785160575858254 0.44601328903654486 0.471968438538206 0.4428986710963455 0.4657392026578073
1 0.738095238095238 0.5076135105204873 0.7425941306755259 0.5103820598006644 0.7477851605758582 0.5131506090808416 0.7533222591362125 0.5159191583610189 0.7602436323366555 0.5183416389811739 0.7671650055370985 0.5193798449612403 0.7737403100775193 0.5193798449612403 0.7782392026578073 0.5179955703211517 0.782392026578073 0.5152270210409745 0.7851605758582502 0.5131506090808416 0.7882751937984496 0.5089977851605759 0.7906976744186046 0.504498892580288 0.791735880398671 0.4982696566998893 0.791735880398671 0.49307862679955705 0.791735880398671 0.48788759689922484 0.7906976744186046 0.4820044296788483 0.7875830564784053 0.4750830564784054 0.7820459579180509 0.46816168327796237 0.7758167220376522 0.46331672203765234 0.7678571428571428 0.4584717607973422 0.759205426356589 0.4550110741971208 0.7519379844961239 0.45258859357696574 0.7439784053156145 0.45189645625692143 0.7342884828349944 0.45085825027685494 0.7280592469545958 0.45085825027685494 0.7200996677740863 0.45258859357696574 0.7152547065337763 0.4557032115171651 0.7124861572535991 0.4595099667774087 0.7104097452934662 0.465047065337763 0.7104097452934662 0.47058416389811747 0.7114479512735327 0.47715946843853824 0.7121400885935769 0.4806201550387597 0.7142165005537098 0.4868493909191584 0.7180232558139534 0.4927325581395349 0.7214839424141749 0.4968853820598007 0.7301356589147286 0.5034606866002215
1 0.5553709856035437 0.5387596899224806 0.5588316722037653 0.5449889258028793 0.5633305647840531 0.5508720930232557 0.5688676633444075 0.556063122923588 0.5754429678848284 0.5595238095238095 0.5809800664451826 0.5609080841638981 0.5872093023255813 0.5612541528239202 0.5927464008859358 0.5609080841638981 0.5965531561461793 0.5581395348837208 0.5989756367663345 0.5546788482834994 0.6010520487264673 0.5508720930232557 0.602782392026578 0.5477574750830564 0.6048588039867109 0.5429125138427463 0.6058970099667774 0.5380675526024363 0.6058970099667774 0.532530454042082 0.6055509413067551 0.5276854928017719 0.6045127353266887 0.523186600221484 0.6031284606866002 0.5193798449612403 0.6013981173864894 0.5159191583610189 0.5996677740863787 0.5124584717607974 0.5972452934662236 0.509343853820598 0.5951688815060907 0.5065753045404209 0.5924003322259136 0.5027685492801772 0.5892857142857142 0.4989617940199336 0.5854789590254706 0.4961932447397564 0.5820182724252491 0.49446290143964566 0.5771733111849391 0.49307862679955705 0.5716362126245846 0.49307862679955705 0.5660991140642303 0.49411683277962354 0.5609080841638981 0.4965393133997785 0.5564091915836101 0.5013842746400886 0.5532945736434108 0.5076135105204873 0.5501799557032114 0.516265227021041 0.5498338870431893 0.5242248062015504 0.551218161683278 0.5308001107419712 0.5529485049833887 0.5342607973421927
1 0.63531284606866 0.47058416389811747 0.6415420819490586 0.47058416389811747 0.6484634551495017 0.47058416389811747 0.6536544850498339 0.4691998892580288 0.6588455149501661 0.4674695459579181 0.6629983388704319 0.46435492801771877 0.6650747508305648 0.46227851605758585 0.6668050941306755 0.45881782945736443 0.6671511627906976 0.4557032115171651 0.6671511627906976 0.45224252491694356 0.6664590254706533 0.4487818383167221 0.6647286821705426 0.4442829457364342 0.6616140642303433 0.4411683277962348 0.6581533776301217 0.4394379844961241 0.654000553709856 0.43736157253599117 0.647079180509413 0.4356312292358805 0.6387735326688815 0.4342469545957918 0.6297757475083057 0.43251661129568114 0.6228543743078627 0.4311323366555925 0.6159330011074197 0.43009413067552604 0.607281284606866 0.4304401993355482 0.5996677740863787 0.43217054263565896 0.5941306755260243 0.4359772978959026 0.5917081949058693 0.4418604651162791 0.5913621262458472 0.4491279069767442 0.5927464008859358 0.4546650055370986 0.5972452934662236 0.4595099667774087 0.600359911406423 0.4608942414174973 0.6041666666666666 0.4619324473975637 0.6076273532668881 0.462624584717608 0.6107419712070874 0.46331672203765234 0.6214700996677741 0.46643133997785163 0.6256229235880398 0.46850775193798455 0.6294296788482835 0.4698920265780731
1 0.597937430786268 0.3736849390919159 0.5962070874861571 0.3667635658914729 0.59343853820598 0.3601882613510521 0.5903239202657807 0.35465116279069775 0.5851328903654485 0.3501522702104098 0.5799418604651162 0.34772978959025475 0.5754429678848284 0.34703765227021044 0.5695598006644518 0.34703765227021044 0.5633305647840531 0.34842192691029905 0.558485603543743 0.3511904761904762 0.5546788482834994 0.3536129568106313 0.5522563676633444 0.3581118493909192 0.5515642303433002 0.36434108527131787 0.5522563676633444 0.3736849390919159 0.5543327796234773 0.3823366555924696 0.5577934662236987 0.3892580287929126 0.5619462901439646 0.39514119601328906 0.5671373200442968 0.40067829457364346 0.5726744186046511 0.40586932447397567 0.5782115171650055 0.41002214839424145 0.5834025470653378 0.41140642303433006 0.5885935769656699 0.4110603543743079 0.5903239202657807 0.41036821705426363 0.5913621262458472 0.41036821705426363 0.5920542635658914 0.40829180509413077 0.5937846068660022 0.40586932447397567 0.5958610188261351 0.4031007751937985 0.6007059800664452 0.3961794019933555 0.6010520487264673 0.390296234772979 0.6007059800664452 0.38545127353266895 0.5993217054263565 0.37991417497231456
1 0.6491555924695459 0.3982558139534884 0.6529623477297896 0.3982558139534884 0.6560769656699889 0.39687153931339986 0.6595376522702103 0.39444905869324476 0.6626522702104097 0.3909883720930233 0.6647286821705426 0.3875276854928018 0.6668050941306755 0.3816445182724253 0.6671511627906976 0.3761074197120709 0.6668050941306755 0.371608527131783 0.6647286821705426 0.36780177187153934 0.6623062015503876 0.36468715393134 0.6598837209302325 0.3612264673311186 0.6560769656699889 0.3574197120708749 0.651924141749723 0.35430509413067557 0.647079180509413 0.3518826135105205 0.6429263565891472 0.3508444075304541 0.637735326688815 0.35049833887043197 0.6335825027685492 0.3508444075304541 0.628391472868217 0.35292081949058696 0.6256229235880398 0.3567275747508306 0.6232004429678848 0.3619186046511629 0.6238925802879292 0.36883997785160577 0.6252768549280177 0.37506921373200447 0.6270071982281284 0.37922203765227025 0.6318521594684385 0.3875276854928018 0.6346207087486156 0.3916805094130676 0.637389258028793 0.39479512735326694 0.6415420819490586 0.39687153931339986 0.6443106312292358 0.3975636766334441
1 0.7190614617940199 0.651924141749723 0.7273671096345514 0.6505398671096345 0.7322120708748616 0.6481173864894795 0.7360188261351052 0.6432724252491694 0.7363648947951272 0.6398117386489479 0.7363648947951272 0.6339285714285714 0.7349806201550387 0.6280454042081949 0.7332502768549279 0.6225083056478405 0.7297895902547065 0.616625138427464 0.7252906976744186 0.6128183831672203 0.7200996677740863 0.6086655592469545 0.7128322259136212 0.6048588039867109 0.7045265780730896 0.6010520487264673 0.695874861572536 0.5989756367663345 0.6886074197120708 0.5975913621262458 0.6803017718715393 0.5972452934662236 0.6695736434108527 0.5982834994462901 0.663344407530454 0.5996677740863787 0.6602297895902546 0.6013981173864894 0.656423034330011 0.6055509413067551 0.6543466223698782 0.612126245847176 0.654000553709856 0.6187015503875969 0.6550387596899224 0.6232004429678848 0.6578073089700996 0.6270071982281284 0.663344407530454 0.6342746400885936 0.6692275747508306 0.6391196013289037 0.6744186046511628 0.642580287929125 0.6789174972314507 0.6446566998892579 0.6848006644518273 0.647079180509413 0.6937984496124031 0.6498477297895902 0.7007198228128461 0.6512320044296788 0.7104097452934662 0.6522702104097452
1 0.8156146179401993 0.612126245847176 0.8111157253599114 0.6110880398671096 0.8062707641196013 0.6107419712070874 0.803156146179402 0.6107419712070874 0.7996954595791804 0.612126245847176 0.7955426356589147 0.6145487264673312 0.791735880398671 0.6183554817275747 0.7882751937984496 0.6221622369878184 0.784814507198228 0.625968992248062 0.7816998892580287 0.6301218161683279 0.7785852713178295 0.6335825027685492 0.7744324473975637 0.6380813953488372 0.7713178294573644 0.6429263565891472 0.7699335548172758 0.6477713178294573 0.770279623477298 0.6533084163898117 0.7727021040974529 0.6571151716500553 0.7778931339977851 0.6595376522702103 0.7837763012181616 0.6605758582502769 0.7906976744186046 0.6605758582502769 0.7955426356589147 0.6595376522702103 0.8000415282392026 0.6574612403100775 0.8041943521594684 0.6553848283499446 0.8086932447397562 0.6529623477297896 0.8131921373200443 0.6508859357696566 0.8204595791805094 0.6450027685492802 0.8242663344407529 0.6401578073089701 0.8270348837209303 0.63531284606866 0.8287652270210409 0.6301218161683279 0.8287652270210409 0.6263150609080841 0.8277270210409745 0.6228543743078627 0.8249584717607974 0.6180094130675525 0.8204595791805094 0.6148947951273532
1 0.7564368770764119 0.597937430786268 0.7605897009966777 0.5951688815060907 0.7633582502768549 0.5910160575858251 0.7664728682170542 0.5851328903654485 0.7668189368770764 0.5802879291251384 0.7661267995570321 0.5750968992248062 0.7633582502768549 0.5705980066445182 0.7578211517165006 0.5674833887043189 0.7536683277962347 0.5654069767441859 0.7488233665559246 0.562984496124031 0.7439784053156145 0.560562015503876 0.7391334440753046 0.558485603543743 0.7346345514950166 0.5567552602436323 0.730827796234773 0.5557170542635659 0.7266749723145072 0.5557170542635659 0.719407530454042 0.5557170542635659 0.7152547065337763 0.5557170542635659 0.7104097452934662 0.5564091915836101 0.7062569213732004 0.5577934662236987 0.7017580287929125 0.560562015503876 0.6993355481727573 0.5643687707641195 0.6972591362126245 0.569905869324474 0.6976052048726467 0.5764811738648948 0.6989894795127353 0.5799418604651162 0.7027962347729789 0.5820182724252491 0.7066029900332225 0.58374861572536 0.7104097452934662 0.5847868217054264 0.7180232558139534 0.5882475083056478 0.7218300110741971 0.5882475083056478 0.7259828349944629 0.5903239202657807 0.7301356589147286 0.5927464008859358 0.7335963455149501 0.5951688815060907 0.7367109634551494 0.5965531561461793 0.7405177187153931 0.5982834994462901 0.7453626799557032 0.5989756367663345 0.7519379844961239 0.5989756367663345
0 0.9660517068273092 0.294929718875502 0.9776606425702811 0.27861445783132527 0.9792294176706826 0.2742218875502008 0.9798569277108433 0.2717118473895582 0.9776606425702811 0.270456827309237 0.9742093373493975 0.2717118473895582 0.9691892570281124 0.2751631526104417 0.9651104417670682 0.2783007028112449 0.9622866465863453 0.2820657630522088 0.9597766064257027 0.28614457831325296 0.9569528112449799 0.29147841365461846 0.9553840361445782 0.29649849397590355 0.9572665662650601 0.2999497991967871 0.9597766064257027 0.30026355421686746
1 0.8085466867469879 0.23123744979919678 0.8013303212851405 0.22558985943775098 0.797879016064257 0.2227660642570281 0.795055220883534 0.2202560240963855 0.7922314257028111 0.21774598393574296 0.7916039156626505 0.21366716867469876 0.7916039156626505 0.20864708835341364 0.7944277108433735 0.20143072289156624 0.7966239959839356 0.19578313253012045 0.8019578313253012 0.19107680722891565 0.8076054216867469 0.18731174698795178 0.8185868473895581 0.18354668674698793 0.8336470883534136 0.18135040160642568 0.8402359437751004 0.18135040160642568 0.8471385542168673 0.18197791164658633 0.8524723895582329 0.18354668674698793 0.8581199799196786 0.1860567269076305 0.8618850401606425 0.1888805220883534 0.866277610441767 0.19390060240963852 0.8694151606425702 0.19986194779116465 0.8709839357429718 0.20582329317269074 0.8709839357429718 0.2127259036144578 0.868160140562249 0.2186872489959839 0.8653363453815259 0.22339357429718873 0.8618850401606425 0.22684487951807228 0.8587474899598393 0.2290411646586345 0.8540411646586344 0.2315512048192771 0.84964859437751 0.2331199799196787 0.8443147590361445 0.23437499999999997 0.8370983935742972 0.23500251004016062 0.8298820281124498 0.23500251004016062 0.8239206827309237 0.23500251004016062 0.8163905622489959 0.23406124497991965
1 0.9428338353413654 0.2817520080321285 0.9453438755020079 0.276418172690763 0.9478539156626505 0.2723393574297189 0.9538152610441767 0.2648092369477911 0.9613453815261044 0.25884789156626503 0.970758032128514 0.25414156626506024 0.9779743975903614 0.25257279116465864 0.9836219879518071 0.2522590361445783 0.9917796184738955 0.2538278112449799 0.9952309236947791 0.25571034136546184 0.9983684738955823 0.2575928714859438 0.9986822289156625 0.2582203815261044 0.9986822289156625 0.29210592369477906 0.9927208835341365 0.30026355421686746 0.9889558232931727 0.30559738955823296 0.9855045180722891 0.3093624497991968 0.9817394578313252 0.3125 0.9770331325301204 0.3159513052208835 0.9729543172690762 0.31940261044176704 0.9701305220883534 0.3200301204819277 0.9660517068273092 0.31971636546184734 0.9600903614457831 0.31783383534136544 0.9556977911646585 0.3153237951807229 0.9503639558232931 0.3118724899598393 0.9469126506024096 0.30779367469879515 0.9437751004016063 0.30465612449799195 0.9403237951807227 0.301832329317269 0.9387550200803213 0.29869477911646586 0.938441265060241 0.29461596385542166 0.9400100401606425 0.28865461847389556
1 0.860316265060241 0.3416792168674698 0.8650225903614458 0.3360316265060241 0.8719252008032128 0.3316390562248996 0.8778865461847388 0.329129016064257 0.8825928714859437 0.32818775100401604 0.8866716867469879 0.3278739959839357 0.8913780120481927 0.3288152610441767 0.8960843373493975 0.33069779116465864 0.9007906626506023 0.33320783132530113 0.9054969879518071 0.3360316265060241 0.9108308232931727 0.3394829317269076 0.9167921686746987 0.34387550200803213 0.9214984939759036 0.3479543172690763 0.9252635542168673 0.35109186746987947 0.9293423694779116 0.354543172690763 0.9337349397590361 0.35799447791164657 0.9371862449799196 0.3617595381526104 0.9400100401606425 0.3674071285140562 0.9409513052208834 0.3774472891566265 0.9403237951807227 0.38466365461847385 0.9362449799196786 0.39125251004016065 0.9293423694779116 0.39627259036144574 0.9202434738955823 0.398468875502008 0.910203313253012 0.39878263052208834 0.900476907630522 0.3969001004016064 0.8904367469879517 0.39313504016064255 0.8819653614457831 0.3881149598393574 0.8738077309236947 0.38152610441767065 0.8675326305220883 0.3739959839357429 0.8640813253012047 0.3648970883534136 0.8618850401606425 0.35705321285140557 0.860316265060241 0.3501506024096385
1 0.6993599397590361 0.22402108433734938 0.6912023092369477 0.2202560240963855 0.6855547188755019 0.21617720883534136 0.6824171686746987 0.21052961847389556 0.6811621485943775 0.2020582329317269 0.6824171686746987 0.19264558232931725 0.6858684738955823 0.18668423694779115 0.689633534136546 0.18354668674698793 0.6981049196787148 0.1804091365461847 0.7046937751004015 0.17852660642570278 0.7103413654618473 0.17789909638554216 0.7163027108433735 0.17758534136546184 0.7235190763052208 0.17946787148594376 0.7313629518072289 0.18260542168674698 0.7373242971887549 0.18480170682730923 0.7439131526104418 0.18731174698795178 0.747050702811245 0.18982178714859438 0.7511295180722891 0.19452811244979917 0.7542670682730923 0.1979794176706827 0.7574046184738955 0.20143072289156624 0.7596009036144579 0.20519578313253012 0.7608559236947791 0.2095883534136546 0.7605421686746987 0.21366716867469876 0.7558358433734939 0.21617720883534136 0.7511295180722891 0.21774598393574296 0.7461094377510039 0.21900100401606426 0.7429718875502007 0.22056977911646583 0.7401480923694778 0.22213855421686743 0.7351280120481928 0.22496234939759036 0.7316767068273092 0.22684487951807228 0.7288529116465863 0.22841365461847388 0.7250878514056224 0.2287274096385542 0.7210090361445782 0.22841365461847388 0.7175577309236947 0.2274723895582329 0.7122238955823293 0.22621736947791163 0.7075175702811245 0.2259036144578313 0.7046937751004015 0.22496234939759036
1 0.4696912650602409 0.18197791164658633 0.4706325301204819 0.1744477911646586 0.4715737951807229 0.17005522088353411 0.4725150602409638 0.16629016064257027 0.4747113453815261 0.1622113453815261 0.47847640562248994 0.15813253012048192 0.48475150602409633 0.15405371485943772 0.4907128514056225 0.15154367469879518 0.4954191767068272 0.14934738955823293 0.49887048192771083 0.14809236947791163 0.5057730923694779 0.14871987951807228 0.5120481927710843 0.15122991967871485 0.5176957831325301 0.15373995983935743 0.5220883534136546 0.15687751004016062 0.5264809236947791 0.16064257028112447 0.5315010040160641 0.16566265060240962 0.5358935742971888 0.17131024096385541 0.5387173694779116 0.17664407630522086 0.5412274096385541 0.1832329317269076 0.5431099397590361 0.190449297188755 0.5446787148594378 0.19735190763052207 0.5456199799196786 0.20299949799196784 0.5462474899598393 0.2095883534136546 0.5462474899598393 0.21429467871485944 0.544992469879518 0.2186872489959839 0.5421686746987951 0.22339357429718873 0.5393448795180723 0.2274723895582329 0.5362073293172691 0.2315512048192771 0.5321285140562249 0.23563002008032127 0.5289909638554217 0.23814006024096382 0.5255396586345381 0.23876757028112447 0.520519578313253 0.2390813253012048 0.5158132530120482 0.23939508032128512 0.5114206827309237 0.23939508032128512 0.5079693775100401 0.23939508032128512 0.5035768072289156 0.23939508032128512 0.4982429718875502 0.23876757028112447 0.4925953815261044 0.23657128514056225 0.4866340361445783 0.2315512048192771 0.48130020080321284 0.22464859437751003 0.47722138554216864 0.21962851405622488 0.4731425702811245 0.21303965863453814 0.47000502008032125 0.20707831325301204 0.4696912650602409 0.20394076305220882 0.46843624497991965 0.19672439759036145 0.46843624497991965 0.18856676706827308
1 0.7175577309236947 0.10887299196787148 0.7194402610441767 0.10510793172690762 0.7225778112449799 0.10071536144578312 0.7272841365461847 0.09726405622489959 0.7345005020080321 0.09475401606425703 0.7426581325301205 0.09475401606425703 0.7520707831325301 0.0960090361445783 0.7605421686746987 0.09726405622489959 0.7690135542168673 0.09851907630522087 0.7743473895582329 0.09977409638554216 0.7831325301204818 0.1032254016064257 0.787211345381526 0.10667670682730922 0.7903488955823292 0.10950050200803213 0.7938002008032128 0.11357931726907629 0.795996485943775 0.11891315261044175 0.7972515060240963 0.1255020080321285 0.7956827309236947 0.13020833333333331 0.7919176706827308 0.13491465863453814 0.7868975903614458 0.13805220883534136 0.7818775100401606 0.14024849397590358 0.7781124497991967 0.14150351405622488 0.7749748995983936 0.1418172690763052 0.7693273092369477 0.14150351405622488 0.7639934738955823 0.13899347389558234 0.7564633534136546 0.13648343373493974 0.7501882530120482 0.1355421686746988 0.7423443775100401 0.13491465863453814 0.7360692771084337 0.1342871485943775 0.726656626506024 0.1330321285140562 0.7219503012048192 0.13209086345381524 0.7194402610441767 0.13052208835341364 0.717871485943775 0.12769829317269074 0.7163027108433735 0.1242469879518072 0.7156752008032128 0.12110943775100401 0.7156752008032128 0.11703062248995982 0.7156752008032128 0.11232429718875502
1 0.7759161646586344 0.07938002008032127 0.7686997991967871 0.07467369477911646 0.7674447791164657 0.06933985943775099 0.7674447791164657 0.06180973895582329 0.769641064257028 0.05208333333333333 0.773406124497992 0.04267068273092369 0.7768574297188754 0.03576807228915662 0.7812499999999999 0.030747991967871483 0.7868975903614458 0.026669176706827304 0.7925451807228915 0.024159136546184738 0.797879016064257 0.022276606425702807 0.8041541164658633 0.021649096385542167 0.8110567269076304 0.02196285140562249 0.8182730923694778 0.024159136546184738 0.8236069277108433 0.027610441767068273 0.8286270080321284 0.03231676706827309 0.8314508032128514 0.03733684738955823 0.8323920682730923 0.042356927710843366 0.832078313253012 0.04800451807228915 0.8289407630522088 0.060554718875502005 0.8236069277108433 0.07216365461847389 0.8160768072289156 0.08345883534136546 0.8129392570281124 0.08753765060240963 0.8094879518072289 0.09036144578313253 0.8032128514056224 0.09224397590361445 0.7981927710843373 0.09193022088353413 0.7925451807228915 0.09036144578313253 0.7890938755020079 0.08879267068273092 0.7837600401606425 0.08565512048192771 0.7799949799196786 0.08345883534136546
1 0.8945155622489959 0.06431977911646586 0.8957705823293173 0.061495983935742966 0.8973393574297188 0.058358433734939756 0.9001631526104418 0.05584839357429718 0.9039282128514056 0.054593373493975896 0.9098895582329316 0.054593373493975896 0.9158509036144576 0.055220883534136546 0.9199297188755019 0.05710341365461847 0.9252635542168673 0.05867218875502008 0.9302836345381525 0.06086847389558233 0.9337349397590361 0.06275100401606425 0.9381275100401606 0.06526104417670682 0.9406375502008031 0.06808483935742972 0.9431475903614458 0.07059487951807228 0.9465988955823292 0.07279116465863453 0.9500502008032128 0.07498744979919678 0.953187751004016 0.07718373493975902 0.9566390562248995 0.08032128514056223 0.959149096385542 0.08440010040160642 0.9604041164658633 0.08910642570281123 0.9604041164658633 0.0944402610441767 0.9582078313253012 0.09946034136546184 0.9553840361445782 0.10353915662650602 0.9519327309236947 0.10573544176706826 0.9472264056224898 0.10761797188755019 0.9415788152610441 0.10761797188755019 0.9365587349397589 0.10699046184738956 0.9331074297188754 0.10510793172690762 0.9287148594377509 0.1016566265060241 0.9246360441767068 0.09851907630522087 0.9205572289156625 0.09506777108433734 0.9167921686746987 0.09255773092369476 0.9139683734939759 0.09036144578313253 0.9098895582329316 0.0872238955823293 0.9070657630522088 0.08440010040160642 0.9036144578313252 0.08063504016064256 0.9001631526104418 0.07686997991967871 0.8979668674698794 0.07310491967871485 0.8963980923694778 0.06965361445783132
1 0.8778865461847388 0.1637801204819277 0.8719252008032128 0.1609563253012048 0.8672188755020079 0.1593875502008032 0.8628263052208834 0.15750502008032127 0.860316265060241 0.1549949799196787 0.8587474899598393 0.15028865461847388 0.8587474899598393 0.1446410642570281 0.8596887550200802 0.13836596385542166 0.8634538152610441 0.13177710843373494 0.868160140562249 0.1283258032128514 0.8747489959839356 0.12581576305220882 0.8797690763052208 0.12487449799196786 0.8841616465863453 0.12487449799196786 0.8882404618473896 0.12487449799196786 0.892633032128514 0.12581576305220882 0.8963980923694778 0.12644327309236947 0.900476907630522 0.12707078313253012 0.9054969879518071 0.1283258032128514 0.9108308232931727 0.13020833333333331 0.9167921686746987 0.13177710843373494 0.9214984939759036 0.1327183734939759 0.926832329317269 0.1342871485943775 0.9318524096385541 0.13648343373493974 0.9368724899598393 0.13930722891566263 0.9381275100401606 0.14307228915662648 0.9374999999999999 0.14715110441767065 0.934676204819277 0.15154367469879518 0.9296561244979918 0.15530873493975902 0.9227535140562249 0.15907379518072287 0.9174196787148593 0.16127008032128512 0.9133408634538152 0.16252510040160642 0.9105170682730923 0.16315261044176707 0.9073795180722891 0.1637801204819277 0.9036144578313252 0.16440763052208834 0.8992218875502007 0.165035140562249 0.8960843373493975 0.16534889558232932 0.891691767068273 0.16597640562248994 0.8882404618473896 0.16566265060240962 0.8844754016064257 0.165035140562249 0.881024096385542 0.16409387550200802
1 0.9418925702811244 0.1697414658634538 0.9440888554216866 0.16691767068273092 0.9465988955823292 0.1634663654618474 0.9491089357429718 0.1609563253012048 0.9519327309236947 0.15876004016064255 0.9553840361445782 0.1549949799196787 0.9588353413654617 0.15154367469879518 0.9626004016064257 0.14966114457831325 0.9688755020080321 0.14777861445783133 0.9742093373493975 0.14777861445783133 0.9782881526104418 0.14777861445783133 0.9817394578313252 0.14777861445783133 0.9855045180722891 0.14871987951807228 0.9889558232931727 0.1506024096385542 0.9911521084337348 0.15373995983935743 0.9914658634538152 0.15813253012048192 0.9892695783132529 0.1637801204819277 0.9867595381526103 0.16911395582329317 0.9833082329317268 0.17476154618473894 0.9804844377510039 0.17821285140562246 0.9776606425702811 0.18135040160642568 0.9726405622489959 0.18480170682730923 0.9657379518072289 0.18699799196787145 0.9588353413654617 0.18793925702811246 0.9516189759036143 0.18793925702811246 0.9456576305220883 0.18731174698795178 0.9422063253012047 0.1860567269076305 0.9412650602409638 0.1844879518072289 0.9409513052208834 0.1788403614457831 0.9415788152610441 0.17319277108433734
1 0.5418549196787148 0.043298192771084335 0.5446787148594378 0.038278112449799194 0.5471887550200802 0.03451305220883534 0.5547188755020079 0.02980672690763052 0.563504016064257 0.027610441767068273 0.5713478915662651 0.025727911646586343 0.5782505020080321 0.024472891566265056 0.5851531124497992 0.023217871485943772 0.5895456827309237 0.022276606425702807 0.5936244979919678 0.022276606425702807 0.5973895582329317 0.025414156626506024 0.6005271084337349 0.03012048192771084 0.6027233935742972 0.03482680722891566 0.6046059236947791 0.04078815261044177 0.6049196787148594 0.04737700803212851 0.6049196787148594 0.0530245983935743 0.6042921686746987 0.057417168674698794 0.6020958835341366 0.06118222891566264 0.5992720883534136 0.06526104417670682 0.5958207831325301 0.06933985943775099 0.5926832329317269 0.07216365461847389 0.5876631526104418 0.0753012048192771 0.582015562248996 0.07906626506024096 0.5754267068273092 0.08189006024096385 0.5675828313253012 0.08283132530120481 0.561621485943775 0.0825175702811245 0.5569151606425702 0.08094879518072289 0.5518950803212851 0.07875251004016064 0.5490712851405621 0.07749748995983935 0.5453062248995983 0.0753012048192771 0.544051204819277 0.07404618473895581 0.5418549196787148 0.07184989959839357 0.5415411646586344 0.07153614457831324 0.539031124497992 0.06839859437751003 0.5384036144578312 0.06588855421686747 0.5380898594377509 0.06024096385542168 0.5380898594377509 0.0530245983935743
1 0.28112449799196787 0.22527610441767065 0.28583082329317266 0.2227660642570281 0.293988453815261 0.22245230923694775 0.30026355421686746 0.22213855421686743 0.30747991967871485 0.22213855421686743 0.3134412650602409 0.22213855421686743 0.320343875502008 0.22213855421686743 0.32536395582329314 0.22245230923694775 0.33069779116465864 0.22339357429718873 0.3363453815261044 0.2259036144578313 0.3410517068273092 0.2287274096385542 0.3445030120481928 0.23374748995983935 0.346699297188755 0.23939508032128512 0.347640562248996 0.24598393574297187 0.346699297188755 0.25288654618473894 0.34387550200803213 0.2582203815261044 0.3394829317269076 0.26135793172690763 0.3328940763052209 0.2638679718875502 0.32661897590361444 0.2654367469879518 0.3215988955823293 0.266691767068273 0.3175200803212851 0.267633032128514 0.3128137550200803 0.2692018072289156 0.30904869477911645 0.2701430722891566 0.30496987951807225 0.2707705823293172 0.3024598393574297 0.270456827309237 0.2983810240963855 0.2698293172690763 0.2958709839357429 0.269515562248996 0.29147841365461846 0.2688880522088353 0.28802710843373497 0.2682605421686747 0.2848895582329317 0.2679467871485944 0.28143825301204817 0.2663780120481928 0.276418172690763 0.2641817269076305 0.27296686746987947 0.2622991967871486 0.270456827309237 0.2607304216867469 0.2670055220883534 0.25727911646586343 0.2657505020080321 0.25194528112449793 0.266691767068273 0.24253263052208834 0.270456827309237 0.23500251004016062 0.2748493975903614 0.2302961847389558
1 0.20613704819277107 0.2092745983935743 0.20299949799196784 0.20394076305220882 0.20268574297188752 0.20111696787148592 0.2020582329317269 0.19735190763052207 0.20174447791164657 0.1948418674698795 0.20237198795180722 0.19139056224899598 0.2033132530120482 0.18762550200803213 0.20425451807228914 0.1844879518072289 0.20582329317269074 0.181664156626506 0.208019578313253 0.1788403614457831 0.21052961847389556 0.17633032128514053 0.21523594377510039 0.1744477911646586 0.2199422690763052 0.173820281124498 0.2243348393574297 0.17476154618473894 0.2302961847389558 0.17789909638554216 0.23531626506024095 0.18103664658634538 0.24096385542168672 0.18699799196787145 0.24472891566265056 0.19358684738955823 0.2466114457831325 0.199234437751004 0.24818022088353411 0.20519578313253012 0.24943524096385541 0.2108433734939759 0.2484939759036144 0.21492218875502006 0.2466114457831325 0.21743222891566263 0.24347389558232932 0.21962851405622488 0.23814006024096382 0.22182479919678713 0.23217871485943772 0.22245230923694775 0.22558985943775098 0.22182479919678713 0.22088353413654618 0.2202560240963855 0.21649096385542166 0.21743222891566263 0.21303965863453814 0.21492218875502006 0.20864708835341364 0.2114708835341365
1 0.11922690763052209 0.2892821285140562 0.11891315261044175 0.285203313253012 0.11891315261044175 0.27986947791164657 0.12016817269076305 0.2757906626506024 0.12205070281124497 0.2707705823293172 0.12518825301204817 0.2660642570281124 0.12863955823293172 0.26261295180722893 0.1346009036144578 0.26135793172690763 0.14244477911646586 0.26135793172690763 0.14903363453815258 0.26135793172690763 0.15625 0.26324046184738953 0.16252510040160642 0.2657505020080321 0.16911395582329317 0.2701430722891566 0.17507530120481926 0.27453564257028107 0.18103664658634538 0.2792419678714859 0.1860567269076305 0.2848895582329317 0.1888805220883534 0.29147841365461846 0.19013554216867468 0.30151857429718876 0.190449297188755 0.31218624497991965 0.18982178714859438 0.3200301204819277 0.18668423694779115 0.32724648594377503 0.1832329317269076 0.33226656626506024 0.17664407630522086 0.33728664658634533 0.16691767068273092 0.33822791164658633 0.15970130522088352 0.33665913654618473 0.15248493975903613 0.3335215863453815 0.14558232931726905 0.330070281124498 0.14087600401606426 0.3269327309236948 0.13679718875502006 0.32316767068273095 0.1330321285140562 0.31940261044176704 0.12895331325301204 0.31375502008032125 0.1255020080321285 0.30716616465863456 0.12267821285140562 0.30026355421686746 0.12048192771084336 0.2943022088353413
1 0.3024598393574297 0.057417168674698794 0.29869477911646586 0.05584839357429718 0.29461596385542166 0.054593373493975896 0.29053714859437746 0.05239708835341365 0.28739959839357426 0.05082831325301205 0.28300702811244977 0.04988704819277108 0.2783007028112449 0.04863202811244979 0.27453564257028107 0.046121987951807226 0.2717118473895582 0.04204317269076305 0.2688880522088353 0.0338855421686747 0.2679467871485944 0.02698293172690763 0.2688880522088353 0.01976656626506024 0.2723393574297189 0.014118975903614456 0.27892821285140557 0.011608935742971886 0.28739959839357426 0.011295180722891566 0.2968122489959839 0.011922690763052208 0.30371485943775095 0.013491465863453815 0.3087349397590361 0.01506024096385542 0.3118724899598393 0.016629016064257027 0.3153237951807229 0.01945281124497992 0.3184613453815261 0.02196285140562249 0.3215988955823293 0.023845381526104416 0.32630522088353414 0.026041666666666664 0.32975652610441764 0.027610441767068273 0.33320783132530113 0.03012048192771084 0.3360316265060241 0.0338855421686747 0.33822791164658633 0.03859186746987951 0.3385416666666667 0.04549447791164658 0.3388554216867469 0.0502008032128514 0.337914156626506 0.055220883534136546 0.3350903614457831 0.059927208835341354 0.329129016064257 0.06369226907630522 0.32222640562248994 0.06526104417670682 0.3153237951807229 0.06526104417670682 0.3093624497991968 0.06306475903614457
1 0.4129016064257028 0.03702309236947791 0.41039156626506024 0.03357178714859437 0.4075677710843373 0.02980672690763052 0.4050577309236948 0.026041666666666664 0.40129267068273083 0.023217871485943772 0.39941014056224894 0.020707831325301202 0.3969001004016064 0.016315261044176705 0.3956450803212851 0.010353915662650601 0.3956450803212851 0.005333835341365461 0.39721385542168675 0.0018825301204819275 0.39784136546184734 0.0006275100401606425 0.44364959839357426 0.0006275100401606425 0.4518072289156626 0.004078815261044176 0.45776857429718876 0.008471385542168674 0.46278865461847385 0.014118975903614456 0.4649849397590361 0.018511546184738954 0.4665537148594377 0.0251004016064257 0.46686746987951805 0.03357178714859437 0.46592620481927705 0.03953313253012048 0.4631024096385542 0.045180722891566265 0.45902359437751 0.04925953815261044 0.4533760040160642 0.05427961847389558 0.44804216867469876 0.057417168674698794 0.4445908634538152 0.057730923694779106 0.4386295180722891 0.05710341365461847 0.4329819277108433 0.055220883534136546 0.4282756024096385 0.05176957831325301 0.423883032128514 0.04737700803212851 0.4198042168674698 0.04361194779116465 0.4157254016064257 0.03953313253012048
1 0.18668423694779115 0.05114206827309236 0.1741340361445783 0.04706325301204819 0.17068273092369476 0.04486696787148594 0.16691767068273092 0.042356927710843366 0.16472138554216864 0.0398468875502008 0.1634663654618474 0.035140562248995984 0.1634663654618474 0.030747991967871483 0.16409387550200802 0.027610441767068273 0.16409387550200802 0.023217871485943772 0.1637801204819277 0.018825301204819275 0.16252510040160642 0.013177710843373493 0.16127008032128512 0.00784387550200803 0.16064257028112447 0.004392570281124498 0.16064257028112447 0.0006275100401606425 0.17695783132530118 0.0006275100401606425 0.1804091365461847 0.002196285140562249 0.18480170682730923 0.003765060240963855 0.1888805220883534 0.005333835341365461 0.19264558232931725 0.006902610441767068 0.19515562248995982 0.008785140562248996 0.1976656626506024 0.011922690763052208 0.19954819277108432 0.01506024096385542 0.20111696787148592 0.018197791164658632 0.20299949799196784 0.021021586345381524 0.20456827309236944 0.023531626506024094 0.2064508032128514 0.02698293172690763 0.208019578313253 0.030747991967871483 0.2095883534136546 0.03576807228915662 0.2095883534136546 0.04047439759036144 0.20833333333333331 0.045180722891566265 0.20425451807228914 0.0502008032128514 0.19829317269076305 0.0530245983935743 0.19264558232931725 0.05333835341365461
1 0.07875251004016064 0.07718373493975902 0.08000753012048192 0.07059487951807228 0.0825175702811245 0.06431977911646586 0.08565512048192771 0.05867218875502008 0.08942018072289155 0.054593373493975896 0.09349899598393573 0.051455823293172685 0.09757781124497991 0.04988704819277108 0.1032254016064257 0.04925953815261044 0.10855923694779115 0.04925953815261044 0.11263805220883533 0.04957329317269076 0.11608935742971886 0.05082831325301205 0.12110943775100401 0.05239708835341365 0.1242469879518072 0.053652108433734934 0.1267570281124498 0.05584839357429718 0.12863955823293172 0.06024096385542168 0.12895331325301204 0.0649472891566265 0.12863955823293172 0.07028112449799197 0.12769829317269074 0.07624246987951806 0.12738453815261044 0.08063504016064256 0.12738453815261044 0.08502761044176706 0.12738453815261044 0.0900476907630522 0.12707078313253012 0.09412650602409638 0.12581576305220882 0.0988328313253012 0.1242469879518072 0.1016566265060241 0.12236445783132528 0.1060491967871486 0.11985441767068271 0.11044176706827309 0.11734437751004016 0.11201054216867469 0.11326556224899598 0.11326556224899598 0.11044176706827309 0.11389307228915663 0.10667670682730922 0.1151480923694779 0.10385291164658633 0.11577560240963855 0.10071536144578312 0.11577560240963855 0.09757781124497991 0.11389307228915663 0.09287148594377509 0.11106927710843371 0.08847891566265059 0.1063629518072289 0.08502761044176706 0.10291164658634537 0.08157630522088354 0.09914658634538152 0.07906626506024096 0.09569528112449799 0.07686997991967871 0.09067520080321284 0.07624246987951806 0.0840863453815261
1 0.10448042168674698 0.2171184738955823 0.09318524096385541 0.2243348393574297 0.08314508032128513 0.22778614457831325 0.07875251004016064 0.2287274096385542 0.07404618473895581 0.2287274096385542 0.06996736947791164 0.22809989959839355 0.0665160642570281 0.2274723895582329 0.06369226907630522 0.22684487951807228 0.06024096385542168 0.22558985943775098 0.056789658634538144 0.22402108433734938 0.05396586345381526 0.22119728915662648 0.051455823293172685 0.2171184738955823 0.04800451807228915 0.21303965863453814 0.046121987951807226 0.21052961847389556 0.046121987951807226 0.21021586345381524 0.04409975669099756 0.20225060827250607 0.04219890510948905 0.19692822384428224 0.04257907542579075 0.19084549878345497 0.0458082329317269 0.18637048192771083 0.05427961847389558 0.18135040160642568 0.05867218875502008 0.17915411646586346 0.06620230923694778 0.17758534136546184 0.07561495983935743 0.17633032128514053 0.0840863453815261 0.17601656626506024 0.08973393574297188 0.17695783132530118 0.09569528112449799 0.17789909638554216 0.10259789156626506 0.17946787148594376 0.10667670682730922 0.18135040160642568 0.10981425702811244 0.18480170682730923 0.11201054216867469 0.18950803212851405 0.11295180722891565 0.19421435742971885 0.11326556224899598 0.20017570281124497 0.11263805220883533 0.20425451807228914 0.11138303212851405 0.20770582329317266 0.10887299196787148 0.2120983935742972
1 0.24316014056224897 0.13836596385542166 0.23123744979919678 0.1295808232931727 0.2274723895582329 0.1267570281124498 0.2227660642570281 0.12299196787148593 0.21837349397590358 0.11703062248995982 0.21492218875502006 0.11044176706827309 0.21429467871485944 0.1032254016064257 0.21649096385542166 0.09632279116465862 0.22119728915662648 0.0900476907630522 0.22715863453815258 0.08534136546184738 0.23186495983935743 0.0825175702811245 0.23719879518072287 0.08094879518072289 0.2419051204819277 0.08094879518072289 0.2462976907630522 0.08189006024096385 0.25257279116465864 0.08314508032128513 0.2582203815261044 0.08471385542168673 0.26324046184738953 0.08628263052208834 0.2707705823293172 0.08910642570281123 0.2751631526104417 0.0916164658634538 0.27861445783132527 0.09412650602409638 0.28394829317269077 0.09663654618473895 0.28896837349397586 0.09977409638554216 0.2933609437751004 0.10385291164658633 0.2958709839357429 0.10730421686746987 0.2968122489959839 0.11326556224899598 0.29712600401606426 0.12016817269076305 0.29743975903614456 0.12644327309236947 0.2968122489959839 0.13177710843373494 0.29461596385542166 0.1374246987951807 0.29147841365461846 0.14118975903614456 0.2864583333333333 0.14432730923694778 0.2820657630522088 0.14652359437751003 0.2779869477911647 0.14840612449799195 0.2742218875502008 0.14871987951807228 0.269515562248996 0.14871987951807228 0.2651229919678715 0.14777861445783133 0.26167168674698793 0.14683734939759036 0.25853413654618473 0.1458960843373494 0.25571034136546184 0.14526857429718873 0.25257279116465864 0.14432730923694778 0.2491214859437751 0.1421310240963855
1 0.20237198795180722 0.43925702811244977 0.19358684738955823 0.44019829317269077 0.1891942771084337 0.4398845381526104 0.18542921686746985 0.4389432730923694 0.18103664658634538 0.4370607429718875 0.17978162650602408 0.4358057228915662 0.17821285140562246 0.43329568273092367 0.17789909638554216 0.4285893574297189 0.17789909638554216 0.4235692771084337 0.1788403614457831 0.41949046184738953 0.18103664658634538 0.41478413654618473 0.18354668674698793 0.41196034136546184 0.18731174698795178 0.4100778112449799 0.1920180722891566 0.4085090361445783 0.19954819277108432 0.40537148594377503 0.21021586345381524 0.40317520080321284 0.21492218875502006 0.4025476907630522 0.21805973895582328 0.40223393574297184 0.22182479919678713 0.40192018072289154 0.22558985943775098 0.40223393574297184 0.23186495983935743 0.40348895582329314 0.23876757028112447 0.40474397590361444 0.24127761044176704 0.4066265060240964 0.2419051204819277 0.40819528112449793 0.24253263052208834 0.41196034136546184 0.24316014056224897 0.416039156626506 0.24316014056224897 0.4191767068273092 0.24316014056224897 0.4226280120481928 0.24253263052208834 0.4254518072289156 0.2403363453815261 0.4276480923694779 0.23719879518072287 0.4289031124497991 0.23406124497991965 0.4301581325301205 0.23123744979919678 0.43172690763052207 0.22935491967871482 0.43329568273092367 0.22809989959839355 0.43517821285140557 0.2259036144578313 0.4364332329317269 0.22245230923694775 0.4386295180722891 0.21962851405622488 0.4386295180722891 0.21523594377510039 0.4386295180722891 0.2111571285140562 0.4386295180722891 0.20770582329317266 0.4386295180722891
1 0.08157630522088354 0.4370607429718875 0.07498744979919678 0.4370607429718875 0.06682981927710843 0.43611947791164657 0.06306475903614457 0.43517821285140557 0.05898594377510039 0.43360943775100397 0.054593373493975896 0.4310993975903614 0.05114206827309236 0.4289031124497991 0.04769076305220883 0.4241967871485944 0.04549447791164658 0.4198042168674698 0.04486696787148594 0.41478413654618473 0.04486696787148594 0.40882279116465864 0.0458082329317269 0.4050577309236948 0.04894578313253011 0.4009789156626506 0.05239708835341365 0.3981551204819277 0.05710341365461847 0.3956450803212851 0.06243724899598393 0.39376255020080314 0.06839859437751003 0.39188002008032125 0.07435993975903614 0.3909387550200803 0.08220381526104417 0.39031124497991965 0.08942018072289155 0.39031124497991965 0.09726405622489959 0.39125251004016065 0.10385291164658633 0.3925075301204819 0.10981425702811244 0.3953313253012048 0.11357931726907629 0.39878263052208834 0.11577560240963855 0.40317520080321284 0.11734437751004016 0.4085090361445783 0.11797188755020079 0.4141566265060241 0.11797188755020079 0.4198042168674698 0.11765813253012047 0.422941767068273 0.11640311244979919 0.425765562248996 0.11452058232931725 0.4282756024096385 0.11106927710843371 0.4310993975903614 0.10793172690763052 0.4329819277108433 0.10385291164658633 0.4345507028112449 0.09946034136546184 0.43517821285140557 0.0960090361445783 0.4358057228915662 0.09193022088353413 0.43611947791164657 0.08659638554216867 0.43674698795180716
1 0.03168925702811245 0.36426957831325296 0.025414156626506024 0.36113202811244977 0.022590361445783132 0.3589357429718875 0.01945281124497992 0.35548443775100397 0.01694277108433735 0.3517193775100401 0.01506024096385542 0.3460717871485944 0.015373995983935742 0.33979668674698793 0.018511546184738954 0.3347766064257028 0.0251004016064257 0.3316390562248996 0.036395582329317264 0.330070281124498 0.0458082329317269 0.330070281124498 0.05396586345381526 0.33132530120481923 0.06024096385542168 0.33320783132530113 0.0649472891566265 0.33414909638554213 0.06965361445783132 0.33540411646586343 0.07561495983935743 0.33728664658634533 0.08157630522088354 0.33979668674698793 0.08753765060240963 0.3435617469879518 0.09318524096385541 0.34858182730923687 0.09569528112449799 0.35266064257028107 0.09726405622489959 0.3583082329317269 0.09538152610441766 0.36113202811244977 0.08973393574297188 0.36270080321285136 0.08440010040160642 0.36395582329317266 0.0796937751004016 0.36521084337349397 0.07435993975903614 0.3664658634538152 0.06965361445783132 0.36709337349397586 0.0633785140562249 0.3674071285140562 0.057730923694779106 0.36803463855421686 0.0530245983935743 0.36834839357429716 0.048318273092369475 0.36834839357429716 0.042356927710843366 0.36803463855421686 0.03765060240963855 0.36677961847389556
1 0.019139056224899597 0.293988453815261 0.016629016064257027 0.2936746987951807 0.013177710843373493 0.2927334337349397 0.008471385542168674 0.29053714859437746 0.005333835341365461 0.29053714859437746 0.00031375502008032123 0.2877133534136546 0.0006275100401606425 0.2679467871485944 0.00251004016064257 0.266691767068273 0.008157630522088353 0.2654367469879518 0.014746485943775098 0.26449548192771083 0.022276606425702807 0.26449548192771083 0.028551706827309235 0.2648092369477911 0.03859186746987951 0.2663780120481928 0.04706325301204819 0.2682605421686747 0.05396586345381526 0.2710843373493976 0.05898594377510039 0.2748493975903614 0.06180973895582329 0.2801832329317269 0.06243724899598393 0.285203313253012 0.06024096385542168 0.2892821285140562 0.056475903614457826 0.2924196787148594 0.05208333333333333 0.2943022088353413 0.04769076305220883 0.29555722891566266 0.04204317269076305 0.2958709839357429 0.036395582329317264 0.29618473895582326 0.0310617469879518 0.2958709839357429 0.024159136546184738 0.29461596385542166
1 0.00972640562248996 0.44239457831325296 0.014118975903614456 0.4474146586345381 0.01694277108433735 0.45368975903614456 0.01788403614457831 0.46090612449799195 0.017570281124497992 0.4674949799196787 0.014432730923694776 0.4737700803212851 0.010353915662650601 0.47722138554216864 0.003451305220883534 0.4806726907630522 0.00031375502008032123 0.4822414658634538 0.00031375502008032123 0.43517821285140557 0.004706325301204819 0.4386295180722891
1 0.00502008032128514 0.5001255020080321 0.00972640562248996 0.4985567269076305 0.019139056224899597 0.49761546184738953 0.03012048192771084 0.4973017068273092 0.03859186746987951 0.4969879518072288 0.04674949799196786 0.4969879518072288 0.053652108433734934 0.4982429718875502 0.06118222891566264 0.4998117469879518 0.06714357429718874 0.5023217871485943 0.07122238955823293 0.5079693775100401 0.07341867469879518 0.5158132530120482 0.07153614457831324 0.5224021084337349 0.06902610441767068 0.5267946787148594 0.0649472891566265 0.5305597389558233 0.05867218875502008 0.5336972891566264 0.0502008032128514 0.5365210843373494 0.03702309236947791 0.5365210843373494 0.03168925702811245 0.5368348393574297 0.02290411646586345 0.5346385542168675 0.01568775100401606 0.5327560240963856 0.008471385542168674 0.5296184738955823 0.003451305220883534 0.5267946787148594 0.00031375502008032123 0.5239708835341365 0.0 0.5035768072289156
1 0.17915411646586346 0.5462474899598393 0.17507530120481926 0.5399723895582329 0.1725652610441767 0.53714859437751 0.16942771084337346 0.5327560240963856 0.16848644578313252 0.52742218875502 0.16848644578313252 0.5224021084337349 0.17036897590361447 0.5167545180722891 0.17319277108433734 0.5111069277108433 0.17821285140562246 0.5051455823293173 0.18260542168674698 0.5016942771084337 0.18762550200803213 0.4991842369477911 0.19264558232931725 0.4973017068273092 0.19703815261044175 0.4957329317269076 0.20299949799196784 0.4951054216867469 0.20896084337349397 0.49479166666666663 0.21460843373493974 0.4951054216867469 0.21900100401606426 0.4957329317269076 0.22370732931726905 0.4969879518072288 0.2290411646586345 0.4982429718875502 0.23500251004016062 0.4998117469879518 0.24096385542168672 0.502008032128514 0.24567018072289154 0.5045180722891566 0.24723895582329317 0.5064006024096385 0.2484939759036144 0.5104794176706827 0.25006275100401604 0.5158132530120482 0.25131777108433734 0.519578313253012 0.25288654618473894 0.5233433734939759 0.25445532128514053 0.5277359437751004 0.25602409638554213 0.5318147590361445 0.25602409638554213 0.535266064257028 0.25445532128514053 0.539031124497992 0.25131777108433734 0.5415411646586344 0.2484939759036144 0.544051204819277 0.24723895582329317 0.5456199799196786 0.24598393574297187 0.547816265060241 0.24347389558232932 0.5503263052208834 0.24096385542168672 0.5522088353413654 0.23845381526104417 0.5534638554216866 0.23500251004016062 0.5550326305220883 0.2302961847389558 0.5569151606425702 0.22558985943775098 0.5581701807228915 0.21931475903614456 0.5591114457831325 0.2139809236947791 0.5600527108433735 0.20896084337349397 0.5600527108433735 0.20550953815261044 0.5600527108433735 0.2004894578313253 0.5587976907630522 0.1976656626506024 0.5575426706827309 0.1932730923694779 0.5550326305220883 0.1891942771084337 0.5531501004016064 0.1860567269076305 0.5512675702811245
1 0.023531626506024094 0.6068022088353413 0.01725652610441767 0.613391064257028 0.009098895582329316 0.6193524096385541 0.003765060240963855 0.623117469879518 0.00031375502008032123 0.6246862449799196 0.0009412650602409637 0.5638177710843374 0.0031375502008032124 0.562562751004016 0.009098895582329316 0.561621485943775 0.01506024096385542 0.5613077309236947 0.021021586345381524 0.5613077309236947 0.028237951807228913 0.5613077309236947 0.03168925702811245 0.5619352409638554 0.03482680722891566 0.5641315261044176 0.03765060240963855 0.5669553212851405 0.04016064257028112 0.5710341365461847 0.041101907630522086 0.5751129518072289 0.041415662650602404 0.580133032128514 0.04078815261044177 0.5842118473895581 0.03953313253012048 0.5876631526104418 0.03765060240963855 0.5917419678714858 0.03576807228915662 0.5948795180722891 0.03325803212851405 0.597703313253012 0.030434236947791165 0.6008408634538152 0.027296686746987948 0.6042921686746987
1 0.18135040160642568 0.7288529116465863 0.1753890562248996 0.7216365461847388 0.17350652610441764 0.7175577309236947 0.1709964859437751 0.711910140562249 0.16785893574297187 0.7062625502008031 0.16660391566265056 0.7006149598393574 0.16754518072289154 0.6946536144578312 0.17005522088353411 0.6886922690763052 0.17319277108433734 0.68367218875502 0.17633032128514053 0.6805346385542168 0.181664156626506 0.676769578313253 0.18668423694779115 0.6736320281124498 0.19076305220883533 0.6723770080321285 0.19578313253012045 0.6720632530120482 0.2020582329317269 0.6733182730923695 0.20833333333333331 0.675828313253012 0.2127259036144578 0.6780245983935742 0.21774598393574296 0.6811621485943775 0.22119728915662648 0.6842996987951807 0.2243348393574297 0.6877510040160643 0.22684487951807228 0.691516064257028 0.2290411646586345 0.6962223895582329 0.23060993975903613 0.7006149598393574 0.23186495983935743 0.7056350401606425 0.23249246987951805 0.7103413654618473 0.23280622489959837 0.7147339357429718 0.23343373493975902 0.7200677710843373 0.23343373493975902 0.7244603413654619 0.2331199799196787 0.7301079317269076 0.23123744979919678 0.7348142570281124 0.22935491967871482 0.7392068273092369 0.22715863453815258 0.7429718875502007 0.22245230923694775 0.7464231927710843 0.21617720883534136 0.7473644578313253 0.20770582329317266 0.7473644578313253 0.199234437751004 0.7457956827309237 0.19295933734939757 0.7435993975903614 0.18699799196787145 0.7366967871485943
1 0.10855923694779115 0.709086345381526 0.10008785140562249 0.7106551204819277 0.09130271084337349 0.7103413654618473 0.08659638554216867 0.7078313253012047 0.08283132530120481 0.7028112449799196 0.08126255020080321 0.6965361445783133 0.08094879518072289 0.689633534136546 0.08220381526104417 0.6842996987951807 0.08440010040160642 0.6789658634538152 0.086910140562249 0.674887048192771 0.0900476907630522 0.6714357429718875 0.0944402610441767 0.668925702811245 0.1004016064257028 0.6657881526104418 0.10448042168674698 0.6635918674698794 0.11295180722891565 0.6598268072289156 0.12079568273092368 0.6570030120481928 0.12895331325301204 0.6538654618473896 0.1358559236947791 0.6522966867469879 0.14118975903614456 0.6526104417670683 0.14809236947791163 0.6563755020080321 0.15154367469879518 0.6623368473895581 0.1506024096385542 0.6686119477911646 0.14871987951807228 0.6745732931726907 0.14652359437751003 0.6799071285140562 0.14401355421686748 0.6833584337349397 0.14024849397590358 0.6874372489959839 0.13648343373493974 0.6912023092369477 0.1327183734939759 0.6943398594377509 0.12926706827309237 0.6971636546184737 0.12456074297188754 0.7009287148594378 0.11859939759036144 0.7053212851405621
1 0.32097138554216864 0.6620230923694778 0.31501004016064255 0.660140562248996 0.31218624497991965 0.6579442771084337 0.3093624497991968 0.6560617469879517 0.30653865461847385 0.6541792168674697 0.3040286144578313 0.6519829317269076 0.30214608433734935 0.6494728915662651 0.3008910642570281 0.6460215863453815 0.30151857429718876 0.640687751004016 0.30371485943775095 0.6366089357429718 0.30747991967871485 0.6331576305220883 0.311558734939759 0.630961345381526 0.3172063253012048 0.6297063253012047 0.32097138554216864 0.6290788152610441 0.3259914658634538 0.6287650602409638 0.33069779116465864 0.6287650602409638 0.33540411646586343 0.6293925702811245 0.3391691767068273 0.630961345381526 0.3435617469879518 0.6328438755020079 0.3463855421686747 0.6344126506024096 0.3488955823293172 0.6366089357429718 0.3514056224899598 0.6394327309236947 0.35391566265060237 0.6410015060240963 0.3583082329317269 0.6435115461847388 0.36113202811244977 0.6453940763052208 0.3614457831325301 0.6475903614457831 0.36113202811244977 0.6504141566265059 0.35799447791164657 0.6541792168674697 0.35517068273092367 0.657316767068273 0.3504643574297189 0.6604543172690762 0.3463855421686747 0.6617093373493976 0.3416792168674698 0.6620230923694778 0.3376004016064257 0.6623368473895581 0.33414909638554213 0.6623368473895581 0.3294427710843373 0.6623368473895581 0.32410893574297184 0.6620230923694778
1 0.40819528112449793 0.6764558232931727 0.40066516064257024 0.6742595381526103 0.3959588353413654 0.6717494979919678 0.39219377510040154 0.6682981927710843 0.389683734939759 0.6645331325301205 0.38717369477911645 0.6591992971887549 0.3865461847389558 0.6532379518072289 0.3868599397590361 0.6463353413654619 0.3884287148594377 0.640687751004016 0.39125251004016065 0.6340988955823293 0.3953313253012048 0.6278237951807228 0.39941014056224894 0.6240587349397589 0.40631275100401604 0.6218624497991968 0.4135291164658634 0.6209211847389557 0.4216867469879518 0.6209211847389557 0.43266817269076296 0.622176204819277 0.44113955823293166 0.6237449799196786 0.44929718875502006 0.625941265060241 0.4540035140562249 0.6284513052208834 0.45839608433734935 0.6322163654618473 0.4605923694779116 0.6353539156626505 0.46184738955823285 0.6384914658634538 0.4634161646586345 0.6435115461847388 0.46435742971887545 0.6479041164658634 0.4649849397590361 0.6538654618473896 0.46435742971887545 0.660140562248996 0.46247489959839355 0.6657881526104418 0.45933734939759036 0.6711219879518071 0.4555722891566265 0.6745732931726907 0.45117971887550196 0.6773970883534136 0.44772841365461846 0.6789658634538152 0.44270833333333326 0.6799071285140562 0.4370607429718875 0.6814759036144579 0.4329819277108433 0.681789658634538 0.4282756024096385 0.6814759036144579 0.4223142570281124 0.6805346385542168 0.41792168674698793 0.6799071285140562 0.415097891566265 0.6786521084337348
1 0.27892821285140557 0.7479919678714858 0.2761044176706827 0.7448544176706826 0.2735943775100401 0.7407756024096385 0.2720256024096385 0.736383032128514 0.2720256024096385 0.7316767068273092 0.2735943775100401 0.726656626506024 0.2767319277108433 0.7222640562248995 0.2808107429718875 0.718812751004016 0.28708584337349397 0.7163027108433735 0.293988453815261 0.7144201807228915 0.29900853413654616 0.7144201807228915 0.30496987951807225 0.7147339357429718 0.3087349397590361 0.7159889558232931 0.3134412650602409 0.717871485943775 0.3175200803212851 0.7194402610441767 0.3219126506024096 0.7210090361445782 0.32661897590361444 0.7228915662650602 0.33132530120481923 0.724774096385542 0.3344628514056225 0.7263428714859437 0.33728664658634533 0.7282254016064257 0.3394829317269076 0.7310491967871485 0.3416792168674698 0.7351280120481928 0.34262048192771083 0.7395205823293173 0.3429342369477911 0.747050702811245 0.34230672690763053 0.7533258032128514 0.3404241967871486 0.7589733935742972 0.33697289156626503 0.7627384538152611 0.33320783132530113 0.7646209839357428 0.32724648594377503 0.7661897590361445 0.3200301204819277 0.7668172690763052 0.3143825301204819 0.7671310240963856 0.3087349397590361 0.7668172690763052 0.3024598393574297 0.7658760040160641 0.29712600401606426 0.7643072289156626 0.2933609437751004 0.7621109437751004 0.28802710843373497 0.7586596385542168 0.284262048192771 0.7552083333333333
1 0.44270833333333326 0.7724648594377509 0.4276480923694779 0.7699548192771084 0.4232555220883534 0.7686997991967871 0.4185491967871486 0.7674447791164657 0.4141566265060241 0.7655622489959839 0.4110190763052209 0.7627384538152611 0.40945030120481923 0.7596009036144579 0.40976405622489953 0.7558358433734939 0.4110190763052209 0.7523845381526103 0.4132153614457831 0.7501882530120482 0.41823544176706823 0.747050702811245 0.424824297188755 0.7445406626506023 0.43486445783132527 0.7417168674698794 0.44239457831325296 0.7401480923694778 0.45431726907630515 0.7398343373493976 0.46247489959839355 0.7410893574297188 0.4681224899598393 0.7435993975903614 0.4737700803212851 0.7464231927710843 0.47690763052208834 0.7492469879518071 0.48004518072289154 0.753953313253012 0.48130020080321284 0.7586596385542168 0.48130020080321284 0.7624246987951807 0.47879016064257024 0.7665035140562249 0.475652610441767 0.7690135542168673 0.4722013052208835 0.7708960843373494 0.46937751004016065 0.7724648594377509 0.4640436746987951 0.7740336345381525 0.45965110441767065 0.7740336345381525 0.4521209839357429 0.7730923694779116
1 0.5368348393574297 0.6507279116465863 0.5362073293172691 0.6469628514056224 0.535266064257028 0.6444528112449799 0.5349523092369477 0.641629016064257 0.5349523092369477 0.6372364457831325 0.535266064257028 0.6328438755020079 0.5368348393574297 0.6290788152610441 0.5387173694779116 0.6262550200803213 0.5412274096385541 0.6224899598393574 0.5437374497991968 0.6196661646586344 0.5465612449799196 0.6155873493975903 0.5493850401606425 0.6111947791164659 0.5515813253012049 0.6077434738955823 0.5550326305220883 0.6046059236947791 0.5584839357429718 0.6027233935742972 0.5613077309236947 0.6024096385542168 0.5657003012048192 0.6033509036144579 0.570406626506024 0.60554718875502 0.5735441767068272 0.6080572289156626 0.5763679718875501 0.6111947791164659 0.5782505020080321 0.6143323293172691 0.5798192771084337 0.6180973895582329 0.5810742971887549 0.6224899598393574 0.5813880522088353 0.6265687751004017 0.5810742971887549 0.6325301204819277 0.5788780120481928 0.640687751004016 0.5776229919678715 0.6450803212851405 0.5751129518072289 0.6510416666666666 0.5726029116465863 0.6554342369477911 0.5691516064257027 0.6595130522088353 0.5660140562248995 0.6623368473895581 0.563504016064257 0.6642193775100401 0.5609939759036143 0.6648468875502008 0.5578564257028111 0.6657881526104418 0.5547188755020079 0.6664156626506023 0.5506400602409638 0.6673569277108433 0.5481300200803213 0.6673569277108433 0.5453062248995983 0.666101907630522 0.5424824297188754 0.6645331325301205 0.5399723895582329 0.6613955823293173 0.5387173694779116 0.658258032128514
1 0.05710341365461847 0.7621109437751004 0.06526104417670682 0.7570908634538152 0.06902610441767068 0.7555220883534136 0.07310491967871485 0.753012048192771 0.07906626506024096 0.7489332329317269 0.08440010040160642 0.7461094377510039 0.08910642570281123 0.745168172690763 0.09412650602409638 0.7448544176706826 0.09914658634538152 0.7454819277108433 0.10353915662650602 0.7476782128514056 0.10793172690763052 0.7501882530120482 0.11138303212851405 0.7533258032128514 0.11169678714859436 0.7580321285140562 0.10981425702811244 0.7658760040160641 0.10824548192771083 0.77152359437751 0.10761797188755019 0.7799949799196786 0.10448042168674698 0.7865838353413654 0.10259789156626506 0.7909764056224898 0.10008785140562249 0.7944277108433735 0.09287148594377509 0.8019578313253012 0.08157630522088354 0.8076054216867469 0.07781124497991967 0.8082329317269076 0.07247740963855422 0.8091741967871485 0.0677710843373494 0.8091741967871485 0.06275100401606425 0.8091741967871485 0.05929969879518072 0.8088604417670682 0.05616214859437751 0.8079191767068272 0.05208333333333333 0.8050953815261044 0.04894578313253011 0.8025853413654617 0.045180722891566265 0.8003890562248995 0.043298192771084335 0.7953689759036143 0.042356927710843366 0.7884663654618473 0.04267068273092369 0.7815637550200802 0.044239457831325296 0.7765436746987951 0.046435742971887545 0.7724648594377509 0.04925953815261044 0.7683860441767068 0.0530245983935743 0.7652484939759036
1 0.1509161646586345 0.8195281124497991 0.15373995983935743 0.8192143574297188 0.15813253012048192 0.8201556224899598 0.16315261044176707 0.8201556224899598 0.16785893574297187 0.8198418674698794 0.1716239959839357 0.8207831325301205 0.1753890562248996 0.8239206827309237 0.17821285140562246 0.8267444779116465 0.18103664658634538 0.8295682730923695 0.1829191767068273 0.8327058232931727 0.18542921686746985 0.8370983935742972 0.18731174698795178 0.8411772088353413 0.1888805220883534 0.8446285140562249 0.19107680722891565 0.8493348393574297 0.1917043172690763 0.8530998995983935 0.1917043172690763 0.8571787148594378 0.190449297188755 0.8612575301204818 0.18699799196787145 0.8656501004016063 0.18386044176706826 0.8691014056224898 0.1804091365461847 0.8709839357429718 0.17758534136546184 0.8719252008032128 0.1716239959839357 0.8725527108433735 0.16691767068273092 0.8719252008032128 0.16127008032128512 0.8684738955823292 0.15530873493975902 0.8640813253012047 0.1509161646586345 0.857492469879518 0.14871987951807228 0.8518448795180722 0.147464859437751 0.8455697791164657 0.14652359437751003 0.8392946787148594 0.1462098393574297 0.8352158634538152 0.1462098393574297 0.8317645582329316 0.1462098393574297 0.8279994979919678 0.14652359437751003 0.8248619477911646 0.14809236947791163 0.822351907630522
1 0.2688880522088353 0.8141942771084337 0.2710843373493976 0.8101154618473896 0.2742218875502008 0.8066641566265059 0.27735943775100397 0.8032128514056224 0.28143825301204817 0.7997615461847388 0.2848895582329317 0.7972515060240963 0.28896837349397586 0.7944277108433735 0.2936746987951807 0.7919176706827308 0.29806726907630515 0.7903488955823292 0.301832329317269 0.7894076305220883 0.30371485943775095 0.7890938755020079 0.3043423694779116 0.7887801204819277 0.30779367469879515 0.7878388554216866 0.31375502008032125 0.788152610441767 0.31908885542168675 0.7909764056224898 0.32410893574297184 0.7941139558232931 0.3269327309236948 0.796937751004016 0.3275602409638554 0.8010165662650602 0.32661897590361444 0.8060366465863453 0.3244226907630522 0.8113704819277108 0.32222640562248994 0.8167043172690762 0.31971636546184734 0.8214106425702811 0.3168925702811245 0.8261169678714858 0.31406877510040154 0.83019578313253 0.3103037148594377 0.8342745983935742 0.30559738955823296 0.8383534136546184 0.3012048192771084 0.8414909638554217 0.2968122489959839 0.8443147590361445 0.29304718875502006 0.8461972891566264 0.28802710843373497 0.8480798192771084 0.284262048192771 0.848707329317269 0.2776731927710843 0.8483935742971888 0.2748493975903614 0.8471385542168673 0.2713980923694779 0.8440010040160641 0.2701430722891566 0.8424322289156625 0.2679467871485944 0.8386671686746987 0.2654367469879518 0.8342745983935742 0.2638679718875502 0.8286270080321284 0.2635542168674699 0.823293172690763 0.26449548192771083 0.8189006024096385
1 0.36803463855421686 0.8512173694779116 0.36803463855421686 0.8449422690763052 0.36834839357429716 0.8389809236947791 0.3699171686746988 0.8342745983935742 0.37148594377510036 0.8295682730923695 0.37368222891566266 0.825175702811245 0.3768197791164658 0.8220381526104418 0.38027108433734935 0.8195281124497991 0.38278112449799195 0.8170180722891566 0.3865461847389558 0.8141942771084337 0.3909387550200803 0.8110567269076304 0.3956450803212851 0.8088604417670682 0.40129267068273083 0.8082329317269076 0.4075677710843373 0.8079191767068272 0.4141566265060241 0.8082329317269076 0.4198042168674698 0.8091741967871485 0.422941767068273 0.8104292168674697 0.4260793172690763 0.8123117469879517 0.4289031124497991 0.8154492971887549 0.4298443775100401 0.8217243975903614 0.4282756024096385 0.8286270080321284 0.42513805220883527 0.8361571285140562 0.4223142570281124 0.8421184738955823 0.4201179718875502 0.8468247991967871 0.416039156626506 0.8524723895582329 0.4125878514056225 0.8556099397590361 0.40945030120481923 0.8581199799196786 0.4041164658634538 0.8615712851405621 0.39878263052208834 0.8640813253012047 0.39376255020080314 0.8653363453815259 0.39031124497991965 0.8656501004016063 0.3852911646586345 0.8656501004016063 0.38089859437751 0.8647088353413654 0.37556475903614456 0.8625125502008031 0.3705446787148594 0.8593749999999999 0.3677208835341365 0.8562374497991967
1 0.47188755020080314 0.860316265060241 0.4696912650602409 0.8578062248995982 0.46718122489959835 0.8537274096385541 0.4662399598393574 0.84964859437751 0.46592620481927705 0.8449422690763052 0.4665537148594377 0.83992218875502 0.46843624497991965 0.8352158634538152 0.47031877510040154 0.8305095381526103 0.47282881526104414 0.8254894578313253 0.476593875502008 0.8214106425702811 0.4822414658634538 0.8173318273092369 0.48788905622489953 0.8148217871485942 0.49290913654618473 0.8138805220883534 0.4985567269076305 0.8129392570281124 0.5035768072289156 0.8123117469879517 0.5089106425702811 0.8123117469879517 0.5139307228915662 0.8126255020080321 0.5192645582329317 0.813566767068273 0.5242846385542168 0.8157630522088353 0.5280496987951807 0.8185868473895581 0.5324422690763052 0.822351907630522 0.5346385542168675 0.8270582329317268 0.5355798192771084 0.8345883534136546 0.5343247991967871 0.8424322289156625 0.5311872489959839 0.847766064257028 0.5261671686746987 0.8521586345381525 0.5217745983935742 0.8543549196787148 0.5164407630522088 0.8556099397590361 0.5114206827309237 0.8568649598393574 0.5060868473895582 0.8581199799196786 0.501066767068273 0.8593749999999999 0.4957329317269076 0.8612575301204818 0.49039909638554213 0.8625125502008031 0.48600652610441764 0.8637675702811245 0.4822414658634538 0.8640813253012047 0.47722138554216864 0.8634538152610441
1 0.20394076305220882 0.8942018072289156 0.20739206827309237 0.8879267068273092 0.21021586345381524 0.8857304216867469 0.21335341365461843 0.8832203815261044 0.21649096385542166 0.8800828313253012 0.21962851405622488 0.8769452811244979 0.22245230923694775 0.8738077309236947 0.22527610441767065 0.8706701807228915 0.2290411646586345 0.8672188755020079 0.2331199799196787 0.8643950803212851 0.2378263052208835 0.8628263052208834 0.24410140562248994 0.8621987951807228 0.25006275100401604 0.8621987951807228 0.2547690763052209 0.8643950803212851 0.25571034136546184 0.8700426706827308 0.2553965863453815 0.8753765060240963 0.25414156626506024 0.8807103413654617 0.25163152610441764 0.8851029116465863 0.2491214859437751 0.8885542168674697 0.24723895582329317 0.8920055220883534 0.2450426706827309 0.8967118473895581 0.24347389558232932 0.9001631526104418 0.24096385542168672 0.903300702811245 0.2378263052208835 0.9070657630522088 0.23468875502008033 0.911144578313253 0.23123744979919678 0.9149096385542168 0.22778614457831325 0.91804718875502 0.22464859437751003 0.9211847389558232 0.2202560240963855 0.9230672690763052 0.2095883534136546 0.924008534136546 0.20739206827309237 0.9221260040160641 0.2064508032128514 0.91804718875502 0.20613704819277107 0.9120858433734939 0.20550953815261044 0.9058107429718875 0.20488202811244977 0.9007906626506023
1 0.3529743975903614 0.9120858433734939 0.35956325301204817 0.9067520080321284 0.363328313253012 0.9051832329317268 0.36709337349397586 0.9036144578313252 0.3705446787148594 0.9017319277108433 0.37556475903614456 0.8998493975903614 0.38027108433734935 0.8979668674698794 0.38466365461847385 0.8967118473895581 0.38905622489959835 0.8960843373493975 0.3940763052208835 0.8970256024096385 0.3981551204819277 0.8998493975903614 0.4025476907630522 0.9026731927710843 0.40537148594377503 0.9054969879518071 0.4085090361445783 0.9089482931726907 0.40976405622489953 0.9130271084337348 0.4100778112449799 0.9183609437751004 0.40976405622489953 0.924008534136546 0.40882279116465864 0.9280873493975902 0.4044302208835341 0.9334211847389557 0.40035140562248994 0.9371862449799196 0.39439006024096385 0.9403237951807227 0.389683734939759 0.9431475903614458 0.3840361445783132 0.9459713855421686 0.3780747991967871 0.9481676706827308 0.3699171686746988 0.9494226907630522 0.362387048192771 0.9494226907630522 0.35391566265060237 0.9465988955823292 0.347640562248996 0.9425200803212851 0.3445030120481928 0.9362449799196786 0.3441892570281124 0.9296561244979918 0.3445030120481928 0.9243222891566264 0.345758032128514 0.9205572289156625 0.34858182730923687 0.9164784136546184
1 0.29147841365461846 0.9494226907630522 0.2933609437751004 0.9440888554216866 0.2958709839357429 0.9390687751004015 0.29900853413654616 0.9340486947791165 0.3024598393574297 0.9305973895582329 0.3059111445783132 0.9290286144578312 0.311558734939759 0.9287148594377509 0.3187751004016064 0.9309111445783133 0.32410893574297184 0.9343624497991967 0.32975652610441764 0.9393825301204818 0.33540411646586343 0.9434613453815259 0.3391691767068273 0.9469126506024096 0.3419929718875502 0.951305220883534 0.344816767068273 0.9582078313253012 0.346699297188755 0.9644829317269076 0.3482680722891566 0.969816767068273 0.3492093373493976 0.9748368473895581 0.3498368473895582 0.9823669678714858 0.34858182730923687 0.9886420682730923 0.345758032128514 0.9933483935742972 0.34230672690763053 0.9964859437751004 0.33519860692771053 0.9989583333333333 0.330070281124498 0.9989583333333333 0.3172063253012048 0.9980547188755019 0.31375502008032125 0.9964859437751004 0.30904869477911645 0.9936621485943775 0.3043423694779116 0.9895833333333333 0.30151857429718876 0.98644578313253 0.29900853413654616 0.9820532128514056 0.29649849397590355 0.9764056224899598 0.29461596385542166 0.9716992971887549 0.29304718875502006 0.9682479919678714 0.29147841365461846 0.9638554216867469 0.28990963855421686 0.959149096385542
1 0.717871485943775 0.9716992971887549 0.7213227911646586 0.969816767068273 0.7263428714859437 0.967934236947791 0.7304216867469879 0.9669929718875501 0.7335592369477911 0.9660517068273092 0.7370105421686746 0.9657379518072289 0.7448544176706826 0.9660517068273092 0.7495607429718875 0.9676204819277108 0.7514432730923695 0.9701305220883534 0.7514432730923695 0.9748368473895581 0.7508157630522088 0.979543172690763 0.7498744979919678 0.9855045180722891 0.7498744979919678 0.9895833333333333 0.7495607429718875 0.9955446787148593 0.7483194140197151 0.9989583333333333 0.7046937751004015 0.9989583333333333 0.7046937751004015 0.9952309236947791 0.7056350401606425 0.9920933734939759 0.7072038152610441 0.988328313253012 0.7078313253012047 0.9858182730923695 0.7087725903614458 0.9833082329317268 0.7103413654618473 0.9798569277108433 0.7128514056224898 0.9760918674698794
1 0.7928589357429718 0.9742093373493975 0.7947414658634538 0.9666792168674697 0.7966239959839356 0.9626004016064257 0.7994477911646586 0.9575803212851405 0.8025853413654617 0.953187751004016 0.8069779116465863 0.9478539156626505 0.8107429718875501 0.944402610441767 0.8148217871485942 0.9415788152610441 0.8195281124497991 0.9390687751004015 0.8214106425702811 0.938441265060241 0.8220381526104418 0.9381275100401606 0.8242344377510039 0.9374999999999999 0.8261169678714858 0.9368724899598393 0.8317645582329316 0.9353037148594378 0.8389809236947791 0.9337349397590361 0.847766064257028 0.9321661646586344 0.8543549196787148 0.9312248995983935 0.8584337349397589 0.9312248995983935 0.8637675702811245 0.932793674698795 0.8694151606425702 0.9353037148594378 0.873180220883534 0.9387550200803213 0.8753765060240963 0.9437751004016063 0.8766315261044176 0.9509914658634538 0.8756902610441767 0.9594628514056224 0.873180220883534 0.9666792168674697 0.8697289156626505 0.9738955823293173 0.8665913654618473 0.9773468875502007 0.8615712851405621 0.981425702811245 0.8530998995983935 0.9867595381526103 0.8443147590361445 0.9924071285140561 0.838039658634538 0.9952309236947791 0.8317645582329316 0.997113453815261 0.8236069277108433 0.9986822289156625 0.8201096050870134 0.9989583333333333 0.8054091365461847 0.9989583333333333 0.8010165662650602 0.9977409638554217 0.795996485943775 0.9949171686746987 0.7925451807228915 0.9902108433734939 0.7909764056224898 0.9845632530120482 0.7912901606425702 0.9801706827309236
1 0.8214106425702811 0.822351907630522 0.8248619477911646 0.8207831325301205 0.8308232931726907 0.8189006024096385 0.8370983935742972 0.8179593373493975 0.8414909638554217 0.8167043172690762 0.8449422690763052 0.8160768072289156 0.848707329317269 0.8157630522088353 0.8527861445783133 0.8157630522088353 0.8578062248995982 0.8167043172690762 0.8618850401606425 0.8185868473895581 0.8656501004016063 0.822351907630522 0.8678463855421686 0.8264307228915662 0.8694151606425702 0.8317645582329316 0.8703564257028111 0.838039658634538 0.8703564257028111 0.8427459839357428 0.8700426706827308 0.8465110441767068 0.8678463855421686 0.847766064257028 0.8643950803212851 0.8493348393574297 0.8606300200803213 0.84964859437751 0.8540411646586344 0.8509036144578312 0.8471385542168673 0.8527861445783133 0.8414909638554217 0.8543549196787148 0.8364708835341365 0.8559236947791165 0.8305095381526103 0.857492469879518 0.825175702811245 0.857492469879518 0.8207831325301205 0.8549824297188754 0.8173318273092369 0.8524723895582329 0.8148217871485942 0.84964859437751 0.8129392570281124 0.8443147590361445 0.8126255020080321 0.838039658634538 0.8141942771084337 0.831137048192771 0.8170180722891566 0.8261169678714858
1 0.9114583333333333 0.8317645582329316 0.9073795180722891 0.8273719879518071 0.9054969879518071 0.8254894578313253 0.9023594377510039 0.8226656626506023 0.8998493975903614 0.8195281124497991 0.8976531124497991 0.8160768072289156 0.8960843373493975 0.8110567269076304 0.8951430722891566 0.8060366465863453 0.8948293172690762 0.8000753012048192 0.8954568273092369 0.7941139558232931 0.8976531124497991 0.7887801204819277 0.901418172690763 0.7856425702811245 0.90832078313253 0.7837600401606425 0.9136546184738955 0.7831325301204818 0.9202434738955823 0.7834462851405621 0.9299698795180722 0.7847013052208834 0.9415788152610441 0.7887801204819277 0.946285140562249 0.7909764056224898 0.9503639558232931 0.7938002008032128 0.9544427710843373 0.7972515060240963 0.9582078313253012 0.8013303212851405 0.9616591365461847 0.8063504016064257 0.9644829317269076 0.8119979919678714 0.9660517068273092 0.8182730923694778 0.9654241967871485 0.8258032128514056 0.9635416666666665 0.832078313253012 0.9597766064257027 0.838039658634538 0.9563253012048192 0.840863453815261 0.9516189759036143 0.8424322289156625 0.9472264056224898 0.8430597389558232 0.9428338353413654 0.8430597389558232 0.9387550200803213 0.8427459839357428 0.934676204819277 0.8418047188755019 0.9312248995983935 0.840863453815261 0.9265185742971886 0.83992218875502 0.9230672690763052 0.8383534136546184 0.9174196787148593 0.8364708835341365 0.9145958835341365 0.8342745983935742
1 0.6842996987951807 0.7175577309236947 0.6789658634538152 0.7144201807228915 0.6755145582329317 0.7112826305220883 0.6730045180722891 0.7065763052208834 0.6723770080321285 0.7006149598393574 0.6761420682730923 0.6955948795180722 0.6821034136546184 0.6918298192771084 0.689633534136546 0.6902610441767068 0.6955948795180722 0.6890060240963856 0.7021837349397589 0.6890060240963856 0.7065763052208834 0.6890060240963856 0.7109688755020079 0.689633534136546 0.7153614457831324 0.6908885542168673 0.7228915662650602 0.6930848393574297 0.7294804216867469 0.695281124497992 0.7351280120481928 0.6977911646586344 0.7388930722891566 0.7015562248995983 0.7410893574297188 0.7068900602409638 0.7417168674698794 0.711910140562249 0.7417168674698794 0.7175577309236947 0.7395205823293173 0.7203815261044176 0.7360692771084337 0.7225778112449799 0.7326179718875501 0.7238328313253012 0.7269703815261044 0.7254016064257027 0.7225778112449799 0.7260291164658634 0.716930220883534 0.7263428714859437 0.7141064257028111 0.7263428714859437 0.7112826305220883 0.724774096385542 0.7072038152610441 0.7228915662650602 0.7031249999999999 0.7216365461847388 0.6990461847389557 0.7216365461847388 0.6949673694779116 0.7216365461847388 0.691516064257028 0.7203815261044176
1 0.5832705823293173 0.6968498995983936 0.5873493975903614 0.6886922690763052 0.588918172690763 0.6864959839357428 0.5914282128514056 0.68367218875502 0.5929969879518071 0.6814759036144579 0.5961345381526103 0.6777108433734939 0.5983308232931727 0.674887048192771 0.6011546184738955 0.6723770080321285 0.6042921686746987 0.6698669678714858 0.6077434738955823 0.668925702811245 0.6146460843373494 0.6682981927710843 0.6202936746987951 0.6686119477911646 0.6243724899598393 0.6714357429718875 0.6278237951807228 0.6742595381526103 0.6290788152610441 0.6764558232931727 0.630961345381526 0.6808483935742972 0.6322163654618473 0.6842996987951807 0.6328438755020079 0.6880647590361445 0.6328438755020079 0.6918298192771084 0.6306475903614458 0.6946536144578312 0.6262550200803213 0.6959086345381525 0.6228037148594378 0.6968498995983936 0.6199799196787148 0.6987324297188754 0.6193524096385541 0.7006149598393574 0.6193524096385541 0.7024974899598393 0.6168423694779116 0.7072038152610441 0.6146460843373494 0.7106551204819277 0.6118222891566264 0.7141064257028111 0.6086847389558232 0.7172439759036143 0.60554718875502 0.7206952811244979 0.6008408634538152 0.724774096385542 0.5961345381526103 0.727597891566265 0.5917419678714858 0.7282254016064257 0.5870356425702811 0.726656626506024 0.5845256024096385 0.7244603413654619 0.5832705823293173 0.719754016064257 0.5826430722891566 0.7147339357429718 0.582015562248996 0.7094001004016063 0.5817018072289156 0.7046937751004015
1 0.9695030120481927 0.9302836345381525 0.9732680722891566 0.9274598393574297 0.9786019076305219 0.9255773092369477 0.9842494979919678 0.9243222891566264 0.9892695783132529 0.9236947791164657 0.994289658634538 0.9233810240963856 0.9983684738955823 0.9233810240963856 0.9989583333333333 0.9779430220883624 0.9977409638554217 0.9823669678714858 0.9936621485943775 0.9851907630522088 0.98644578313253 0.9877008032128514 0.9767193775100401 0.9892695783132529 0.9669929718875501 0.9902108433734939 0.9597766064257027 0.9895833333333333 0.9519327309236947 0.9858182730923695 0.9472264056224898 0.9820532128514056 0.9425200803212851 0.9764056224899598 0.9403237951807227 0.9688755020080321 0.9403237951807227 0.9604041164658633 0.9434613453815259 0.952246485943775 0.9472264056224898 0.9465988955823292 0.952246485943775 0.9425200803212851 0.9569528112449799 0.9390687751004015 0.961031626506024 0.9362449799196786
1 0.9833082329317268 0.6792796184738955 0.9886420682730923 0.6789658634538152 0.994289658634538 0.6789658634538152 0.9964859437751004 0.6789658634538152 0.9989583333333333 0.6789658634538152 0.9989583333333333 0.7423443775100401 0.9986822289156625 0.7423443775100401 0.9958584337349397 0.7435993975903614 0.9908383534136544 0.7448544176706826 0.9839357429718875 0.7457956827309237 0.9770331325301204 0.7448544176706826 0.9713855421686746 0.7426581325301205 0.9669929718875501 0.7398343373493976 0.9638554216867469 0.7338729919678714 0.9616591365461847 0.726656626506024 0.9604041164658633 0.7194402610441767 0.9597766064257027 0.7134789156626505 0.9597766064257027 0.7081450803212851 0.961031626506024 0.7034387550200802 0.9632279116465863 0.6993599397590361 0.9657379518072289 0.695281124497992 0.9685617469879517 0.6912023092369477 0.9726405622489959 0.6861822289156626 0.9764056224899598 0.6824171686746987
1 0.9503639558232931 0.4806726907630522 0.9450301204819276 0.47533885542168675 0.9428338353413654 0.4725150602409638 0.9406375502008031 0.46718122489959835 0.9396962851405621 0.46121987951807225 0.9393825301204818 0.4558860441767068 0.9390687751004015 0.4499246987951807 0.9396962851405621 0.44208082329317266 0.9434613453815259 0.4345507028112449 0.9484814257028111 0.42921686746987947 0.9541290160642569 0.42670682730923687 0.961031626506024 0.425765562248996 0.9691892570281124 0.4260793172690763 0.9782881526104418 0.4282756024096385 0.9858182730923695 0.43172690763052207 0.9911521084337348 0.4354919678714859 0.9952309236947791 0.44019829317269077 0.9989583333333333 0.44621949335804767 0.9989583333333333 0.4938504016064257 0.9955446787148593 0.4957329317269076 0.9936621485943775 0.49636044176706823 0.9895833333333333 0.4969879518072288 0.9848770080321284 0.49761546184738953 0.9807981927710843 0.49761546184738953 0.9764056224899598 0.4973017068273092 0.9729543172690762 0.4957329317269076 0.9695030120481927 0.494164156626506 0.9651104417670682 0.4922816265060241 0.961031626506024 0.49039909638554213 0.9582078313253012 0.4885165662650602 0.9544427710843373 0.485379016064257
1 0.05588503649635036 0.14370437956204377 0.048281630170316295 0.14028284671532845 0.04524026763990267 0.13876216545012163 0.041818734793187345 0.13800182481751824 0.03877737226277372 0.1368613138686131 0.035736009732360095 0.13381995133819952 0.03383515815085158 0.13153892944038928 0.030033454987834548 0.12887773722627735 0.027372262773722626 0.12697688564476886 0.025091240875912406 0.12507603406326032 0.024330900243309004 0.121654501216545 0.024330900243309004 0.11671228710462286 0.026231751824817517 0.11100973236009731 0.02889294403892944 0.10758819951338199 0.03459549878345499 0.10416666666666666 0.040298053527980535 0.10340632603406325 0.047901459854014596 0.10340632603406325 0.05322384428223844 0.10378649635036495 0.05930656934306569 0.10416666666666666 0.06196776155717761 0.10454683698296836 0.06805048661800486 0.10568734793187347 0.07147201946472019 0.10796836982968369 0.07565389294403892 0.11291058394160583 0.07831508515815085 0.11709245742092457 0.08211678832116788 0.12279501216545012 0.0843978102189781 0.12545620437956204 0.08705900243309002 0.12849756690997566 0.09086070559610705 0.13039841849148417 0.09276155717761556 0.13191909975669097 0.09656326034063259 0.1368613138686131 0.09808394160583941 0.1425638686131387 0.09656326034063259 0.1471259124087591 0.09162104622871045 0.1482664233576642 0.0847779805352798 0.14940693430656934 0.07831508515815085 0.14978710462287104 0.07223236009732359 0.14902676399026762 0.06614963503649635 0.14750608272506083 0.06120742092457421 0.145985401459854
0 0.03231447688564477 0.2828467153284671 0.02166970802919708 0.2805656934306569 0.01824817518248175 0.27942518248175185 0.014066301703163015 0.27752433090024325 0.012165450121654502 0.27524330900243305 0.01710766423357664 0.27334245742092456 0.02889294403892944 0.27448296836982966 0.03801703163017031 0.27638381995133815 0.04409975669099756 0.2782846715328467 0.04409975669099756 0.2801855231143552 0.03801703163017031 0.2805656934306569
0 0.6329365079365079 0.4573412698412698 0.6170634920634921 0.4523809523809524 0.6081349206349206 0.44940476190476186 0.6071428571428571 0.44742063492063494 0.6076388888888888 0.4454365079365079 0.6081349206349206 0.44494047619047616 0.6205357142857142 0.4479166666666667 0.6314484126984127 0.45188492063492064 0.6388888888888888 0.4538690476190476 0.6388888888888888 0.45634920634920634
0 0.9805890227576974 0.47188755020080314 0.9747322623828647 0.4706325301204819 0.9713855421686746 0.46854082998661306 0.9688755020080321 0.4664491298527443 0.9667838018741632 0.4639390896921017 0.9646921017402944 0.45975568942436407 0.9626004016064257 0.4547356091030789 0.9621820615796519 0.4522255689424364 0.9655287817938419 0.4513888888888889 0.9709672021419009 0.4538989290495314 0.9738955823293173 0.456408969210174 0.9764056224899598 0.458082329317269 0.9793340026773761 0.46017402945113783 0.9822623828647924 0.46226572958500667 0.9839357429718875 0.4647757697456492 0.9860274431057563 0.4689591700133869 0.9851907630522088 0.47272423025435073
0 0.053083923154701715 0.1224932591843613 0.05013481631277384 0.1199654533198517 0.052451971688574316 0.11922817660936973 0.0623525446579036 0.12196663296258846 0.07151584091675092 0.12649561846983484 0.07162116616110549 0.12870744860128075 0.062984496124031 0.12681159420289853 0.05540107853050218 0.12333586113919784 0.05424250084260195 0.12291456016177957
0 0.22208333333333333 0.8986458333333334 0.223125 0.8914583333333332 0.2315625 0.8817708333333333 0.2334375 0.8803125 0.23333333333333334 0.8826041666666666 0.2271875 0.8922916666666667 0.22322916666666667 0.8983333333333333 0.22197916666666667 0.9
0 0.42645833333333333 0.017604166666666664 0.43427083333333333 0.017916666666666668 0.4389583333333333 0.023854166666666666 0.4432291666666667 0.029270833333333336 0.44333333333333336 0.034583333333333334 0.4373958333333333 0.034791666666666665 0.4292708333333334 0.028645833333333332 0.42531250000000004 0.021875 0.4246875 0.018541666666666668
0 0.9527947719688542 0.1735724879495736 0.9549962921764924 0.16662031887282164 0.9668149796069707 0.1586253244345569 0.971218020022247 0.15769836855765665 0.9735354097144975 0.15839358546533186 0.9702910641453466 0.16522988505747127 0.9621802002224694 0.1725296625880608 0.9571978123841305 0.1746153133110864 0.9539534668149796 0.1746153133110864
0 0.3266710836277974 0.9772526501766784 0.32722320376914016 0.9746760895170788 0.32648704358068315 0.9719154888103652 0.3246466431095406 0.9693389281507656 0.32372644287396934 0.9680506478209658 0.32280624263839813 0.966026207302709 0.32188604240282687 0.9643698468786808 0.3205977620730271 0.9621613663133098 0.3196775618374558 0.9612411660777386 0.3185733215547703 0.9595848056537102 0.31746908127208484 0.9584805653710247 0.316180800942285 0.9568242049469965 0.3137882803297998 0.955719964664311 0.3106595995288575 0.955719964664311 0.30863515901060073 0.9566401648998822 0.30771495877502947 0.958664605418139 0.30753091872791516 0.9612411660777386 0.30753091872791516 0.9640017667844523 0.3080830388692579 0.9671304475853945 0.30955535924617195 0.9706272084805653 0.3108436395759717 0.9744920494699646 0.31213191990577144 0.9770686101295641 0.31342020023557127 0.9790930506478209 0.31544464075382805 0.9807494110718492 0.3178371613663133 0.9814855712603062 0.32170200235571256 0.9816696113074205 0.32519876325088337 0.980565371024735
0 0.2310179390905298 0.20702962035878178 0.2310179390905298 0.20455256570713393 0.23153942428035043 0.20142365456821026 0.23153942428035043 0.20064142678347935 0.23075719649561952 0.1993377138089278 0.23010534000834376 0.19777325823946598 0.22906236962870255 0.19620880267000418 0.22814977054651647 0.19477471839799748 0.22710680016687526 0.19373174801835627 0.2259334584897789 0.19294952023362538 0.22489048811013765 0.19229766374634957 0.2242386316228619 0.19190654985398414 0.2212400917813934 0.19138506466416355 0.22058823529411764 0.19099395077179807 0.21798080934501457 0.1907332081768878 0.21667709637046306 0.19086357947434293 0.2149822695035461 0.19307989153108052 0.21433041301627034 0.1939924906132666 0.21485189820609094 0.19568731748018356 0.21680746766791822 0.19738214434710055 0.22489048811013765 0.20689924906132665 0.2272371714643304 0.20781184814351272 0.22906236962870255 0.20807259073842302
0 0.2754120879120879 0.1201923076923077 0.27312271062271065 0.11744505494505494 0.269459706959707 0.1146978021978022 0.26282051282051283 0.11172161172161173 0.25801282051282054 0.1092032967032967 0.2545787545787546 0.10691391941391942 0.2506868131868132 0.10485347985347986 0.24793956043956047 0.10370879120879122 0.24519230769230768 0.10233516483516485 0.24267399267399267 0.10096153846153846 0.2396978021978022 0.09890109890109891 0.23695054945054944 0.097985347985348 0.23305860805860806 0.09821428571428573 0.2332875457875458 0.10027472527472528 0.23855311355311357 0.10210622710622712 0.24107142857142858 0.10462454212454213 0.24656593406593405 0.10691391941391942 0.2536630036630037 0.11103479853479854 0.25984432234432236 0.11446886446886448 0.26465201465201466 0.11698717948717949 0.2678571428571429 0.11973443223443224 0.2699175824175824 0.12156593406593406 0.27197802197802196 0.12271062271062272
