1 0.22458333333333333 0.000625 0.26083333333333336 0.0008333333333333334 0.2652083333333333 0.009166666666666667 0.26916666666666667 0.022083333333333333 0.26916666666666667 0.035625000000000004 0.265625 0.04854166666666667 0.2552083333333333 0.0575 0.246875 0.06041666666666667 0.238125 0.0575 0.23125 0.050625 0.22291666666666668 0.03395833333333333 0.22083333333333333 0.024374999999999997 0.22062500000000002 0.01375 0.2225 0.005416666666666667
1 0.4814583333333333 0.0 0.5354166666666667 0.00020833333333333335 0.531875 0.01 0.5229166666666667 0.020833333333333332 0.5133333333333333 0.030000000000000002 0.4979166666666667 0.03875 0.48666666666666664 0.042499999999999996 0.4735416666666667 0.04020833333333333 0.46625 0.035833333333333335 0.4633333333333333 0.028333333333333332 0.46458333333333335 0.018125 0.4691666666666666 0.008958333333333334
1 0.595625 0.07020833333333334 0.6022916666666667 0.05979166666666667 0.6116666666666667 0.051250000000000004 0.6197916666666666 0.04708333333333334 0.6304166666666667 0.04458333333333333 0.6372916666666666 0.04770833333333333 0.643125 0.051875 0.645625 0.05541666666666667 0.6472916666666666 0.06583333333333334 0.6464583333333334 0.07729166666666668 0.64375 0.08270833333333334 0.63625 0.0875 0.630625 0.09166666666666666 0.6229166666666667 0.09479166666666666 0.6166666666666667 0.095 0.6070833333333333 0.09479166666666666 0.598125 0.09083333333333334 0.595625 0.08312499999999999 0.5950000000000001 0.07895833333333332
0 0.6075 0.08333333333333333 0.6085416666666668 0.07729166666666668 0.6210416666666667 0.070625 0.6285416666666667 0.065 0.629375 0.06583333333333334 0.629375 0.070625 0.6208333333333333 0.075 0.6127083333333334 0.08104166666666666
1 0.6839583333333333 0.060625000000000005 0.6866666666666668 0.052083333333333336 0.6927083333333334 0.04625 0.696875 0.043958333333333335 0.7066666666666667 0.043958333333333335 0.7189583333333334 0.050208333333333334 0.7264583333333333 0.05708333333333333 0.7322916666666667 0.06208333333333334 0.7389583333333333 0.07229166666666667 0.7385416666666667 0.08625 0.734375 0.095 0.7233333333333333 0.09770833333333333 0.7135416666666666 0.09791666666666667 0.6985416666666667 0.08687500000000001 0.691875 0.080625 0.6860416666666667 0.06937499999999999
1 0.9341666666666666 0.1404166666666667 0.9447916666666667 0.12520833333333334 0.95625 0.11958333333333333 0.9633333333333333 0.11895833333333333 0.9741666666666667 0.1225 0.978125 0.12854166666666667 0.9808333333333333 0.14020833333333332 0.98 0.15208333333333332 0.974375 0.16541666666666668 0.9641666666666667 0.176875 0.958125 0.18333333333333332 0.9466666666666667 0.18604166666666666 0.9362499999999999 0.184375 0.9283333333333333 0.173125 0.9287500000000001 0.15625
0 0.941875 0.171875 0.946875 0.16166666666666665 0.956875 0.14875000000000002 0.9600000000000001 0.13625 0.9618749999999999 0.13791666666666666 0.9610416666666667 0.14812499999999998 0.95375 0.15729166666666666 0.9491666666666667 0.16374999999999998 0.9460416666666667 0.17041666666666666
1 0.645 0.13895833333333335 0.65125 0.13395833333333332 0.65875 0.13125 0.6735416666666667 0.131875 0.6839583333333333 0.13979166666666665 0.6929166666666667 0.155 0.6941666666666666 0.169375 0.69375 0.18000000000000002 0.6877083333333334 0.18958333333333333 0.6793750000000001 0.19625 0.6695833333333333 0.19833333333333333 0.6591666666666666 0.194375 0.6495833333333334 0.184375 0.6420833333333333 0.16708333333333333 0.6402083333333334 0.155 0.6418750000000001 0.14520833333333333
0 0.6625 0.14354166666666668 0.6670833333333334 0.14666666666666667 0.668125 0.15354166666666666 0.67125 0.16729166666666667 0.6760416666666667 0.17791666666666667 0.6764583333333333 0.183125 0.6691666666666667 0.16854166666666667
1 0.47 0.16166666666666665 0.47458333333333336 0.14250000000000002 0.481875 0.13083333333333333 0.4891666666666667 0.1275 0.49875 0.126875 0.5077083333333333 0.13 0.5147916666666666 0.136875 0.5202083333333333 0.14854166666666666 0.5233333333333333 0.16645833333333335 0.5210416666666666 0.1877083333333333 0.5135416666666667 0.20145833333333335 0.5052083333333334 0.20916666666666667 0.48854166666666665 0.20833333333333334 0.4766666666666667 0.19416666666666668 0.46979166666666666 0.17229166666666668 0.47 0.16520833333333332
0 0.49270833333333336 0.13874999999999998 0.4966666666666667 0.144375 0.49624999999999997 0.155 0.49770833333333336 0.17291666666666666 0.5004166666666666 0.18104166666666668 0.5008333333333334 0.19125 0.49562500000000004 0.18562499999999998 0.494375 0.16833333333333333 0.49145833333333333 0.15166666666666667
1 0.364375 0.18416666666666667 0.3675 0.17125 0.37395833333333334 0.16187500000000002 0.381875 0.1575 0.3875 0.15625 0.39666666666666667 0.160625 0.40166666666666667 0.16604166666666667 0.40520833333333334 0.17416666666666666 0.4079166666666667 0.18791666666666668 0.40625 0.20166666666666666 0.40208333333333335 0.21291666666666667 0.39895833333333336 0.22083333333333333 0.3922916666666667 0.22479166666666667 0.38166666666666665 0.22604166666666667 0.375 0.223125 0.36604166666666665 0.21458333333333332 0.36374999999999996 0.20500000000000002 0.36395833333333333 0.19354166666666667
0 0.38145833333333334 0.17625 0.38458333333333333 0.17375000000000002 0.38479166666666664 0.18645833333333334 0.38479166666666664 0.20500000000000002 0.38416666666666666 0.2125 0.38125 0.21270833333333333 0.380625 0.20604166666666668 0.381875 0.19020833333333334 0.38208333333333333 0.18416666666666667
1 0.24916666666666665 0.15541666666666665 0.25458333333333333 0.14770833333333336 0.26395833333333335 0.141875 0.26999999999999996 0.14020833333333332 0.27770833333333333 0.14166666666666666 0.28229166666666666 0.14583333333333334 0.286875 0.15333333333333332 0.28875 0.165 0.2891666666666667 0.17875 0.28562499999999996 0.19270833333333334 0.27875 0.20104166666666667 0.2672916666666667 0.20583333333333334 0.256875 0.20395833333333335 0.24958333333333332 0.196875 0.24583333333333332 0.18229166666666666 0.24625 0.16895833333333332
0 0.2622916666666667 0.18875 0.2625 0.17875 0.266875 0.16291666666666668 0.271875 0.15458333333333335 0.2725 0.16041666666666668 0.2685416666666667 0.17791666666666667 0.26791666666666664 0.1825 0.2652083333333333 0.18937500000000002
1 0.028125 0.14833333333333334 0.033125 0.13854166666666667 0.039375 0.13270833333333334 0.04916666666666667 0.129375 0.07354166666666666 0.13208333333333333 0.08979166666666667 0.13979166666666665 0.10062499999999999 0.15812500000000002 0.09874999999999999 0.175 0.09229166666666666 0.18354166666666666 0.08145833333333334 0.18979166666666666 0.05583333333333333 0.18875 0.04125 0.17937499999999998 0.03125 0.166875 0.027083333333333334 0.15625
0 0.03958333333333333 0.15416666666666667 0.05458333333333333 0.1575 0.07604166666666666 0.165625 0.08291666666666667 0.1720833333333333 0.06895833333333333 0.1720833333333333 0.059583333333333335 0.16895833333333332 0.045625 0.1625
1 0.08458333333333333 0.25666666666666665 0.08770833333333333 0.25125 0.09604166666666666 0.2475 0.10520833333333333 0.24729166666666666 0.116875 0.24875 0.1275 0.25666666666666665 0.136875 0.2654166666666667 0.14375 0.27520833333333333 0.14604166666666665 0.2833333333333333 0.14416666666666667 0.28979166666666667 0.13458333333333333 0.2947916666666667 0.11958333333333333 0.2952083333333333 0.10583333333333332 0.2914583333333333 0.09666666666666666 0.2866666666666667 0.08729166666666667 0.27729166666666666 0.08458333333333333 0.27020833333333333
0 0.09770833333333333 0.26125000000000004 0.10375 0.26333333333333336 0.11666666666666667 0.27270833333333333 0.128125 0.2779166666666667 0.12958333333333333 0.28062499999999996 0.11833333333333333 0.2758333333333333 0.10604166666666666 0.2677083333333333
1 0.23229166666666667 0.33958333333333335 0.24083333333333332 0.3295833333333333 0.24645833333333333 0.3260416666666667 0.2520833333333333 0.325625 0.26125000000000004 0.325625 0.2677083333333333 0.3266666666666667 0.28020833333333334 0.333125 0.29312499999999997 0.3454166666666667 0.305625 0.3622916666666667 0.3104166666666667 0.37625 0.30854166666666666 0.38625000000000004 0.2966666666666667 0.39499999999999996 0.2889583333333333 0.39729166666666665 0.27729166666666666 0.39625 0.266875 0.39291666666666664 0.24895833333333334 0.3804166666666667 0.23875 0.36770833333333336 0.231875 0.35208333333333336 0.23125 0.34437500000000004
0 0.25083333333333335 0.34645833333333337 0.2625 0.359375 0.278125 0.378125 0.26791666666666664 0.37416666666666665 0.25875 0.36583333333333334 0.2527083333333333 0.3560416666666667
1 0.5141666666666667 0.27208333333333334 0.5197916666666667 0.26479166666666665 0.5335416666666667 0.259375 0.5485416666666667 0.260625 0.5564583333333334 0.264375 0.56875 0.2725 0.5768749999999999 0.2808333333333334 0.5797916666666667 0.28854166666666664 0.5785416666666666 0.2970833333333333 0.5697916666666667 0.30520833333333336 0.5612499999999999 0.30833333333333335 0.5529166666666666 0.30895833333333333 0.5383333333333333 0.3072916666666667 0.5252083333333333 0.30104166666666665 0.5177083333333333 0.2964583333333334 0.5125 0.286875 0.5114583333333333 0.27854166666666663
0 0.5243749999999999 0.28062499999999996 0.5310416666666666 0.2779166666666667 0.5408333333333334 0.28 0.5549999999999999 0.28500000000000003 0.5645833333333333 0.28979166666666667 0.5595833333333334 0.2916666666666667 0.5543750000000001 0.2866666666666667 0.5458333333333333 0.2833333333333333 0.5366666666666667 0.28125 0.53 0.28062499999999996
1 0.6602083333333333 0.24229166666666666 0.66625 0.23395833333333332 0.671875 0.230625 0.6779166666666666 0.229375 0.6897916666666667 0.23125 0.7016666666666667 0.236875 0.7089583333333334 0.24395833333333333 0.7145833333333333 0.25604166666666667 0.7164583333333333 0.26999999999999996 0.7147916666666667 0.27854166666666663 0.708125 0.2841666666666667 0.6929166666666667 0.28708333333333336 0.6758333333333333 0.2816666666666666 0.6654166666666667 0.27145833333333336 0.6602083333333333 0.261875 0.6595833333333334 0.25395833333333334
0 0.6733333333333333 0.24208333333333334 0.6802083333333333 0.24479166666666666 0.6866666666666668 0.25229166666666664 0.6966666666666667 0.266875 0.6920833333333333 0.26479166666666665 0.685 0.2554166666666667 0.6777083333333334 0.249375
1 0.96875 0.3802083333333333 0.9745833333333334 0.37062500000000004 0.986875 0.359375 0.996875 0.35354166666666664 0.9989583333333333 0.35354166666666664 0.9989583333333333 0.40625 0.9929166666666667 0.40729166666666666 0.9827083333333333 0.4075 0.97125 0.40687500000000004 0.9652083333333333 0.400625 0.965 0.390625
1 0.15020833333333333 0.5610416666666667 0.15583333333333332 0.5504166666666667 0.16437500000000002 0.5445833333333333 0.17875 0.5416666666666666 0.19458333333333336 0.5529166666666666 0.2029166666666667 0.5679166666666667 0.20458333333333334 0.5772916666666668 0.20229166666666665 0.5856250000000001 0.19645833333333332 0.5935416666666666 0.18458333333333332 0.5954166666666667 0.17479166666666668 0.5927083333333333 0.16416666666666666 0.584375 0.15479166666666666 0.5758333333333333 0.15125 0.5679166666666667
1 0.27625 0.521875 0.2866666666666667 0.5166666666666667 0.2966666666666667 0.5145833333333333 0.3091666666666667 0.5175 0.32708333333333334 0.5247916666666667 0.3420833333333333 0.5370833333333334 0.34958333333333336 0.5508333333333333 0.3489583333333333 0.5633333333333332 0.34145833333333336 0.57625 0.334375 0.57875 0.31687499999999996 0.5791666666666667 0.30041666666666667 0.5727083333333333 0.2891666666666667 0.564375 0.2808333333333334 0.5545833333333333 0.2760416666666667 0.541875 0.27291666666666664 0.5335416666666667 0.27291666666666664 0.5264583333333334
0 0.29312499999999997 0.5381250000000001 0.2947916666666667 0.5345833333333334 0.30625 0.54375 0.32375000000000004 0.5564583333333334 0.326875 0.5591666666666666 0.32583333333333336 0.5604166666666667 0.31604166666666667 0.5556249999999999 0.3045833333333333 0.54625 0.2966666666666667 0.5408333333333334
1 0.42895833333333333 0.49395833333333333 0.4377083333333333 0.4877083333333333 0.4529166666666667 0.48625 0.47375 0.49291666666666667 0.48666666666666664 0.49895833333333334 0.493125 0.5064583333333333 0.49895833333333334 0.5183333333333333 0.4966666666666667 0.530625 0.48791666666666667 0.5393749999999999 0.47291666666666665 0.5414583333333333 0.45895833333333336 0.540625 0.44708333333333333 0.5339583333333333 0.43479166666666663 0.5241666666666667 0.428125 0.515625 0.4252083333333333 0.508125 0.424375 0.50125
1 0.573125 0.496875 0.5758333333333333 0.486875 0.5825 0.48000000000000004 0.5910416666666667 0.47854166666666664 0.6045833333333334 0.48354166666666665 0.6168750000000001 0.49562500000000004 0.6227083333333333 0.51625 0.6235416666666667 0.5325 0.6174999999999999 0.5410416666666666 0.6125 0.5466666666666666 0.6047916666666667 0.5470833333333334 0.5954166666666667 0.5429166666666667 0.5847916666666666 0.5310416666666666 0.57875 0.5216666666666667 0.5741666666666667 0.5085416666666667
1 0.7304166666666667 0.5866666666666667 0.7354166666666667 0.5797916666666667 0.7414583333333333 0.5775 0.750625 0.5758333333333333 0.7614583333333333 0.5802083333333333 0.7679166666666667 0.5858333333333333 0.7720833333333333 0.5991666666666667 0.7708333333333334 0.6181249999999999 0.7647916666666668 0.6285416666666667 0.7566666666666666 0.6370833333333333 0.7464583333333333 0.6389583333333333 0.7377083333333334 0.6366666666666667 0.729375 0.6297916666666666 0.724375 0.6129166666666667 0.7235416666666666 0.6035416666666666 0.7258333333333333 0.59375
0 0.7441666666666666 0.6183333333333334 0.7439583333333334 0.6060416666666666 0.7458333333333333 0.599375 0.7508333333333332 0.59375 0.7502083333333334 0.6022916666666667 0.7483333333333333 0.6116666666666667 0.7485416666666667 0.615
1 0.6152083333333334 0.6164583333333333 0.62125 0.61 0.6275 0.6070833333333333 0.6391666666666667 0.6083333333333333 0.645 0.6133333333333333 0.653125 0.6222916666666667 0.66 0.6345833333333334 0.666875 0.6527083333333333 0.6677083333333333 0.6702083333333333 0.6625 0.6799999999999999 0.6570833333333332 0.6866666666666668 0.650625 0.6889583333333333 0.63625 0.6870833333333334 0.6260416666666667 0.6795833333333333 0.6179166666666667 0.6631250000000001 0.6141666666666666 0.6493749999999999 0.6120833333333333 0.6325000000000001 0.6129166666666667 0.6225
0 0.6320833333333333 0.6233333333333333 0.6383333333333333 0.6341666666666667 0.6391666666666667 0.63875 0.6422916666666667 0.6481250000000001 0.6487499999999999 0.6585416666666667 0.6495833333333334 0.6691666666666667 0.6460416666666667 0.6695833333333333 0.6454166666666666 0.6608333333333333 0.6418750000000001 0.6549999999999999 0.6364583333333333 0.6416666666666667 0.6345833333333334 0.635 0.6314583333333333 0.6310416666666666 0.6318750000000001 0.625625
1 0.45416666666666666 0.59875 0.46 0.5897916666666667 0.466875 0.5850000000000001 0.4735416666666667 0.5850000000000001 0.4795833333333333 0.5879166666666666 0.4825 0.5895833333333333 0.48625 0.6 0.49020833333333336 0.6120833333333333 0.490625 0.619375 0.49 0.6308333333333334 0.48791666666666667 0.6395833333333333 0.48374999999999996 0.6472916666666666 0.47833333333333333 0.6525 0.4735416666666667 0.6547916666666667 0.4639583333333333 0.6547916666666667 0.455625 0.6504166666666666 0.45208333333333334 0.6441666666666667 0.44958333333333333 0.6264583333333333 0.450625 0.6120833333333333
0 0.4689583333333333 0.609375 0.470625 0.6060416666666666 0.47333333333333333 0.6152083333333334 0.4720833333333333 0.6337499999999999 0.46812499999999996 0.636875 0.46812499999999996 0.6247916666666666 0.46812499999999996 0.6145833333333334 0.4683333333333334 0.6116666666666667
1 0.515 0.6547916666666667 0.5177083333333333 0.6479166666666667 0.523125 0.643125 0.52875 0.6395833333333333 0.5370833333333334 0.63875 0.5416666666666666 0.6395833333333333 0.5472916666666666 0.645 0.5525 0.6520833333333333 0.5547916666666667 0.6595833333333334 0.556875 0.6716666666666666 0.5564583333333334 0.6822916666666666 0.5522916666666667 0.690625 0.546875 0.6952083333333333 0.5414583333333333 0.6977083333333333 0.535 0.6962499999999999 0.5270833333333333 0.693125 0.520625 0.685 0.5166666666666667 0.6766666666666666 0.5145833333333333 0.6664583333333333
1 0.9 0.843125 0.9064583333333334 0.83 0.9189583333333334 0.8185416666666666 0.9325 0.815 0.9477083333333333 0.8177083333333334 0.9564583333333334 0.8291666666666667 0.959375 0.840625 0.9585416666666667 0.8552083333333333 0.9539583333333332 0.8704166666666667 0.9472916666666666 0.8816666666666666 0.9416666666666667 0.8889583333333333 0.9291666666666667 0.89125 0.9158333333333334 0.89 0.9027083333333333 0.8820833333333333 0.89625 0.86875 0.8972916666666666 0.853125
0 0.9335416666666667 0.8691666666666666 0.9314583333333334 0.8641666666666666 0.9345833333333334 0.8510416666666667 0.9345833333333334 0.8450000000000001 0.9377083333333334 0.8435416666666666 0.94 0.8497916666666666 0.94 0.8564583333333334 0.9364583333333333 0.8654166666666666
1 0.7575000000000001 0.744375 0.7639583333333333 0.7314583333333334 0.7727083333333333 0.719375 0.783125 0.719375 0.795 0.7274999999999999 0.7995833333333333 0.74375 0.7995833333333333 0.765625 0.7933333333333333 0.7854166666666667 0.7845833333333334 0.7970833333333334 0.7764583333333334 0.8008333333333333 0.7670833333333333 0.7977083333333332 0.7570833333333333 0.7829166666666667 0.755625 0.765625 0.7570833333333333 0.746875
1 0.6802083333333333 0.7822916666666667 0.6835416666666667 0.7752083333333334 0.691875 0.768125 0.7033333333333334 0.7685416666666666 0.7120833333333334 0.7743749999999999 0.7191666666666666 0.786875 0.7222916666666667 0.8041666666666667 0.7222916666666667 0.8185416666666666 0.7189583333333334 0.8279166666666666 0.7114583333333333 0.8320833333333333 0.6966666666666667 0.8291666666666667 0.6866666666666668 0.818125 0.6814583333333334 0.8077083333333334 0.6791666666666667 0.79375
0 0.6956249999999999 0.7814583333333334 0.698125 0.786875 0.7018749999999999 0.8029166666666666 0.7064583333333334 0.815625 0.7025 0.8137500000000001 0.6979166666666666 0.7964583333333334 0.6950000000000001 0.7870833333333334
1 0.5675 0.7370833333333333 0.5706249999999999 0.734375 0.5758333333333333 0.7339583333333334 0.5847916666666666 0.7370833333333333 0.5958333333333333 0.7431249999999999 0.6052083333333333 0.7595833333333334 0.6079166666666667 0.7802083333333333 0.6077083333333333 0.7960416666666668 0.6045833333333334 0.8025 0.59875 0.8008333333333333 0.59125 0.796875 0.5785416666666666 0.7833333333333333 0.5733333333333334 0.7772916666666667 0.5695833333333333 0.7670833333333333 0.5664583333333333 0.7520833333333333 0.5664583333333333 0.7431249999999999
0 0.5741666666666667 0.7404166666666666 0.583125 0.7487499999999999 0.589375 0.7616666666666667 0.5979166666666667 0.7735416666666667 0.598125 0.7808333333333334 0.5922916666666667 0.7741666666666667 0.5833333333333334 0.7579166666666667 0.5779166666666666 0.753125
1 0.3525 0.7529166666666666 0.3577083333333333 0.7389583333333333 0.36520833333333336 0.7320833333333333 0.3735416666666667 0.7291666666666666 0.38083333333333336 0.7302083333333333 0.38833333333333336 0.7329166666666667 0.3922916666666667 0.74375 0.39666666666666667 0.7558333333333334 0.39520833333333333 0.7697916666666667 0.390625 0.7783333333333334 0.38125 0.7883333333333333 0.37145833333333333 0.793125 0.36374999999999996 0.7910416666666666 0.35708333333333336 0.7854166666666667 0.3514583333333333 0.775 0.35083333333333333 0.7622916666666666
0 0.3702083333333333 0.778125 0.36895833333333333 0.7729166666666667 0.37145833333333333 0.760625 0.37395833333333334 0.7470833333333334 0.3766666666666667 0.7422916666666667 0.37895833333333334 0.7497916666666666 0.3754166666666666 0.7583333333333333 0.37416666666666665 0.7654166666666666 0.37437499999999996 0.7729166666666667 0.37437499999999996 0.7770833333333333
1 0.4047916666666667 0.834375 0.41125 0.8216666666666667 0.42250000000000004 0.811875 0.4379166666666666 0.8110416666666667 0.44895833333333335 0.81875 0.451875 0.8293750000000001 0.45375000000000004 0.8408333333333334 0.44958333333333333 0.8614583333333333 0.44 0.8775 0.431875 0.8831249999999999 0.42375 0.8833333333333333 0.41354166666666664 0.88 0.4066666666666666 0.8762500000000001 0.4010416666666667 0.85875 0.40020833333333333 0.8450000000000001
1 0.23375 0.8460416666666667 0.23708333333333334 0.8327083333333333 0.24916666666666665 0.8264583333333333 0.26166666666666666 0.8277083333333334 0.27895833333333336 0.833125 0.29333333333333333 0.8439583333333334 0.30041666666666667 0.859375 0.30145833333333333 0.8745833333333334 0.30083333333333334 0.8877083333333334 0.2964583333333334 0.8981250000000001 0.2875 0.903125 0.27541666666666664 0.9025 0.2597916666666667 0.8977083333333333 0.24854166666666666 0.8885416666666667 0.23875 0.8714583333333333 0.23541666666666666 0.8591666666666666
0 0.2533333333333333 0.8452083333333333 0.26166666666666666 0.8506250000000001 0.273125 0.864375 0.28062499999999996 0.8783333333333334 0.2758333333333333 0.8762500000000001 0.2660416666666667 0.86375 0.2577083333333333 0.853125
1 0.22354166666666667 0.6941666666666666 0.22666666666666666 0.6806249999999999 0.229375 0.6766666666666666 0.23604166666666665 0.67125 0.2502083333333333 0.6722916666666666 0.26416666666666666 0.685 0.27166666666666667 0.7014583333333333 0.2758333333333333 0.7197916666666667 0.273125 0.7360416666666667 0.26916666666666667 0.7416666666666667 0.26208333333333333 0.7420833333333333 0.24520833333333333 0.73375 0.23791666666666667 0.7252083333333333 0.22979166666666667 0.7129166666666666 0.22520833333333332 0.7020833333333333
0 0.24187499999999998 0.6895833333333333 0.25375 0.7010416666666667 0.25625 0.7120833333333334 0.26 0.7241666666666667 0.25375 0.7183333333333334 0.24770833333333334 0.70375 0.24125 0.6956249999999999
1 0.06166666666666667 0.7118749999999999 0.06645833333333333 0.6975 0.07645833333333334 0.6816666666666666 0.085625 0.6741666666666667 0.09375 0.671875 0.1 0.671875 0.10875 0.6766666666666666 0.11270833333333334 0.68375 0.11229166666666666 0.6966666666666667 0.11041666666666666 0.7102083333333333 0.10291666666666667 0.7235416666666666 0.09395833333333334 0.7333333333333333 0.089375 0.7364583333333333 0.07979166666666666 0.7410416666666666 0.06666666666666667 0.7408333333333333 0.06104166666666667 0.7325 0.06125 0.7214583333333333
0 0.071875 0.728125 0.07708333333333334 0.7177083333333333 0.08395833333333333 0.70375 0.08770833333333333 0.6941666666666666 0.094375 0.6897916666666667 0.0875 0.7022916666666668 0.08166666666666668 0.7172916666666667 0.07895833333333332 0.7229166666666667
1 0.00020833333333333335 0.781875 0.010624999999999999 0.779375 0.02333333333333333 0.7808333333333334 0.030208333333333334 0.7827083333333333 0.03520833333333333 0.7889583333333333 0.035625000000000004 0.7977083333333332 0.033125 0.8079166666666667 0.02041666666666667 0.8220833333333334 0.009375 0.8310416666666666 0.000625 0.8372916666666667
1 0.0 0.8863386691776522 0.01859698681732584 0.8772363465160075 0.03527150031387323 0.8742937853107345 0.04939579409918396 0.878609541745135 0.05430006277463908 0.8927338355304457 0.05253452605147524 0.9094083490269931 0.04096045197740116 0.9272598870056498 0.023697426239799157 0.9372645951035781 0.0 0.9423650345260515
0 0.0011377903327056225 0.9290254237288135 0.014477401129943536 0.9139202762084118 0.025208333333333333 0.9010416666666666 0.029583333333333333 0.8964583333333334 0.030000000000000002 0.9008333333333333 0.024374999999999997 0.9077083333333333 0.015262084118016356 0.9188245448838669 0.006630571249215352 0.928436911487759
1 0.12395833333333334 0.8579166666666667 0.13208333333333333 0.853125 0.14854166666666666 0.8522916666666667 0.168125 0.8560416666666666 0.19041666666666668 0.8708333333333333 0.19145833333333334 0.8864583333333333 0.18979166666666666 0.8958333333333334 0.18104166666666668 0.9033333333333334 0.17041666666666666 0.9052083333333333 0.15229166666666666 0.9020833333333333 0.133125 0.89375 0.12083333333333333 0.885 0.11624999999999999 0.8775 0.11666666666666667 0.8704166666666667 0.11854166666666667 0.8645833333333334
1 0.06293157564344008 0.9986660389202763 0.06038135593220342 0.988072818581293 0.0594005021971124 0.9657093534212178 0.06234306340238547 0.9539391086001255 0.07097457627118647 0.9429535467671061 0.08372567482736977 0.9396186440677965 0.09157250470809795 0.941972693032015 0.10295040803515382 0.9482501569365975 0.11256277463904585 0.9549199623352165 0.1190364092906466 0.9764987445072191 0.12001726302573763 0.9957234777150031 0.12001726302573763 0.9989583333333333
1 0.20240897677338357 0.9980775266792216 0.20123195229127433 0.9865034526051475 0.2075094161958569 0.9625706214689266 0.220064344005022 0.9502118644067796 0.2334039548022599 0.9458961079723791 0.24242780916509732 0.9453075957313246 0.25262868801004396 0.9498195229127433 0.2569444444444445 0.9570778405524168 0.25733678593848086 0.9684557438794726 0.25380571249215317 0.9800298179535467 0.24654739485247962 0.9914077212806026 0.23634651600753295 0.9988622096672943
1 0.33247018204645323 0.9900345260514752 0.3291352793471437 0.9768910860012555 0.33364720652856245 0.9664940364092907 0.3405131826741996 0.9623744507219083 0.35502981795354677 0.9623744507219083 0.36954645323289387 0.9676710608913999 0.38229755178907715 0.9764987445072191 0.3915175768989328 0.9855225988700566 0.3966180163214061 0.9910153797865662 0.4001051666590112 0.9989583333333333 0.33658976773383553 0.9989583333333333
1 0.4209431889516635 0.941972693032015 0.4299670433145009 0.9296139359698682 0.443502824858757 0.9178436911487758 0.46056967984934083 0.9176475204017577 0.46841650973006904 0.9198053986189579 0.4797944130571249 0.9264752040175769 0.48371782799748897 0.9368722536095417 0.4801867545511613 0.9539391086001255 0.470378217200251 0.9680634023854362 0.45723477715003136 0.9786566227244192 0.4368330194601381 0.9796374764595104 0.425258945386064 0.974537037037037 0.4207470182046453 0.962962962962963 0.4203546767106089 0.9511927181418707
0 0.4309478970495919 0.9631591337099812 0.4315364092906465 0.9582548650345261 0.4407564344005022 0.9456999372253609 0.4533113622096672 0.9347143753923415 0.4635122410546139 0.9258866917765223 0.4635122410546139 0.9294177652228499 0.4586079723791588 0.9362837413684871 0.4468377275580665 0.9460922787193974 0.43840238543628374 0.9555084745762712
1 0.9580586942875079 0.954331450094162 0.966886377903327 0.9368722536095417 0.9764987445072191 0.9264752040175769 0.9904268675455116 0.9194130571249216 0.9986660389202763 0.9162743251726302 0.9989583333333333 0.9579262790332744 0.9989583333333333 0.9721829880728186 0.991800062774639 0.9796374764595104 0.9788527934714375 0.9845417451349654 0.9655131826741996 0.9808145009416196 0.9576663527934713 0.9737523540489642 0.9559008160703076 0.9651208411801632
