1 0.5199225865209472 0.301058743169399 0.5082536429872496 0.301058743169399 0.5045537340619308 0.29992030965391625 0.5017076502732241 0.2973588342440802 0.4980077413479053 0.2899590163934427 0.496584699453552 0.2834130236794172 0.49630009107468126 0.27288251366120225 0.4985769581056467 0.2657673041894354 0.5025614754098362 0.25979052823315124 0.5065459927140256 0.25438296903460844 0.5122381602914391 0.2492600182149363 0.5173611111111112 0.24413706739526417 0.5233378870673954 0.23986794171220405 0.5295992714025501 0.23616803278688528 0.5341530054644809 0.23446038251366125 0.537568306010929 0.23446038251366125 0.5418374316939892 0.23588342440801463 0.5452527322404372 0.23730646630236799 0.5478142076502732 0.24015255009107472 0.5500910746812387 0.24413706739526417 0.5512295081967213 0.24812158469945358 0.5515141165755921 0.2535291438979964 0.5515141165755921 0.2592213114754099 0.5515141165755921 0.26519808743169404 0.5512295081967213 0.2706056466302369 0.5492372495446266 0.27544398907103834 0.5472449908925319 0.2794285063752277 0.5435450819672132 0.28398224043715853 0.5401297814207651 0.28711293260473597 0.5344376138433516 0.29252049180327877 0.5304530965391622 0.29565118397085616 0.5264685792349727 0.2979280510018215
1 0.6983720400728598 0.27288251366120225 0.7026411657559198 0.27515938069216767 0.7066256830601093 0.27686703096539167 0.7126024590163935 0.2771516393442624 0.7188638433515483 0.2771516393442624 0.7239867941712205 0.275728597449909 0.7305327868852459 0.2711748633879782 0.7348019125683061 0.2671903460837888 0.7385018214936248 0.2617827868852459 0.7399248633879782 0.2566598360655738 0.7396402550091075 0.25182149362477235 0.7382172131147542 0.2458447176684882 0.7367941712204008 0.2412909836065574 0.7359403460837888 0.23645264116575596 0.7345173041894354 0.23189890710382519 0.73224043715847 0.2276297814207651 0.7293943533697632 0.22449908925318765 0.7256944444444445 0.2216530054644809 0.7211407103825137 0.21909153005464485 0.7151639344262295 0.2176684881602915 0.7074795081967213 0.21823770491803282 0.7017873406193079 0.21909153005464485 0.6960951730418945 0.22136839708561024 0.6918260473588342 0.22535291438979968 0.6886953551912569 0.23076047358834248 0.6855646630236795 0.23816029143898002 0.6849954462659381 0.24442167577413484 0.6858492714025501 0.25068306010928965 0.6878415300546449 0.25865209471766853 0.6926798724954464 0.26633652094717675
1 0.5418374316939892 0.1738387978142077 0.5424066484517305 0.17782331511839714 0.5441142987249545 0.18123861566484523 0.5478142076502732 0.18550774134790532 0.5515141165755921 0.1892076502732241 0.5537909836065574 0.1911999089253188 0.5583447176684883 0.19205373406193083 0.5634676684881603 0.1914845173041895 0.5688752276867032 0.18835382513661206 0.575136612021858 0.18294626593806926 0.5802595628415301 0.1781079234972678 0.5842440801457195 0.17469262295081972 0.5887978142076503 0.16985428051001827 0.5919285063752278 0.16416211293260477 0.5936361566484518 0.15903916211293265 0.5947745901639345 0.15277777777777782 0.5947745901639345 0.14623178506375234 0.5944899817850637 0.14053961748633884 0.5930669398907104 0.1357012750455374 0.5905054644808744 0.1300091074681239 0.588228597449909 0.12630919854280515 0.5839594717668489 0.12346311475409841 0.5808287795992714 0.12204007285974504 0.577698087431694 0.12175546448087436 0.5742827868852459 0.12289389799635705 0.5705828779599271 0.12517076502732247 0.5651753187613845 0.1280168488160292 0.5594831511839709 0.13086293260473594 0.5549294171220401 0.134278233151184 0.5509448998178507 0.13911657559198548 0.5472449908925319 0.14452413479052828 0.5449681238615666 0.14907786885245905 0.5429758652094718 0.15306238615664852 0.5415528233151184 0.1573315118397086 0.5412682149362478 0.16473132969034615 0.5412682149362478 0.17013888888888892
1 0.6627959927140256 0.13883196721311478 0.6679189435336976 0.13854735883424413 0.6736111111111112 0.1368397085610201 0.6787340619307832 0.133424408014572 0.6827185792349727 0.12830145719489985 0.6849954462659381 0.12260928961748639 0.6867030965391622 0.11720173041894359 0.6872723132969035 0.11179417122040076 0.6872723132969035 0.10638661202185797 0.6869877049180328 0.10040983606557383 0.6858492714025501 0.09414845173041898 0.6830031876138434 0.08817167577413484 0.6801571038251366 0.08333333333333338 0.6764571948998179 0.07821038251366125 0.6730418943533698 0.07451047358834248 0.6690573770491803 0.07052595628415306 0.6627959927140256 0.06597222222222227 0.6571038251366121 0.06227231329690351 0.6508424408014573 0.059426229508196766 0.6465733151183971 0.0580031876138434 0.6403119307832423 0.05857240437158475 0.6354735883424408 0.06084927140255014 0.6317736794171221 0.06483378870673957 0.6289275956284154 0.07024134790528237 0.6272199453551913 0.07650273224043722 0.6255122950819673 0.08361794171220406 0.624089253187614 0.09158697632058294 0.6243738615664846 0.10012522768670314 0.6260815118397086 0.10809426229508201 0.6286429872495447 0.11464025500910752 0.6320582877959927 0.12147085610200369 0.6354735883424408 0.12545537340619312 0.6391734972677596 0.12943989071038256 0.6445810564663024 0.13285519125683065 0.653688524590164 0.13712431693989077 0.6568192167577414 0.13854735883424413
1 0.7663934426229508 0.10524817850637527 0.771516393442623 0.10524817850637527 0.7769239526411659 0.10439435336976326 0.7817622950819673 0.10297131147540987 0.7866006375227688 0.09898679417122044 0.7903005464480874 0.09528688524590169 0.7942850637522769 0.0918715846994536 0.797700364298725 0.08874089253187618 0.8002618397085611 0.08390255009107474 0.8014002732240437 0.07849499089253192 0.8014002732240437 0.07194899817850642 0.8011156648451732 0.06540300546448093 0.7999772313296903 0.058287795992714074 0.796846539162113 0.05344945355191262 0.7922928051001822 0.04918032786885251 0.7860314207650274 0.04519581056466307 0.7809084699453552 0.04234972677595634 0.7752163023679418 0.040357468123861616 0.7689549180327869 0.040357468123861616 0.7646857923497269 0.04092668488160297 0.7604166666666666 0.042634335154827 0.7558629326047359 0.04519581056466307 0.7527322404371585 0.046903460837887115 0.748747723132969 0.04918032786885251 0.7450478142076503 0.051741803278688575 0.7419171220400729 0.056864754098360705 0.7402094717668489 0.06483378870673957 0.7404940801457195 0.07422586520947182 0.7419171220400729 0.08219489981785069 0.7441939890710383 0.08731785063752281 0.7478938979963571 0.09301001821493629 0.7530168488160293 0.09898679417122044 0.7561475409836066 0.10183287795992718 0.7607012750455374 0.10410974499089258
1 0.48434653916211295 0.11122495446265943 0.4883310564663024 0.1149248633879782 0.4926001821493625 0.1169171220400729 0.49715391621129335 0.1180555555555556 0.5019922586520947 0.11777094717668493 0.508822859744991 0.11634790528233156 0.5156534608378871 0.11407103825136616 0.5216302367941713 0.1115095628415301 0.5276070127504554 0.10866347905282336 0.5321607468123862 0.10553278688524595 0.536714480874317 0.10040983606557383 0.539275956284153 0.09500227686703101 0.5389913479052824 0.09044854280510023 0.536714480874317 0.08504098360655742 0.5335837887067396 0.08077185792349731 0.5281762295081968 0.07678734061930788 0.5233378870673954 0.07394125683060114 0.5193533697632059 0.07280282331511843 0.5122381602914391 0.07251821493624777 0.5059767759562842 0.07251821493624777 0.4991461748633881 0.07394125683060114 0.49089253187613846 0.07735655737704922 0.48463114754098363 0.08162568306010934 0.4809312386156649 0.08589480874316945 0.4797928051001822 0.0907331511839709 0.47922358834244083 0.09642531876138438 0.4795081967213115 0.10183287795992718 0.48064663023679427 0.1061020036429873
1 0.598759107468124 0.04889571948998184 0.60132058287796 0.04462659380692172 0.6018897996357013 0.03921903460837892 0.6007513661202187 0.03324225865209477 0.5984744990892532 0.028119307832422634 0.5950591985428051 0.024419398907103877 0.5905054644808744 0.02100409836065579 0.5859517304189436 0.017873406193078374 0.5822518214936249 0.01531193078324231 0.5791211293260474 0.013035063752276917 0.5739981785063752 0.009335154826958156 0.5702982695810566 0.00734289617486344 0.5663137522768671 0.0064890710382514176 0.5623292349726776 0.0064890710382514176 0.5580601092896175 0.007058287795992766 0.5549294171220401 0.009335154826958156 0.5520833333333335 0.011896630236794221 0.5495218579234974 0.01531193078324231 0.5472449908925319 0.019296448087431743 0.5458219489981785 0.024988615664845223 0.5458219489981785 0.030111566484517353 0.5466757741347906 0.03466530054644813 0.5495218579234974 0.03950364298724959 0.5526525500910747 0.04405737704918038 0.5557832422586522 0.048041894353369814 0.5589139344262295 0.051741803278688575 0.5620446265938069 0.054303278688524644 0.5708674863387979 0.056864754098360705 0.5754212204007287 0.056864754098360705 0.5816826047358835 0.056864754098360705 0.5870901639344264 0.05601092896174868 0.5936361566484518 0.053164845173041944
1 0.39071038251366125 0.12033242258652099 0.39327185792349734 0.11577868852459021 0.39441029143898004 0.11094034608378875 0.39412568306010937 0.10524817850637527 0.39213342440801463 0.09870218579234978 0.3881489071038252 0.09272540983606563 0.38331056466302377 0.08845628415300551 0.37818761384335164 0.08617941712204011 0.37221083788706744 0.08475637522768675 0.36538023679417125 0.08447176684881609 0.3591188524590165 0.08504098360655742 0.352572859744991 0.0864640255009108 0.3434653916211294 0.08874089253187618 0.3352117486338798 0.09244080145719495 0.32866575591985436 0.09699453551912574 0.32439663023679427 0.1038251366120219 0.3238274134790529 0.11065573770491807 0.32468123861566495 0.11720173041894359 0.32752732240437166 0.12317850637522773 0.3323656648451731 0.12716302367941718 0.33862704918032793 0.1300091074681239 0.34517304189435344 0.13086293260473594 0.3539959016393443 0.13086293260473594 0.3605418943533698 0.13086293260473594 0.366518670309654 0.1302937158469946 0.37192622950819676 0.12943989071038256 0.3761953551912569 0.12858606557377053 0.38217213114754106 0.12630919854280515 0.3870104735883425 0.12374772313296908
1 0.4020947176684882 0.24982923497267764 0.4046561930783243 0.2447062841530055 0.406648451730419 0.23929872495446272 0.406648451730419 0.23332194899817854 0.4055100182149363 0.2273451730418944 0.40494080145719497 0.22336065573770497 0.40408697632058294 0.2193761384335155 0.4023793260473589 0.21396857923497273 0.40038706739526414 0.20799180327868858 0.39867941712204014 0.20286885245901642 0.3964025500910748 0.19859972677595633 0.39327185792349734 0.19518442622950824 0.3895719489981786 0.1911999089253188 0.38530282331511845 0.1877846083788707 0.38131830601092903 0.184938524590164 0.3764799635701276 0.18209244080145723 0.37050318761384343 0.17953096539162117 0.36538023679417125 0.1792463570127505 0.3588342440801458 0.1803847905282332 0.3517190346083789 0.18266165755919858 0.34744990892531885 0.18579234972677602 0.34488843351548276 0.1903460837887068 0.3431807832422587 0.19603825136612024 0.342042349726776 0.20343806921675778 0.342042349726776 0.2096994535519126 0.3431807832422587 0.2165300546448088 0.3454576502732241 0.2230760473588343 0.3480191256830602 0.22819899817850642 0.3508652094717669 0.23218351548269583 0.3579804189435338 0.23730646630236799 0.3605418943533698 0.23986794171220405 0.366518670309654 0.2424294171220401 0.37221083788706744 0.2447062841530055 0.37790300546448097 0.24669854280510023 0.3850182149362478 0.24869080145719497 0.3912795992714026 0.2501138433515483 0.39754098360655743 0.2501138433515483
1 0.3477345173041895 0.30618169398907114 0.352572859744991 0.30874316939890717 0.3582650273224044 0.3110200364298726 0.3588342440801458 0.3110200364298726 0.3613957194899819 0.3121584699453553 0.36623406193078334 0.31329690346083794 0.37278005464480884 0.3135815118397086 0.3776183970856103 0.31329690346083794 0.3827413479052824 0.31272768670309664 0.38786429872495454 0.3115892531876139 0.39213342440801463 0.30902777777777785 0.3946948998178507 0.3056124772313298 0.3955487249544627 0.30219717668488166 0.39668715846994546 0.2987818761384336 0.3978255919854281 0.2962204007285975 0.39668715846994546 0.2868283242258653 0.39583333333333337 0.2822745901639345 0.3949795081967214 0.2774362477231331 0.39298724954462666 0.2737363387978143 0.3901411657559199 0.27145947176684887 0.3867258652094719 0.2700364298724955 0.38245673952641174 0.26946721311475413 0.3767645719489982 0.2683287795992715 0.3707877959927141 0.2677595628415301 0.36538023679417125 0.2677595628415301 0.3579804189435338 0.2691826047358835 0.35342668488160295 0.27259790528233163 0.34744990892531885 0.2762978142076503 0.3428961748633881 0.2799977231329691 0.34090391621129335 0.2834130236794172 0.340334699453552 0.2882513661202186 0.341188524590164 0.2936589253187615 0.3428961748633881 0.2987818761384336 0.34517304189435344 0.30248178506375234
1 0.5159380692167578 0.3522882513661203 0.5170765027322405 0.3471653005464482 0.5173611111111112 0.34147313296903464 0.5167918943533698 0.3352117486338798 0.5145150273224044 0.32895036429872504 0.5108151183970857 0.3241120218579236 0.5048383424408015 0.3206967213114755 0.4997153916211294 0.3195582877959928 0.49459244080145726 0.31984289617486344 0.49032331511839716 0.3206967213114755 0.486054189435337 0.32240437158469953 0.4820696721311476 0.32439663023679427 0.4789389799635702 0.3269581056466303 0.47552367941712215 0.33122723132969045 0.4715391621129327 0.33862704918032793 0.46897768670309664 0.3454576502732241 0.4678392531876139 0.3531420765027323 0.4678392531876139 0.35997267759562845 0.47040072859744997 0.367372495446266 0.47324681238615673 0.37192622950819676 0.4789389799635702 0.3761953551912569 0.4829234972677596 0.37875683060109294 0.48804644808743175 0.3801798724954463 0.49402322404371596 0.3801798724954463 0.5000000000000001 0.37961065573770497 0.5045537340619308 0.3770491803278689 0.5076844262295083 0.3733492714025502 0.510530510018215 0.36794171220400734 0.513091985428051 0.36253415300546454 0.5147996357012751 0.35712659380692174
1 0.4462090163934427 0.4208788706739527 0.4484858834244081 0.4174635701275046 0.45019353369763215 0.41205601092896177 0.45047814207650283 0.4055100182149363 0.45019353369763215 0.3992486338797815 0.44962431693989074 0.39184881602914395 0.4490551001821494 0.38416438979963574 0.44677823315118403 0.3776183970856103 0.4427937158469946 0.37135701275045546 0.43681693989071047 0.366518670309654 0.431124772313297 0.3642418032786886 0.4260018214936248 0.3639571948998179 0.4200250455373407 0.3645264116575593 0.4126252276867032 0.367372495446266 0.40693306010928965 0.37135701275045546 0.40294854280510023 0.3776183970856103 0.4006716757741348 0.38473360655737715 0.4001024590163935 0.3924180327868853 0.40038706739526414 0.40038706739526414 0.40266393442622955 0.4072176684881603 0.4046561930783243 0.4112021857923498 0.407502276867031 0.41575591985428056 0.4109175774134791 0.4200250455373407 0.4149020947176686 0.4234403460837888 0.41945582877959936 0.4268556466302369 0.4268556466302369 0.42913251366120225 0.432832422586521 0.42913251366120225 0.43767076502732244 0.4274248633879782 0.4425091074681239 0.4245787795992715
1 0.3511498178506376 0.3471653005464482 0.3485883424408015 0.340334699453552 0.3446038251366121 0.33321948998178513 0.34061930783242267 0.32809653916211295 0.3346425318761385 0.3241120218579236 0.32895036429872504 0.3218351548269582 0.3229735883424409 0.3204121129326048 0.316712204007286 0.3195582877959928 0.31016621129326055 0.31870446265938074 0.30362021857923505 0.3189890710382514 0.2976434426229509 0.3204121129326048 0.29337431693989074 0.3229735883424409 0.2893897996357014 0.3269581056466303 0.2868283242258653 0.33179644808743175 0.2854052823315119 0.34005009107468126 0.2856898907103826 0.3477345173041895 0.28711293260473597 0.35285746812386165 0.289674408014572 0.3574112021857924 0.2928051001821494 0.3608265027322405 0.30219717668488166 0.36765710382513667 0.3081739526411658 0.3707877959927141 0.31329690346083794 0.3724954462659381 0.31841985428051006 0.3739184881602915 0.32496584699453557 0.3736338797814208 0.3309426229508198 0.3736338797814208 0.33862704918032793 0.3736338797814208 0.34659608378870677 0.37192622950819676 0.3517190346083789 0.3687955373406194 0.3531420765027323 0.3645264116575593 0.3531420765027323 0.3582650273224044 0.352572859744991 0.35285746812386165
1 0.6978028233151184 0.4046561930783243 0.6960951730418945 0.3989640255009108 0.693818306010929 0.39441029143898004 0.6909722222222222 0.39071038251366125 0.6867030965391622 0.3872950819672132 0.6821493624772313 0.3844489981785065 0.6775956284153006 0.38217213114754106 0.6730418943533698 0.3801798724954463 0.6662112932604737 0.37875683060109294 0.6599499089253188 0.37847222222222227 0.655396174863388 0.3793260473588343 0.6491347905282332 0.3816029143897997 0.643158014571949 0.3844489981785065 0.6368966302367942 0.38757969034608386 0.6309198542805101 0.3909949908925319 0.6263661202185793 0.3946948998178507 0.6232354280510018 0.39867941712204014 0.6209585610200364 0.40351775956284164 0.6195355191256832 0.40949453551912574 0.6195355191256832 0.41376366120218583 0.6201047358834245 0.41860200364298733 0.6218123861566485 0.42258652094717675 0.6238046448087432 0.42571721311475413 0.6277891621129327 0.42941712204007293 0.6314890710382514 0.4325478142076503 0.6354735883424408 0.4342554644808744 0.6425887978142077 0.43596311475409844 0.6499886156648452 0.4365323315118398 0.6539731329690347 0.4365323315118398 0.6590960837887069 0.43596311475409844 0.6630806010928961 0.4353938979963571 0.6696265938069217 0.43454007285974505 0.6741803278688525 0.4334016393442624 0.6801571038251366 0.431124772313297 0.6858492714025501 0.4285632969034609 0.6895491803278689 0.4262864298724955 0.6932490892531876 0.42230191256830607 0.6969489981785064 0.4166097449908926 0.6983720400728598 0.4112021857923498
1 0.7794854280510018 0.38188752276867033 0.7814776867030966 0.37818761384335164 0.7831853369763206 0.3730646630236795 0.7840391621129327 0.3693647540983607 0.7851775956284154 0.36538023679417125 0.7848929872495447 0.3591188524590165 0.7848929872495447 0.3537112932604736 0.7843237704918032 0.3488729508196722 0.7820469034608379 0.34375000000000006 0.7789162112932605 0.340334699453552 0.7743624772313298 0.3374886156648452 0.769808743169399 0.33549635701275055 0.7641165755919855 0.33435792349726784 0.7589936247723134 0.33435792349726784 0.7535860655737705 0.3352117486338798 0.7467554644808744 0.33777322404371596 0.7419171220400729 0.341188524590164 0.7373633879781422 0.3471653005464482 0.733948087431694 0.3545651183970857 0.7311020036429874 0.3628187613843352 0.731386612021858 0.3687955373406194 0.7316712204007286 0.3739184881602915 0.7356557377049181 0.38131830601092903 0.7382172131147542 0.3861566484517305 0.7402094717668489 0.3892873406193079 0.7422017304189436 0.3909949908925319 0.7422017304189436 0.3912795992714026 0.7441939890710383 0.3924180327868853 0.748747723132969 0.39355646630236796 0.7527322404371585 0.39355646630236796 0.75757058287796 0.39298724954462666 0.7626935336976322 0.3909949908925319 0.768101092896175 0.3892873406193079 0.772370218579235 0.3870104735883425 0.7766393442622951 0.38473360655737715
1 0.6329121129326047 0.5079690346083789 0.6312044626593808 0.5048383424408015 0.6289275956284154 0.5014230418943534 0.6260815118397086 0.497438524590164 0.6226662112932605 0.49402322404371596 0.6183970856102003 0.49089253187613846 0.613558743169399 0.48804644808743175 0.6095742258652095 0.486054189435337 0.6053051001821494 0.486054189435337 0.600466757741348 0.48662340619307837 0.5947745901639345 0.4891848816029144 0.5905054644808744 0.4943078324225866 0.5873747723132969 0.5000000000000001 0.5868055555555556 0.5071152094717669 0.5876593806921676 0.5153688524590164 0.589936247723133 0.5230532786885246 0.5933515482695811 0.5293146630236795 0.5964822404371585 0.5341530054644809 0.5990437158469946 0.537568306010929 0.603028233151184 0.5412682149362478 0.6070127504553735 0.5443989071038252 0.6121357012750456 0.5472449908925319 0.6175432604735884 0.5495218579234974 0.6218123861566485 0.5492372495446266 0.6257969034608379 0.5469603825136613 0.6289275956284154 0.5438296903460837 0.6312044626593808 0.5398451730418945 0.6331967213114755 0.535860655737705 0.6349043715846995 0.5293146630236795 0.6354735883424408 0.524476320582878 0.6354735883424408 0.5202071948998179 0.6349043715846995 0.5159380692167578 0.6343351548269581 0.5116689435336977
1 0.46670081967213123 0.5005692167577415 0.46300091074681243 0.496584699453552 0.45901639344262296 0.4928847905282332 0.4536088342440802 0.4900387067395265 0.4482012750455374 0.4877618397085611 0.4427937158469946 0.48690801457194904 0.43767076502732244 0.486054189435337 0.4336862477231331 0.48491575591985436 0.42941712204007293 0.48463114754098363 0.4231557377049181 0.48491575591985436 0.41831739526411665 0.4863387978142077 0.4134790528233152 0.4883310564663024 0.40693306010928965 0.49117714025500914 0.4023793260473589 0.49345400728597455 0.3992486338797815 0.49573087431693996 0.3961179417122041 0.5000000000000001 0.3938410746812387 0.5045537340619308 0.3924180327868853 0.5093920765027323 0.39213342440801463 0.5139458105646632 0.3946948998178507 0.5207764116575593 0.3964025500910748 0.52533014571949 0.3983948087431695 0.5278916211293261 0.4018101092896176 0.5318761384335156 0.40494080145719497 0.5347222222222222 0.40778688524590173 0.5372836976320584 0.41717896174863395 0.5424066484517305 0.42258652094717675 0.5438296903460837 0.4262864298724955 0.5452527322404372 0.43226320582877964 0.5469603825136613 0.4385245901639345 0.548098816029144 0.44393214936247727 0.5486680327868854 0.45019353369763215 0.548952641165756 0.4550318761384336 0.5483834244080146 0.4610086520947177 0.5469603825136613 0.4644239526411658 0.5455373406193079 0.46954690346083794 0.5429758652094718 0.4726775956284153 0.5401297814207651 0.47466985428051006 0.536714480874317 0.47495446265938074 0.5330145719489983 0.47466985428051006 0.5290300546448088 0.4738160291438981 0.524476320582878 0.4726775956284153 0.5173611111111112 0.471254553734062 0.510530510018215 0.46926229508196726 0.5051229508196722
1 0.32098132969034615 0.641450364298725 0.316712204007286 0.643158014571949 0.31301229508196726 0.6460040983606559 0.30902777777777785 0.6497040072859745 0.3053278688524591 0.6534039162112932 0.30134335154826963 0.6579576502732241 0.2976434426229509 0.6645036429872496 0.29451275045537345 0.6719034608378871 0.29308970856102007 0.679018670309654 0.29394353369763215 0.6852800546448088 0.29678961748633886 0.6895491803278689 0.29992030965391625 0.691256830601093 0.3056124772313298 0.6923952641165756 0.31272768670309664 0.6926798724954464 0.31785063752276876 0.692110655737705 0.32211976320582886 0.6909722222222222 0.3266734972677596 0.6898337887067395 0.33037340619307837 0.6884107468123861 0.33492714025500914 0.6861338797814208 0.33805783242258663 0.6838570127504554 0.34744990892531885 0.67731102003643 0.35143442622950827 0.6716188524590164 0.3537112932604736 0.6664959016393442 0.35570355191256836 0.6616575591985429 0.35854963570127507 0.6565346083788708 0.3591188524590165 0.6497040072859745 0.35854963570127507 0.6465733151183971 0.3545651183970857 0.6423041894353371 0.3485883424408015 0.6403119307832423 0.3428961748633881 0.6397427140255009 0.33492714025500914 0.6397427140255009 0.32838114754098363 0.6403119307832423
1 0.6997950819672132 0.5691598360655737 0.6960951730418945 0.5702982695810566 0.692110655737705 0.573428961748634 0.6872723132969035 0.5788365209471767 0.683287795992714 0.5842440801457195 0.6795878870673954 0.5913592896174864 0.67731102003643 0.5990437158469946 0.6775956284153006 0.6064435336976322 0.679872495446266 0.6138433515482696 0.6821493624772313 0.6175432604735884 0.6844262295081969 0.6198201275045537 0.6881261384335156 0.6220969945355193 0.6943875227686703 0.6243738615664846 0.6978028233151184 0.6252276867030966 0.7034949908925319 0.6249430783242259 0.7063410746812387 0.6235200364298726 0.7094717668488161 0.6195355191256832 0.7123178506375228 0.6149817850637523 0.7145947176684883 0.6109972677595629 0.7168715846994537 0.6061589253187614 0.7182946265938069 0.602174408014572 0.7188638433515483 0.5979052823315119 0.7188638433515483 0.5936361566484518 0.7180100182149364 0.5896516393442623 0.7163023679417122 0.5853825136612022 0.7151639344262295 0.5813979963570127 0.7131716757741349 0.5765596539162113 0.7106102003642988 0.5731443533697632 0.7083333333333334 0.5708674863387979 0.7057718579234974 0.5691598360655737 0.7026411657559198 0.5685906193078325
1 0.5128073770491803 0.7074795081967213 0.5048383424408015 0.7080487249544627 0.4980077413479053 0.7103255919854281 0.49487704918032793 0.7151639344262295 0.49345400728597455 0.7217099271402551 0.49345400728597455 0.7282559198542806 0.49487704918032793 0.7336634790528234 0.49715391621129335 0.7396402550091075 0.4994307832422587 0.7441939890710383 0.5048383424408015 0.7530168488160293 0.5099612932604737 0.758424408014572 0.5147996357012751 0.7624089253187614 0.5207764116575593 0.7663934426229508 0.5276070127504554 0.769808743169399 0.537568306010929 0.7718010018214937 0.5449681238615666 0.7703779599271403 0.549806466302368 0.7675318761384335 0.5520833333333335 0.7644011839708561 0.5540755919854281 0.7595628415300547 0.5549294171220401 0.7547244990892532 0.5546448087431695 0.7478938979963571 0.5537909836065574 0.7430555555555556 0.5520833333333335 0.7385018214936248 0.5492372495446266 0.7336634790528234 0.5463911657559198 0.7288251366120219 0.5432604735883425 0.7245560109289618 0.5401297814207651 0.720002276867031 0.535006830601093 0.7163023679417122 0.5298838797814208 0.7134562841530055 0.524476320582878 0.7108948087431695 0.5182149362477232 0.7089025500910747
1 0.42913251366120225 0.7595628415300547 0.4265710382513662 0.7538706739526412 0.4231557377049181 0.7493169398907104 0.41860200364298733 0.746186247723133 0.41319444444444453 0.7450478142076503 0.4046561930783243 0.7459016393442623 0.39981785063752284 0.7473246812386157 0.3949795081967214 0.7507399817850637 0.39213342440801463 0.7578551912568307 0.3892873406193079 0.7618397085610201 0.3858720400728598 0.7658242258652095 0.38188752276867033 0.771516393442623 0.3790414389799636 0.7780623861566485 0.37733378870673956 0.7868852459016394 0.3776183970856103 0.795138888888889 0.3798952641165757 0.8028233151183971 0.38331056466302377 0.8105077413479054 0.3867258652094719 0.8150614754098361 0.39213342440801463 0.8179075591985429 0.4020947176684882 0.8187613843351549 0.4083561020036431 0.8184767759562842 0.41604052823315124 0.8159153005464481 0.42144808743169404 0.8122153916211293 0.42571721311475413 0.8079462659380693 0.42941712204007293 0.8016848816029145 0.43226320582877964 0.7937158469945356 0.4336862477231331 0.7866006375227688 0.4334016393442624 0.7803392531876139 0.432832422586521 0.772370218579235 0.43140938069216767 0.7661088342440803
1 0.31301229508196726 0.7373633879781422 0.3115892531876139 0.7441939890710383 0.3121584699453553 0.7504553734061932 0.3147199453551913 0.7541552823315119 0.31927367941712215 0.7572859744990893 0.3255350637522769 0.7604166666666666 0.329804189435337 0.7612704918032788 0.3363501821493626 0.7615551001821494 0.3426115664845174 0.7612704918032788 0.3480191256830602 0.7601320582877961 0.35285746812386165 0.758424408014572 0.35712659380692174 0.7541552823315119 0.35968806921675783 0.7504553734061932 0.3619649362477232 0.747040072859745 0.3639571948998179 0.7436247723132969 0.3650956284153006 0.7382172131147542 0.36481102003642996 0.7330942622950821 0.3631033697632059 0.7268328779599271 0.36025728597449913 0.7214253187613845 0.35684198542805107 0.7168715846994537 0.3539959016393443 0.7148793260473589 0.35058060109289624 0.7137408925318761 0.34602686703096547 0.7128870673952642 0.33805783242258663 0.7131716757741349 0.33179644808743175 0.7148793260473589 0.32610428051001833 0.7188638433515483 0.3232581967213115 0.7217099271402551 0.3195582877959928 0.7262636612021859 0.31699681238615673 0.7302481785063752
1 0.3628187613843352 0.9052823315118398 0.3650956284153006 0.9069899817850637 0.36908014571949005 0.9081284153005466 0.37733378870673956 0.9055669398907104 0.38530282331511845 0.9030054644808743 0.3901411657559199 0.9001593806921676 0.39583333333333337 0.8950364298724955 0.4001024590163935 0.88849043715847 0.40294854280510023 0.8822290528233151 0.40494080145719497 0.8765368852459017 0.40607923497267767 0.8714139344262295 0.406648451730419 0.864867941712204 0.4055100182149363 0.8577527322404371 0.40351775956284164 0.8520605646630237 0.4001024590163935 0.8477914389799637 0.39412568306010937 0.8460837887067395 0.3890027322404372 0.8463683970856103 0.38103369763205835 0.8486452641165756 0.3736338797814208 0.8523451730418945 0.3685109289617487 0.8563296903460837 0.3628187613843352 0.862306466302368 0.35940346083788716 0.8682832422586522 0.35712659380692174 0.8751138433515483 0.35655737704918045 0.8830828779599271 0.35712659380692174 0.8896288706739527 0.3582650273224044 0.8941826047358835 0.35968806921675783 0.8975979052823316 0.3611111111111112 0.9012978142076503
1 0.41205601092896177 0.9445582877959927 0.41518670309653927 0.9476889799635703 0.4240095628415301 0.9499658469945356 0.43084016393442626 0.9516734972677595 0.4365323315118398 0.9522427140255009 0.4419398907103826 0.9519581056466303 0.44877049180327877 0.951388888888889 0.45673952641165766 0.9496812386156649 0.46413934426229514 0.9468351548269581 0.4709699453551913 0.9428506375227688 0.4769467213114755 0.9380122950819673 0.48064663023679427 0.9334585610200364 0.4829234972677596 0.928620218579235 0.4829234972677596 0.9226434426229508 0.48121584699453557 0.9160974499089254 0.4780851548269582 0.9104052823315119 0.4741006375227687 0.9067053734061932 0.46954690346083794 0.9038592896174864 0.46413934426229514 0.9018670309653917 0.4593010018214937 0.9012978142076503 0.4513319672131148 0.901582422586521 0.44336293260473597 0.9035746812386157 0.43454007285974505 0.9067053734061932 0.4262864298724955 0.9101206739526412 0.4203096539162114 0.9141051912568307 0.4154713114754099 0.91808970856102 0.41148679417122047 0.9240664845173042 0.4097791438979964 0.9311816939890711 0.41006375227686714 0.9380122950819673
1 0.5190687613843352 0.9132513661202186 0.52106102003643 0.9183743169398908 0.5247609289617486 0.924351092896175 0.5284608378870674 0.9274817850637523 0.5347222222222222 0.9291894353369764 0.5421220400728598 0.927766393442623 0.548952641165756 0.9246357012750456 0.5549294171220401 0.9206511839708561 0.5623292349726776 0.9146744080145719 0.5680214025500911 0.9089822404371585 0.5725751366120219 0.9035746812386157 0.57599043715847 0.8978825136612022 0.5779826958105647 0.8916211293260474 0.577698087431694 0.8850751366120219 0.5768442622950821 0.8790983606557378 0.5739981785063752 0.8742600182149364 0.5697290528233151 0.8702755009107469 0.5654599271402551 0.8674294171220401 0.5591985428051003 0.8657217668488161 0.5532217668488161 0.8657217668488161 0.5463911657559198 0.8682832422586522 0.5389913479052824 0.8725523679417122 0.5315915300546449 0.8782445355191257 0.5247609289617486 0.8856443533697632 0.52106102003643 0.8913365209471766 0.5193533697632059 0.8975979052823316 0.5182149362477232 0.9044285063752278
1 0.6183970856102003 0.7996926229508198 0.6141279599271403 0.8042463570127505 0.6109972677595629 0.809938524590164 0.6092896174863388 0.8150614754098361 0.6072973588342442 0.8216074681238617 0.6055897085610201 0.8258765938069217 0.6044512750455374 0.8309995446265938 0.6041666666666666 0.8355532786885246 0.6050204918032788 0.8455145719489983 0.6064435336976322 0.8506375227686703 0.6081511839708561 0.8557604735883425 0.6098588342440803 0.8603142076502732 0.6124203096539164 0.8660063752276866 0.6164048269581056 0.8719831511839709 0.6212431693989071 0.8751138433515483 0.6294968123861566 0.8765368852459017 0.6363274134790529 0.875398451730419 0.6440118397085611 0.8716985428051003 0.6505578324225866 0.8671448087431695 0.6539731329690347 0.8625910746812386 0.6556807832422588 0.8580373406193079 0.6573884335154827 0.851775956284153 0.6588114754098361 0.8463683970856103 0.6590960837887069 0.8412454462659381 0.6588114754098361 0.8364071038251366 0.6585268670309655 0.8318533697632059 0.6582422586520947 0.8278688524590164 0.65625 0.8213228597449909 0.654542349726776 0.8167691256830601 0.6516962659380693 0.8105077413479054 0.6485655737704918 0.8053847905282332 0.6445810564663024 0.8016848816029145 0.6403119307832423 0.7985541894353371 0.6346197632058288 0.7959927140255009 0.6306352459016394 0.7957081056466303 0.6260815118397086 0.7962773224043717 0.6218123861566485 0.797700364298725
1 0.744478597449909 0.7527322404371585 0.7476092896174864 0.7564321493624774 0.7518784153005466 0.7595628415300547 0.7561475409836066 0.7626935336976322 0.760985883424408 0.7652550091074681 0.7672472677595629 0.768101092896175 0.7720856102003643 0.769808743169399 0.7772085610200364 0.7712317850637523 0.78290072859745 0.771516393442623 0.7897313296903461 0.7700933515482696 0.7948542805100183 0.7669626593806922 0.7974157559198543 0.7629781420765027 0.7982695810564664 0.7570013661202186 0.797700364298725 0.7510245901639345 0.7959927140255009 0.745332422586521 0.7931466302367942 0.7396402550091075 0.7911543715846995 0.7353711293260474 0.7880236794171221 0.7305327868852459 0.7834699453551913 0.7256944444444445 0.7783469945355193 0.7228483606557378 0.7732240437158471 0.7211407103825137 0.768101092896175 0.720002276867031 0.7621243169398908 0.719148451730419 0.7555783242258652 0.719148451730419 0.7476092896174864 0.720856102003643 0.7433401639344264 0.7237021857923498 0.7404940801457195 0.7291097449908926 0.7390710382513661 0.7345173041894354 0.7393556466302369 0.7390710382513661 0.7396402550091075 0.7447632058287798 0.7410632969034608 0.7484631147540984
1 0.7552937158469946 0.9550887978142076 0.7615551001821494 0.9542349726775956 0.7663934426229508 0.953096539162113 0.7709471766848817 0.9511042805100183 0.7760701275045537 0.9488274134790529 0.7809084699453552 0.9456967213114755 0.7854622040072861 0.9422814207650274 0.7888775045537341 0.9374430783242259 0.7905851548269581 0.9326047358834245 0.7920081967213116 0.926912568306011 0.7925774134790529 0.9186589253187614 0.7905851548269581 0.9118283242258652 0.7868852459016394 0.9072745901639345 0.7823315118397086 0.9047131147540984 0.7746470856102003 0.9035746812386157 0.7700933515482696 0.9038592896174864 0.7646857923497269 0.9052823315118398 0.7601320582877961 0.9075591985428051 0.7533014571948998 0.9104052823315119 0.7464708561020037 0.9141051912568307 0.7424863387978142 0.9175204918032788 0.7396402550091075 0.9212204007285975 0.7373633879781422 0.9252049180327869 0.7356557377049181 0.9300432604735884 0.7348019125683061 0.9337431693989071 0.7348019125683061 0.9377276867030966 0.7359403460837888 0.9419968123861566 0.7376479963570127 0.9462659380692169 0.7404940801457195 0.9496812386156649 0.7436247723132969 0.9519581056466303 0.7496015482695811 0.9545195810564664
1 0.5606215846994537 0.9656193078324227 0.5577755009107469 0.9673269581056466 0.5526525500910747 0.9704576502732241 0.5475295992714027 0.9744421675774135 0.5443989071038252 0.9784266848816029 0.5418374316939892 0.9832650273224045 0.5404143897996357 0.992372495446266 0.5404143897996357 0.9989583333333333 0.5868808673111953 0.9989583333333333 0.589082422586521 0.9918032786885246 0.5902208561020037 0.9858265027322405 0.5905054644808744 0.980134335154827 0.5893670309653917 0.9738729508196722 0.5870901639344264 0.9698884335154827 0.5836748633879782 0.9659039162112932 0.5796903460837888 0.9630578324225866 0.5757058287795993 0.9619193989071039 0.5697290528233151 0.9622040072859745 0.564606102003643 0.9636270491803279
1 0.8620218579234974 0.9883879781420766 0.860598816029144 0.9829804189435337 0.8577527322404371 0.9778574681238617 0.8537682149362478 0.9738729508196722 0.8489298724954464 0.9707422586520947 0.8412454462659381 0.9698884335154827 0.8349840619307832 0.9698884335154827 0.8309995446265938 0.9710268670309655 0.8272996357012751 0.9727345173041895 0.823030510018215 0.9761498178506376 0.8196152094717669 0.9789959016393442 0.8150614754098361 0.9838342440801457 0.810792349726776 0.9903802367941713 0.8065232240437159 0.9989184881602914 0.8636480664144598 0.9989583333333333
1 0.823030510018215 0.8756830601092898 0.8295765027322405 0.8759676684881603 0.836122495446266 0.877106102003643 0.8432377049180328 0.8768214936247724 0.8497836976320584 0.8748292349726776 0.8540528233151184 0.8699908925318761 0.8566142987249545 0.8640141165755921 0.8580373406193079 0.8566142987249545 0.8580373406193079 0.848360655737705 0.8571835154826959 0.8423838797814208 0.8549066484517305 0.8375455373406193 0.8523451730418945 0.8329918032786885 0.8494990892531876 0.8281534608378871 0.8472222222222222 0.824738160291439 0.8443761384335156 0.8201844262295083 0.8403916211293261 0.8147768670309655 0.836122495446266 0.8110769581056466 0.8298611111111112 0.8076616575591985 0.824738160291439 0.8053847905282332 0.8181921675774135 0.8039617486338798 0.8130692167577414 0.8036771402550092 0.80823087431694 0.8053847905282332 0.8025387067395264 0.8085154826958106 0.7974157559198543 0.8136384335154827 0.7948542805100183 0.8207536429872495 0.7942850637522769 0.8261612021857924 0.7934312386156649 0.8355532786885246 0.7937158469945356 0.8426684881602914 0.7954234972677596 0.850068306010929 0.797700364298725 0.8557604735883425 0.799408014571949 0.8597449908925319 0.8028233151183971 0.8637295081967213 0.809938524590164 0.8699908925318761 0.8176229508196722 0.873690801457195
1 0.7948542805100183 0.21254553734061937 0.7979849726775956 0.2176684881602915 0.8016848816029145 0.22108378870673956 0.8110769581056466 0.22563752276867036 0.8176229508196722 0.22933743169398912 0.823030510018215 0.2304758652094718 0.8304303278688525 0.2304758652094718 0.836122495446266 0.2304758652094718 0.8403916211293261 0.22990664845173045 0.8466530054644809 0.22905282331511845 0.8503529143897998 0.2284836065573771 0.8549066484517305 0.2276297814207651 0.861452641165756 0.22592213114754103 0.8668602003642988 0.224214480874317 0.8716985428051003 0.2216530054644809 0.8765368852459017 0.21852231329690353 0.8790983606557378 0.21539162112932608 0.879667577413479 0.21226092896174867 0.8790983606557378 0.2085610200364299 0.8782445355191257 0.20372267759562845 0.8765368852459017 0.19945355191256833 0.8748292349726776 0.19660746812386162 0.8714139344262295 0.1946152094717669 0.8668602003642988 0.19290755919854286 0.8625910746812386 0.19063069216757747 0.8588911657559198 0.1877846083788707 0.854337431693989 0.1838000910746813 0.8506375227686703 0.18123861566484523 0.8463683970856103 0.17867714025500916 0.8423838797814208 0.17640027322404378 0.8386839708561021 0.17497723132969037 0.8344148451730419 0.1738387978142077 0.8301457194899818 0.1738387978142077 0.822176684881603 0.17440801457194904 0.8164845173041895 0.17526183970856107 0.8113615664845174 0.17725409836065578 0.8065232240437159 0.17981557377049187 0.8016848816029145 0.18294626593806926 0.796846539162113 0.1869307832422587 0.7937158469945356 0.19176912568306015 0.7917235883424408 0.19660746812386162 0.7917235883424408 0.2022996357012751 0.7928620218579235 0.2085610200364299
1 0.9084130236794171 0.053164845173041944 0.9064207650273224 0.046618852459016445 0.9035746812386157 0.04234972677595634 0.8995901639344263 0.03893442622950825 0.8927595628415301 0.036657559198542855 0.8862135701275046 0.03637295081967218 0.8799521857923498 0.036657559198542855 0.873690801457195 0.03864981785063757 0.8671448087431695 0.04234972677595634 0.8611680327868853 0.04747267759562846 0.8571835154826959 0.0525956284153006 0.8534836065573771 0.05971083788706744 0.8503529143897998 0.06625683060109294 0.8486452641165756 0.07394125683060114 0.8489298724954464 0.08162568306010934 0.8489298724954464 0.08788706739526415 0.8512067395264117 0.0918715846994536 0.860598816029144 0.09471766848816034 0.8677140255009108 0.09813296903460843 0.8711293260473589 0.09898679417122044 0.8756830601092898 0.09841757741347909 0.8816598360655737 0.09642531876138438 0.8890596539162113 0.09215619307832427 0.8950364298724955 0.08788706739526415 0.8984517304189436 0.08333333333333338 0.902436247723133 0.07707194899817855 0.904997723132969 0.07251821493624777 0.9075591985428051 0.06597222222222227 0.9086976320582879 0.05999544626593812
1 0.9673269581056466 0.06767987249544632 0.9622040072859745 0.06625683060109294 0.9559426229508198 0.06597222222222227 0.9511042805100183 0.06625683060109294 0.9465505464480874 0.06711065573770497 0.9428506375227688 0.06824908925318766 0.9380122950819673 0.06995673952641171 0.9328893442622951 0.07308743169398912 0.9289048269581056 0.07650273224043722 0.9252049180327869 0.08077185792349731 0.9226434426229508 0.08589480874316945 0.9200819672131147 0.0918715846994536 0.9183743169398908 0.09813296903460843 0.9175204918032788 0.10268670309653921 0.9175204918032788 0.10638661202185797 0.9186589253187614 0.10980191256830606 0.9215050091074681 0.11179417122040076 0.9263433515482695 0.11350182149362481 0.9297586520947176 0.11407103825136616 0.9348816029143898 0.11350182149362481 0.9411429872495447 0.11179417122040076 0.9496812386156649 0.10894808743169403 0.9567964480874317 0.10553278688524595 0.9613501821493625 0.10240209471766853 0.966188524590164 0.09898679417122044 0.9693192167577414 0.09443306010928967 0.9718806921675774 0.08987932604735889 0.9733037340619308 0.08504098360655742 0.9735883424408015 0.07963342440801462 0.9724499089253188 0.07479508196721317 0.9704576502732241 0.07024134790528237
1 0.0591416211293261 0.04234972677595634 0.05458788706739532 0.04234972677595634 0.04889571948998184 0.04291894353369768 0.041495901639344315 0.04519581056466307 0.03494990892531881 0.048326502732240484 0.02840391621129331 0.05401867030965397 0.023565573770491854 0.059426229508196766 0.018442622950819724 0.06597222222222227 0.014173497267759615 0.07308743169398912 0.012181238615664896 0.08048724954462665 0.012750455373406244 0.09130236794171225 0.015027322404371634 0.09870218579234978 0.017304189435337024 0.10268670309653921 0.020434881602914443 0.1061020036429873 0.024988615664845223 0.10866347905282336 0.030965391621129375 0.10894808743169403 0.03125000000000005 0.10894808743169403 0.03580373406193083 0.10780965391621135 0.04206511839708566 0.10553278688524595 0.046618852459016445 0.10325591985428056 0.05060336976320588 0.10069444444444449 0.05999544626593812 0.09244080145719495 0.06597222222222227 0.08561020036429877 0.06881830601092902 0.08077185792349731 0.07024134790528237 0.07650273224043722 0.07137978142076508 0.07024134790528237 0.07194899817850642 0.0634107468123862 0.07194899817850642 0.05743397085610205 0.07081056466302373 0.0514571948998179 0.06853369763205834 0.04747267759562846 0.0668260473588343 0.04576502732240442 0.06284153005464485 0.043488160291439024
1 0.03580373406193083 0.25295992714025506 0.040357468123861616 0.24413706739526417 0.04234972677595634 0.2384448998178507 0.043488160291439024 0.23275273224043722 0.043203551912568354 0.22592213114754103 0.04206511839708566 0.22108378870673956 0.03950364298724959 0.21681466302367947 0.03637295081967218 0.21226092896174867 0.032957650273224094 0.2085610200364299 0.02840391621129331 0.20543032786885249 0.024988615664845223 0.20457650273224048 0.019296448087431743 0.20457650273224048 0.013604280510018267 0.20486111111111116 0.008196721311475462 0.2065687613843352 0.004496812386156701 0.20941484517304193 0.0013661202185792866 0.21453779599271405 0.0005122950819672647 0.2669057377049181 0.0050660291438980485 0.26861338797814216 0.010473588342440852 0.26889799635701284 0.01701958105646635 0.2683287795992715 0.021288706739526462 0.2654826958105647 0.025557832422586572 0.2617827868852459
1 0.14281648451730425 0.25409836065573776 0.1402550091074682 0.2523907103825137 0.1376935336976321 0.2523907103825137 0.12972449908925324 0.2535291438979964 0.12431693989071044 0.2563752276867031 0.12061703096539166 0.26149817850637525 0.11663251366120224 0.2723132969034609 0.11549408014571955 0.28056693989071047 0.11549408014571955 0.28512067395264123 0.11606329690346089 0.2885359744990893 0.1191939890710383 0.30248178506375234 0.12317850637522773 0.3081739526411658 0.1288706739526412 0.31187386156648456 0.1354166666666667 0.3135815118397086 0.14281648451730425 0.3135815118397086 0.14993169398907108 0.3121584699453553 0.1542008196721312 0.31016621129326055 0.15676229508196726 0.30646630236794176 0.1584699453551913 0.30077413479052834 0.15989298724954465 0.2953665755919855 0.16017759562841535 0.29052823315118403 0.16017759562841535 0.28398224043715853 0.15903916211293265 0.276582422586521 0.15562386156648456 0.2683287795992715 0.15306238615664852 0.26405965391621133 0.14993169398907108 0.2600751366120219 0.14680100182149367 0.2566598360655738
1 0.2885359744990893 0.23559881602914393 0.28597449908925326 0.2316142987249545 0.2834130236794172 0.22819899817850642 0.28113615664845176 0.225068306010929 0.2780054644808744 0.2207991803278689 0.27515938069216767 0.2176684881602915 0.27174408014571955 0.21482240437158476 0.2671903460837888 0.21339936247723137 0.2623520036429873 0.21339936247723137 0.25722905282331515 0.21453779599271405 0.25210610200364303 0.21909153005464485 0.24755236794171226 0.22620673952641168 0.24413706739526417 0.23332194899817854 0.24214480874316943 0.24072176684881608 0.2424294171220401 0.24669854280510023 0.24271402550091078 0.25295992714025506 0.24413706739526417 0.25722905282331515 0.2447062841530055 0.26206739526411665 0.24755236794171226 0.2691826047358835 0.2509676684881603 0.27515938069216767 0.25495218579234974 0.2794285063752277 0.2600751366120219 0.2817053734061931 0.2691826047358835 0.28113615664845176 0.2762978142076503 0.2791438979963571 0.27971311475409844 0.27686703096539167 0.2822745901639345 0.2723132969034609 0.28426684881602926 0.2677595628415301 0.2865437158469946 0.26149817850637525 0.2882513661202186 0.2555214025500911 0.2893897996357014 0.2509676684881603 0.29024362477231336 0.24527550091074687 0.2899590163934427 0.23929872495446272
1 0.1738387978142077 0.5791211293260474 0.17782331511839714 0.5737135701275046 0.18095400728597452 0.5680214025500911 0.18294626593806926 0.5631830601092898 0.18323087431693993 0.5577755009107469 0.18323087431693993 0.5520833333333335 0.18237704918032793 0.5475295992714027 0.1815232240437159 0.5426912568306012 0.17981557377049187 0.5387067395264117 0.17782331511839714 0.5341530054644809 0.17440801457194904 0.5295992714025501 0.16871584699453557 0.5247609289617486 0.16216985428051006 0.5233378870673954 0.1542008196721312 0.524476320582878 0.14737021857923502 0.5264685792349727 0.14167805100182154 0.5293146630236795 0.13740892531876142 0.5332991803278689 0.13313979963570133 0.5378529143897998 0.12915528233151188 0.5426912568306012 0.12545537340619312 0.5483834244080146 0.1223246812386157 0.5537909836065574 0.12033242258652099 0.5594831511839709 0.11890938069216762 0.5660291438979964 0.11862477231329695 0.5737135701275046 0.11890938069216762 0.5799749544626595 0.11890938069216762 0.589936247723133 0.12033242258652099 0.5950591985428051 0.12289389799635705 0.5984744990892532 0.12716302367941718 0.6010359744990893 0.13200136612021862 0.602174408014572 0.13911657559198548 0.60132058287796 0.14907786885245905 0.5990437158469946 0.15761612021857926 0.5959130236794171 0.16188524590163939 0.592497723132969 0.16586976320582883 0.5879439890710383 0.16985428051001827 0.5836748633879782
1 0.012750455373406244 0.5788365209471767 0.010758196721311527 0.5845286885245903 0.010473588342440852 0.5905054644808744 0.011612021857923548 0.5964822404371585 0.014173497267759615 0.5998975409836066 0.01901183970856107 0.6018897996357013 0.0252732240437159 0.6024590163934427 0.03125000000000005 0.6024590163934427 0.03608834244080151 0.602174408014572 0.040072859744990946 0.6016051912568307 0.0437727686703097 0.6010359744990893 0.04918032786885251 0.5993283242258652 0.05458788706739532 0.5959130236794171 0.059426229508196766 0.5910746812386157 0.061703096539162165 0.5862363387978142 0.0645491803278689 0.5785519125683061 0.06767987249544632 0.5694444444444445 0.06853369763205834 0.5640368852459017 0.06881830601092902 0.5589139344262295 0.06967213114754103 0.5554986338797814 0.06853369763205834 0.5526525500910747 0.06426457194899822 0.5509448998178507 0.059426229508196766 0.55066029143898 0.05344945355191262 0.5512295081967213 0.04604963570127509 0.552367941712204 0.03978825136612027 0.5535063752276869 0.03466530054644813 0.5554986338797814 0.029257741347905333 0.5580601092896175 0.024988615664845223 0.5609061930783242 0.021288706739526462 0.5643214936247724 0.018442622950819724 0.5680214025500911 0.015027322404371634 0.5737135701275046
1 0.1365551001821494 0.7057718579234974 0.14139344262295087 0.7017873406193079 0.14594717668488164 0.6969489981785064 0.1487932604735884 0.6926798724954464 0.1516393442622951 0.6881261384335156 0.1522085610200365 0.6821493624772313 0.1522085610200365 0.6750341530054645 0.1522085610200365 0.6687727686703098 0.15249316939890714 0.6636498178506376 0.15277777777777782 0.6565346083788708 0.15277777777777782 0.6508424408014573 0.15277777777777782 0.6460040983606559 0.1507855191256831 0.641450364298725 0.14708561020036434 0.6386042805100183 0.14139344262295087 0.6380350637522769 0.13285519125683065 0.6394581056466303 0.12630919854280515 0.6425887978142077 0.12147085610200369 0.6465733151183971 0.11777094717668493 0.6514116575591985 0.11435564663023684 0.6565346083788708 0.1115095628415301 0.6616575591985429 0.10894808743169403 0.6679189435336976 0.10667122040072866 0.6744649362477232 0.10524817850637527 0.6818647540983608 0.10410974499089258 0.6875569216757742 0.1038251366120219 0.7006489071038252 0.10325591985428056 0.7057718579234974 0.10325591985428056 0.7108948087431695 0.10410974499089258 0.7145947176684883 0.1061020036429873 0.7171561930783242 0.11008652094717672 0.7185792349726776 0.1149248633879782 0.719148451730419 0.11890938069216762 0.7185792349726776 0.12175546448087436 0.7163023679417122 0.12431693989071044 0.7128870673952642 0.12830145719489985 0.7097563752276869 0.1322859744990893 0.7083333333333334
1 0.2057149362477232 0.7626935336976322 0.21226092896174867 0.7624089253187614 0.21709927140255011 0.760985883424408 0.2227914389799636 0.7581397996357013 0.22819899817850642 0.7552937158469946 0.23303734061930786 0.7513091985428051 0.23616803278688528 0.7473246812386157 0.23872950819672134 0.7376479963570127 0.24186020036429878 0.73224043715847 0.24186020036429878 0.7268328779599271 0.2412909836065574 0.7219945355191257 0.23986794171220405 0.7168715846994537 0.2378756830601093 0.7111794171220401 0.23588342440801463 0.7054872495446266 0.23303734061930786 0.7003642987249545 0.22933743169398912 0.6978028233151184 0.22336065573770497 0.6972336065573771 0.21539162112932608 0.6983720400728598 0.20941484517304193 0.7006489071038252 0.20372267759562845 0.7037795992714027 0.19945355191256833 0.7077641165755921 0.19546903460837892 0.7131716757741349 0.1923383424408015 0.7188638433515483 0.1900614754098361 0.7265482695810566 0.1892076502732241 0.7330942622950821 0.1892076502732241 0.7410632969034608 0.1900614754098361 0.7484631147540984 0.19319216757741353 0.7538706739526412 0.198884335154827 0.759278233151184
1 0.24755236794171226 0.8184767759562842 0.24954462659380697 0.8255919854280511 0.25210610200364303 0.8318533697632059 0.25523679417122047 0.836122495446266 0.25836748633879786 0.83783014571949 0.2654826958105647 0.8383993624772313 0.27145947176684887 0.83783014571949 0.28597449908925326 0.8318533697632059 0.289674408014572 0.8290072859744991 0.29422814207650283 0.8250227686703098 0.2984972677595629 0.8184767759562842 0.301912568306011 0.811646174863388 0.3039048269581057 0.8065232240437159 0.3053278688524591 0.7999772313296903 0.3053278688524591 0.7925774134790529 0.3041894353369764 0.7868852459016394 0.30248178506375234 0.7826161202185793 0.30048952641165766 0.7786316029143898 0.29678961748633886 0.7752163023679418 0.2928051001821494 0.7735086520947178 0.2868283242258653 0.7735086520947178 0.28085154826958114 0.774077868852459 0.27544398907103834 0.7757855191256832 0.2700364298724955 0.7789162112932605 0.26349043715847 0.78290072859745 0.25865209471766853 0.7868852459016394 0.25466757741347906 0.7911543715846995 0.2501138433515483 0.7982695810564664 0.24783697632058294 0.8039617486338798 0.2469831511839709 0.8110769581056466
1 0.08845628415300551 0.8919057377049181 0.09443306010928967 0.8916211293260474 0.10040983606557383 0.8916211293260474 0.10809426229508201 0.8910519125683061 0.11549408014571955 0.8893442622950821 0.1191939890710383 0.8864981785063752 0.12061703096539166 0.8805214025500911 0.12061703096539166 0.8742600182149364 0.11976320582877964 0.8671448087431695 0.11720173041894359 0.861452641165756 0.11321721311475415 0.8563296903460837 0.10866347905282336 0.851775956284153 0.1038251366120219 0.8486452641165756 0.0972791438979964 0.8460837887067395 0.08902550091074686 0.8438069216757742 0.08191029143898002 0.8429530965391622 0.07422586520947182 0.8438069216757742 0.06767987249544632 0.8457991803278689 0.06312613843351553 0.8494990892531876 0.05999544626593812 0.8551912568306012 0.05885701275045542 0.86316029143898 0.05999544626593812 0.8702755009107469 0.06284153005464485 0.8748292349726776 0.0668260473588343 0.8805214025500911 0.07052595628415306 0.8842213114754098 0.07337204007285979 0.8867827868852459 0.08361794171220406 0.8916211293260474
1 0.08703324225865214 0.7632627504553735 0.08532559198542809 0.7572859744990893 0.08162568306010934 0.7530168488160293 0.07707194899817855 0.7507399817850637 0.07137978142076508 0.7493169398907104 0.06397996357012756 0.7490323315118398 0.0580031876138434 0.7490323315118398 0.05544171220400733 0.7490323315118398 0.05202641165755925 0.7493169398907104 0.0449112021857924 0.7507399817850637 0.03893442622950825 0.7530168488160293 0.03381147540983612 0.7570013661202186 0.028688524590163984 0.7629781420765027 0.024419398907103877 0.7712317850637523 0.022427140255009158 0.7777777777777779 0.02214253187613848 0.7837545537340619 0.02470400728597455 0.7885928961748635 0.030965391621129375 0.7928620218579235 0.038080601092896224 0.7957081056466303 0.04633424408014577 0.7971311475409837 0.05401867030965397 0.7971311475409837 0.06227231329690351 0.7957081056466303 0.07137978142076508 0.7925774134790529 0.0787795992714026 0.7885928961748635 0.0841871584699454 0.78290072859745 0.08703324225865214 0.7792008196721312 0.08760245901639349 0.768101092896175
1 0.015881147540983655 0.9252049180327869 0.013604280510018267 0.9337431693989071 0.01246584699453557 0.9439890710382514 0.01246584699453557 0.9528119307832423 0.013319672131147592 0.9616347905282332 0.014173497267759615 0.9676115664845174 0.018158014571949047 0.9795651183970856 0.02100409836065579 0.9852572859744991 0.023850182149362527 0.9892418032786885 0.027265482695810618 0.991518670309654 0.03466530054644813 0.9937955373406193 0.04291894353369768 0.9952185792349727 0.04889571948998184 0.9946493624772313 0.054303278688524644 0.9909494535519127 0.05885701275045542 0.9863957194899818 0.06284153005464485 0.980988160291439 0.06625683060109294 0.9741575591985429 0.06881830601092902 0.9681807832422588 0.07194899817850642 0.9593579234972679 0.07365664845173046 0.9516734972677595 0.07394125683060114 0.9428506375227688 0.07137978142076508 0.9331739526411658 0.06654143897996362 0.9252049180327869 0.061703096539162165 0.9197973588342442 0.056864754098360705 0.9166666666666666 0.05117258652094723 0.9135359744990893 0.046618852459016445 0.9112591074681239 0.03921903460837892 0.9106898907103826 0.030965391621129375 0.9112591074681239 0.02470400728597455 0.9141051912568307 0.01958105646630242 0.9186589253187614
0 0.2633148521505377 0.2565944220430108 0.2624747983870968 0.24189348118279572 0.26163474462365593 0.23685315860215056 0.26205477150537637 0.234332997311828 0.2654149865591398 0.23265288978494628 0.26709509408602156 0.23517305107526887 0.26835517473118287 0.24441364247311834 0.26835517473118287 0.26205477150537637 0.2666750672043011 0.2637348790322581 0.2633148521505377 0.26163474462365593
0 0.4913894489247312 0.3599210349462366 0.4968497983870968 0.3418598790322581 0.4968497983870968 0.33891969086021506 0.4947496639784947 0.33807963709677424 0.4909694220430108 0.33933971774193555 0.4884492607526882 0.34396001344086025 0.4859290994623657 0.354460685483871 0.4846690188172043 0.3586609543010753 0.4855090725806452 0.3616011424731183
0 0.87109375 0.07766297043010756 0.88075436827957 0.06926243279569896 0.886634744623656 0.06086189516129036 0.8878948252688172 0.057921706989247354 0.8878948252688172 0.055821572580645205 0.8853746639784946 0.05540154569892477 0.8803343413978495 0.06086189516129036 0.8719338037634409 0.0696824596774194 0.8681535618279571 0.07220262096774198 0.865213373655914 0.07430275537634413 0.8639532930107527 0.07598286290322584 0.8656334005376344 0.07766297043010756
0 0.2708753360215054 0.8156502016129034 0.279275873655914 0.8076696908602151 0.2817960349462366 0.8034694220430108 0.2843161962365592 0.7988491263440861 0.28389616935483875 0.7963289650537635 0.28095598118279574 0.7963289650537635 0.2784358198924731 0.7984290994623656 0.27423555107526887 0.8013692876344086 0.267515120967742 0.8072496639784946 0.2649949596774194 0.8110299059139785 0.2633148521505377 0.8152301747311828 0.2624747983870968 0.8181703629032259 0.2654149865591398 0.8181703629032259
0 0.4006636424731183 0.7862483198924732 0.4015036962365592 0.7723874327956989 0.40234375000000006 0.7681871639784946 0.4040238575268818 0.7656670026881721 0.40612399193548393 0.7644069220430108 0.40822412634408606 0.7644069220430108 0.4094842069892473 0.7673471102150539 0.4107442876344087 0.7719674059139785 0.41158434139784955 0.7774277553763441 0.41158434139784955 0.7820480510752688 0.41158434139784955 0.7858282930107527 0.4103242607526882 0.7912886424731183 0.40864415322580644 0.7959089381720431 0.4065440188172043 0.7996891801075269 0.40276377688172044 0.8013692876344086 0.4019237231182796 0.8001092069892474
0 0.540952620967742 0.9051159274193549 0.5506132392473119 0.8933551747311828 0.5539734543010754 0.8904149865591399 0.5564936155913979 0.8874747983870968 0.5577536962365592 0.8853746639784946 0.5573336693548387 0.8841145833333334 0.5552335349462366 0.8832745295698925 0.5531334005376344 0.8832745295698925 0.5493531586021505 0.886634744623656 0.5434727822580645 0.8933551747311828 0.535072244623656 0.9009156586021505 0.5342321908602151 0.9030157930107527 0.5338121639784946 0.9055359543010754 0.535072244623656 0.9067960349462366
0 0.32001848118279574 0.35278057795698925 0.31077788978494625 0.3477402553763441 0.3069976478494624 0.3460601478494624 0.3027973790322581 0.342699932795699 0.30111727150537637 0.3384996639784947 0.303637432795699 0.33597950268817206 0.3069976478494624 0.3351394489247312 0.312457997311828 0.33597950268817206 0.3179183467741936 0.33807963709677424 0.3225386424731183 0.3414398521505377 0.3263188844086022 0.3443800403225807 0.3296790994623657 0.34690020161290325 0.3326192876344087 0.34942036290322587 0.3347194220430108 0.35236055107526887 0.33387936827956993 0.354460685483871 0.3267389112903226 0.35488071236559143
0 0.816802103250478 0.822976418100701 0.8215822179732313 0.8265615041427661 0.8239722753346079 0.8287523900573613 0.8257648183556404 0.8321383046526449 0.8293499043977055 0.8377151051625238 0.8313416188655194 0.8418977055449329 0.8331341618865519 0.8456819630337794 0.834727533460803 0.8480720203951561 0.8359225621414913 0.8522546207775652 0.8363209050350541 0.854644678138942 0.8333333333333333 0.8522546207775652 0.8301465901848311 0.8482711918419376 0.8289515615041427 0.8462794773741236 0.8277565328234543 0.8438894200127469 0.8265615041427661 0.8413001912045889 0.8243706182281707 0.8377151051625238 0.8225780752071382 0.8355242192479285 0.820387189292543 0.8325366475462077 0.8189929891650732 0.8307441045251752 0.8179971319311663 0.829150732950924
