1 0.48151881720430106 0.26543114143920593 0.47970947063689 0.2649141852770885 0.4779001240694789 0.2628463606286187 0.47453990901571547 0.25922766749379655 0.47117969396195203 0.25560897435897434 0.4680779569892473 0.25147332506203474 0.4665270885028949 0.24759615384615385 0.4652346980976013 0.24242659222497934 0.4652346980976013 0.23777398676592224 0.46575165425971876 0.2331213813068652 0.4680779569892473 0.22898573200992559 0.47195512820512825 0.22459160463192723 0.47583229942100913 0.22252377998345743 0.47996794871794873 0.2212313895781638 0.48539598842018195 0.22045595533498757 0.49237489660876754 0.2212313895781638 0.4962520678246484 0.22278225806451613 0.5019385856079405 0.22485008271298593 0.5086590157154673 0.22769334160463195 0.5143455334987592 0.23079507857733664 0.5171887923904053 0.23389681555004135 0.5208074855252274 0.23777398676592224 0.5244261786600496 0.24165115798180314 0.5270109594706368 0.2452698511166253 0.5283033498759305 0.2491470223325062 0.5290787841191067 0.2548335401157982 0.528820306038048 0.26026157981803144 0.5280448717948718 0.2649141852770885 0.5264940033085195 0.2682744003308519 0.5239092224979321 0.271117659222498 0.5189981389578163 0.2747363523573201 0.5151209677419355 0.27628722084367247 0.5122777088502894 0.2768041770057899 0.5073666253101737 0.27732113316790735 0.5034894540942928 0.27732113316790735 0.4996122828784119 0.2765456989247312 0.4967690239867659 0.2747363523573201 0.4921164185277088 0.2726685277088503 0.48849772539288666 0.27034222497932175 0.48539598842018195 0.2682744003308519
1 0.5660411497105046 0.2682744003308519 0.5657826716294458 0.2755117866004963 0.5657826716294458 0.28119830438378823 0.5662996277915633 0.28791873449131516 0.5691428866832093 0.2930882961124897 0.5763802729528537 0.30006720430107525 0.5823252688172044 0.30420285359801486 0.5918889578163772 0.30782154673283707 0.5991263440860216 0.30859698097601324 0.6079145988420183 0.30704611248966085 0.612825682382134 0.3049782878411911 0.6174782878411911 0.3021350289495451 0.6216139371381307 0.29903329197684037 0.624198717948718 0.2951561207609595 0.6247156741108354 0.29050351530190244 0.6244571960297767 0.2853339536807279 0.6234232837055418 0.2809398263027295 0.6221308933002482 0.2765456989247312 0.6205800248138957 0.2724100496277916 0.6179952440033085 0.2687913564929694 0.6143765508684864 0.26310483870967744 0.6112748138957816 0.25974462365591394 0.6084315550041357 0.2566428866832093 0.6045543837882548 0.2537996277915633 0.6006772125723738 0.2509563688999173 0.597833953680728 0.2491470223325062 0.5939567824648471 0.2473376757650951 0.5890456989247312 0.24630376344086022 0.5825837468982631 0.24682071960297766 0.5766387510339123 0.24837158808933005 0.5727615798180314 0.25043941273779985 0.5699183209263855 0.2532826716294458 0.5683674524400331 0.2566428866832093 0.5670750620347395 0.25974462365591394
1 0.6691739040529363 0.2721515715467328 0.667623035566584 0.27628722084367247 0.6660721670802316 0.2822322167080232 0.6658136889991729 0.2868848221670802 0.6660721670802316 0.2930882961124897 0.6673645574855253 0.29980872622001653 0.6686569478908189 0.30575372208436724 0.6704662944582299 0.3104063275434243 0.6730510752688172 0.3153174110835401 0.6769282464846981 0.31867762613730355 0.6815808519437552 0.32152088502894954 0.6893351943755169 0.322037841191067 0.697864971050455 0.3207454507857734 0.7038099669148057 0.3181606699751861 0.708204094292804 0.31454197684036395 0.71104735318445 0.3096308933002481 0.7144075682382134 0.3021350289495451 0.7164753928866833 0.29412220843672454 0.7164753928866833 0.28740177832919767 0.715699958643507 0.2799059139784946 0.7138906120760959 0.2721515715467328 0.7120812655086849 0.26465570719602977 0.7092380066170388 0.25922766749379655 0.705360835401158 0.25431658395368073 0.7012251861042185 0.2509563688999173 0.6973480148883375 0.24940550041356493 0.692178453267163 0.2488885442514475 0.6841656327543425 0.25043941273779985 0.6797715053763441 0.2525072373862696 0.675118899917287 0.2566428866832093 0.6730510752688172 0.26052005789909016 0.6712417287014062 0.2669820099255583
1 0.6234232837055418 0.1997777088502895 0.6283343672456575 0.1977098842018197 0.631694582299421 0.19564205955334987 0.6350547973531845 0.19331575682382135 0.6386734904880066 0.19047249793217536 0.6420337055417701 0.1868538047973532 0.6448769644334161 0.18323511166253104 0.6477202233250622 0.17935794044665015 0.6503050041356494 0.1739299007444169 0.6510804383788255 0.16798490488006618 0.6510804383788255 0.16307382133995038 0.650563482216708 0.1584212158808933 0.6490126137303558 0.1535101323407775 0.6472032671629446 0.14885752688172044 0.6448769644334161 0.14523883374689828 0.6417752274607114 0.14239557485525228 0.6381565343258891 0.139810794044665 0.633503928866832 0.13877688172043012 0.6285928453267163 0.13825992555831268 0.6244571960297767 0.13877688172043012 0.6205800248138957 0.14006927212572376 0.6159274193548387 0.14162014061207612 0.6097239454094293 0.14394644334160464 0.6035204714640199 0.14704818031430936 0.599643300248139 0.15066687344913152 0.5973169975186104 0.15454404466501243 0.5952491728701407 0.15867969396195203 0.5931813482216709 0.16359077750206782 0.5913720016542598 0.16876033912324234 0.591113523573201 0.17470533498759305 0.5916304797353185 0.18039185277088504 0.5931813482216709 0.1858198924731183 0.5957661290322581 0.1899555417700579 0.5983509098428453 0.19254032258064516 0.6017111248966088 0.19512510339123243 0.6058467741935484 0.19822684036393715 0.6133426385442515 0.2010700992555831 0.6182537220843672 0.20132857733664186
1 0.43964536807278737 0.3820047559966915 0.4484336228287841 0.37993693134822165 0.4548955748552522 0.376835194375517 0.45851426799007444 0.3734749793217535 0.4610990488006617 0.36985628618693134 0.46290839536807277 0.3639112903225807 0.4634253515301902 0.359775641025641 0.46368382961124893 0.35408912324234904 0.46316687344913154 0.3491780397022332 0.4621329611248966 0.3440084780810587 0.460840570719603 0.3390973945409429 0.4592897022332506 0.33418631100082713 0.45696339950372206 0.3295337055417701 0.45437861869313484 0.3261734904880066 0.45153535980148884 0.3228132754342432 0.4481751447477254 0.32048697270471466 0.4437810173697271 0.3179021918941274 0.43964536807278737 0.31635132340777505 0.43602667493796526 0.3150589330024814 0.4318910256410256 0.3140250206782465 0.4282723325062035 0.3140250206782465 0.4243951612903226 0.3148004549214226 0.4205179900744417 0.31686827956989244 0.416382340777502 0.32048697270471466 0.41302212572373864 0.3266904466501241 0.4106958229942101 0.3347032671629446 0.41017886683209265 0.3406482630272953 0.41017886683209265 0.3450423904052936 0.41043734491315137 0.34995347394540943 0.41043734491315137 0.35408912324234904 0.4106958229942101 0.35770781637717125 0.411729735318445 0.3605510752688172 0.41302212572373864 0.3639112903225807 0.4148314722911497 0.36597911497105046 0.4168992969396195 0.3685638957816377 0.4189671215880893 0.37140715467328367 0.4233612489660877 0.3773521505376344 0.4280138544251447 0.37967845326716293 0.4326664598842018 0.3820047559966915
1 0.5500155086848636 0.4406792803970223 0.554409636062862 0.44145471464019853 0.5593207196029777 0.44093775847808103 0.5650072373862697 0.43964536807278737 0.5699183209263855 0.43602667493796526 0.5727615798180314 0.4324079818031431 0.57508788254756 0.4282723325062035 0.5766387510339123 0.4236197270471464 0.5768972291149711 0.4187086435070306 0.5763802729528537 0.41379755996691475 0.5753463606286187 0.40888647642679904 0.573278535980149 0.40500930521091816 0.5706937551695617 0.4019075682382134 0.5681089743589745 0.39880583126550867 0.5655241935483872 0.3949286600496278 0.5624224565756824 0.3923438792390405 0.5590622415219191 0.3910514888337469 0.5557020264681556 0.3892421422663358 0.5518248552522746 0.38691583953680725 0.5484646401985113 0.3848480148883375 0.5458798593879239 0.38407258064516125 0.5412272539288668 0.38381410256410253 0.5381255169561622 0.38407258064516125 0.5339898676592225 0.38433105872622 0.5277863937138131 0.3848480148883375 0.5220998759305211 0.38794975186104214 0.5182227047146402 0.3918269230769231 0.5156379239040529 0.39596257237386273 0.5135700992555832 0.40294148056244833 0.5138285773366419 0.4081110421836228 0.5148624896608768 0.41250516956162114 0.5166718362282878 0.4166408188585608 0.5187396608767576 0.42000103391232424 0.5210659636062862 0.4233612489660877 0.523133788254756 0.42594602977667495 0.5252016129032258 0.427755376344086 0.5303711745244003 0.43111559139784944 0.5347653019023987 0.4352512406947891 0.5378670388751033 0.4375775434243176 0.5407102977667494 0.4393868899917287 0.5453629032258065 0.4404208023159636
1 0.6836486765922251 0.5686259305210919 0.6872673697270472 0.566558105872622 0.6901106286186932 0.5619055004135649 0.692178453267163 0.5575113730355666 0.693987799834574 0.553375723738627 0.6955386683209265 0.5479476840363938 0.6955386683209265 0.5432950785773367 0.6947632340777503 0.5376085607940447 0.6934708436724566 0.5326974772539289 0.6919199751861043 0.5283033498759305 0.6895936724565758 0.5236507444168734 0.6870088916459884 0.519256617038875 0.6846825889164598 0.5158964019851117 0.681839330024814 0.511760752688172 0.6787375930521092 0.5076251033912323 0.6756358560794045 0.504264888337469 0.6727925971877585 0.5011631513647642 0.6681399917287014 0.4975444582299421 0.6634873862696443 0.495735111662531 0.6583178246484699 0.49444272125723737 0.654440653432589 0.49444272125723737 0.650563482216708 0.4949596774193548 0.6464278329197685 0.4965105459057072 0.6420337055417701 0.5009046732837056 0.6389319685690654 0.5052988006617039 0.6363471877584781 0.5102098842018197 0.6340208850289496 0.5156379239040529 0.6322115384615384 0.5218413978494624 0.6311776261373035 0.5272694375516955 0.6311776261373035 0.5337313895781638 0.632728494623656 0.540193341604632 0.6347963192721257 0.5458798593879239 0.6368641439205955 0.5507909429280397 0.6394489247311828 0.5567359387923905 0.6422921836228288 0.5600961538461539 0.648754135649297 0.5644902812241522 0.6539236972704715 0.5660411497105046 0.6580593465674112 0.5670750620347395 0.6627119520264682 0.5691428866832093 0.6681399917287014 0.5699183209263855 0.6738265095119934 0.5701767990074441 0.6795130272952854 0.5696598428453268
1 0.4202595119933829 0.5598376757650951 0.42491211745244 0.5603546319272127 0.4282723325062035 0.5598376757650951 0.43111559139784944 0.5588037634408602 0.4337003722084367 0.5569944168734492 0.4357681968569065 0.5538926799007445 0.43835297766749376 0.5492400744416874 0.43990384615384615 0.5435535566583954 0.44016232423490487 0.5376085607940447 0.43964536807278737 0.5319220430107526 0.43861145574855254 0.5264940033085195 0.4357681968569065 0.5200320512820513 0.4331834160463192 0.5169303143093466 0.43111559139784944 0.5143455334987592 0.4274968982630273 0.509951406120761 0.4243951612903226 0.507108147229115 0.4210349462365591 0.504264888337469 0.41715777502067825 0.5021970636889992 0.4127636476426799 0.5003877171215881 0.4075940860215054 0.498578370554177 0.403199958643507 0.4975444582299421 0.3910514888337469 0.49780293631100087 0.387174317617866 0.4990953267162945 0.38433105872622 0.5014216294458229 0.3825217121588089 0.5050403225806451 0.37993693134822165 0.5115022746071133 0.37890301902398676 0.5184811827956989 0.37890301902398676 0.5246846567411083 0.37993693134822165 0.5283033498759305 0.38278019023986765 0.5332144334160464 0.38588192721257236 0.5381255169561622 0.38794975186104214 0.5414857320099257 0.390017576509512 0.5443289909015715 0.3938947477253929 0.5474307278742764 0.3990643093465674 0.5513078990901572 0.4024245244003309 0.553375723738627 0.4068186517783292 0.5554435483870968 0.4094034325889165 0.5554435483870968 0.41431451612903225 0.556218982630273 0.41793320926385447 0.5585452853598015
1 0.3861404052936311 0.631694582299421 0.38794975186104214 0.6285928453267163 0.38846670802315963 0.6244571960297767 0.38846670802315963 0.6192876344086021 0.38743279569892475 0.6136011166253101 0.3861404052936311 0.609982423490488 0.38433105872622 0.6058467741935484 0.3822632340777502 0.6024865591397849 0.37993693134822165 0.5999017783291977 0.376835194375517 0.596800041356493 0.3737334574028122 0.5947322167080231 0.3693393300248139 0.5929228701406121 0.3641697684036394 0.591113523573201 0.36003411910669975 0.5895626550868486 0.35408912324234904 0.5880117866004964 0.3486610835401158 0.5867193961952027 0.34478391232423494 0.5859439619520265 0.340906741108354 0.5859439619520265 0.335220223325062 0.5867193961952027 0.33056761786600497 0.5877533085194375 0.32513957816377176 0.5900796112489661 0.32152088502894954 0.5929228701406121 0.3194530603804797 0.5970585194375517 0.3184191480562448 0.6024865591397849 0.31712675765095116 0.6079145988420183 0.3150589330024814 0.6117917700578991 0.3150589330024814 0.6154104631927212 0.31583436724565755 0.6239402398676592 0.3181606699751861 0.6285928453267163 0.3207454507857734 0.6319530603804798 0.3241056658395368 0.6358302315963607 0.32875827129859386 0.6399658808933002 0.3336693548387097 0.6428091397849462 0.33728804797353185 0.6451354425144749 0.34478391232423494 0.6474617452440034 0.3527967328370554 0.6482371794871795 0.35874172870140614 0.6474617452440034 0.36442824648469807 0.6459108767576509 0.3688223738626964 0.6443600082712987 0.37269954507857733 0.6430676178660051 0.3770936724565757 0.6412582712985938 0.37993693134822165 0.6391904466501241 0.38381410256410253 0.634537841191067
1 0.5073666253101737 0.6565084780810587 0.5130531430934656 0.6606441273779985 0.5169303143093466 0.6637458643507032 0.5213244416873449 0.6665891232423491 0.5283033498759305 0.6678815136476427 0.5326974772539289 0.6671060794044666 0.5365746484698097 0.6645212985938793 0.5394179073614558 0.6616780397022333 0.5425196443341604 0.6585763027295286 0.5440705128205129 0.6565084780810587 0.5461383374689828 0.654440653432589 0.5471722497932175 0.6521143507030605 0.547689205955335 0.6490126137303558 0.547689205955335 0.6461693548387097 0.5471722497932175 0.6425506617038875 0.5466552936311001 0.640224358974359 0.5461383374689828 0.6378980562448305 0.5451044251447478 0.633503928866832 0.5432950785773367 0.6280758891645989 0.5420026881720431 0.6247156741108354 0.5394179073614558 0.6203215467328371 0.5365746484698097 0.6172198097601325 0.5326974772539289 0.6143765508684864 0.5277863937138131 0.612825682382134 0.5236507444168734 0.612825682382134 0.5179642266335814 0.6136011166253101 0.5138285773366419 0.6148935070306039 0.5084005376344086 0.6167028535980149 0.504264888337469 0.6187706782464847 0.5016801075268817 0.6210969809760133 0.5003877171215881 0.624198717948718 0.49780293631100087 0.6301437138130688 0.4959935897435897 0.6340208850289496 0.4949596774193548 0.6389319685690654 0.4952181555004136 0.6422921836228288 0.4975444582299421 0.6469447890818859 0.4988368486352357 0.6479787014061208 0.5009046732837056 0.6500465260545906 0.5050403225806451 0.6536652191894128
1 0.5624224565756824 0.7446495037220845 0.5691428866832093 0.7456834160463193 0.5735370140612076 0.7469758064516129 0.5766387510339123 0.7462003722084367 0.5789650537634409 0.7443910256410257 0.5812913564929694 0.741289288668321 0.5838761373035567 0.7387045078577337 0.5880117866004964 0.7363782051282051 0.5931813482216709 0.7330179900744418 0.5957661290322581 0.7296577750206783 0.5983509098428453 0.72526364764268 0.6014526468155501 0.7195771298593879 0.6040374276261373 0.7144075682382134 0.6055882961124898 0.7084625723738628 0.6055882961124898 0.7025175765095121 0.6053298180314309 0.6968310587262201 0.6042959057071962 0.6926954094292804 0.6017111248966088 0.6888182382133995 0.5986093879239041 0.6851995450785774 0.5939567824648471 0.6831317204301076 0.5900796112489661 0.6820978081058726 0.5828422249793218 0.6823562861869313 0.5763802729528537 0.6839071546732838 0.5714691894127378 0.6864919354838711 0.5670750620347395 0.6895936724565758 0.563714846980976 0.6929538875103393 0.5606131100082713 0.6963141025641025 0.556218982630273 0.7020006203473946 0.5507909429280397 0.7120812655086849 0.5479476840363938 0.7188016956162119 0.5463968155500414 0.7237127791563276 0.5453629032258065 0.7293992969396196 0.5451044251447478 0.7343103804797354 0.5458798593879239 0.7374121174524401 0.54872311827957 0.7410308105872622 0.553375723738627 0.7433571133167908 0.5569944168734492 0.7443910256410257
1 0.46988730355665836 0.6942462779156329 0.4688533912324235 0.6898521505376344 0.4662686104218362 0.6859749793217536 0.4618744830438379 0.6836486765922251 0.45696339950372206 0.681839330024814 0.4533447063688999 0.6792545492142267 0.4473997105045492 0.6766697684036395 0.4419716708023159 0.6748604218362284 0.4352512406947891 0.6743434656741109 0.4282723325062035 0.6748604218362284 0.4223273366418528 0.6766697684036395 0.41845016542597185 0.6805469396195203 0.4156069065343259 0.6849410669975187 0.41302212572373864 0.6901106286186932 0.4119882133995037 0.6960556244830439 0.41250516956162114 0.7009667080231596 0.4148314722911497 0.7045854011579818 0.4197425558312655 0.708204094292804 0.4236197270471464 0.7097549627791564 0.427755376344086 0.7113058312655087 0.4352512406947891 0.7123397435897437 0.44145471464019853 0.7128566997518611 0.4463657981803143 0.7128566997518611 0.4505014474772539 0.7123397435897437 0.45386166253101734 0.7123397435897437 0.45903122415219183 0.7123397435897437 0.4621329611248966 0.7118227874276262 0.4660101323407775 0.7092380066170388 0.46859491315136476 0.7066532258064516 0.46988730355665836 0.703551488833747 0.4701457816377171 0.6986404052936311
1 0.4592897022332506 0.7521453680727874 0.4520523159636063 0.7511114557485526 0.4450734077750207 0.7508529776674938 0.43861145574855254 0.7513699338296113 0.4324079818031431 0.753437758478081 0.42723842018196856 0.757314929693962 0.42129342431761785 0.7632599255583127 0.4153484284532672 0.7697218775847808 0.4119882133995037 0.7754083953680728 0.4094034325889165 0.7810949131513648 0.4081110421836228 0.7880738213399504 0.40836952026468154 0.795052729528536 0.41043734491315137 0.800739247311828 0.41431451612903225 0.8040994623655915 0.4192255996691481 0.8061672870140613 0.4238782051282051 0.8061672870140613 0.43111559139784944 0.8053918527708851 0.4375775434243176 0.8048748966087677 0.4450734077750207 0.8022901157981804 0.4530862282878412 0.7971205541770059 0.4564464433416046 0.7947942514474773 0.4613575268817204 0.7901416459884202 0.4662686104218362 0.7849720843672456 0.4691118693134822 0.7803194789081885 0.4706627377998346 0.7759253515301903 0.47195512820512825 0.7710142679900744 0.47247208436724564 0.7658447063689 0.47143817204301075 0.7598997105045492 0.4691118693134822 0.7560225392886684 0.4652346980976013 0.753437758478081
1 0.5422611662531018 0.8451974772539289 0.5451044251447478 0.8395109594706369 0.5458798593879239 0.8335659636062862 0.5456213813068652 0.8283964019851117 0.5432950785773367 0.822451406120761 0.5396763854425146 0.8170233664185278 0.5350237799834575 0.8136631513647643 0.5277863937138131 0.8110783705541771 0.5215829197684037 0.8105614143920596 0.5125361869313482 0.8118538047973533 0.5029724979321754 0.8149555417700579 0.49315033085194376 0.8206420595533499 0.48539598842018195 0.8263285773366419 0.4810018610421836 0.8312396608767577 0.47712468982630274 0.8389940033085195 0.47609077750206785 0.8459729114971051 0.4763492555831265 0.8511424731182796 0.48022642679900746 0.8565705128205129 0.4859129445822994 0.8604476840363938 0.4934088089330025 0.8627739867659223 0.4988368486352357 0.8632909429280397 0.5078835814722911 0.863032464846981 0.514604011579818 0.8622570306038049 0.52029052936311 0.8607061621174524 0.5257185690653432 0.8586383374689827 0.5316635649296939 0.8547611662531017 0.5381255169561622 0.8493331265508686
1 0.6769282464846981 0.7963451199338297 0.6753773779983459 0.7891077336641853 0.6722756410256411 0.7852305624483045 0.6671060794044666 0.781870347394541 0.6619365177832921 0.7795440446650125 0.654440653432589 0.77799317617866 0.6466863110008272 0.7777346980976013 0.6394489247311828 0.7785101323407775 0.6324700165425973 0.7803194789081885 0.6257495864350703 0.7831627377998346 0.6190291563275435 0.787556865177833 0.6148935070306039 0.7927264267990074 0.6123087262200165 0.8002222911497106 0.6112748138957816 0.8084935897435898 0.6123087262200165 0.8141801075268817 0.613859594706369 0.8193496691480563 0.6177367659222498 0.8232268403639371 0.6236817617866006 0.8276209677419355 0.6291098014888338 0.8309811827956989 0.6360887096774194 0.8330490074441688 0.6435845740281224 0.83279052936311 0.654440653432589 0.8296887923904053 0.6632289081885857 0.8237437965260546 0.6702078163771713 0.8170233664185278 0.6743434656741109 0.8110783705541771 0.6769282464846981 0.803582506203474
1 0.48875620347394544 0.8857785359801489 0.47996794871794873 0.8868124483043839 0.47143817204301075 0.8891387510339123 0.4652346980976013 0.8935328784119106 0.46058209263854427 0.8992193961952027 0.45851426799007444 0.9041304797353185 0.4582557899090157 0.9095585194375517 0.45851426799007444 0.9144696029776676 0.4592897022332506 0.9204145988420183 0.4621329611248966 0.9242917700578991 0.4670440446650124 0.9266180727874276 0.47247208436724564 0.9284274193548386 0.4820357733664185 0.9286858974358975 0.49004859387923905 0.9273935070306039 0.49806141439205953 0.9240332919768404 0.5034894540942928 0.9191222084367247 0.5063327129859387 0.9142111248966087 0.5078835814722911 0.9077491728701406 0.5078835814722911 0.9015456989247312 0.50607423490488 0.8953422249793218 0.5032309760132341 0.8912065756823822 0.4990953267162945 0.8883633167907361 0.4947011993382961 0.8862954921422664
1 0.7596412324234905 0.9043889578163772 0.7562810173697271 0.902579611248966 0.7513699338296113 0.9010287427626138 0.7454249379652605 0.8994778742762614 0.7410308105872622 0.8987024400330852 0.7335349462365592 0.8987024400330852 0.7270729942100911 0.8987024400330852 0.7208695202646815 0.8999948304383788 0.7144075682382134 0.9023211331679074 0.7066532258064516 0.906456782464847 0.7022590984284532 0.9103339536807279 0.6983819272125724 0.9160204714640199 0.6968310587262201 0.9237748138957816 0.6968310587262201 0.9240332919768404 0.6970895368072788 0.9292028535980149 0.699674317617866 0.9348893713813069 0.7032930107526882 0.9385080645161291 0.7063947477253929 0.9416098014888338 0.7180262613730356 0.9480717535153019 0.7234543010752688 0.949881100082713 0.7293992969396196 0.9503980562448305 0.7348273366418528 0.949881100082713 0.738446029776675 0.9496226220016543 0.7433571133167908 0.9483302315963607 0.7495605872622002 0.9454869727047146 0.7547301488833748 0.9426437138130688 0.7596412324234905 0.9398004549214227 0.7645523159636063 0.9348893713813069 0.7681710090984285 0.927135028949545 0.7684294871794872 0.9211900330851944 0.7676540529363111 0.9149865591397849 0.7658447063689 0.9100754755996692 0.7624844913151365 0.906456782464847
1 0.3429745657568238 0.7904001240694789 0.3367710918114144 0.7935018610421837 0.3310845740281224 0.7976375103391233 0.32565653432588915 0.802548593879239 0.3210039288668321 0.808235111662531 0.31764371381306866 0.8144385856079405 0.31583436724565755 0.8193496691480563 0.3142834987593052 0.8250361869313482 0.3137665425971878 0.8309811827956989 0.3137665425971878 0.8364092224979323 0.3148004549214226 0.8410618279569894 0.31686827956989244 0.8454559553349876 0.3189361042183623 0.8475237799834575 0.3235887096774193 0.8501085607940447 0.3261734904880066 0.8508839950372208 0.33030913978494625 0.8511424731182796 0.3354787014061208 0.8501085607940447 0.3424576095947064 0.848040736145575 0.3504704301075269 0.844163564929694 0.35563999172870137 0.8402863937138131 0.36003411910669975 0.8353753101736973 0.3633943341604632 0.8307227047146403 0.36597911497105046 0.8250361869313482 0.3680469396195203 0.8198666253101737 0.368305417700579 0.8146970636889992 0.36727150537634407 0.8087520678246486 0.365462158808933 0.8040994623655915 0.36313585607940446 0.7994468569065344 0.36106803143093463 0.7947942514474773 0.35770781637717125 0.7914340363937138 0.3535721670802316 0.7896246898263027 0.3486610835401158 0.7896246898263027
1 0.32022849462365593 0.7020006203473946 0.3140250206782465 0.7038099669148057 0.30859698097601324 0.7063947477253929 0.3044613316790736 0.7102719189412738 0.30161807278742764 0.7154414805624484 0.30006720430107525 0.7213864764267991 0.29980872622001653 0.7270729942100911 0.30006720430107525 0.7325010339123242 0.3021350289495451 0.7376705955334988 0.30394437551695613 0.740255376344086 0.30859698097601324 0.7425816790736146 0.3137665425971878 0.7438740694789082 0.3181606699751861 0.7443910256410257 0.3261734904880066 0.7428401571546732 0.33005066170388747 0.7418062448304384 0.335220223325062 0.740255376344086 0.34038978494623656 0.7379290736145575 0.34555934656741105 0.734568858560794 0.3512458643507031 0.7301747311827957 0.3546060794044665 0.7270729942100911 0.35744933829611253 0.7219034325889165 0.35770781637717125 0.7172508271298594 0.3558984698097601 0.7100134408602151 0.35408912324234904 0.7061362696443342 0.35021195202646815 0.7027760545905707 0.3463347808105873 0.700708229942101 0.34219913151364767 0.6991573614557486 0.3367710918114144 0.6986404052936311 0.33315239867659224 0.6991573614557486 0.32591501240694787 0.7001912737799835
1 0.5047818444995864 0.9573769644334161 0.50607423490488 0.9622880479735318 0.5086590157154673 0.9648728287841191 0.5143455334987592 0.9671991315136477 0.5200320512820513 0.9671991315136477 0.5246846567411083 0.9666821753515301 0.5283033498759305 0.9659067411083541 0.5329559553349876 0.963063482216708 0.5363161703887511 0.9599617452440034 0.5404518196856907 0.9560845740281224 0.5435535566583954 0.9516904466501241 0.5461383374689828 0.9467793631100083 0.547689205955335 0.941351323407775 0.5479476840363938 0.9346308933002482 0.5466552936311001 0.9294613316790736 0.5443289909015715 0.9248087262200165 0.5409687758478082 0.9217069892473119 0.5370916046319273 0.9206730769230769 0.5329559553349876 0.9217069892473119 0.5283033498759305 0.9248087262200165 0.5228753101736973 0.9284274193548386 0.5158964019851117 0.9330800248138957 0.5102098842018197 0.9377326302729528 0.507108147229115 0.9421267576509512 0.5058157568238213 0.9457454507857734 0.5045233664185277 0.9522074028122416
1 0.8656172456575683 0.8563120347394542 0.8617400744416874 0.8570874689826303 0.8547611662531017 0.8586383374689827 0.8495916046319272 0.8609646401985113 0.8439050868486352 0.8643248552522746 0.8389940033085195 0.8682020264681556 0.8338244416873449 0.8738885442514476 0.8330490074441688 0.8777657154673284 0.8330490074441688 0.8824183209263855 0.8338244416873449 0.8878463606286187 0.8358922663358148 0.8927574441687346 0.8395109594706369 0.8958591811414393 0.8433881306865179 0.897927005789909 0.8482992142266336 0.8994778742762614 0.852693341604632 0.9002533085194375 0.8607061621174524 0.8997363523573202 0.8674265922249794 0.8981854838709677 0.8738885442514476 0.8956007030603804 0.8800920181968569 0.892240488006617 0.8844861455748553 0.8883633167907361 0.8883633167907361 0.8831937551695616 0.8891387510339123 0.8749224565756824 0.8878463606286187 0.8694944168734492 0.8860370140612076 0.8661342018196857 0.8826767990074441 0.8625155086848635 0.8793165839536807 0.8599307278742763 0.8733715880893301 0.8573459470636889 0.8697528949545078 0.8560535566583953
1 0.8524348635235732 0.7314671215880894 0.8451974772539289 0.7340519023986766 0.837443134822167 0.7371536393713813 0.8325320512820513 0.740255376344086 0.8286548800661705 0.7438740694789082 0.825294665012407 0.748785153019024 0.823485318444996 0.7565394954507858 0.8221929280397023 0.7593827543424319 0.8219344499586435 0.7635184036393714 0.8219344499586435 0.7704973118279571 0.8232268403639371 0.7764423076923077 0.8258116211745244 0.7795440446650125 0.8309811827956989 0.7826457816377171 0.8382185690653433 0.7839381720430108 0.8485576923076923 0.7831627377998346 0.8550196443341604 0.7816118693134821 0.860189205955335 0.7787686104218363 0.8651002894954508 0.775149917287014 0.8707868072787428 0.7697218775847808 0.8756978908188586 0.763001447477254 0.8787996277915633 0.7567979735318445 0.8803504962779157 0.7513699338296113 0.8803504962779157 0.7467173283705542 0.879058105872622 0.7420647229114972 0.8769902812241522 0.7379290736145575 0.8744055004135649 0.7343103804797354 0.871562241521919 0.7322425558312655 0.8674265922249794 0.7312086435070306 0.8614815963606286 0.7301747311827957 0.8570874689826303 0.7301747311827957
1 0.7650692721257237 0.6386734904880066 0.760158188585608 0.6441015301902399 0.757314929693962 0.6490126137303558 0.7557640612076095 0.6552160876757651 0.7549886269644335 0.6609026054590571 0.7542131927212573 0.6658136889991729 0.7536962365591399 0.6702078163771713 0.753437758478081 0.6777036807278743 0.7557640612076095 0.680805417700579 0.7580903639371381 0.6859749793217536 0.7619675351530191 0.6898521505376344 0.7663616625310173 0.6926954094292804 0.7741160049627792 0.6932123655913979 0.7798025227460711 0.692178453267163 0.7844551282051282 0.6883012820512822 0.7880738213399504 0.6849410669975187 0.7916925144747726 0.6813223738626966 0.7947942514474773 0.6766697684036395 0.7973790322580645 0.6727925971877585 0.7999638130686518 0.667623035566584 0.8004807692307693 0.6624534739454095 0.8004807692307693 0.6578008684863524 0.8004807692307693 0.6528897849462366 0.8004807692307693 0.6469447890818859 0.7991883788254756 0.6409997932175352 0.7968620760959471 0.6376395781637717 0.7935018610421837 0.6342793631100083 0.7904001240694789 0.6322115384615384 0.7860059966914806 0.6311776261373035 0.7826457816377171 0.631694582299421 0.7777346980976013 0.632728494623656 0.7704973118279571 0.6353132754342432
1 0.9147280810587263 0.5916304797353185 0.9108509098428453 0.5903380893300249 0.9051643920595533 0.5905965674110836 0.9012872208436724 0.5916304797353185 0.8966346153846154 0.594990694789082 0.8937913564929694 0.5991263440860216 0.8917235318444996 0.6040374276261373 0.8906896195202647 0.609982423490488 0.890431141439206 0.6174782878411911 0.8909480976013234 0.6236817617866006 0.892240488006617 0.6283343672456575 0.8937913564929694 0.6329869727047146 0.8953422249793218 0.6381565343258891 0.8974100496277916 0.6438430521091812 0.8992193961952027 0.6495295698924732 0.9015456989247312 0.6539236972704715 0.9030965674110836 0.6559915219189414 0.906456782464847 0.6580593465674112 0.909300041356493 0.6593517369727048 0.9124017783291977 0.6596102150537635 0.9180882961124897 0.6596102150537635 0.9235163358147229 0.6588347808105872 0.9279104631927212 0.6567669561621176 0.9302367659222498 0.6531482630272953 0.9325630686517783 0.6477202233250622 0.9341139371381307 0.6412582712985938 0.9343724152191893 0.634537841191067 0.9341139371381307 0.6301437138130688 0.9335969809760133 0.6252326302729528 0.9330800248138957 0.621355459057072 0.9323045905707197 0.6172198097601325 0.9307537220843672 0.6115332919768404 0.9289443755169562 0.6061052522746072 0.9268765508684864 0.6009356906534327 0.9237748138957816 0.596800041356493 0.9191222084367247 0.5931813482216709
1 0.8467483457402812 0.4962520678246484 0.8428711745244004 0.4993538047973532 0.8395109594706369 0.5029724979321754 0.8379600909842845 0.507108147229115 0.8361507444168734 0.5148624896608768 0.835633788254756 0.5218413978494624 0.8361507444168734 0.5283033498759305 0.8379600909842845 0.5347653019023987 0.8405448717948718 0.5407102977667494 0.8428711745244004 0.5440705128205129 0.8449389991728702 0.5482061621174524 0.8495916046319272 0.554409636062862 0.8560535566583953 0.5616470223325063 0.8599307278742763 0.5642318031430935 0.8645833333333334 0.566558105872622 0.8692359387923905 0.5675920181968569 0.8736300661703887 0.5678504962779157 0.8800920181968569 0.5678504962779157 0.8844861455748553 0.5675920181968569 0.8912065756823822 0.5652657154673284 0.8961176592224979 0.5621639784946237 0.8981854838709677 0.5582868072787428 0.8997363523573202 0.5531172456575683 0.9005117866004964 0.5466552936311001 0.9002533085194375 0.5396763854425146 0.8997363523573202 0.5334729114971051 0.8981854838709677 0.5272694375516955 0.8958591811414393 0.5205490074441687 0.8930159222497932 0.5143455334987592 0.8888802729528537 0.5076251033912323 0.884744623655914 0.5019385856079405 0.8803504962779157 0.49780293631100087 0.876214846980976 0.49444272125723737 0.8710452853598015 0.4921164185277088 0.865875723738627 0.4905655500413565 0.8612231182795699 0.4905655500413565 0.8555366004962779 0.4915994623655914 0.8506255169561622 0.49366728701406115
1 0.8066842431761787 0.39699648469809756 0.8028070719602979 0.39596257237386273 0.7976375103391233 0.39596257237386273 0.7940188172043011 0.3964795285359802 0.7909170802315963 0.3980303970223325 0.7880738213399504 0.40139061207609594 0.7857475186104218 0.4052677832919768 0.7841966501240695 0.40992038875103387 0.7834212158808934 0.4150899503722084 0.783679693961952 0.4194840777502068 0.7849720843672456 0.4233612489660877 0.7878153432588917 0.43008167907361455 0.7893662117452441 0.4337003722084367 0.7911755583126552 0.43680210918114143 0.7940188172043011 0.43964536807278737 0.7981544665012408 0.44145471464019853 0.8012562034739454 0.44274710504549214 0.8069427212572374 0.44403949545078575 0.8108198924731183 0.4450734077750207 0.813921629445823 0.44559036393713813 0.81857423490488 0.44559036393713813 0.822451406120761 0.44559036393713813 0.8265870554177006 0.4450734077750207 0.8322735732009926 0.44300558312655086 0.8358922663358148 0.44016232423490487 0.838477047146402 0.4365436311000827 0.8400279156327544 0.43137406947890816 0.8397694375516956 0.42723842018196856 0.8389940033085195 0.4233612489660877 0.8371846567411084 0.41819168734491313 0.8345998759305212 0.414572994210091 0.8320150951199339 0.4106958229942101 0.8296887923904053 0.4075940860215054 0.8268455334987593 0.40449234904880066 0.8227098842018197 0.4024245244003309 0.8183157568238214 0.40164909015715466 0.813921629445823 0.3998397435897436 0.8110783705541771 0.3982888751033912
1 0.8038409842845327 0.3378050041356493 0.8020316377171216 0.34219913151364767 0.8020316377171216 0.34711021505376344 0.803582506203474 0.35150434243176176 0.8053918527708851 0.35563999172870137 0.8077181555004136 0.3605510752688172 0.8095275020678246 0.3636528122415219 0.8115953267162944 0.36701302729528534 0.8134046732837056 0.36985628618693134 0.819608147229115 0.3765767162944582 0.825294665012407 0.37967845326716293 0.8283964019851117 0.3817462779156327 0.8330490074441688 0.38381410256410253 0.8366677005789909 0.3848480148883375 0.8405448717948718 0.38588192721257236 0.8444220430107526 0.3866573614557485 0.8482992142266336 0.3866573614557485 0.8534687758478081 0.3861404052936311 0.8576044251447478 0.3848480148883375 0.8612231182795699 0.3825217121588089 0.8638078990901571 0.37890301902398676 0.8653587675765095 0.37399193548387094 0.8661342018196857 0.3675299834574028 0.865875723738627 0.36184346567411085 0.8643248552522746 0.35615694789081886 0.8622570306038049 0.3509873862696444 0.8594137717121588 0.34711021505376344 0.8568289909015715 0.3434915219189413 0.8532102977667494 0.34013130686517784 0.8495916046319272 0.3367710918114144 0.8457144334160464 0.33418631100082713 0.8420957402812241 0.3321184863523573 0.8377016129032259 0.3308260959470637 0.8312396608767577 0.32927522746071136 0.8263285773366419 0.3279828370554177 0.8206420595533499 0.327724358974359 0.8154724979321754 0.3282413151364764 0.8108198924731183 0.33056761786600497 0.8069427212572374 0.3336693548387097
1 0.8935328784119106 0.33005066170388747 0.8948252688172043 0.3349617452440033 0.8966346153846154 0.34013130686517784 0.900770264681555 0.34555934656741105 0.9043889578163772 0.34891956162117455 0.9087830851943756 0.3507289081885856 0.9144696029776676 0.35150434243176176 0.9209315550041357 0.3504704301075269 0.926359594706369 0.34736869313482216 0.9299782878411911 0.34323304383788256 0.9341139371381307 0.3370295698924731 0.9379911083540117 0.3282413151364764 0.9405758891645989 0.32022849462365593 0.9405758891645989 0.3153174110835401 0.9403174110835402 0.3101478494623656 0.9390250206782464 0.3023935070306038 0.9369571960297767 0.2964485111662531 0.9325630686517783 0.29127894954507855 0.9284274193548386 0.28791873449131516 0.9242917700578991 0.28610938792390406 0.9183467741935484 0.2853339536807279 0.9111093879239041 0.28610938792390406 0.9067152605459057 0.2876602564102564 0.9030965674110836 0.29050351530190244 0.8994778742762614 0.2956730769230769 0.8966346153846154 0.3011011166253102 0.8945667907361456 0.3065291563275434 0.893274400330852 0.3122156741108354 0.8924989660876758 0.3181606699751861 0.8924989660876758 0.3228132754342432
1 0.7756668734491315 0.24475289495450786 0.7712727460711332 0.2470791976840364 0.7692049214226634 0.2501809346567411 0.7676540529363111 0.2548335401157982 0.7663616625310173 0.25922766749379655 0.7650692721257237 0.2638802729528536 0.7637768817204301 0.26930831265508687 0.7632599255583127 0.27499483043837886 0.7635184036393714 0.2799059139784946 0.7645523159636063 0.28455851943755167 0.7666201406120762 0.2884356906534326 0.7689464433416047 0.29179590570719605 0.7728236145574855 0.2951561207609595 0.776183829611249 0.2967069892473118 0.7792855665839536 0.2977409015715467 0.7823873035566584 0.29903329197684037 0.7885907775020679 0.29877481389578164 0.7924679487179488 0.2969654673283706 0.7960866418527709 0.29412220843672454 0.7999638130686518 0.2894696029776675 0.802548593879239 0.2848169975186104 0.8061672870140613 0.27757961124896613 0.8090105459057072 0.27008374689826303 0.8100444582299422 0.2651726633581472 0.8095275020678246 0.2566428866832093 0.8079766335814723 0.25043941273779985 0.8043579404466501 0.24578680727874277 0.8017731596360629 0.24294354838709678 0.7966035980148883 0.24165115798180314 0.7929849048800662 0.24087572373862695 0.7883322994210091 0.24087572373862695 0.7839381720430108 0.24165115798180314 0.7800610008271299 0.24294354838709678
1 0.9467793631100083 0.2672404880066171 0.9480717535153019 0.26904983457402815 0.9537582712985938 0.27034222497932175 0.9573769644334161 0.27034222497932175 0.9622880479735318 0.2698252688172043 0.9661652191894128 0.26930831265508687 0.9713347808105872 0.26749896608767576 0.9767628205128206 0.2649141852770885 0.9808984698097601 0.2620709263854425 0.9842586848635235 0.2594861455748553 0.9863265095119934 0.256901364764268 0.9886528122415219 0.25431658395368073 0.994339330024814 0.2470791976840364 0.9951147642679901 0.24346050454921422 0.9948562861869313 0.23803246484698098 0.9940808519437552 0.2344137717121588 0.9925299834574027 0.22872725392886684 0.9896867245657569 0.22355769230769232 0.985809553349876 0.2196805210918114 0.981932382133995 0.21735421836228289 0.9783136889991728 0.2165787841191067 0.9749534739454095 0.21683726220016544 0.9708178246484699 0.21735421836228289 0.9671991315136477 0.21838813068651777 0.9628050041356493 0.21993899917287016 0.9581523986765923 0.22252377998345743 0.9524658808933002 0.2264009511993383 0.9480717535153019 0.23053660049627792 0.9449700165425973 0.2344137717121588 0.9421267576509512 0.24010028949545079 0.9400589330024814 0.24656224152191894 0.9400589330024814 0.25354114971050457 0.9410928453267163 0.25871071133167906 0.9434191480562448 0.26336331679073616
1 0.8495916046319272 0.2212313895781638 0.8547611662531017 0.22381617038875104 0.8594137717121588 0.22588399503722084 0.8648418114143921 0.2274348635235732 0.8694944168734492 0.22872725392886684 0.8736300661703887 0.229502688172043 0.8785411497105046 0.22769334160463195 0.8816428866832093 0.22510856079404468 0.8842276674937966 0.22200682382133996 0.8862954921422664 0.21812965260545908 0.8870709263854425 0.21373552522746073 0.886553970223325 0.2083074855252275 0.8852615798180314 0.20184553349875933 0.8831937551695616 0.19434966914805626 0.8808674524400331 0.1896970636889992 0.8782826716294458 0.18530293631100084 0.8751809346567412 0.1811672870140612 0.871562241521919 0.17754859387923905 0.8671681141439206 0.1749638130686518 0.8609646401985113 0.17212055417700578 0.8537272539288668 0.16953577336641854 0.848040736145575 0.16876033912324234 0.841320306038048 0.16979425144747726 0.8358922663358148 0.17263751033912325 0.8325320512820513 0.1762562034739454 0.8294303143093467 0.18220119933829612 0.8294303143093467 0.1881461952026468 0.8299472704714641 0.19305727874276263 0.8314981389578163 0.19848531844499587 0.83279052936311 0.20210401157981803 0.8348583540115798 0.20572270471464021 0.8364092224979323 0.20779052936311002 0.8433881306865179 0.21580334987593053
1 0.7120812655086849 0.16720947063689 0.7120812655086849 0.17341294458229942 0.7123397435897437 0.1790994623655914 0.7136321339950373 0.1840105459057072 0.7151830024813896 0.1878877171215881 0.7169923490488006 0.19124793217535155 0.7226788668320927 0.1948666253101737 0.7265560380479736 0.19512510339123243 0.7306916873449132 0.19538358147229115 0.7363782051282051 0.19512510339123243 0.741289288668321 0.19434966914805626 0.7443910256410257 0.19279880066170388 0.7480097187758478 0.1902140198511166 0.7518868899917287 0.18659532671629447 0.7567979735318445 0.18271815550041356 0.7617090570719603 0.17780707196029777 0.764810794044665 0.1739299007444169 0.7676540529363111 0.1692772952853598 0.7704973118279571 0.16255686517783294 0.7720481803143093 0.15816273779983459 0.7728236145574855 0.151183829611249 0.7725651364764268 0.14575578990901572 0.7710142679900744 0.14032775020678248 0.7684294871794872 0.13593362282878413 0.7655862282878412 0.13334884201819686 0.7617090570719603 0.12947167080231597 0.7578318858560794 0.12611145574855254 0.7544716708023159 0.12430210918114144 0.7505944995864351 0.12275124069478908 0.7462003722084367 0.12275124069478908 0.7407723325062036 0.12326819685690654 0.7363782051282051 0.12430210918114144 0.7319840777502068 0.1268868899917287 0.7288823407775021 0.12947167080231597 0.7244882133995038 0.13412427626137305 0.7219034325889165 0.1377429693961952 0.7193186517783292 0.1418786186931348 0.7172508271298594 0.14627274607113316 0.7154414805624484 0.1504083953680728 0.7138906120760959 0.15609491315136476 0.7128566997518611 0.16178143093465674
1 0.228198859005705 0.8144865525672371 0.22845354523227385 0.8198349633251834 0.2289629176854116 0.8277302363488183 0.22972697636511816 0.8320599022004891 0.23125509372453137 0.835880195599022 0.23558475957620212 0.8384270578647107 0.24297066014669927 0.8417379788101059 0.24653626731866343 0.8445395273023635 0.2508659331703342 0.8468317033414833 0.2592705786471068 0.847341075794621 0.26487367563162184 0.845558272208639 0.2674205378973105 0.8425020374898126 0.2679299103504482 0.839955175224124 0.26869396903015486 0.8363895680521598 0.2699674001629992 0.8315505297473513 0.2714955175224124 0.8259474327628362 0.27353300733496333 0.8200896495517522 0.2737876935615322 0.8149959250203749 0.2737876935615322 0.810920945395273 0.2737876935615322 0.8060819070904646 0.27327832110839445 0.8004788101059496 0.27251426242868787 0.7951303993480033 0.2714955175224124 0.7895273023634882 0.2699674001629992 0.784178891605542 0.26691116544417276 0.7798492257538713 0.26232681336593316 0.7767929910350448 0.25621434392828035 0.7755195599022005 0.2503565607171964 0.7757742461287693 0.24373471882640588 0.778321108394458 0.23940505297473516 0.7818867155664222 0.235839445802771 0.7872351263243684 0.2335472697636512 0.7923288508557458 0.23201915240423798 0.7974225753871231 0.23074572127139364 0.8037897310513448 0.22921760391198046 0.8088834555827221
1 0.02623268133659332 0.6868887530562346 0.02317644661776691 0.6845965770171148 0.019101466992665034 0.6835778321108396 0.014007742461287694 0.6833231458842707 0.00993276283618582 0.6835778321108396 0.005603096984515078 0.6835778321108396 0.003056234718826406 0.6845965770171148 0.001528117359413203 0.6856153219233904 0.0005093724531377344 0.6868887530562346 0.0005093724531377344 0.7340057049714751 0.006876528117359413 0.734260391198044 0.011206193969030156 0.7337510187449062 0.016554604726976365 0.7319682151589242 0.021138956805215974 0.7286572942135289 0.02444987775061125 0.7240729421352893 0.02699674001629992 0.7182151589242054 0.02954360228198859 0.7115933170334149 0.03056234718826406 0.7049714751426243 0.030307660961695192 0.6993683781581093 0.02954360228198859 0.694019967400163 0.02776079869600652 0.6896903015484922
1 0.23685819070904646 0.6127750611246944 0.24067848410757947 0.6107375713121435 0.243480032599837 0.6066625916870415 0.24373471882640588 0.6018235533822331 0.243480032599837 0.5969845150774247 0.24322534637326815 0.5934189079054605 0.24220660146699266 0.590362673186634 0.2404237978810106 0.5890892420537898 0.23787693561532194 0.5883251833740831 0.2317644661776691 0.584759576202119 0.2248879380603097 0.5814486552567237 0.2200488997555012 0.5799205378973105 0.21291768541157294 0.5776283618581907 0.20756927465362673 0.5755908720456397 0.20273023634881826 0.575081499592502 0.1978911980440098 0.5758455582722086 0.19279747351263243 0.5778830480847595 0.18897718011409945 0.5804299103504482 0.18668500407497962 0.5837408312958435 0.1846475142624287 0.5888345558272209 0.18337408312958436 0.5936735941320294 0.1828647106764466 0.5987673186634067 0.1838834555827221 0.6038610431947841 0.18592094539527304 0.6081907090464548 0.18846780766096172 0.6117563162184189 0.19126935615321922 0.6143031784841075 0.19712713936430318 0.6165953545232273 0.20247555012224938 0.6178687856560717 0.21062550937245314 0.619142216788916 0.21622860635696822 0.6193969030154849 0.22234107579462103 0.619142216788916 0.22794417277913612 0.617359413202934 0.2317644661776691 0.6158312958435208
1 0.3165749796251019 0.513956805215974 0.3147921760391198 0.5103911980440098 0.31122656886715566 0.5075896495517522 0.30715158924205377 0.5050427872860636 0.3028219233903831 0.5032599837000815 0.29645476772616136 0.5014771801140995 0.291361043194784 0.5009678076609617 0.2855032599837001 0.5009678076609617 0.2776079869600652 0.5027506112469438 0.27175020374898123 0.5047881010594948 0.26691116544417276 0.5073349633251835 0.26232681336593316 0.5109005704971475 0.2582518337408313 0.5152302363488183 0.25545028524857377 0.5205786471067645 0.25341279543602285 0.528983292583537 0.25392216788916055 0.5345863895680522 0.25545028524857377 0.5399348003259984 0.25876120619396903 0.5455378973105135 0.2638549307253464 0.5508863080684597 0.2679299103504482 0.5529237978810106 0.27353300733496333 0.5544519152404238 0.279900162999185 0.5552159739201304 0.28473920130399344 0.5549612876935616 0.29008761206193967 0.5541972290138549 0.29594539527302366 0.5519050529747351 0.30052974735126325 0.5498675631621842 0.3079156479217604 0.544519152404238 0.3127546862265689 0.5417176039119804 0.31530154849225756 0.538661369193154 0.3173390383048085 0.5345863895680522 0.318357783211084 0.5292379788101059 0.3181030969845151 0.5238895680521598 0.31759372453137735 0.5193052159739201
1 0.29670945395273024 0.45665240423797887 0.2992563162184189 0.4520680521597392 0.30078443357783213 0.44722901385493075 0.30002037489812555 0.44289934800326 0.2979828850855746 0.4393337408312959 0.2954360228198859 0.4367868785656072 0.29263447432762835 0.43424001629991854 0.28957823960880197 0.43169315403422986 0.2867766911165444 0.4288916055419723 0.2827017114914426 0.42634474327628363 0.2776079869600652 0.42430725346373266 0.27302363488182557 0.42226976365118174 0.26869396903015486 0.4207416462917685 0.2633455582722087 0.4207416462917685 0.25646903015484923 0.42226976365118174 0.2508659331703342 0.42456193969030154 0.24730032599837 0.42787286063569685 0.24551752241238795 0.43016503667481665 0.2442440912795436 0.4337306438467808 0.24398940505297476 0.4378056234718827 0.24398940505297476 0.4418806030969845 0.24449877750611249 0.44544621026894865 0.24551752241238795 0.4490118174409128 0.24806438467807662 0.4538508557457213 0.2523940505297474 0.4584352078239609 0.25876120619396903 0.46174612876935617 0.2643643031784841 0.4637836185819071 0.2697127139364303 0.4650570497147514 0.2758251833740831 0.4660757946210269 0.28117359413202936 0.4660757946210269 0.28601263243683783 0.4650570497147514 0.29059698451507743 0.46251018744906275 0.29416259168704156 0.4597086389568052
1 0.0017828035859820703 0.3507029339853301 0.0007640586797066015 0.35324979625101877 0.001528117359413203 0.4085167074164629 0.004074979625101875 0.4085167074164629 0.007895273023634882 0.4085167074164629 0.01069682151589242 0.4085167074164629 0.015790546047269764 0.4082620211898941 0.021138956805215974 0.4082620211898941 0.02699674001629992 0.40673390383048086 0.03158109209453953 0.4046964140179299 0.036420130399348 0.40011206193969034 0.04100448247758761 0.39425427872860636 0.043296658516707415 0.38992461287693564 0.04457008964955175 0.385340260798696 0.04558883455582722 0.38177465362673185 0.047371638141809294 0.375916870415648 0.047626324368378166 0.37082314588427057 0.046098207008964956 0.3639466177669112 0.04507946210268949 0.35961695191524046 0.04304197229013855 0.35503259983700086 0.040749796251018745 0.35146699266503667 0.03820293398533007 0.3484107579462103 0.03463732681336593 0.34535452322738386 0.03183577832110839 0.34357171964140176 0.026742053789731053 0.34102485737571314 0.022667074164629177 0.3397514262428688 0.018592094539527305 0.3397514262428688 0.012734311328443357 0.341279543602282 0.007640586797066015 0.3440810920945395 0.004329665851670742 0.34713732681336595
1 0.32166870415647925 0.08582925835370823 0.3252343113284433 0.08149959250203749 0.327781173594132 0.07742461287693561 0.32905460472697634 0.07360431947840261 0.32905460472697634 0.06876528117359414 0.327781173594132 0.06341687041564793 0.32599837000814996 0.05985126324368379 0.32294213528932353 0.05654034229828851 0.3196312143439283 0.05399348003259984 0.31555623471882643 0.0527200488997555 0.3109718826405868 0.05093724531377343 0.30562347188264055 0.05042787286063569 0.3012938060309699 0.050682559087204565 0.2974735126324369 0.05144661776691117 0.29263447432762835 0.05297473512632437 0.28881418092909533 0.054757538712306444 0.28397514262428686 0.05704971475142625 0.2783720456397718 0.059341890790546054 0.27302363488182557 0.06188875305623472 0.2697127139364303 0.06570904645476773 0.26640179299103506 0.0713121434392828 0.2643643031784841 0.07691524042379788 0.2636002444987775 0.08200896495517522 0.26461898940505296 0.08888549307253464 0.2661471067644662 0.09270578647106764 0.2699674001629992 0.09576202118989405 0.27175020374898123 0.09805419722901386 0.2763345558272209 0.09983700081499594 0.2804095354523228 0.10111043194784027 0.2867766911165444 0.10085574572127139 0.29212510187449064 0.10034637326813366 0.2997656886715567 0.09856356968215159 0.30536878565607173 0.09652607986960066 0.31122656886715566 0.093979217603912 0.3142828035859821 0.09194172779136105 0.31784841075794623 0.0891401792991035
1 0.379737163814181 0.015790546047269764 0.3771903015484923 0.012224938875305624 0.37489812550937246 0.00993276283618582 0.3723512632436838 0.007131214343928281 0.36853096984515077 0.003056234718826406 0.3657294213528932 0.0 0.3468826405867971 0.0 0.3448451507742461 0.0017828035859820703 0.3425529747351263 0.004329665851670742 0.33873268133659334 0.010951507742461288 0.3372045639771801 0.017063977180114098 0.33694987775061125 0.023685819070904647 0.3382233088834556 0.03158109209453953 0.34051548492257544 0.037948247758761204 0.3443357783211084 0.044060717196414016 0.3468826405867971 0.049409127954360234 0.3486654441727791 0.05246536267318664 0.35197636511817443 0.05450285248573757 0.354777913610432 0.05552159739201304 0.3588528932355339 0.05628565607171964 0.3619091279543602 0.056030969845150776 0.3659841075794621 0.05552159739201304 0.37031377343113286 0.05399348003259984 0.373879380603097 0.05246536267318664 0.3771903015484923 0.050682559087204565 0.38253871230643843 0.044824775876120625 0.38432151589242053 0.040240423797881016 0.3845762021189894 0.0356560717196414 0.38432151589242053 0.02954360228198859 0.38355745721271395 0.024959250203748985 0.38202933985330073 0.020374898125509373
1 0.17471475142624288 0.00993276283618582 0.16885696821515894 0.0002546862265688672 0.13320089649551753 0.0002546862265688672 0.1319274653626732 0.003310920945395273 0.13116340668296658 0.006621841890790546 0.13116340668296658 0.010951507742461288 0.13116340668296658 0.016554604726976365 0.13141809290953546 0.022921760391198046 0.13218215158924204 0.028270171149144256 0.1339649551752241 0.03540138549307254 0.13549307253463733 0.03998573757131215 0.1372758761206194 0.044060717196414016 0.1388039934800326 0.047371638141809294 0.14466177669111654 0.05297473512632437 0.14873675631621844 0.05628565607171964 0.15230236348818255 0.05959657701711492 0.1551039119804401 0.061379380603096986 0.1599429502852486 0.06265281173594132 0.166819478402608 0.06367155664221678 0.1721678891605542 0.06316218418907905 0.17802567237163816 0.06112469437652812 0.18108190709046454 0.05832314588427058 0.18261002444987776 0.05450285248573757 0.18337408312958436 0.04991850040749797 0.18337408312958436 0.044060717196414016 0.18261002444987776 0.03845762021189894 0.18159127954360227 0.032854523227383865 0.18057253463732684 0.028015484922575388 0.17955378973105135 0.022921760391198046 0.178280358598207 0.018592094539527305 0.17649755501222494 0.014007742461287694
0 0.6210317460317462 0.1798941798941799 0.6276455026455027 0.17328042328042328 0.6292989417989417 0.17063492063492064 0.6302910052910052 0.16865079365079363 0.6316137566137566 0.16435185185185183 0.6319444444444444 0.1626984126984127 0.6299603174603176 0.16203703703703706 0.6279761904761905 0.16203703703703706 0.6246693121693122 0.1650132275132275 0.6203703703703703 0.16964285714285715 0.6137566137566138 0.17923280423280424 0.6134259259259259 0.1818783068783069 0.6157407407407407 0.18287037037037038
0 0.6861772486772487 0.289021164021164 0.6858465608465608 0.2777777777777778 0.6861772486772487 0.27380952380952384 0.6871693121693122 0.27017195767195773 0.6884920634920635 0.2678571428571429 0.6901455026455027 0.2671957671957672 0.6927910052910052 0.2685185185185185 0.6937830687830687 0.27116402116402116 0.6941137566137566 0.27480158730158727 0.6931216931216931 0.28240740740740744 0.6914682539682541 0.2926587301587302 0.6898148148148149 0.2939814814814815 0.6871693121693122 0.2939814814814815
0 0.8141534391534392 0.42493386243386244 0.8052248677248677 0.4209656084656085 0.8022486772486773 0.41964285714285715 0.8009259259259259 0.41832010582010587 0.800595238095238 0.4166666666666667 0.8022486772486773 0.41501322751322756 0.80489417989418 0.4146825396825397 0.8138227513227514 0.41798941798941797 0.8201058201058201 0.42162698412698413 0.8210978835978836 0.4232804232804233 0.8214285714285714 0.42460317460317465 0.8177910052910052 0.4255952380952381
0 0.5016534391534392 0.8432539682539683 0.5162037037037037 0.8382936507936508 0.5205026455026455 0.8359788359788359 0.5241402116402116 0.8336640211640212 0.5261243386243387 0.8320105820105821 0.5257936507936508 0.8296957671957672 0.5241402116402116 0.8287037037037037 0.5205026455026455 0.8290343915343915 0.5059523809523809 0.8349867724867724 0.4947089947089947 0.8396164021164021 0.494047619047619 0.8422619047619048 0.49570105820105825 0.8442460317460317
0 0.021164021164021163 0.38756613756613756 0.02248677248677249 0.3654100529100529 0.022817460317460316 0.36177248677248675 0.021825396825396824 0.3601190476190476 0.021494708994708997 0.3584656084656085 0.019510582010582013 0.3584656084656085 0.017857142857142856 0.35879629629629634 0.016865079365079364 0.3601190476190476 0.016203703703703703 0.3644179894179895 0.01421957671957672 0.37996031746031744 0.014550264550264551 0.38822751322751325 0.015542328042328043 0.39153439153439157 0.01851851851851852 0.39120370370370366
0 0.3396164021164021 0.8257275132275133 0.3478835978835979 0.8125 0.3492063492063492 0.8088624338624338 0.3478835978835979 0.8075396825396826 0.34490740740740744 0.8085317460317462 0.33432539682539686 0.824404761904762 0.3349867724867725 0.828042328042328
0 0.5649146451033243 0.7253762353998202 0.5684243036837376 0.7159703504043127 0.5819013926325247 0.7006682389937107 0.5886399371069183 0.695754716981132 0.5883591644204852 0.7017913297394429 0.5803571428571428 0.7141453279424977 0.5695473944294699 0.7266397124887691
0 0.8598790322580644 0.5234094982078853 0.8568548387096774 0.5156810035842293 0.8598790322580644 0.508176523297491 0.8644713261648745 0.5174731182795699 0.8758960573476702 0.543010752688172 0.8771281362007168 0.5499551971326164 0.8725358422939068 0.5489471326164874 0.8642473118279569 0.5302419354838709
0 0.7702083333333333 0.6715625000000001 0.7755208333333333 0.6579166666666667 0.7797916666666667 0.650625 0.7810416666666666 0.6497916666666667 0.7816666666666666 0.6560416666666666 0.7780208333333333 0.6661458333333333 0.7726041666666668 0.6727083333333332
0 0.6329638124362895 0.8084862385321101 0.6383792048929664 0.8068934760448522 0.6428389398572885 0.8049821610601426 0.6476172273190621 0.8037079510703364 0.6504841997961264 0.8030708460754332 0.6558995922528033 0.7992482161060143 0.6543068297655453 0.7992482161060143 0.6476172273190621 0.798611111111111 0.6437945973496432 0.7992482161060143 0.6402905198776758 0.8005224260958206 0.6355122324159022 0.8017966360856269 0.6310524974515801 0.8030708460754332 0.6285040774719675 0.804026503567788 0.6269113149847095 0.8056192660550459
0 0.6513888888888889 0.5247222222222222 0.6508333333333333 0.5205555555555555 0.6558333333333334 0.5188888888888888 0.6583333333333333 0.5186111111111111 0.6605555555555556 0.5244444444444444 0.6669444444444445 0.5352777777777777 0.6716666666666666 0.5433333333333333 0.673611111111111 0.5505555555555556 0.6725 0.5522222222222222 0.6680555555555556 0.5477777777777778 0.6661111111111111 0.5483333333333333 0.6630555555555555 0.5430555555555556 0.6622222222222223 0.5372222222222223 0.6580555555555556 0.5322222222222223 0.6563888888888889 0.5291666666666667
