1 0.6481173864894795 0.5332225913621262 0.6380813953488372 0.5242248062015504 0.6360049833887043 0.5221483942414176 0.6325442967884828 0.518687707641196 0.6311600221483943 0.5155730897009967 0.6297757475083057 0.5124584717607974 0.6280454042081949 0.509343853820598 0.6252768549280177 0.5034606866002215 0.6232004429678848 0.49930786267995575 0.6225083056478405 0.49480897009966784 0.6232004429678848 0.4910022148394242 0.628391472868217 0.4858111849390919 0.6387735326688815 0.4820044296788483 0.6481173864894795 0.48165836101882614 0.6550387596899224 0.48165836101882614 0.6605758582502769 0.4823504983388705 0.6688815060908084 0.4847729789590255 0.6764950166112957 0.4875415282392027 0.6830703211517164 0.4903100775193799 0.6886074197120708 0.49411683277962354 0.6927602436323367 0.4979235880398672 0.6976052048726467 0.5027685492801772 0.7038344407530454 0.5103820598006644 0.707641196013289 0.5169573643410853 0.7104097452934662 0.5224944629014396 0.7114479512735327 0.5273394241417498 0.7097176079734219 0.5328765227021042 0.7072951273532669 0.5384136212624585 0.7024501661129567 0.5411821705426356 0.6993355481727573 0.5425664451827242 0.6941445182724252 0.5449889258028793 0.6879152823920265 0.5460271317829457 0.6823781838316721 0.5463732004429679 0.6761489479512736 0.5456810631229235 0.6685354374307863 0.5436046511627908 0.6602297895902546 0.5404900332225914 0.6522702104097452 0.5359911406423035
1 0.5114202657807309 0.4913482834994463 0.509343853820598 0.4979235880398672 0.5089977851605759 0.5072674418604651 0.5100359911406424 0.5134966777408638 0.5124584717607974 0.520764119601329 0.5159191583610189 0.5287236987818383 0.5204180509413068 0.5363372093023256 0.5276854928017719 0.5429125138427463 0.5352990033222592 0.5477574750830564 0.544296788482835 0.5519102990033222 0.553640642303433 0.5546788482834994 0.5636766334440753 0.5557170542635659 0.5733665559246954 0.5543327796234773 0.5827104097452935 0.5501799557032114 0.5882475083056478 0.544296788482835 0.5892857142857142 0.5377214839424141 0.5892857142857142 0.5294158361018827 0.5885935769656699 0.518687707641196 0.5872093023255813 0.5110741971207088 0.5851328903654485 0.504498892580288 0.5820182724252491 0.4989617940199336 0.5778654485049833 0.49307862679955705 0.5740586932447397 0.48892580287929127 0.5695598006644518 0.4854651162790698 0.5643687707641195 0.48269656699889263 0.5602159468438538 0.4806201550387597 0.5564091915836101 0.47923588039867115 0.5519102990033222 0.47785160575858254 0.5481035437430786 0.47715946843853824 0.5436046511627908 0.4768133997785161 0.5391057585825028 0.4768133997785161 0.5332225913621262 0.47785160575858254 0.5269933554817275 0.47888981173864903 0.5190337763012182 0.48269656699889263 0.513842746400886 0.4847729789590255
1 0.574750830564784 0.37403100775193804 0.5834025470653378 0.3712624584717608 0.5906699889258029 0.36780177187153934 0.5968992248062015 0.36434108527131787 0.6020902547065338 0.35984219269102996 0.607281284606866 0.355343300110742 0.6110880398671096 0.3515365448504984 0.6155869324473976 0.3446151716500554 0.616625138427464 0.3352713178294574 0.6145487264673312 0.3280038759689923 0.6110880398671096 0.32350498338870437 0.6065891472868217 0.320390365448505 0.6013981173864894 0.31900609080841646 0.5948228128460686 0.31831395348837216 0.5868632336655593 0.31727574750830567 0.5782115171650055 0.31727574750830567 0.5709440753045404 0.31727574750830567 0.5643687707641195 0.31831395348837216 0.5574473975636766 0.3210825027685493 0.5505260243632336 0.3248892580287929 0.5449889258028793 0.32834994462901446 0.5404900332225914 0.33215669988925806 0.5363372093023256 0.3359634551495017 0.5328765227021042 0.3404623477297896 0.530107973421927 0.3446151716500554 0.5273394241417498 0.34946013289036554 0.5259551495016611 0.35430509413067557 0.5263012181616833 0.35845791805094135 0.5290697674418605 0.36364894795127356 0.5332225913621262 0.36814784053156147 0.539797895902547 0.3726467331118494 0.544296788482835 0.3754152823920266 0.553640642303433 0.37679955703211526 0.5650609080841639 0.37679955703211526
1 0.5404900332225914 0.2781699889258029 0.5470653377630121 0.2781699889258029 0.5532945736434108 0.2778239202657808 0.5609080841638981 0.2771317829457365 0.5688676633444075 0.27540143964562575 0.574750830564784 0.2729789590254707 0.5802879291251384 0.2691722037652271 0.584094684385382 0.26398117386489484 0.5865171650055371 0.257405869324474 0.5875553709856035 0.24979235880398676 0.5865171650055371 0.2449473975636767 0.5827104097452935 0.238718161683278 0.5768272425249169 0.2342192691029901 0.569905869324474 0.22937430786268004 0.5616002214839424 0.22591362126245854 0.5539867109634551 0.2221068660022149 0.5481035437430786 0.21968438538205987 0.544296788482835 0.21795404208194913 0.5391057585825028 0.21691583610188267 0.5328765227021042 0.21656976744186052 0.5252630121816169 0.21656976744186052 0.516265227021041 0.21795404208194913 0.509343853820598 0.22037652270210414 0.5038067552602437 0.22452934662236992 0.5003460686600222 0.22937430786268004 0.4989617940199336 0.23491140642303437 0.4982696566998893 0.24183277962347735 0.49861572535991144 0.2470238095238096 0.49930786267995575 0.2515227021040975 0.5013842746400886 0.25498338870431897 0.5041528239202658 0.25982834994462906 0.5083056478405317 0.26467331118493914 0.5131506090808416 0.2691722037652271 0.5211101882613511 0.27401716500553713 0.5280315614617941 0.27540143964562575 0.5349529346622369 0.27678571428571436
1 0.33977021040974537 0.3657253599114065 0.3463455149501662 0.3709163898117387 0.35430509413067557 0.37403100775193804 0.36537929125138435 0.37472314507198234 0.3761074197120709 0.37403100775193804 0.3892580287929126 0.3726467331118494 0.3989479512735327 0.3702242524916944 0.4051771871539314 0.3674557032115172 0.4110603543743079 0.36364894795127356 0.41694352159468445 0.35915005537098565 0.4224806201550388 0.35395902547065344 0.4273255813953489 0.3473837209302326 0.4314784053156147 0.3394241417497232 0.4339008859357697 0.3290420819490587 0.4359772978959026 0.31900609080841646 0.43493909191583613 0.31104651162790703 0.4304401993355482 0.30689368770764125 0.4245570321151717 0.30620155038759694 0.4200581395348838 0.3065476190476191 0.415905315614618 0.30758582502768556 0.4093300110741972 0.3079318936877077 0.40033222591362133 0.3079318936877077 0.3885658914728683 0.308624031007752 0.3771456256921374 0.31104651162790703 0.36953211517165013 0.3148532668881507 0.3619186046511629 0.320390365448505 0.3536129568106313 0.3280038759689923 0.34772978959025475 0.33700166112956814 0.3411544850498339 0.3456533776301219 0.3376937984496125 0.3536129568106313 0.336655592469546 0.3601882613510521
1 0.2958194905869325 0.2335271317829458 0.30135658914728686 0.22902823920265786 0.30550941306755264 0.22660575858250281 0.31000830564784054 0.22383720930232565 0.3134689922480621 0.21830011074197128 0.31692967884828355 0.210686600221484 0.3196982281284607 0.20307308970099675 0.32073643410852715 0.19580564784053162 0.32073643410852715 0.18957641196013295 0.3200442967884829 0.18438538205980073 0.31727574750830567 0.1778100775193799 0.31104651162790703 0.16950442967884835 0.30723975636766343 0.16604374307862685 0.30066445182724255 0.16327519379844968 0.2954734219269104 0.16327519379844968 0.28751384274640096 0.16535160575858257 0.28059246954595796 0.1684662236987819 0.27436323366555926 0.17192691029900337 0.2688261351052049 0.1764258028792913 0.26328903654485053 0.1819629014396457 0.25913621262458475 0.1878460686600222 0.25498338870431897 0.19684385382059807 0.2508305647840532 0.20791805094130683 0.25048449612403106 0.22141472868217058 0.2518687707641197 0.22902823920265786 0.2556755260243633 0.2342192691029901 0.26155869324473985 0.23767995570321157 0.27021040974529353 0.24148671096345523 0.2757475083056479 0.2421788482834995 0.2833610188261352 0.24148671096345523 0.28993632336655595 0.23733388704318945
1 0.4131367663344408 0.11897840531561467 0.4200581395348838 0.1234772978959026 0.43009413067552604 0.12901439645625698 0.4390919158361019 0.13247508305647845 0.4473975636766335 0.13351328903654494 0.4546650055370986 0.1328211517165006 0.4608942414174973 0.13039867109634556 0.46712347729789594 0.12659191583610194 0.4709302325581396 0.12070874861572542 0.4733527131782946 0.1155177187153932 0.474390919158361 0.10894241417497237 0.4740448504983389 0.1013289036544851 0.47300664451827246 0.09509966777408643 0.47058416389811747 0.08921650055370992 0.46781561461794025 0.08437153931339984 0.46435492801771877 0.08021871539313405 0.4595099667774087 0.07745016611295687 0.45362679955703217 0.07502768549280182 0.4453211517165006 0.0726052048726468 0.4380537098560355 0.07087486157253604 0.4290559246954596 0.0712209302325582 0.4217884828349945 0.07295127353266893 0.41521317829457366 0.07502768549280182 0.4093300110741972 0.0791805094130676 0.4034468438538206 0.08506367663344412 0.4027547065337763 0.09233111849390925 0.4034468438538206 0.09959856035437435 0.40621539313399785 0.10617386489479518 0.4093300110741972 0.11309523809523815
1 0.7855066445182725 0.14354928017718724 0.779969545957918 0.13939645625692146 0.7744324473975637 0.13801218161683285 0.7671650055370985 0.13801218161683285 0.7626661129568106 0.13905038759689928 0.7553986710963455 0.14216500553709863 0.747093023255814 0.14700996677740868 0.7412098560354374 0.1508167220376523 0.7325581395348837 0.15531561461794027 0.7266749723145072 0.16016057585825033 0.7221760797342192 0.16500553709856042 0.7187153931339978 0.17192691029900337 0.7156007751937985 0.18127076411960139 0.7138704318936876 0.18819213732004433 0.7138704318936876 0.1951135105204873 0.716985049833887 0.2041112956810632 0.7218300110741971 0.21034053156146185 0.7273671096345514 0.21310908084163904 0.7353266888150608 0.21380121816168335 0.7422480620155039 0.21345514950166117 0.7488233665559246 0.2127630121816169 0.7540143964562568 0.2120708748615726 0.7605897009966777 0.20999446290143972 0.7654346622369878 0.20757198228128465 0.7688953488372092 0.20480343300110748 0.7709717607973422 0.20203488372093031 0.7751245847176079 0.19649778516057592 0.7796234772978959 0.18957641196013295 0.7827380952380951 0.18369324473975643 0.7851605758582502 0.17607973421926915 0.786890919158361 0.1677740863787376 0.7882751937984496 0.15808416389811744 0.7882751937984496 0.14943244739756376
1 0.8543743078626799 0.33907807308970106 0.8585271317829457 0.334233111849391 0.8619878183831672 0.3280038759689923 0.8647563676633444 0.320390365448505 0.8647563676633444 0.3131229235880399 0.863718161683278 0.3065476190476191 0.8623338870431893 0.2975498338870432 0.8612956810631228 0.29097452934662243 0.8571428571428571 0.2757475083056479 0.8519518272425248 0.2688261351052049 0.8464147286821705 0.26605758582502775 0.8408776301218162 0.264327242524917 0.8353405315614617 0.264327242524917 0.8270348837209303 0.26571151716500563 0.8211517165005536 0.2691722037652271 0.8142303433001107 0.2757475083056479 0.8097314507198228 0.2826688815060908 0.8076550387596898 0.28716777408637884 0.8052325581395349 0.29201273532668887 0.8035022148394241 0.2954734219269104 0.8017718715393134 0.301702657807309 0.8003875968992247 0.31104651162790703 0.8007336655592469 0.31796788482835 0.8024640088593576 0.32281284606866006 0.8045404208194905 0.32765780730897015 0.8073089700996677 0.33250276854928024 0.8121539313399778 0.33803986710963463 0.8159606866002214 0.3453073089700997 0.8211517165005536 0.34772978959025475 0.8284191583610188 0.34980620155038766 0.8353405315614617 0.3508444075304541 0.8415697674418604 0.3501522702104098 0.8467607973421926 0.3466915836101883 0.8495293466223699 0.34357696566998897
1 0.7453626799557032 0.09613787375415288 0.7519379844961239 0.09440753045404214 0.7574750830564784 0.0906007751937985 0.7609357696566998 0.08679401993355487 0.7640503875968992 0.08264119601328909 0.7647425249169435 0.07848837209302331 0.7647425249169435 0.07156699889258035 0.7640503875968992 0.06637596899224812 0.7630121816168328 0.06083887043189374 0.7612818383167219 0.055647840531561514 0.758859357696567 0.050456810631229296 0.7564368770764119 0.045265780730897064 0.7536683277962347 0.04076688815060914 0.7508997785160575 0.035229789590254766 0.7474390919158361 0.031076965669988986 0.7443244739756367 0.027270210409745355 0.7394795127353266 0.023117386489479575 0.7349806201550387 0.019656699889258094 0.7284053156146179 0.01550387596899231 0.7232142857142857 0.01342746400885942 0.7183693244739756 0.012735326688815125 0.7138704318936876 0.01135105204872653 0.7083333333333334 0.010312846068660085 0.7014119601328903 0.010312846068660085 0.6931063122923588 0.012043189368770827 0.6872231450719822 0.014811738648948015 0.6827242524916943 0.018964562569213795 0.6803017718715393 0.02242524916943528 0.6785714285714286 0.027270210409745355 0.6775332225913622 0.03349944629014402 0.6775332225913622 0.040074750830564845 0.6782253599114064 0.04665005537098566 0.6789174972314507 0.053225359911406485 0.6799557032115171 0.05772425249169441 0.6848006644518273 0.06672203765227028 0.6889534883720929 0.07468161683277968 0.696220930232558 0.08160299003322265 0.7010658914728682 0.08610188261351057 0.7090254706533776 0.08990863787375421 0.7138704318936876 0.09267718715393139 0.7235603543743079 0.09440753045404214 0.7318660022148394 0.09544573643410859 0.7391334440753046 0.09613787375415288
1 0.6263150609080841 0.009966777408637937 0.625968992248062 0.00062292358803993 0.560562015503876 0.00062292358803993 0.5543327796234773 0.007544296788482897 0.5519102990033222 0.011697120708748678 0.5501799557032114 0.0182724252491695 0.5494878183831672 0.025539867109634615 0.551218161683278 0.03142303433001113 0.5539867109634551 0.03488372093023261 0.5602159468438538 0.0383444075304541 0.5654069767441859 0.040420819490586984 0.5716362126245846 0.042151162790697735 0.5754429678848284 0.042151162790697735 0.5806339977851606 0.042151162790697735 0.5941306755260243 0.04111295681063129 0.6013981173864894 0.03903654485049839 0.6048588039867109 0.0369601328903655 0.6093576965669989 0.03453765227021047 0.6138565891472868 0.031076965669988986 0.6176633444075305 0.027962347729789654 0.6200858250276854 0.025539867109634615 0.6221622369878184 0.02173311184939098 0.6245847176079734 0.017234219269103054 0.625968992248062 0.014119601328903717
1 0.30481727574750833 0.03003875968992254 0.30066445182724255 0.02242524916943528 0.29651162790697677 0.018964562569213795 0.2913205980066446 0.0182724252491695 0.28474529346622374 0.019656699889258094 0.2774778516057586 0.02242524916943528 0.27021040974529353 0.027270210409745355 0.26328903654485053 0.03419158361018832 0.2570598006644519 0.04180509413067558 0.252560908084164 0.04941860465116285 0.25048449612403106 0.05426356589147293 0.24771594684385387 0.06083887043189374 0.24598560354374313 0.06810631229235886 0.2466777408637874 0.07710409745293471 0.25048449612403106 0.08402547065337768 0.25394518272425254 0.08783222591362132 0.2567137320044297 0.09025470653377636 0.261904761904762 0.09267718715393139 0.266749723145072 0.09302325581395353 0.2722868217054264 0.09302325581395353 0.2781699889258029 0.09233111849390925 0.28578349944629017 0.09025470653377636 0.29201273532668887 0.08575581395348843 0.2982419712070875 0.07848837209302331 0.30204872646733116 0.06879844961240315 0.3044712070874862 0.06083887043189374 0.30550941306755264 0.050456810631229296 0.30550941306755264 0.03903654485049839
1 0.34772978959025475 0.6238925802879292 0.3577657807308971 0.6276993355481727 0.36607142857142866 0.6290836101882614 0.37472314507198234 0.6276993355481727 0.38129844961240317 0.6249307862679956 0.3871816168327797 0.6221622369878184 0.3916805094130676 0.6187015503875969 0.39479512735326694 0.6131644518272424 0.39687153931339986 0.6034745293466223 0.3975636766334441 0.5944767441860465 0.3975636766334441 0.5868632336655593 0.3961794019933555 0.5806339977851606 0.39410299003322263 0.5750968992248062 0.3913344407530454 0.5702519379844961 0.3882198228128461 0.5650609080841639 0.38441306755260246 0.5602159468438538 0.3802602436323367 0.556063122923588 0.37437707641196016 0.5515642303433002 0.36849390919158365 0.5470653377630121 0.36364894795127356 0.5449889258028793 0.3567275747508306 0.542220376522702 0.3508444075304541 0.5425664451827242 0.34150055370985605 0.544296788482835 0.33388704318936885 0.5484496124031008 0.3262735326688816 0.5571013289036544 0.32315891472868224 0.5636766334440753 0.3196982281284607 0.5709440753045404 0.31796788482835 0.5802879291251384 0.31762181616832785 0.5865171650055371 0.31866002214839434 0.5927464008859358 0.3210825027685493 0.5986295681063123 0.3245431893687708 0.6045127353266887 0.3293881506090809 0.6107419712070874 0.33354097452934667 0.6152408637873754 0.33977021040974537 0.6200858250276854
1 0.513842746400886 0.6363510520487264 0.5228405315614618 0.6342746400885936 0.530107973421927 0.6304678848283499 0.5363372093023256 0.625968992248062 0.5401439645625692 0.6197397563676633 0.542220376522702 0.6114341085271318 0.5418743078626799 0.6038205980066444 0.539797895902547 0.5975913621262458 0.5377214839424141 0.5927464008859358 0.5346068660022147 0.5875553709856035 0.5321843853820598 0.5844407530454042 0.5280315614617941 0.5809800664451826 0.5218023255813954 0.5764811738648948 0.5173034330011075 0.5733665559246954 0.5121124031007752 0.5695598006644518 0.5076135105204873 0.5667912513842747 0.5017303433001108 0.5660991140642303 0.49446290143964566 0.5667912513842747 0.48823366555924697 0.5685215946843853 0.48269656699889263 0.5705980066445182 0.47715946843853824 0.5730204872646733 0.4709302325581396 0.5771733111849391 0.46712347729789594 0.581672203765227 0.46435492801771877 0.5885935769656699 0.46366279069767447 0.5951688815060907 0.4640088593576966 0.6013981173864894 0.46608527131782945 0.6090116279069767 0.47058416389811747 0.6173172757475083 0.47369878183831676 0.6221622369878184 0.47854374307862685 0.6266611295681063 0.48788759689922484 0.6335825027685492 0.49307862679955705 0.6360049833887043 0.5038067552602437 0.6370431893687708
1 0.7266749723145072 0.6318521594684385 0.7297895902547065 0.6263150609080841 0.7315199335548173 0.6211240310077518 0.7322120708748616 0.6148947951273532 0.7318660022148394 0.6093576965669989 0.7311738648947952 0.6034745293466223 0.7290974529346622 0.5965531561461793 0.726328903654485 0.5910160575858251 0.7232142857142857 0.5854789590254706 0.7190614617940199 0.5809800664451826 0.7135243632336655 0.5775193798449613 0.7062569213732004 0.574404761904762 0.7003737541528239 0.572328349944629 0.6931063122923588 0.572328349944629 0.6861849390919158 0.5737126245847175 0.6789174972314507 0.5764811738648948 0.6713039867109635 0.5795957918050941 0.6640365448504983 0.584094684385382 0.6584994462901439 0.5899778516057587 0.6550387596899224 0.5955149501661129 0.6522702104097452 0.6017441860465116 0.6491555924695459 0.609703765227021 0.6474252491694352 0.6197397563676633 0.6467331118493909 0.6263150609080841 0.6484634551495017 0.6318521594684385 0.6522702104097452 0.6363510520487264 0.6584994462901439 0.6405038759689922 0.6654208194905868 0.6439645625692136 0.6719961240310077 0.6463870431893688 0.6792635658914729 0.6488095238095237 0.6875692137320044 0.6495016611295681 0.6969130675526024 0.6495016611295681 0.7066029900332225 0.647079180509413 0.7131782945736433 0.6432724252491694 0.7173311184939092 0.6401578073089701 0.7225221483942413 0.6366971207087485
1 0.551218161683278 0.6643826135105204 0.5449889258028793 0.6595376522702103 0.5380675526024363 0.6560769656699889 0.5297619047619048 0.6536544850498339 0.5228405315614618 0.6533084163898117 0.5131506090808416 0.6543466223698782 0.506921373200443 0.6571151716500553 0.5027685492801772 0.6616140642303433 0.5000000000000001 0.6674972314507197 0.49757751937984496 0.6775332225913622 0.49723145071982283 0.6861849390919158 0.49757751937984496 0.6937984496124031 0.49930786267995575 0.6989894795127353 0.502076411960133 0.7031423034330011 0.5051910299003323 0.7066029900332225 0.5079595791805095 0.7097176079734219 0.5141888150609081 0.7156007751937985 0.5193798449612403 0.7190614617940199 0.5269933554817275 0.7225221483942413 0.5352990033222592 0.7242524916943521 0.5429125138427463 0.7239064230343301 0.5539867109634551 0.7211378737541527 0.560562015503876 0.7173311184939092 0.5636766334440753 0.7121400885935769 0.5650609080841639 0.7066029900332225 0.5654069767441859 0.6996816168327796 0.5643687707641195 0.691375968992248 0.5616002214839424 0.68203211517165 0.558485603543743 0.675110741971207 0.5546788482834994 0.6688815060908084
1 0.4339008859357697 0.7128322259136212 0.4366694352159469 0.7069490586932446 0.4366694352159469 0.7000276854928018 0.4356312292358805 0.6934523809523809 0.43251661129568114 0.6892995570321151 0.4287098560354375 0.6861849390919158 0.42594130675526026 0.6841085271317829 0.42213455149501666 0.6806478405315615 0.41694352159468445 0.6764950166112957 0.4117524916943522 0.6740725359911406 0.40794573643410853 0.672688261351052 0.4027547065337763 0.6713039867109635 0.3982558139534884 0.6706118493909191 0.3913344407530454 0.670265780730897 0.38406699889258034 0.670265780730897 0.376453488372093 0.670265780730897 0.36987818383167226 0.6713039867109635 0.3612264673311186 0.6737264673311184 0.35465116279069775 0.6782253599114064 0.35049833887043197 0.6834163898117386 0.3491140642303433 0.6886074197120708 0.3491140642303433 0.695874861572536 0.3501522702104098 0.7014119601328903 0.35257475083056483 0.705564784053156 0.3567275747508306 0.7121400885935769 0.3605343300110742 0.7166389811738649 0.36537929125138435 0.7214839424141749 0.3719545957918051 0.7249446290143965 0.3823366555924696 0.7280592469545958 0.39444905869324476 0.7284053156146179 0.4075996677740864 0.7270210409745294 0.41867386489479513 0.7242524916943521 0.42663344407530457 0.7221760797342192 0.43078626799557035 0.7180232558139534
1 0.36364894795127356 0.740171650055371 0.35707364341085274 0.7398255813953488 0.34842192691029905 0.7415559246954595 0.3404623477297896 0.7453626799557032 0.3359634551495017 0.7491694352159468 0.3311184939091916 0.7571290143964562 0.3290420819490587 0.7668189368770764 0.3300802879291252 0.7758167220376522 0.33284883720930236 0.7834302325581395 0.33700166112956814 0.7920819490586931 0.3418466223698783 0.7983111849390918 0.34842192691029905 0.803156146179402 0.3567275747508306 0.8076550387596898 0.3650332225913622 0.8090393133997785 0.3726467331118494 0.8093853820598007 0.3806063122923588 0.8090393133997785 0.39064230343300116 0.8076550387596898 0.3975636766334441 0.8041943521594684 0.40102436323366564 0.7983111849390918 0.4031007751937985 0.7900055370985603 0.4031007751937985 0.782392026578073 0.4024086378737542 0.7758167220376522 0.39998615725359915 0.768549280177187 0.3954872646733112 0.7616279069767441 0.3913344407530454 0.7560908084163898 0.3868355481727575 0.7508997785160575 0.3816445182724253 0.747093023255814 0.3771456256921374 0.7443244739756367 0.3712624584717608 0.7422480620155039
1 0.7571290143964562 0.7200996677740863 0.7543604651162791 0.7142165005537098 0.7508997785160575 0.7114479512735327 0.7446705426356588 0.7090254706533776 0.7394795127353266 0.7086794019933554 0.7349806201550387 0.7086794019933554 0.7294435215946843 0.7097176079734219 0.7242524916943521 0.7117940199335547 0.7176771871539314 0.7156007751937985 0.7121400885935769 0.7200996677740863 0.7059108527131782 0.726328903654485 0.7000276854928018 0.7363648947951272 0.6996816168327796 0.7443244739756367 0.7007198228128461 0.7536683277962347 0.7021040974529347 0.7605897009966777 0.705218715393134 0.7671650055370985 0.710063676633444 0.7709717607973422 0.7162929125138427 0.7733942414174972 0.7211378737541527 0.7740863787375415 0.7266749723145072 0.7740863787375415 0.7335963455149501 0.7716638981173864 0.7391334440753046 0.7688953488372092 0.7453626799557032 0.7637043189368771 0.7515919158361019 0.7560908084163898 0.7564368770764119 0.7474390919158361 0.759205426356589 0.740171650055371 0.759205426356589 0.7332502768549279 0.7585132890365448 0.7270210409745294
1 0.8606035437430786 0.7643964562569213 0.8574889258028793 0.7595514950166112 0.8540282392026577 0.7547065337763013 0.8502214839424141 0.7498615725359911 0.8450304540420819 0.745016611295681 0.8394933554817274 0.7419019933554817 0.8346483942414175 0.7405177187153931 0.8287652270210409 0.7415559246954595 0.8228820598006644 0.745016611295681 0.8176910299003323 0.7512458471760797 0.8135382059800664 0.7574750830564784 0.808001107419712 0.7657807308970099 0.8055786267995569 0.7727021040974529 0.8052325581395349 0.7792774086378738 0.8076550387596898 0.7872369878183831 0.8118078626799556 0.7951965669988925 0.8163067552602435 0.8024640088593576 0.8211517165005536 0.8107696566998892 0.8270348837209303 0.8173449612403101 0.8329180509413068 0.819421373200443 0.8408776301218162 0.819421373200443 0.847799003322259 0.8180370985603543 0.8540282392026577 0.8159606866002214 0.8595653377630121 0.8121539313399778 0.863718161683278 0.8059246954595791 0.866140642303433 0.7993493909191582 0.8664867109634551 0.791735880398671 0.8657945736434108 0.7806616832779623 0.863718161683278 0.7716638981173864
1 0.7252906976744186 0.8436461794019933 0.7183693244739756 0.8415697674418604 0.7111018826135105 0.8398394241417496 0.7045265780730896 0.8398394241417496 0.6976052048726467 0.8398394241417496 0.6899916943521593 0.8408776301218162 0.6813399778516057 0.8436461794019933 0.6747646733111848 0.847799003322259 0.6699197120708749 0.8536821705426356 0.6668050941306755 0.8619878183831672 0.6671511627906976 0.8716777408637874 0.6692275747508306 0.8799833887043189 0.6733803986710963 0.8858665559246953 0.6775332225913622 0.8907115171650055 0.6792635658914729 0.8931339977851604 0.6816860465116279 0.8952104097452934 0.6854928017718716 0.896594684385382 0.6941445182724252 0.901439645625692 0.7003737541528239 0.9045542635658914 0.7062569213732004 0.9055924695459578 0.7128322259136212 0.9055924695459578 0.7187153931339978 0.9055924695459578 0.7252906976744186 0.9045542635658914 0.7304817275747507 0.9031699889258029 0.735672757475083 0.9004014396456256 0.7405177187153931 0.8979789590254706 0.745016611295681 0.8934800664451826 0.747093023255814 0.8889811738648947 0.7498615725359911 0.8834440753045404 0.7519379844961239 0.8772148394241417 0.7519379844961239 0.8689091915836101 0.7505537098560354 0.863718161683278 0.7481312292358804 0.8585271317829457 0.7453626799557032 0.8543743078626799 0.7419019933554817 0.8519518272425248 0.7353266888150608 0.8484911406423035 0.7301356589147286 0.8457225913621261
1 0.6920681063122923 0.9374307862679955 0.6889534883720929 0.945390365448505 0.6882613510520487 0.9540420819490586 0.6882613510520487 0.9609634551495017 0.6889534883720929 0.966500553709856 0.6910299003322258 0.9751522702104097 0.6927602436323367 0.9817275747508305 0.6976052048726467 0.9872646733111848 0.707641196013289 0.9924557032115171 0.7135243632336655 0.9941860465116278 0.7249446290143965 0.9941860465116278 0.7325581395348837 0.9938399778516057 0.738095238095238 0.9924557032115171 0.7436323366555924 0.9900332225913621 0.7484772978959026 0.9862264673311184 0.7526301218161683 0.980689368770764 0.7543604651162791 0.9734219269102989 0.7529761904761904 0.964424141749723 0.7491694352159468 0.9575027685492802 0.7405177187153931 0.9488510520487263 0.7322120708748616 0.9429678848283499 0.7252906976744186 0.9401993355481727 0.716985049833887 0.9370847176079734 0.7079872646733112 0.9339700996677741 0.6986434108527131 0.9343161683277962
1 0.8799833887043189 0.8689091915836101 0.8713316722037653 0.8692552602436323 0.8612956810631228 0.8741002214839424 0.854720376522702 0.8806755260243632 0.8474529346622369 0.8903654485049833 0.842954042081949 0.8983250276854927 0.8388012181616832 0.9069767441860465 0.8370708748615725 0.9149363233665558 0.8367248062015503 0.924626245847176 0.8370708748615725 0.9308554817275747 0.8374169435215946 0.9384689922480619 0.8401854928017719 0.9460825027685492 0.8443383167220376 0.9540420819490586 0.8495293466223699 0.9620016611295681 0.8536821705426356 0.9671926910299004 0.8581810631229235 0.9699612403100775 0.8682170542635659 0.9706533776301217 0.8761766334440753 0.9682308970099668 0.8799833887043189 0.9637320044296788 0.8851744186046511 0.9568106312292358 0.8889811738648947 0.9485049833887043 0.8934800664451826 0.9405454042081948 0.896594684385382 0.9336240310077518 0.8990171650055371 0.9256644518272424 0.9000553709856035 0.9159745293466223 0.8993632336655591 0.9049003322259136 0.8976328903654485 0.8962486157253599 0.8945182724252491 0.8869047619047618 0.8903654485049833 0.8789451827242524 0.8848283499446289 0.8723698781838317
1 0.9415836101882612 0.6629983388704319 0.9436600221483942 0.6713039867109635 0.9450442967884828 0.67718715393134 0.9488510520487263 0.6886074197120708 0.9505813953488372 0.6924141749723145 0.9581949058693244 0.7024501661129567 0.964424141749723 0.707641196013289 0.9709994462901439 0.7131782945736433 0.9765365448504982 0.7176771871539314 0.9824197120708749 0.7204457364341085 0.9872646733111848 0.7218300110741971 0.9910714285714285 0.7221760797342192 0.9966085271317829 0.7214839424141749 0.9989583333333333 0.704038621262464 0.9986849390919158 0.6436184939091915 0.98968715393134 0.6325442967884828 0.9817275747508305 0.625968992248062 0.9730758582502769 0.6204318936877076 0.9654623477297896 0.6180094130675525 0.959579180509413 0.6176633444075305 0.9526578073089701 0.6197397563676633 0.9464285714285714 0.623546511627907 0.9426218161683277 0.6287375415282391 0.9405454042081948 0.6366971207087485 0.9398532668881505 0.6474252491694352 0.9405454042081948 0.6546926910299004
1 0.8208056478405316 0.5276854928017719 0.8221899224806201 0.5339147286821705 0.8246124031007752 0.5401439645625692 0.8284191583610188 0.5456810631229235 0.8332641196013288 0.551218161683278 0.8388012181616832 0.556063122923588 0.8436461794019933 0.560562015503876 0.8484911406423035 0.5636766334440753 0.852297895902547 0.5671373200442968 0.8561046511627907 0.5705980066445182 0.8595653377630121 0.574750830564784 0.8671788482834994 0.5799418604651162 0.873062015503876 0.5802879291251384 0.8789451827242524 0.579249723145072 0.8844822812846068 0.5771733111849391 0.8893272425249169 0.5719822812846068 0.8914036544850498 0.5647148394241417 0.891749723145072 0.5567552602436323 0.8907115171650055 0.5501799557032114 0.8889811738648947 0.5415282392026578 0.8869047619047618 0.5335686600221483 0.8841362126245846 0.5259551495016611 0.8820598006644518 0.5204180509413068 0.8803294573643411 0.5155730897009967 0.8779069767441859 0.5103820598006644 0.8741002214839424 0.5062292358803987 0.8692552602436323 0.502076411960133 0.8640642303433002 0.49757751937984496 0.8602574750830564 0.49480897009966784 0.8571428571428571 0.4916943521594685 0.8529900332225913 0.4892718715393134 0.847799003322259 0.4865033222591363 0.842954042081949 0.48442691029900337 0.8374169435215946 0.4830426356589148 0.831533776301218 0.48338870431893693 0.8239202657807309 0.4865033222591363 0.8190753045404208 0.4920404208194906 0.8156146179401993 0.4982696566998893 0.8166528239202658 0.502076411960133 0.8169988925802879 0.504498892580288 0.8180370985603543 0.5089977851605759 0.8187292358803987 0.5159191583610189 0.8197674418604651 0.5224944629014396
1 0.9734219269102989 0.4069075304540421 0.9654623477297896 0.4075996677740864 0.9592331118493909 0.41002214839424145 0.9523117386489479 0.41417497231450723 0.9467746400885935 0.42144241417497236 0.9429678848283499 0.4297480620155039 0.9412375415282391 0.43632336655592474 0.9401993355481727 0.4425526024363234 0.9401993355481727 0.4491279069767442 0.9405454042081948 0.4543189368770764 0.9450442967884828 0.47266057585825033 0.9488510520487263 0.47992801771871546 0.9526578073089701 0.48615725359911405 0.9585409745293466 0.49065614617940206 0.9647702104097452 0.4934246954595792 0.9699612403100775 0.49446290143964566 0.9754983388704318 0.4934246954595792 0.9789590254706533 0.4913482834994463 0.9820736434108527 0.48719545957918053 0.985188261351052 0.48338870431893693 0.9886489479512736 0.47854374307862685 0.9917635658914729 0.474390919158361 0.9952242524916942 0.46816168327796237 0.9969545957918051 0.46227851605758585 0.9983388704318936 0.4550110741971208 0.9989583333333333 0.44685423588039913 0.9986849390919158 0.44220653377630126 0.9986849390919158 0.43736157253599117 0.9973006644518272 0.4314784053156147 0.99453211517165 0.42490310077519383 0.9917635658914729 0.41936600221483944 0.987610741971207 0.41417497231450723 0.9834579180509413 0.4096760797342193 0.9793050941306755 0.4072535991140643
1 0.9142441860465116 0.040420819490586984 0.9183970099667774 0.040420819490586984 0.922203765227021 0.040074750830564845 0.9260105204872645 0.039382613510520546 0.9294712070874861 0.037306201550387656 0.9325858250276854 0.03453765227021047 0.9353543743078626 0.03073089700996684 0.9377768549280177 0.027270210409745355 0.9398532668881505 0.022771317829457426 0.9415836101882612 0.01792635658914735 0.9426218161683277 0.012043189368770827 0.9436600221483942 0.007544296788482897 0.945390365448505 0.00062292358803993 0.8689091915836101 0.0009689922480620784 0.8758305647840531 0.014465669988925865 0.8834440753045404 0.023809523809523874 0.8914036544850498 0.031076965669988986 0.8983250276854927 0.03626799557032121 0.9024778516057584 0.0383444075304541 0.90593853820598 0.039382613510520546 0.9097452934662236 0.040420819490586984
1 0.3788759689922481 0.018964562569213795 0.38406699889258034 0.02000276854928024 0.38995016611295685 0.020694905869324536 0.39583333333333337 0.020348837209302386 0.40102436323366564 0.018618493909191645 0.40552325581395354 0.016196013289036606 0.408983942414175 0.012389258028792975 0.4117524916943522 0.0068521594684386004 0.4131367663344408 0.0002768549280177816 0.3629568106312293 0.0002768549280177816 0.36607142857142866 0.007198228128460748 0.36814784053156147 0.010312846068660085 0.37230066445182725 0.014465669988925865
1 0.21103266888150615 0.04630398671096351 0.2141472868217055 0.042151162790697735 0.21760797342192698 0.0376522702104098 0.22037652270210414 0.03280730897009973 0.2221068660022149 0.029000553709856096 0.2234911406423035 0.025539867109634615 0.22487541528239208 0.02173311184939098 0.22660575858250281 0.01550387596899231 0.22695182724252497 0.0068521594684386004 0.2262596899224807 0.00062292358803993 0.19476744186046518 0.00062292358803993 0.18680786267995578 0.005467884828350007 0.18127076411960139 0.00927464008859364 0.17400332225913626 0.01550387596899231 0.1684662236987819 0.023117386489479575 0.16569767441860472 0.031076965669988986 0.16535160575858257 0.03972868217054269 0.1670819490586933 0.04595791805094136 0.16881229235880407 0.04976467331118499 0.1712347729789591 0.05253322259136218 0.1743493909191584 0.053571428571428624 0.17850221483942422 0.05495570321151722 0.18300110741971215 0.055647840531561514 0.18888427464008867 0.055647840531561514 0.19822812846068666 0.053225359911406485 0.20653377630121822 0.04976467331118499
1 0.22383720930232565 0.1940753045404209 0.2262596899224807 0.19026854928017725 0.22902823920265786 0.18611572535991144 0.2321428571428572 0.18023255813953493 0.23525747508305656 0.1743493909191584 0.23767995570321157 0.1684662236987819 0.23941029900332234 0.16292912513842753 0.23975636766334446 0.1563538205980067 0.23975636766334446 0.1508167220376523 0.23906423034330018 0.14562569213732013 0.23767995570321157 0.138358250276855 0.23491140642303437 0.1321290143964563 0.23041251384274647 0.12659191583610194 0.2234911406423035 0.12174695459579185 0.2186461794019934 0.11967054263565897 0.21310908084163904 0.11932447397563681 0.20307308970099675 0.12036267995570325 0.19234496124031014 0.1227851605758583 0.1871539313399779 0.12624584717607978 0.1819629014396457 0.131436877076412 0.1778100775193799 0.1369739756367664 0.1746954595791806 0.14181893687707647 0.17227297895902552 0.14770210409745302 0.16950442967884835 0.1549695459579181 0.16812015503875974 0.16154485049833894 0.16812015503875974 0.16812015503875974 0.1691583610188262 0.1746954595791806 0.17054263565891478 0.18127076411960139 0.17192691029900337 0.18646179401993362 0.17400332225913626 0.19096068660022156 0.1778100775193799 0.19476744186046518 0.18230897009966782 0.1985741971207088 0.18646179401993362 0.20134274640088598 0.18888427464008867 0.2027270210409746 0.19372923588039873 0.20445736434108533 0.1985741971207088 0.20549557032115176 0.20238095238095244 0.20653377630121822 0.2072259136212625 0.20687984496124037 0.20964839424141754 0.20549557032115176 0.21241694352159474 0.20341915836101887 0.21553156146179406 0.2006506090808417 0.21968438538205987 0.19753599114064235
1 0.1764258028792913 0.4172895902547066 0.17331118493909198 0.4138289036544851 0.17019656699889263 0.4096760797342193 0.1643133997785161 0.40586932447397567 0.15877630121816175 0.4027547065337763 0.15323920265780738 0.39929401993355484 0.14770210409745302 0.3975636766334441 0.14112679955703217 0.3954872646733112 0.13455149501661137 0.39444905869324476 0.12624584717607978 0.39410299003322263 0.11828626799557036 0.39444905869324476 0.1113648947951274 0.39583333333333337 0.10582779623477304 0.3975636766334441 0.09890642303433007 0.40033222591362133 0.09544573643410859 0.4034468438538206 0.09302325581395353 0.40794573643410853 0.0906007751937985 0.413482834994463 0.08956256921373205 0.418327796234773 0.08956256921373205 0.4228266888150609 0.08956256921373205 0.42767165005537106 0.09025470653377636 0.4332087486157254 0.09198504983388708 0.43874584717607973 0.09406146179401999 0.4442829457364342 0.09683001107419717 0.4505121816168328 0.09925249169435221 0.4557032115171651 0.10271317829457369 0.460202104097453 0.10582779623477304 0.46435492801771877 0.11378737541528244 0.4716223698781839 0.11863233665559253 0.4740448504983389 0.122093023255814 0.47715946843853824 0.12624584717607978 0.4806201550387597 0.13178294573643418 0.48338870431893693 0.138358250276855 0.4868493909191584 0.14458748615725367 0.48892580287929127 0.14977851605758588 0.49065614617940206 0.15393133997785166 0.4916943521594685 0.15981450719822818 0.4927325581395349 0.16673588039867118 0.4927325581395349 0.17331118493909198 0.4927325581395349 0.1778100775193799 0.4920404208194906 0.18334717607973428 0.4896179401993356 0.18888427464008867 0.4868493909191584 0.1940753045404209 0.4820044296788483 0.1971899224806202 0.47646733111849393 0.19995847176079742 0.4688538205980067 0.2006506090808417 0.46297065337763016 0.20030454042081955 0.45708748615725364 0.1992663344407531 0.45189645625692143 0.19753599114064235 0.4473975636766335 0.19580564784053162 0.44324473975636774 0.19372923588039873 0.4397840531561462 0.19096068660022156 0.43632336655592474 0.18853820598006651 0.4335548172757476 0.18750000000000006 0.43078626799557035 0.1871539313399779 0.42767165005537106 0.18611572535991144 0.42490310077519383 0.18265503875969 0.42144241417497236 0.17954042081949065 0.4190199335548173
1 0.06879844961240315 0.7412098560354374 0.0698366555924696 0.749515503875969 0.0726052048726468 0.7595514950166112 0.07710409745293471 0.7657807308970099 0.08298726467331123 0.7713178294573644 0.0906007751937985 0.7754706533776301 0.09890642303433007 0.7789313399778516 0.10582779623477304 0.7810077519379844 0.11344130675526029 0.7810077519379844 0.12105481727574756 0.7789313399778516 0.12797619047619052 0.7744324473975637 0.13385935769656707 0.768203211517165 0.138358250276855 0.7616279069767441 0.14251107419712078 0.7529761904761904 0.14597176079734225 0.7429401993355481 0.14666389811738656 0.7349806201550387 0.14666389811738656 0.7249446290143965 0.1463178294573644 0.7124861572535991 0.14458748615725367 0.7010658914728682 0.14112679955703217 0.6931063122923588 0.13662790697674423 0.6844545957918051 0.13039867109634556 0.6792635658914729 0.12520764119601335 0.6768410852713178 0.11759413067552608 0.6758028792912513 0.11101882613510526 0.6758028792912513 0.10444352159468444 0.6778792912513842 0.0933693244739757 0.6827242524916943 0.08610188261351057 0.6875692137320044 0.07814230343300116 0.6979512735326688 0.07364341085271324 0.705218715393134 0.07018272425249175 0.7131782945736433 0.06810631229235886 0.7221760797342192 0.06810631229235886 0.7325581395348837
1 0.06118493909191589 0.679609634551495 0.05945459579180515 0.6730343300110742 0.05633997785160581 0.665766888150609 0.05011074197120714 0.6595376522702103 0.04249723145071988 0.6557308970099668 0.03349944629014402 0.6533084163898117 0.024501661129568166 0.6529623477297896 0.014811738648948015 0.654000553709856 0.0002768549280177816 0.6584994462901439 0.0 0.6645556478405257 0.00062292358803993 0.7221760797342192 0.010658914728682235 0.7225221483942413 0.021387043189368835 0.7214839424141749 0.03142303433001113 0.7187153931339978 0.03972868217054269 0.714562569213732 0.04561184939091922 0.7107558139534883 0.05080287929125144 0.7069490586932446 0.05633997785160581 0.7010658914728682 0.06014673311184945 0.6944905869324474 0.061531007751938045 0.6872231450719822
1 0.06420068027210883 0.8858418367346939 0.05676020408163264 0.8815901360544218 0.04772534013605441 0.8805272108843538 0.03815901360544216 0.8805272108843538 0.02699829931972787 0.8810586734693878 0.013180272108843512 0.8858418367346939 0.005739795918367322 0.891687925170068 0.0004251700680271882 0.8964710884353743 0.0004251700680271882 0.9549319727891157 0.014774659863945553 0.9544005102040817 0.02806122448979589 0.9528061224489797 0.041347789115646245 0.9490858843537416 0.04931972789115644 0.9437712585034014 0.061011904761904746 0.9347363945578232 0.06845238095238093 0.9251700680272109 0.07270408163265304 0.9140093537414966 0.07376700680272107 0.9071003401360545 0.07270408163265304 0.8991284013605443 0.06898384353741495 0.890625
1 0.3857355442176871 0.24277210884353737 0.3862670068027211 0.2363945578231292 0.3862670068027211 0.23054846938775508 0.38254676870748294 0.22523384353741494 0.37723214285714285 0.22151360544217683 0.37032312925170063 0.22045068027210882 0.3612882653061224 0.22045068027210882 0.35172193877551017 0.22204506802721086 0.34268707482993194 0.22417091836734693 0.33418367346938777 0.22735969387755098 0.3262117346938775 0.23214285714285712 0.32036564625850333 0.23798894557823128 0.31558248299319724 0.24489795918367344 0.3134566326530612 0.2549957482993197 0.3139880952380952 0.26190476190476186 0.31505102040816324 0.26562499999999994 0.31770833333333326 0.2714710884353741 0.3262117346938775 0.27359693877551017 0.3368409863945578 0.27200255102040816 0.34374999999999994 0.2709396258503401 0.35119047619047616 0.2688137755102041 0.35597363945578225 0.26775085034013607 0.3644770408163265 0.26456207482993194 0.37138605442176864 0.26137329931972786 0.3767006802721088 0.2571215986394558 0.38148384353741494 0.25233843537414963
0 0.6710983187134504 0.523985745614035 0.65921966374269 0.5157620614035088 0.6496253654970761 0.5075383771929824 0.6514528508771931 0.5038834064327485 0.6546509502923977 0.5034265350877193 0.6651589912280702 0.5079952485380116 0.677951388888889 0.5171326754385964 0.6838907163742689 0.5221582602339181 0.6852613304093568 0.5253563596491228 0.6857182017543859 0.5276407163742689 0.682063230994152 0.5285544590643274
0 0.5489864864864864 0.2528153153153153 0.5295608108108107 0.24634009009009009 0.5208333333333334 0.24324324324324326 0.5188626126126126 0.24155405405405403 0.5163288288288288 0.23986486486486486 0.5160472972972973 0.23789414414414412 0.5157657657657657 0.23704954954954954 0.5202702702702703 0.236768018018018 0.5250563063063063 0.23789414414414412 0.5481418918918918 0.24521396396396394 0.5639076576576577 0.2511261261261261 0.5653153153153153 0.25253378378378377 0.5653153153153153 0.2545045045045045 0.5636261261261261 0.25591216216216217 0.5616554054054054 0.25591216216216217
0 0.7471846846846847 0.18637387387387386 0.7573198198198198 0.17229729729729729 0.7654842342342342 0.1627252252252252 0.7668918918918918 0.16019144144144143 0.7677364864864864 0.15793918918918917 0.7682995495495495 0.15512387387387386 0.7654842342342342 0.15427927927927926 0.7629504504504504 0.1545608108108108 0.7606981981981982 0.15596846846846846 0.7570382882882883 0.16047297297297294 0.7449324324324323 0.17567567567567569 0.7384572072072071 0.18440315315315317 0.7364864864864864 0.18778153153153151 0.7350788288288288 0.19059684684684683 0.7345157657657657 0.19284909909909909 0.7342342342342342 0.19481981981981983 0.7347972972972973 0.19622747747747746 0.737331081081081 0.19594594594594594 0.7393018018018017 0.19481981981981983 0.742117117117117 0.19284909909909909 0.745213963963964 0.19059684684684683
0 0.44510135135135137 0.10444819819819819 0.4358108108108108 0.09994369369369369 0.42567567567567566 0.09543918918918919 0.42286036036036034 0.09459459459459459 0.42117117117117114 0.09346846846846847 0.419481981981982 0.09149774774774774 0.4208896396396396 0.0892454954954955 0.4237049549549549 0.08896396396396396 0.4287725225225225 0.08952702702702701 0.4349662162162162 0.09149774774774774 0.44453828828828823 0.09600225225225226 0.4527027027027027 0.10163288288288289 0.45579954954954954 0.10472972972972973 0.4566441441441441 0.10726351351351351 0.45608108108108103 0.10867117117117117 0.4543918918918919 0.10867117117117117 0.45185810810810806 0.10754504504504504
0 0.53125 0.6936936936936937 0.5247747747747747 0.6849662162162161 0.5228040540540541 0.6815878378378378 0.5211148648648648 0.677927927927928 0.5202702702702703 0.6745495495495495 0.5205518018018017 0.6714527027027027 0.5228040540540541 0.670045045045045 0.5256193693693694 0.6711711711711711 0.5295608108108107 0.6739864864864864 0.5346283783783784 0.6804617117117117 0.5405405405405405 0.6908783783783784 0.5419481981981982 0.6945382882882883 0.5425112612612613 0.6976351351351351 0.540822072072072 0.6990427927927928 0.5357545045045045 0.6976351351351351
0 0.5104166666666666 0.612331081081081 0.5033783783783784 0.6092342342342342 0.5011261261261261 0.6078265765765765 0.49859234234234234 0.6058558558558558 0.4966216216216216 0.6041666666666666 0.49408783783783783 0.6030405405405405 0.49268018018018017 0.6005067567567567 0.49155405405405406 0.5974099099099098 0.4904279279279279 0.5965653153153153 0.4876126126126126 0.5954391891891891 0.4856418918918919 0.5934684684684685 0.48479729729729726 0.5906531531531531 0.4859234234234234 0.588963963963964 0.48817567567567566 0.5881193693693694 0.49099099099099097 0.5872747747747747 0.49408783783783783 0.5869932432432432 0.4977477477477477 0.5872747747747747 0.5016891891891891 0.588963963963964 0.5045045045045045 0.5909346846846847 0.5092905405405406 0.59375 0.5180180180180181 0.6002252252252251 0.5202702702702703 0.602759009009009 0.5219594594594594 0.6058558558558558 0.5225225225225225 0.6086711711711711 0.5228040540540541 0.612331081081081 0.5228040540540541 0.6137387387387387 0.5216779279279279 0.6145833333333334 0.5177364864864864 0.6148648648648648
0 0.36570945945945943 0.6005067567567567 0.3609234234234234 0.5954391891891891 0.3547297297297297 0.5912162162162161 0.34797297297297297 0.5793918918918918 0.3465653153153153 0.5754504504504504 0.3454391891891892 0.5709459459459459 0.3457207207207207 0.5670045045045045 0.3465653153153153 0.5647522522522522 0.34994369369369366 0.5653153153153153 0.35444819819819817 0.5681306306306306 0.3589527027027027 0.5706644144144144 0.3626126126126126 0.5737612612612613 0.36570945945945943 0.5774211711711711 0.36880630630630634 0.5813626126126127 0.37134009009009006 0.5844594594594594 0.3738738738738739 0.5884009009009008 0.37556306306306303 0.5909346846846847 0.3766891891891892 0.5940315315315314 0.37725225225225223 0.5990990990990991 0.3775337837837837 0.6036036036036037 0.37612612612612606 0.6055743243243243 0.37077702702702703 0.6030405405405405
0 0.7257882882882883 0.7412725225225224 0.7350788288288288 0.7317004504504504 0.7407094594594594 0.727759009009009 0.7429617117117117 0.727759009009009 0.7435247747747747 0.7291666666666666 0.7435247747747747 0.7317004504504504 0.742117117117117 0.7356418918918918 0.7407094594594594 0.7381756756756757 0.7384572072072071 0.740990990990991 0.7356418918918918 0.7443693693693694 0.732545045045045 0.7471846846846847 0.728322072072072 0.7511261261261261 0.7249436936936937 0.7533783783783784 0.7218468468468467 0.7536599099099098 0.7198761261261261 0.7528153153153153 0.7193130630630631 0.75 0.7210022522522521 0.7463400900900901
0 0.713963963963964 0.8764076576576577 0.7001689189189189 0.8730292792792792 0.6962274774774774 0.8716216216216216 0.6939752252252251 0.8696509009009008 0.692286036036036 0.867117117117117 0.692286036036036 0.8637387387387387 0.6953828828828829 0.8609234234234234 0.7018581081081081 0.8606418918918918 0.7072072072072071 0.8609234234234234 0.7114301801801801 0.8620495495495495 0.7173423423423423 0.8637387387387387 0.723536036036036 0.8654279279279279 0.728322072072072 0.8673986486486487 0.7314189189189189 0.8690878378378378 0.7319819819819819 0.8721846846846847 0.7305743243243243 0.875 0.7260698198198198 0.8764076576576577
0 0.9634009009009008 0.45242117117117114 0.9648085585585585 0.43890765765765766 0.9659346846846847 0.43552927927927926 0.9664977477477478 0.4324324324324324 0.9679054054054054 0.42933558558558554 0.9681869369369368 0.4279279279279279 0.9695945945945945 0.42652027027027023 0.9718468468468467 0.4268018018018018 0.972972972972973 0.42933558558558554 0.973536036036036 0.4335585585585585 0.9740990990990991 0.4375 0.9743806306306305 0.44144144144144143 0.9738175675675674 0.44538288288288286 0.9738175675675674 0.4484797297297297 0.973536036036036 0.45185810810810806 0.973536036036036 0.4549549549549549 0.9732545045045045 0.4583333333333333 0.9732545045045045 0.4617117117117117 0.9724099099099098 0.4648085585585585 0.9710022522522521 0.4676238738738739 0.9690315315315314 0.46931306306306303 0.9670608108108107 0.46931306306306303 0.964527027027027 0.46677927927927926 0.9628378378378378 0.4642454954954955 0.9625563063063063 0.46030405405405406
0 0.6753941441441441 0.6092342342342342 0.6869369369369369 0.597972972972973 0.6903153153153153 0.5957207207207207 0.6934121621621621 0.5945945945945946 0.6981981981981982 0.5940315315315314 0.701295045045045 0.59375 0.7032657657657657 0.5951576576576577 0.7043918918918918 0.5968468468468467 0.704954954954955 0.5993806306306306 0.7046734234234234 0.6021959459459459 0.7041103603603603 0.6052927927927928 0.7027027027027027 0.6078265765765765 0.7007319819819819 0.6106418918918918 0.6976351351351351 0.6137387387387387 0.6948198198198198 0.6165540540540541 0.6900337837837838 0.620213963963964 0.6855292792792793 0.6235923423423423 0.6813063063063063 0.6241554054054054 0.6768018018018017 0.6244369369369369 0.6751126126126127 0.6255630630630631 0.6728603603603603 0.6261261261261261 0.6703265765765765 0.6258445945945946 0.6703265765765765 0.6230292792792793 0.6703265765765765 0.620213963963964 0.6711711711711711 0.617117117117117 0.6728603603603603 0.6137387387387387
0 0.030686936936936936 0.6891891891891891 0.015202702702702704 0.692286036036036 0.0002815315315315315 0.697072072072072 0.0002815315315315315 0.6889076576576577 0.010698198198198198 0.6866554054054054 0.01661036036036036 0.6849662162162161 0.02195945945945946 0.683277027027027 0.028716216216216214 0.6810247747747747 0.032939189189189186 0.6807432432432432 0.038569819819819814 0.6815878378378378 0.03828828828828829 0.683277027027027 0.03434684684684684 0.6866554054054054
0 0.014358108108108107 0.933277027027027 0.026745495495495493 0.9251126126126125 0.03237612612612613 0.9237049549549549 0.03688063063063063 0.9225788288288288 0.04110360360360361 0.9194819819819819 0.04476351351351351 0.915259009009009 0.048141891891891886 0.9115990990990991 0.04983108108108108 0.9079391891891891 0.05011261261261261 0.9059684684684685 0.04617117117117117 0.9068130630630631 0.03997747747747748 0.9093468468468467 0.03209459459459459 0.9124436936936937 0.026745495495495493 0.9146959459459458 0.02195945945945946 0.9172297297297297 0.018862612612612614 0.9206081081081081 0.015765765765765764 0.9239864864864864 0.011542792792792793 0.9287725225225224 0.009572072072072073 0.9318693693693694 0.008164414414414414 0.9344031531531531
0 0.20879681127178346 0.18597052280311457 0.20161290322580644 0.1775120504263997 0.20068594734890619 0.16163793103448273 0.20311920652576937 0.14657489803485352 0.2121570263255469 0.13811642565813867 0.21771876158694844 0.14506859473489062 0.2193409343715239 0.1526001112347052 0.2176028921023359 0.1718344456803856 0.21632832777159808 0.17670096403411198 0.20995550611790878 0.18562291434927697
0 0.09963220475614672 0.7591444981862152 0.10328496573962112 0.73105602579605 0.11273176138653769 0.708257758968158 0.12230451430874648 0.6988109633212415 0.126587061668682 0.7107769044740024 0.12167472793228537 0.7358424022571544 0.11537686416767433 0.7471785570334543 0.10756751309955663 0.7563734381297864 0.10227730753728335 0.7607819427650141 0.1006398629584845 0.7607819427650141
0 0.5471411192214112 0.3547749391727494 0.5545924574209244 0.34899635036496346 0.5704075425790754 0.3436739659367396 0.583485401459854 0.33880778588807786 0.5909367396593673 0.3351581508515815 0.5932177615571775 0.33743917274939167 0.5813564476885644 0.34382603406326034 0.5620437956204379 0.3512773722627737
0 0.5720893012152778 0.019246419270833284 0.588229709201389 0.006089952256944395 0.6031494140625 0.0013427734374999508 0.6091172960069444 0.00351291232638884 0.6064046223958334 0.010430230034722175 0.5890435112847222 0.01965332031249995 0.5771077473958334 0.02236599392361106 0.5719536675347222 0.02250162760416662 0.5719536675347222 0.02087402343749995
0 0.8994603680113235 0.0003317409766454352 0.9181484430290163 0.0004423213021939137 0.919475406935598 0.006192498230714791 0.9147204529370134 0.02377476999292286 0.9073115711252654 0.01802459306440198 0.9014508138711961 0.0065242392073602265
