1 0.0004166666666666667 0.06104166666666667 0.005833333333333333 0.058124999999999996 0.012083333333333333 0.056666666666666664 0.02020833333333333 0.05875 0.027916666666666666 0.06604166666666667 0.03229166666666667 0.07166666666666667 0.03520833333333333 0.079375 0.03333333333333333 0.09083333333333334 0.028541666666666667 0.10229166666666667 0.02333333333333333 0.11166666666666666 0.014791666666666667 0.11916666666666667 0.004166666666666667 0.1225 0.00020833333333333335 0.12354166666666666
1 0.12104166666666667 0.00041666666666666555 0.1810416666666667 0.0006249999999999989 0.17666666666666667 0.014374999999999999 0.17083333333333336 0.019791666666666666 0.16166666666666665 0.024374999999999997 0.1525 0.02333333333333333 0.13479166666666667 0.017291666666666667 0.12583333333333332 0.010833333333333332
1 0.15583333333333332 0.09916666666666667 0.16125 0.08541666666666667 0.16916666666666666 0.07666666666666666 0.18333333333333332 0.07458333333333332 0.19854166666666667 0.08291666666666667 0.20854166666666665 0.09333333333333332 0.21270833333333333 0.10562500000000001 0.21270833333333333 0.12125000000000001 0.20854166666666665 0.14125 0.203125 0.15395833333333334 0.19604166666666664 0.16104166666666667 0.185 0.16229166666666667 0.17375000000000002 0.15895833333333334 0.16083333333333333 0.14708333333333332 0.155625 0.13645833333333332 0.15395833333333334 0.124375
0 0.18104166666666668 0.09125 0.18395833333333333 0.09333333333333332 0.18375 0.10437500000000001 0.18458333333333332 0.11833333333333333 0.18333333333333332 0.12854166666666667 0.18104166666666668 0.126875 0.180625 0.10958333333333334 0.17937499999999998 0.103125
1 0.2189583333333333 0.0004166666666666667 0.255 0.00020833333333333335 0.25958333333333333 0.00625 0.26395833333333335 0.016041666666666666 0.26645833333333335 0.027916666666666666 0.266875 0.03958333333333333 0.26479166666666665 0.04770833333333333 0.2577083333333333 0.051041666666666666 0.249375 0.051458333333333335 0.234375 0.04291666666666667 0.225 0.03395833333333333 0.22020833333333334 0.017291666666666667 0.219375 0.006666666666666667
0 0.23208333333333334 0.00625 0.23604166666666665 0.0060416666666666665 0.24333333333333332 0.018541666666666668 0.2502083333333333 0.034791666666666665 0.24395833333333333 0.028958333333333332 0.238125 0.016666666666666666
1 0.7358333333333333 0.04833333333333333 0.7389583333333333 0.03854166666666667 0.7458333333333333 0.030416666666666665 0.7522916666666667 0.028958333333333332 0.761875 0.030625 0.7691666666666667 0.034583333333333334 0.77625 0.042291666666666665 0.783125 0.05 0.7872916666666666 0.05625 0.7885416666666667 0.06541666666666666 0.7883333333333333 0.07541666666666667 0.7866666666666667 0.0825 0.779375 0.08791666666666667 0.765 0.09041666666666666 0.75375 0.088125 0.7422916666666667 0.07854166666666668 0.7366666666666667 0.065 0.7356250000000001 0.05354166666666667
1 0.9535416666666666 0.163125 0.959375 0.15354166666666666 0.9652083333333333 0.15 0.9729166666666667 0.14604166666666665 0.984375 0.14270833333333333 0.9979166666666667 0.14229166666666665 0.9987499999999999 0.18666666666666665 0.9864583333333333 0.1872916666666667 0.9754166666666666 0.18625 0.9620833333333334 0.183125 0.9539583333333332 0.17708333333333334 0.9520833333333333 0.17104166666666665
1 0.7964583333333333 0.26999999999999996 0.8 0.26395833333333335 0.8106249999999999 0.260625 0.8285416666666666 0.25708333333333333 0.8381249999999999 0.256875 0.8552083333333333 0.26 0.8720833333333332 0.26666666666666666 0.884375 0.27270833333333333 0.8904166666666666 0.27770833333333333 0.8929166666666667 0.2845833333333333 0.8927083333333333 0.29229166666666667 0.8866666666666667 0.30124999999999996 0.876875 0.305 0.8597916666666666 0.30791666666666667 0.843125 0.3075 0.83 0.3020833333333333 0.815625 0.29458333333333336 0.8035416666666666 0.2864583333333333 0.7958333333333333 0.2795833333333333
0 0.8206249999999999 0.2764583333333333 0.8277083333333334 0.275 0.8364583333333333 0.27708333333333335 0.8518749999999999 0.28 0.8677083333333333 0.2829166666666667 0.8708333333333333 0.2833333333333333 0.8622916666666666 0.28708333333333336 0.8547916666666667 0.284375 0.8391666666666667 0.2797916666666667 0.82875 0.28020833333333334
1 0.980625 0.284375 0.9854166666666667 0.2764583333333333 0.994375 0.270625 0.9989583333333333 0.2689583333333333 0.9989583333333333 0.3091666666666667 0.988125 0.30854166666666666 0.98125 0.30291666666666667 0.9785416666666666 0.29375
1 0.59625 0.20520833333333333 0.6022916666666667 0.18583333333333335 0.6133333333333333 0.17104166666666665 0.6262500000000001 0.156875 0.6335416666666667 0.15354166666666666 0.640625 0.15229166666666666 0.6472916666666666 0.155625 0.651875 0.16416666666666666 0.6545833333333333 0.173125 0.6570833333333332 0.186875 0.6554166666666668 0.208125 0.6483333333333333 0.2275 0.6375 0.23979166666666665 0.6283333333333334 0.24770833333333334 0.6166666666666667 0.25166666666666665 0.6072916666666667 0.24645833333333333 0.6024999999999999 0.239375 0.596875 0.223125
0 0.6185416666666667 0.235 0.6168750000000001 0.229375 0.62 0.21687499999999998 0.6264583333333333 0.19770833333333335 0.6318750000000001 0.18020833333333333 0.6347916666666666 0.17375000000000002 0.6372916666666666 0.17520833333333333 0.6352083333333333 0.18145833333333333 0.6320833333333333 0.186875 0.62875 0.199375 0.624375 0.21458333333333332 0.6208333333333333 0.22645833333333334
1 0.450625 0.191875 0.4535416666666666 0.18395833333333333 0.46166666666666667 0.17583333333333334 0.4670833333333333 0.17395833333333333 0.4845833333333333 0.17750000000000002 0.49937499999999996 0.18479166666666666 0.5089583333333334 0.19729166666666667 0.5095833333333333 0.2075 0.5097916666666666 0.21875 0.5070833333333333 0.22291666666666668 0.49 0.22375 0.4766666666666667 0.22041666666666665 0.46499999999999997 0.21229166666666668 0.4579166666666667 0.20666666666666667 0.453125 0.20041666666666666
0 0.46791666666666665 0.1925 0.4689583333333333 0.19020833333333334 0.47833333333333333 0.19666666666666668 0.48874999999999996 0.20583333333333334 0.4810416666666667 0.201875 0.47520833333333334 0.19770833333333335
1 0.3422916666666667 0.24229166666666666 0.3439583333333333 0.22791666666666668 0.3541666666666667 0.20895833333333333 0.361875 0.19875 0.37062500000000004 0.194375 0.37875000000000003 0.19291666666666665 0.388125 0.19520833333333334 0.39729166666666665 0.19916666666666666 0.403125 0.20395833333333335 0.4045833333333333 0.22166666666666668 0.3985416666666667 0.236875 0.39125000000000004 0.249375 0.38083333333333336 0.25895833333333335 0.376875 0.260625 0.365625 0.2602083333333333 0.3539583333333333 0.2602083333333333 0.3452083333333333 0.25395833333333334
0 0.36000000000000004 0.24666666666666667 0.3591666666666667 0.24041666666666667 0.365 0.23291666666666666 0.3720833333333333 0.22395833333333334 0.3770833333333333 0.21520833333333333 0.3804166666666667 0.20979166666666668 0.383125 0.21083333333333334 0.38229166666666664 0.214375 0.37604166666666666 0.22354166666666667 0.368125 0.2345833333333333 0.36625 0.24083333333333332
1 0.19625 0.21958333333333335 0.2033333333333333 0.20895833333333333 0.218125 0.20020833333333332 0.2341666666666667 0.19520833333333334 0.25 0.19645833333333332 0.25916666666666666 0.208125 0.264375 0.215625 0.26145833333333335 0.22583333333333336 0.2579166666666667 0.23249999999999998 0.24375 0.24145833333333336 0.23395833333333332 0.24520833333333333 0.22104166666666666 0.246875 0.209375 0.24541666666666667 0.200625 0.24229166666666666 0.19625 0.23729166666666668 0.19541666666666666 0.229375
0 0.21312499999999998 0.22604166666666667 0.2175 0.22062500000000002 0.22708333333333333 0.218125 0.23958333333333334 0.214375 0.24270833333333333 0.2125 0.2475 0.21333333333333335 0.24125 0.21729166666666666 0.23041666666666666 0.22041666666666665 0.22145833333333334 0.225
1 0.06541666666666666 0.23125 0.0725 0.21666666666666667 0.08187499999999999 0.204375 0.098125 0.19458333333333336 0.11395833333333334 0.19270833333333334 0.13041666666666668 0.19604166666666664 0.13729166666666667 0.20104166666666667 0.1408333333333333 0.2125 0.13583333333333333 0.22895833333333335 0.12708333333333333 0.24354166666666668 0.11895833333333333 0.2527083333333333 0.10104166666666667 0.26208333333333333 0.08625 0.26104166666666667 0.06979166666666667 0.25125 0.06520833333333334 0.24437499999999998
1 0.0004166666666666667 0.16729166666666667 0.014375 0.16854166666666667 0.02333333333333333 0.173125 0.030000000000000002 0.17604166666666668 0.034166666666666665 0.184375 0.02625 0.19708333333333333 0.013541666666666667 0.20854166666666665 0.0 0.21645833333333334
1 0.145625 0.3854166666666667 0.14791666666666667 0.37854166666666667 0.15458333333333335 0.3747916666666667 0.16104166666666667 0.371875 0.1725 0.3729166666666667 0.18354166666666666 0.376875 0.19375 0.38479166666666664 0.19958333333333333 0.3927083333333333 0.20395833333333335 0.40166666666666667 0.20541666666666666 0.4114583333333333 0.2025 0.4216666666666667 0.19520833333333334 0.42541666666666667 0.18395833333333333 0.42624999999999996 0.17604166666666668 0.4235416666666667 0.16 0.41270833333333334 0.1525 0.40520833333333334 0.14625000000000002 0.3935416666666667
0 0.16104166666666667 0.3902083333333334 0.16166666666666665 0.3872916666666667 0.17104166666666665 0.390625 0.18083333333333332 0.39791666666666664 0.18541666666666667 0.40520833333333334 0.18541666666666667 0.41041666666666665 0.17666666666666667 0.4041666666666667 0.173125 0.3975 0.16437500000000002 0.3920833333333333
1 0.19499999999999998 0.3225 0.20145833333333335 0.31687499999999996 0.21520833333333333 0.30979166666666663 0.2345833333333333 0.3070833333333333 0.24583333333333332 0.30812500000000004 0.260625 0.3122916666666667 0.2660416666666667 0.31708333333333333 0.27020833333333333 0.32229166666666664 0.27145833333333336 0.3302083333333333 0.26916666666666667 0.33708333333333335 0.25958333333333333 0.34458333333333335 0.245 0.35 0.22833333333333333 0.3525 0.20979166666666668 0.35041666666666665 0.19833333333333333 0.34625 0.19291666666666665 0.33625 0.19270833333333334 0.3279166666666667
1 0.35874999999999996 0.3295833333333333 0.36395833333333333 0.31895833333333334 0.37562500000000004 0.30625 0.3904166666666667 0.29916666666666664 0.40020833333333333 0.2954166666666667 0.4083333333333333 0.29604166666666665 0.4185416666666667 0.2989583333333333 0.4235416666666667 0.30145833333333333 0.42583333333333334 0.30645833333333333 0.42645833333333333 0.3175 0.426875 0.3227083333333333 0.4252083333333333 0.32895833333333335 0.41750000000000004 0.3375 0.4079166666666667 0.34458333333333335 0.39895833333333336 0.34979166666666667 0.3854166666666667 0.35 0.3697916666666667 0.3489583333333333 0.360625 0.34291666666666665 0.35854166666666665 0.33770833333333333
0 0.3729166666666667 0.3333333333333333 0.3770833333333333 0.3279166666666667 0.38479166666666664 0.32395833333333335 0.39458333333333334 0.3179166666666667 0.40166666666666667 0.31354166666666666 0.40375 0.30895833333333333 0.40854166666666664 0.3095833333333333 0.4041666666666667 0.315625 0.39437500000000003 0.321875 0.38604166666666667 0.32708333333333334 0.37937499999999996 0.3310416666666667 0.3770833333333333 0.3329166666666667
1 0.9606250000000001 0.4791666666666667 0.9627083333333334 0.470625 0.9720833333333334 0.46437500000000004 0.9866666666666667 0.46604166666666663 0.9989583333333333 0.4689583333333333 0.9989583333333333 0.5208333333333334 0.9879166666666667 0.516875 0.9747916666666666 0.5075 0.9660416666666667 0.49770833333333336 0.9610416666666667 0.4891666666666667
1 0.7956249999999999 0.5447916666666667 0.79875 0.5320833333333334 0.80625 0.523125 0.81875 0.5129166666666667 0.8310416666666666 0.510625 0.8402083333333333 0.5097916666666666 0.8504166666666666 0.5102083333333334 0.856875 0.5147916666666666 0.8614583333333333 0.5225000000000001 0.8602083333333332 0.5395833333333333 0.85375 0.5525 0.8470833333333334 0.5579166666666667 0.8379166666666666 0.5637500000000001 0.8254166666666667 0.5679166666666667 0.8147916666666667 0.5695833333333333 0.8039583333333333 0.5627083333333334 0.7977083333333332 0.5535416666666666
0 0.8129166666666666 0.5491666666666667 0.8158333333333334 0.5445833333333333 0.8235416666666667 0.5410416666666666 0.8354166666666667 0.5329166666666667 0.84 0.5289583333333333 0.8427083333333333 0.5275 0.8395833333333333 0.5352083333333333 0.8325 0.5408333333333334 0.8220833333333334 0.5458333333333333
1 0.8904166666666666 0.556875 0.8939583333333334 0.545 0.9052083333333333 0.5266666666666667 0.9172916666666667 0.5160416666666666 0.9258333333333333 0.5154166666666666 0.93375 0.51875 0.9391666666666667 0.52375 0.9420833333333333 0.5381250000000001 0.9372916666666666 0.5541666666666667 0.931875 0.5710416666666667 0.9220833333333334 0.5825 0.9158333333333334 0.5895833333333333 0.9079166666666667 0.5922916666666667 0.8977083333333333 0.5920833333333333 0.89125 0.5833333333333334 0.8893749999999999 0.5733333333333334
0 0.9016666666666667 0.5733333333333334 0.9047916666666667 0.561875 0.9147916666666667 0.5425 0.9239583333333333 0.5310416666666666 0.9245833333333333 0.5358333333333333 0.918125 0.5447916666666667 0.9135416666666667 0.55625 0.9075000000000001 0.5672916666666666 0.9070833333333332 0.5712499999999999
1 0.9708333333333333 0.643125 0.9774999999999999 0.628125 0.9897916666666667 0.6110416666666667 0.9987499999999999 0.605 0.9989583333333333 0.67 0.9912500000000001 0.67 0.9822916666666667 0.665625 0.9735416666666666 0.6595833333333334 0.9714583333333333 0.6504166666666666
1 0.5022916666666667 0.41000000000000003 0.5097916666666666 0.3910416666666666 0.5179166666666667 0.3775 0.5270833333333333 0.37145833333333333 0.53375 0.3697916666666667 0.5429166666666667 0.3733333333333333 0.5504166666666667 0.38104166666666667 0.5520833333333334 0.39666666666666667 0.55125 0.41083333333333333 0.5427083333333333 0.4275 0.535 0.4379166666666666 0.52375 0.44208333333333333 0.5120833333333333 0.44354166666666667 0.504375 0.43979166666666664 0.501875 0.4345833333333333 0.5014583333333333 0.4222916666666666
0 0.515625 0.42541666666666667 0.5158333333333334 0.419375 0.51875 0.415 0.5235416666666667 0.40249999999999997 0.5283333333333333 0.38833333333333336 0.5320833333333334 0.38416666666666666 0.533125 0.39125000000000004 0.5291666666666667 0.39625 0.5235416666666667 0.41062499999999996 0.5208333333333334 0.4189583333333333 0.519375 0.4239583333333333
1 0.2816666666666666 0.385625 0.2866666666666667 0.38104166666666667 0.2952083333333333 0.375 0.3091666666666667 0.3716666666666667 0.3204166666666667 0.37104166666666666 0.33041666666666664 0.3733333333333333 0.338125 0.37770833333333337 0.34375 0.38604166666666667 0.341875 0.39729166666666665 0.33937500000000004 0.404375 0.3279166666666667 0.41125 0.315 0.41583333333333333 0.3016666666666667 0.416875 0.28833333333333333 0.41083333333333333 0.28229166666666666 0.40541666666666665 0.278125 0.396875 0.2783333333333333 0.390625
0 0.28958333333333336 0.39770833333333333 0.2935416666666667 0.3922916666666667 0.2989583333333333 0.38999999999999996 0.31375 0.38708333333333333 0.3233333333333333 0.3854166666666667 0.3266666666666667 0.3854166666666667 0.326875 0.38875 0.31708333333333333 0.3902083333333334 0.30541666666666667 0.391875 0.29458333333333336 0.39645833333333336
1 0.06020833333333333 0.491875 0.0625 0.4829166666666667 0.07083333333333333 0.47854166666666664 0.08166666666666668 0.475 0.094375 0.474375 0.11104166666666666 0.47479166666666667 0.12041666666666666 0.47520833333333334 0.12791666666666665 0.47708333333333336 0.134375 0.48333333333333334 0.13770833333333332 0.48833333333333334 0.13916666666666666 0.49541666666666667 0.135625 0.5066666666666666 0.12979166666666667 0.511875 0.11833333333333333 0.516875 0.105 0.519375 0.095625 0.5204166666666666 0.07833333333333334 0.5185416666666667 0.07104166666666667 0.514375 0.06416666666666666 0.5083333333333333 0.06041666666666667 0.50125
1 0.38458333333333333 0.6162500000000001 0.3885416666666667 0.6035416666666666 0.39875 0.5883333333333333 0.4079166666666667 0.581875 0.4204166666666667 0.5810416666666666 0.43 0.5827083333333333 0.43479166666666663 0.5910416666666667 0.435625 0.6006250000000001 0.4327083333333333 0.6158333333333333 0.428125 0.6283333333333334 0.42083333333333334 0.6391666666666667 0.41375 0.6452083333333333 0.4075 0.6472916666666666 0.39979166666666666 0.6464583333333334 0.3922916666666667 0.644375 0.38604166666666667 0.64 0.38333333333333336 0.6325000000000001 0.38333333333333336 0.621875
1 0.475625 0.6089583333333334 0.47854166666666664 0.5979166666666667 0.4891666666666667 0.5860416666666667 0.50125 0.5764583333333333 0.5091666666666667 0.5741666666666667 0.5216666666666667 0.5704166666666667 0.5291666666666667 0.5708333333333333 0.5395833333333333 0.5752083333333334 0.5441666666666667 0.5810416666666666 0.5464583333333334 0.5875 0.5456249999999999 0.5958333333333333 0.5433333333333333 0.6006250000000001 0.5385416666666667 0.6081249999999999 0.5310416666666666 0.6154166666666666 0.523125 0.6216666666666666 0.5133333333333333 0.6262500000000001 0.5029166666666667 0.6291666666666667 0.4952083333333333 0.6310416666666666 0.48666666666666664 0.6272916666666667 0.4791666666666667 0.6229166666666667 0.475 0.6174999999999999
1 0.44875000000000004 0.718125 0.455 0.7091666666666666 0.466875 0.6995833333333333 0.4775 0.6966666666666667 0.49416666666666664 0.6935416666666666 0.5104166666666666 0.6952083333333333 0.52125 0.7004166666666667 0.5264583333333334 0.7091666666666666 0.528125 0.7172916666666667 0.5275 0.728125 0.5239583333333333 0.7370833333333333 0.518125 0.7420833333333333 0.508125 0.74625 0.489375 0.7489583333333333 0.479375 0.7485416666666667 0.46812499999999996 0.7466666666666666 0.4579166666666667 0.7429166666666667 0.450625 0.7345833333333334 0.4477083333333333 0.728125
0 0.46437500000000004 0.7256250000000001 0.46479166666666666 0.72125 0.4766666666666667 0.7183333333333334 0.49083333333333334 0.7177083333333333 0.504375 0.7172916666666667 0.5139583333333333 0.7170833333333333 0.5166666666666667 0.7195833333333332 0.5154166666666666 0.7214583333333333 0.5039583333333334 0.7204166666666667 0.48874999999999996 0.7208333333333333 0.4791666666666667 0.7214583333333333 0.47145833333333337 0.7247916666666666
1 0.33041666666666664 0.7010416666666667 0.333125 0.6916666666666667 0.34291666666666665 0.6791666666666667 0.35229166666666667 0.67375 0.36395833333333333 0.671875 0.37770833333333337 0.6720833333333334 0.388125 0.6731250000000001 0.40020833333333333 0.6789583333333333 0.4033333333333333 0.6860416666666667 0.40229166666666666 0.6997916666666666 0.39708333333333334 0.708125 0.3925 0.7133333333333333 0.3827083333333333 0.7200000000000001 0.37145833333333333 0.7235416666666666 0.3575 0.7262500000000001 0.3466666666666667 0.7247916666666666 0.3389583333333333 0.7222916666666667 0.33083333333333337 0.7158333333333334 0.329375 0.7089583333333334
0 0.34958333333333336 0.70625 0.3539583333333333 0.7041666666666667 0.36166666666666664 0.7022916666666668 0.37229166666666663 0.7002083333333334 0.3766666666666667 0.698125 0.37770833333333337 0.7014583333333333 0.36625 0.7066666666666667 0.358125 0.708125
1 0.21375 0.7079166666666666 0.215625 0.698125 0.22145833333333334 0.69125 0.2275 0.6879166666666666 0.23666666666666666 0.6858333333333333 0.2497916666666667 0.6854166666666667 0.26479166666666665 0.688125 0.27479166666666666 0.6925 0.2845833333333333 0.7004166666666667 0.28979166666666667 0.7075 0.29375 0.714375 0.29333333333333333 0.724375 0.283125 0.7335416666666668 0.2725 0.7366666666666667 0.259375 0.7377083333333334 0.23854166666666668 0.7331249999999999 0.225 0.725 0.21875 0.7189583333333334
1 0.4975 0.8929166666666667 0.498125 0.8839583333333334 0.504375 0.8752083333333334 0.515 0.8681249999999999 0.5260416666666666 0.8658333333333333 0.5404166666666667 0.8677083333333333 0.551875 0.8720833333333334 0.5575 0.8775 0.5616666666666668 0.8858333333333334 0.5602083333333333 0.9002083333333334 0.5560416666666667 0.9054166666666668 0.5533333333333333 0.9089583333333333 0.541875 0.9143749999999999 0.5320833333333334 0.91625 0.5158333333333334 0.9141666666666667 0.5033333333333333 0.9070833333333332 0.4979166666666667 0.8991666666666667
0 0.5122916666666667 0.8925 0.5152083333333334 0.8895833333333333 0.5252083333333333 0.8910416666666666 0.5366666666666667 0.8895833333333333 0.5439583333333334 0.8877083333333334 0.54375 0.8897916666666668 0.5381250000000001 0.894375 0.528125 0.8947916666666667 0.51875 0.8939583333333334
1 0.5950000000000001 0.900625 0.6033333333333334 0.893125 0.6129166666666667 0.8883333333333333 0.6239583333333333 0.8875 0.6347916666666666 0.890625 0.6441666666666667 0.8964583333333334 0.6547916666666667 0.9060416666666666 0.6575000000000001 0.911875 0.6579166666666667 0.9170833333333334 0.65375 0.9233333333333333 0.6470833333333333 0.928125 0.6283333333333334 0.9314583333333334 0.6168750000000001 0.9310416666666667 0.60875 0.9304166666666667 0.6008333333333333 0.9272916666666667 0.594375 0.9204166666666667 0.5920833333333333 0.9145833333333333 0.5922916666666667 0.9079166666666667
1 0.908125 0.94125 0.916875 0.9333333333333333 0.9279166666666666 0.9266666666666666 0.94 0.9227083333333332 0.9602083333333333 0.9225 0.9762500000000001 0.9299999999999999 0.9839583333333334 0.9370833333333334 0.9864583333333333 0.9443750000000001 0.9833333333333333 0.9543750000000001 0.9741666666666667 0.9629166666666666 0.9654166666666666 0.9672916666666667 0.9497916666666666 0.9702083333333333 0.9270833333333334 0.9714583333333333 0.9127083333333333 0.965625 0.9077083333333333 0.95875 0.9066666666666666 0.9518749999999999
0 0.9185416666666666 0.9522916666666668 0.9260416666666667 0.9479166666666666 0.9379166666666666 0.9460416666666667 0.955 0.9443750000000001 0.9674999999999999 0.9420833333333333 0.9610416666666667 0.9466666666666667 0.9485416666666667 0.9495833333333333 0.9295833333333333 0.9533333333333334
1 0.7833333333333333 0.911875 0.7929166666666667 0.9029166666666666 0.8095833333333334 0.89625 0.8227083333333333 0.894375 0.8372916666666667 0.8954166666666666 0.846875 0.9016666666666667 0.8535416666666666 0.9120833333333334 0.8552083333333333 0.918125 0.853125 0.9266666666666666 0.8439583333333334 0.9341666666666666 0.8329166666666666 0.9385416666666667 0.8166666666666667 0.9408333333333334 0.7960416666666668 0.9387500000000001 0.7897916666666667 0.935625 0.7833333333333333 0.9279166666666666 0.7825000000000001 0.92125
0 0.8014583333333333 0.9206249999999999 0.8072916666666666 0.9166666666666666 0.8200000000000001 0.9154166666666667 0.8297916666666667 0.91625 0.8279166666666666 0.919375 0.8208333333333333 0.91875 0.8120833333333334 0.92 0.8060416666666667 0.921875
1 0.6799999999999999 0.9989583333333333 0.6797916666666667 0.9920833333333333 0.6852083333333333 0.9810416666666666 0.6960416666666667 0.9708333333333333 0.7095833333333333 0.9625 0.73 0.9554166666666667 0.7454166666666667 0.9554166666666667 0.7572916666666667 0.9577083333333333 0.7670833333333333 0.9618749999999999 0.77125 0.969375 0.7747916666666667 0.9772916666666667 0.7754166666666666 0.9877083333333334 0.7668750000000001 0.9989583333333333
0 0.705625 0.9964583333333333 0.7041666666666667 0.9935416666666667 0.7118749999999999 0.988125 0.7304166666666667 0.9814583333333334 0.7418750000000001 0.9772916666666667 0.7491666666666668 0.9756250000000001 0.7512500000000001 0.9762500000000001 0.7472916666666667 0.9816666666666667 0.7327083333333333 0.9864583333333333 0.723125 0.9908333333333333 0.7158333333333334 0.994375 0.7133333333333333 0.9966666666666666
1 0.559375 0.9989583333333333 0.5635416666666667 0.9912500000000001 0.5716666666666667 0.9864583333333333 0.5864583333333333 0.978125 0.5983333333333333 0.973125 0.61375 0.9697916666666667 0.6245833333333334 0.9714583333333333 0.6347916666666666 0.9762500000000001 0.6404166666666666 0.9795833333333334 0.6404166666666666 0.9872916666666666 0.6354166666666666 0.9964583333333333 0.6308012820512822 0.9989583333333333
0 0.6075 0.90875 0.615625 0.908125 0.6279166666666666 0.9135416666666667 0.626875 0.91875 0.6185416666666667 0.9179166666666667 0.6081249999999999 0.9147916666666667 0.605625 0.91125
1 0.6135961328976035 0.38756127450980393 0.6151279956427015 0.37581699346405223 0.6190427559912854 0.36373229847494554 0.6241489651416122 0.35879629629629634 0.6340209694989107 0.356583605664488 0.640488834422658 0.3574346405228758 0.6491693899782135 0.36117919389978215 0.659041394335512 0.37037037037037035 0.6646582244008715 0.3804125816993464 0.6668709150326797 0.3892633442265795 0.6678921568627451 0.4088371459694989 0.6643178104575164 0.42058142701525053 0.6615944989106753 0.43028322440087147 0.6559776688453158 0.43675108932461876 0.6481481481481481 0.43879357298474947 0.6343613834422658 0.43675108932461876 0.6258510348583878 0.4296023965141612 0.6200639978213508 0.41990059912854033 0.6152982026143791 0.40305010893246185
0 0.08736559139784947 0.22837875417130146 0.09651928068223951 0.22281701890989988 0.10393492769744159 0.21621245828698551 0.1078744901742677 0.21412680756395996 0.11088709677419355 0.2150537634408602 0.11123470522803114 0.21968854282536152 0.10764275120504263 0.2236281053021876 0.10347144975899147 0.22768353726362625 0.10103819058212829 0.2293057100482017 0.09060993696700037 0.2293057100482017
